7.802093244529046956e-01 3.296005342661949555e-01
-1.219790675547095304e+00 3.296005342661949555e-01
-2.197906755470953044e-01 -1.402450273302683570e+00
-2.197906755470953044e-01 2.061651341835073481e+00
1.780209324452904696e+00 -1.402450273302683570e+00
-2.219790675547095304e+00 -1.402450273302683570e+00
1.780209324452904696e+00 2.061651341835073481e+00
2.780209324452904696e+00 3.296005342661949555e-01
-2.219790675547095304e+00 2.061651341835073481e+00
7.802093244529046956e-01 -3.134501080871560319e+00
-3.219790675547095304e+00 3.296005342661949555e-01
-1.219790675547095304e+00 -3.134501080871560319e+00
7.802093244529046956e-01 3.793702149403952006e+00
-1.219790675547095304e+00 3.793702149403952006e+00
3.780209324452904696e+00 -1.402450273302683570e+00
2.780209324452904696e+00 -3.134501080871560319e+00
3.780209324452904696e+00 2.061651341835073481e+00
-4.219790675547095304e+00 -1.402450273302683570e+00
-3.219790675547095304e+00 -3.134501080871560319e+00
-4.219790675547095304e+00 2.061651341835073481e+00
2.780209324452904696e+00 3.793702149403952006e+00
4.780209324452904696e+00 3.296005342661949555e-01
-2.197906755470953044e-01 -4.866551888440437068e+00
-3.219790675547095304e+00 3.793702149403952006e+00
1.780209324452904696e+00 -4.866551888440437068e+00
-5.219790675547095304e+00 3.296005342661949555e-01
-2.219790675547095304e+00 -4.866551888440437068e+00
-2.197906755470953044e-01 5.525752956972830532e+00
4.780209324452904696e+00 -3.134501080871560319e+00
1.780209324452904696e+00 5.525752956972830532e+00
5.780209324452904696e+00 -1.402450273302683570e+00
-2.219790675547095304e+00 5.525752956972830532e+00
-5.219790675547095304e+00 -3.134501080871560319e+00
4.780209324452904696e+00 3.793702149403952006e+00
5.780209324452904696e+00 2.061651341835073481e+00
3.780209324452904696e+00 -4.866551888440437068e+00
-6.219790675547095304e+00 -1.402450273302683570e+00
-4.219790675547095304e+00 -4.866551888440437068e+00
-5.219790675547095304e+00 3.793702149403952006e+00
-6.219790675547095304e+00 2.061651341835073481e+00
7.802093244529046956e-01 -6.598602696009313817e+00
3.780209324452904696e+00 5.525752956972830532e+00
-1.219790675547095304e+00 -6.598602696009313817e+00
6.780209324452904696e+00 3.296005342661949555e-01
-4.219790675547095304e+00 5.525752956972830532e+00
2.780209324452904696e+00 -6.598602696009313817e+00
-7.219790675547095304e+00 3.296005342661949555e-01
7.802093244529046956e-01 7.257803764541709057e+00
-3.219790675547095304e+00 -6.598602696009313817e+00
-1.219790675547095304e+00 7.257803764541709057e+00
6.780209324452904696e+00 -3.134501080871560319e+00
5.780209324452904696e+00 -4.866551888440437068e+00
6.780209324452904696e+00 3.793702149403952006e+00
2.780209324452904696e+00 7.257803764541709057e+00
-7.219790675547095304e+00 -3.134501080871560319e+00
-6.219790675547095304e+00 -4.866551888440437068e+00
7.780209324452904696e+00 -1.402450273302683570e+00
-3.219790675547095304e+00 7.257803764541709057e+00
5.780209324452904696e+00 5.525752956972830532e+00
7.780209324452904696e+00 2.061651341835073481e+00
4.780209324452904696e+00 -6.598602696009313817e+00
-7.219790675547095304e+00 3.793702149403952006e+00
-6.219790675547095304e+00 5.525752956972830532e+00
-2.197906755470953044e-01 -8.330653503578190566e+00
-8.219790675547095304e+00 -1.402450273302683570e+00
-5.219790675547095304e+00 -6.598602696009313817e+00
-8.219790675547095304e+00 2.061651341835073481e+00
1.780209324452904696e+00 -8.330653503578190566e+00
-2.219790675547095304e+00 -8.330653503578190566e+00
4.780209324452904696e+00 7.257803764541709057e+00
8.780209324452904696e+00 3.296005342661949555e-01
-5.219790675547095304e+00 7.257803764541709057e+00
-2.197906755470953044e-01 8.989854572110587583e+00
3.780209324452904696e+00 -8.330653503578190566e+00
1.780209324452904696e+00 8.989854572110587583e+00
7.780209324452904696e+00 -4.866551888440437068e+00
-9.219790675547095304e+00 3.296005342661949555e-01
-2.219790675547095304e+00 8.989854572110587583e+00
8.780209324452904696e+00 -3.134501080871560319e+00
-4.219790675547095304e+00 -8.330653503578190566e+00
6.780209324452904696e+00 -6.598602696009313817e+00
7.780209324452904696e+00 5.525752956972830532e+00
-8.219790675547095304e+00 -4.866551888440437068e+00
8.780209324452904696e+00 3.793702149403952006e+00
-9.219790675547095304e+00 -3.134501080871560319e+00
3.780209324452904696e+00 8.989854572110587583e+00
-7.219790675547095304e+00 -6.598602696009313817e+00
9.780209324452904696e+00 -1.402450273302683570e+00
-8.219790675547095304e+00 5.525752956972830532e+00
-4.219790675547095304e+00 8.989854572110587583e+00
6.780209324452904696e+00 7.257803764541709057e+00
-9.219790675547095304e+00 3.793702149403952006e+00
9.780209324452904696e+00 2.061651341835073481e+00
7.802093244529046956e-01 -1.006270431114706732e+01
-1.219790675547095304e+00 -1.006270431114706732e+01
5.780209324452904696e+00 -8.330653503578190566e+00
-7.219790675547095304e+00 7.257803764541709057e+00
-1.021979067554709530e+01 -1.402450273302683570e+00
-6.219790675547095304e+00 -8.330653503578190566e+00
-1.021979067554709530e+01 2.061651341835073481e+00
2.780209324452904696e+00 -1.006270431114706732e+01
-3.219790675547095304e+00 -1.006270431114706732e+01
5.780209324452904696e+00 8.989854572110587583e+00
7.802093244529046956e-01 1.072190537967946611e+01
1.078020932445290470e+01 3.296005342661949555e-01
-1.219790675547095304e+00 1.072190537967946611e+01
9.780209324452904696e+00 -4.866551888440437068e+00
-6.219790675547095304e+00 8.989854572110587583e+00
8.780209324452904696e+00 -6.598602696009313817e+00
2.780209324452904696e+00 1.072190537967946611e+01
4.780209324452904696e+00 -1.006270431114706732e+01
-3.219790675547095304e+00 1.072190537967946611e+01
-1.121979067554709530e+01 3.296005342661949555e-01
1.078020932445290470e+01 -3.134501080871560319e+00
9.780209324452904696e+00 5.525752956972830532e+00
-1.021979067554709530e+01 -4.866551888440437068e+00
-5.219790675547095304e+00 -1.006270431114706732e+01
-9.219790675547095304e+00 -6.598602696009313817e+00
8.780209324452904696e+00 7.257803764541709057e+00
7.780209324452904696e+00 -8.330653503578190566e+00
1.078020932445290470e+01 3.793702149403952006e+00
-1.021979067554709530e+01 5.525752956972830532e+00
-1.121979067554709530e+01 -3.134501080871560319e+00
-8.219790675547095304e+00 -8.330653503578190566e+00
-9.219790675547095304e+00 7.257803764541709057e+00
4.780209324452904696e+00 1.072190537967946611e+01
-2.197906755470953044e-01 -1.179475511871594406e+01
-1.121979067554709530e+01 3.793702149403952006e+00
1.178020932445290470e+01 -1.402450273302683570e+00
7.780209324452904696e+00 8.989854572110587583e+00
-5.219790675547095304e+00 1.072190537967946611e+01
1.780209324452904696e+00 -1.179475511871594406e+01
1.178020932445290470e+01 2.061651341835073481e+00
-2.219790675547095304e+00 -1.179475511871594406e+01
6.780209324452904696e+00 -1.006270431114706732e+01
-8.219790675547095304e+00 8.989854572110587583e+00
-1.221979067554709530e+01 -1.402450273302683570e+00
-7.219790675547095304e+00 -1.006270431114706732e+01
3.780209324452904696e+00 -1.179475511871594406e+01
-1.221979067554709530e+01 2.061651341835073481e+00
-2.197906755470953044e-01 1.245395618724834463e+01
-4.219790675547095304e+00 -1.179475511871594406e+01
1.780209324452904696e+00 1.245395618724834463e+01
1.078020932445290470e+01 -6.598602696009313817e+00
-2.219790675547095304e+00 1.245395618724834463e+01
6.780209324452904696e+00 1.072190537967946611e+01
1.178020932445290470e+01 -4.866551888440437068e+00
1.278020932445290470e+01 3.296005342661949555e-01
9.780209324452904696e+00 -8.330653503578190566e+00
-7.219790675547095304e+00 1.072190537967946611e+01
1.078020932445290470e+01 7.257803764541709057e+00
1.178020932445290470e+01 5.525752956972830532e+00
3.780209324452904696e+00 1.245395618724834463e+01
-1.121979067554709530e+01 -6.598602696009313817e+00
5.780209324452904696e+00 -1.179475511871594406e+01
-4.219790675547095304e+00 1.245395618724834463e+01
-1.221979067554709530e+01 -4.866551888440437068e+00
1.278020932445290470e+01 -3.134501080871560319e+00
-1.021979067554709530e+01 -8.330653503578190566e+00
-1.321979067554709530e+01 3.296005342661949555e-01
9.780209324452904696e+00 8.989854572110587583e+00
1.278020932445290470e+01 3.793702149403952006e+00
-6.219790675547095304e+00 -1.179475511871594406e+01
8.780209324452904696e+00 -1.006270431114706732e+01
-1.121979067554709530e+01 7.257803764541709057e+00
-1.221979067554709530e+01 5.525752956972830532e+00
7.802093244529046956e-01 -1.352680592628482259e+01
-1.219790675547095304e+00 -1.352680592628482259e+01
-1.321979067554709530e+01 -3.134501080871560319e+00
-1.021979067554709530e+01 8.989854572110587583e+00
-9.219790675547095304e+00 -1.006270431114706732e+01
5.780209324452904696e+00 1.245395618724834463e+01
-1.321979067554709530e+01 3.793702149403952006e+00
2.780209324452904696e+00 -1.352680592628482259e+01
1.378020932445290470e+01 -1.402450273302683570e+00
8.780209324452904696e+00 1.072190537967946611e+01
-3.219790675547095304e+00 -1.352680592628482259e+01
-6.219790675547095304e+00 1.245395618724834463e+01
1.378020932445290470e+01 2.061651341835073481e+00
7.780209324452904696e+00 -1.179475511871594406e+01
-9.219790675547095304e+00 1.072190537967946611e+01
7.802093244529046956e-01 1.418600699481722316e+01
-1.219790675547095304e+00 1.418600699481722316e+01
-1.421979067554709530e+01 -1.402450273302683570e+00
4.780209324452904696e+00 -1.352680592628482259e+01
-1.421979067554709530e+01 2.061651341835073481e+00
-8.219790675547095304e+00 -1.179475511871594406e+01
1.278020932445290470e+01 -6.598602696009313817e+00
1.178020932445290470e+01 -8.330653503578190566e+00
2.780209324452904696e+00 1.418600699481722316e+01
-5.219790675547095304e+00 -1.352680592628482259e+01
-3.219790675547095304e+00 1.418600699481722316e+01
1.378020932445290470e+01 -4.866551888440437068e+00
7.780209324452904696e+00 1.245395618724834463e+01
1.278020932445290470e+01 7.257803764541709057e+00
1.078020932445290470e+01 -1.006270431114706732e+01
-1.321979067554709530e+01 -6.598602696009313817e+00
1.478020932445290470e+01 3.296005342661949555e-01
-1.221979067554709530e+01 -8.330653503578190566e+00
1.178020932445290470e+01 8.989854572110587583e+00
1.378020932445290470e+01 5.525752956972830532e+00
-8.219790675547095304e+00 1.245395618724834463e+01
4.780209324452904696e+00 1.418600699481722316e+01
-1.421979067554709530e+01 -4.866551888440437068e+00
-1.121979067554709530e+01 -1.006270431114706732e+01
-1.321979067554709530e+01 7.257803764541709057e+00
1.478020932445290470e+01 -3.134501080871560319e+00
-5.219790675547095304e+00 1.418600699481722316e+01
6.780209324452904696e+00 -1.352680592628482259e+01
-1.221979067554709530e+01 8.989854572110587583e+00
1.078020932445290470e+01 1.072190537967946611e+01
-1.521979067554709530e+01 3.296005342661949555e-01
-1.421979067554709530e+01 5.525752956972830532e+00
1.478020932445290470e+01 3.793702149403952006e+00
-2.197906755470953044e-01 -1.525885673385369934e+01
9.780209324452904696e+00 -1.179475511871594406e+01
-7.219790675547095304e+00 -1.352680592628482259e+01
1.780209324452904696e+00 -1.525885673385369934e+01
-2.219790675547095304e+00 -1.525885673385369934e+01
-1.121979067554709530e+01 1.072190537967946611e+01
-1.521979067554709530e+01 -3.134501080871560319e+00
-1.021979067554709530e+01 -1.179475511871594406e+01
-1.521979067554709530e+01 3.793702149403952006e+00
3.780209324452904696e+00 -1.525885673385369934e+01
6.780209324452904696e+00 1.418600699481722316e+01
-4.219790675547095304e+00 -1.525885673385369934e+01
9.780209324452904696e+00 1.245395618724834463e+01
1.578020932445290470e+01 -1.402450273302683570e+00
1.578020932445290470e+01 2.061651341835073481e+00
-7.219790675547095304e+00 1.418600699481722316e+01
-2.197906755470953044e-01 1.591805780238609813e+01
1.780209324452904696e+00 1.591805780238609813e+01
-2.219790675547095304e+00 1.591805780238609813e+01
1.378020932445290470e+01 -8.330653503578190566e+00
-1.021979067554709530e+01 1.245395618724834463e+01
8.780209324452904696e+00 -1.352680592628482259e+01
1.478020932445290470e+01 -6.598602696009313817e+00
1.278020932445290470e+01 -1.006270431114706732e+01
-1.621979067554709530e+01 -1.402450273302683570e+00
5.780209324452904696e+00 -1.525885673385369934e+01
-1.621979067554709530e+01 2.061651341835073481e+00
3.780209324452904696e+00 1.591805780238609813e+01
-9.219790675547095304e+00 -1.352680592628482259e+01
1.378020932445290470e+01 8.989854572110587583e+00
1.478020932445290470e+01 7.257803764541709057e+00
-4.219790675547095304e+00 1.591805780238609813e+01
-6.219790675547095304e+00 -1.525885673385369934e+01
-1.421979067554709530e+01 -8.330653503578190566e+00
1.578020932445290470e+01 -4.866551888440437068e+00
-1.521979067554709530e+01 -6.598602696009313817e+00
-1.321979067554709530e+01 -1.006270431114706732e+01
1.178020932445290470e+01 -1.179475511871594406e+01
1.278020932445290470e+01 1.072190537967946611e+01
8.780209324452904696e+00 1.418600699481722316e+01
1.578020932445290470e+01 5.525752956972830532e+00
1.678020932445290470e+01 3.296005342661949555e-01
-1.421979067554709530e+01 8.989854572110587583e+00
-1.521979067554709530e+01 7.257803764541709057e+00
-9.219790675547095304e+00 1.418600699481722316e+01
-1.621979067554709530e+01 -4.866551888440437068e+00
5.780209324452904696e+00 1.591805780238609813e+01
-1.221979067554709530e+01 -1.179475511871594406e+01
7.802093244529046956e-01 -1.699090754142257609e+01
-1.321979067554709530e+01 1.072190537967946611e+01
-1.219790675547095304e+00 -1.699090754142257609e+01
1.678020932445290470e+01 -3.134501080871560319e+00
-6.219790675547095304e+00 1.591805780238609813e+01
7.780209324452904696e+00 -1.525885673385369934e+01
-1.621979067554709530e+01 5.525752956972830532e+00
1.178020932445290470e+01 1.245395618724834463e+01
1.678020932445290470e+01 3.793702149403952006e+00
2.780209324452904696e+00 -1.699090754142257609e+01
-1.721979067554709530e+01 3.296005342661949555e-01
-3.219790675547095304e+00 -1.699090754142257609e+01
1.078020932445290470e+01 -1.352680592628482259e+01
-8.219790675547095304e+00 -1.525885673385369934e+01
-1.221979067554709530e+01 1.245395618724834463e+01
-1.721979067554709530e+01 -3.134501080871560319e+00
-1.121979067554709530e+01 -1.352680592628482259e+01
-1.721979067554709530e+01 3.793702149403952006e+00
4.780209324452904696e+00 -1.699090754142257609e+01
7.802093244529046956e-01 1.765010860995497310e+01
-1.219790675547095304e+00 1.765010860995497310e+01
7.780209324452904696e+00 1.591805780238609813e+01
-5.219790675547095304e+00 -1.699090754142257609e+01
1.078020932445290470e+01 1.418600699481722316e+01
1.778020932445290470e+01 -1.402450273302683570e+00
1.578020932445290470e+01 -8.330653503578190566e+00
2.780209324452904696e+00 1.765010860995497310e+01
1.478020932445290470e+01 -1.006270431114706732e+01
1.778020932445290470e+01 2.061651341835073481e+00
-8.219790675547095304e+00 1.591805780238609813e+01
-3.219790675547095304e+00 1.765010860995497310e+01
1.678020932445290470e+01 -6.598602696009313817e+00
-1.121979067554709530e+01 1.418600699481722316e+01
9.780209324452904696e+00 -1.525885673385369934e+01
1.378020932445290470e+01 -1.179475511871594406e+01
1.578020932445290470e+01 8.989854572110587583e+00
-1.621979067554709530e+01 -8.330653503578190566e+00
-1.521979067554709530e+01 -1.006270431114706732e+01
