0.000000000000000000e+00 -1.061256000000000022e+01 -1.369037999999999933e+01 0.000000000000000000e+00
1.000000000000000000e+00 -1.300148000000000081e+01 -1.328780000000000072e+01 0.000000000000000000e+00
2.000000000000000000e+00 -1.388148999999999944e+01 -1.137359999999999971e+01 0.000000000000000000e+00
3.000000000000000000e+00 -1.594947999999999944e+01 -9.378209999999999269e+00 0.000000000000000000e+00
4.000000000000000000e+00 -1.687691999999999837e+01 -6.963890000000000136e+00 0.000000000000000000e+00
5.000000000000000000e+00 -1.733341000000000065e+01 -4.926249999999999574e+00 0.000000000000000000e+00
6.000000000000000000e+00 -1.567890000000000050e+01 -3.107920000000000016e+00 0.000000000000000000e+00
7.000000000000000000e+00 -1.802497999999999934e+01 -2.865839999999999943e+00 0.000000000000000000e+00
8.000000000000000000e+00 -1.648216000000000037e+01 -1.168199999999999905e+00 0.000000000000000000e+00
9.000000000000000000e+00 -1.853352999999999895e+01 -8.106400000000000272e-01 0.000000000000000000e+00
1.000000000000000000e+01 -1.721923999999999921e+01 7.866499999999999604e-01 0.000000000000000000e+00
1.100000000000000000e+01 -1.989097999999999900e+01 1.914390000000000036e+00 0.000000000000000000e+00
1.200000000000000000e+01 -1.778065000000000140e+01 2.790890000000000093e+00 0.000000000000000000e+00
1.300000000000000000e+01 -1.863759999999999906e+01 4.892330000000000290e+00 0.000000000000000000e+00
1.400000000000000000e+01 -1.683502000000000010e+01 6.706520000000000259e+00 0.000000000000000000e+00
1.500000000000000000e+01 -1.746186000000000149e+01 8.782049999999999912e+00 0.000000000000000000e+00
1.600000000000000000e+01 -1.541285000000000061e+01 8.220750000000000668e+00 0.000000000000000000e+00
1.700000000000000000e+01 -1.600310999999999950e+01 1.025455999999999968e+01 0.000000000000000000e+00
1.800000000000000000e+01 -9.976470000000000837e+00 -1.566808999999999941e+01 0.000000000000000000e+00
1.900000000000000000e+01 -9.199849999999999639e+00 -1.214358999999999966e+01 0.000000000000000000e+00
2.000000000000000000e+01 -1.125254999999999939e+01 -1.170176999999999978e+01 0.000000000000000000e+00
2.100000000000000000e+01 -1.387011000000000038e+01 -9.300150000000000361e+00 0.000000000000000000e+00
2.200000000000000000e+01 -1.475896000000000008e+01 -7.391589999999999883e+00 0.000000000000000000e+00
2.300000000000000000e+01 -1.530109999999999992e+01 -5.345690000000000275e+00 0.000000000000000000e+00
2.400000000000000000e+01 -1.364719000000000015e+01 -3.611689999999999845e+00 0.000000000000000000e+00
2.500000000000000000e+01 -1.425530999999999970e+01 -1.560559999999999947e+00 0.000000000000000000e+00
2.600000000000000000e+01 -1.296637999999999913e+01 8.140000000000000013e-02 0.000000000000000000e+00
2.700000000000000000e+01 -1.514062000000000019e+01 4.035699999999999843e-01 0.000000000000000000e+00
2.800000000000000000e+01 -1.367561000000000071e+01 2.018940000000000179e+00 0.000000000000000000e+00
2.900000000000000000e+01 -1.568946000000000041e+01 2.516739999999999977e+00 0.000000000000000000e+00
3.000000000000000000e+01 -1.654886000000000124e+01 4.519949999999999690e+00 0.000000000000000000e+00
3.100000000000000000e+01 -1.484798999999999936e+01 6.121489999999999654e+00 0.000000000000000000e+00
3.200000000000000000e+01 -1.342505000000000059e+01 7.622200000000000308e+00 0.000000000000000000e+00
3.300000000000000000e+01 -1.384289000000000058e+01 9.657400000000000873e+00 0.000000000000000000e+00
3.400000000000000000e+01 -1.457679000000000080e+01 1.183890000000000065e+01 0.000000000000000000e+00
3.500000000000000000e+01 -1.311350999999999978e+01 1.354968000000000039e+01 0.000000000000000000e+00
3.600000000000000000e+01 -7.983460000000000001e+00 -1.618371000000000137e+01 0.000000000000000000e+00
3.700000000000000000e+01 -8.557999999999999829e+00 -1.415217999999999954e+01 0.000000000000000000e+00
3.800000000000000000e+01 -9.798769999999999314e+00 -1.017258999999999958e+01 0.000000000000000000e+00
3.900000000000000000e+01 -1.181568000000000040e+01 -9.686899999999999622e+00 0.000000000000000000e+00
4.000000000000000000e+01 -1.249701999999999913e+01 -7.699119999999999742e+00 0.000000000000000000e+00
4.100000000000000000e+01 -1.325624000000000002e+01 -5.713070000000000093e+00 0.000000000000000000e+00
4.200000000000000000e+01 -1.165025999999999939e+01 -4.097949999999999982e+00 0.000000000000000000e+00
4.300000000000000000e+01 -1.224177000000000071e+01 -2.022349999999999870e+00 0.000000000000000000e+00
4.400000000000000000e+01 -1.086945000000000050e+01 -3.681900000000000173e-01 0.000000000000000000e+00
4.500000000000000000e+01 -1.152143000000000050e+01 1.584589999999999943e+00 0.000000000000000000e+00
4.600000000000000000e+01 -1.221584999999999965e+01 3.576130000000000031e+00 0.000000000000000000e+00
4.700000000000000000e+01 -1.429274999999999984e+01 4.116660000000000430e+00 0.000000000000000000e+00
4.800000000000000000e+01 -1.279052000000000078e+01 5.638720000000000176e+00 0.000000000000000000e+00
4.900000000000000000e+01 -1.133380999999999972e+01 7.184309999999999974e+00 0.000000000000000000e+00
5.000000000000000000e+01 -1.179687999999999981e+01 9.206030000000000157e+00 0.000000000000000000e+00
5.100000000000000000e+01 -1.249241999999999919e+01 1.143041999999999980e+01 0.000000000000000000e+00
5.200000000000000000e+01 -1.103026999999999980e+01 1.293069000000000024e+01 0.000000000000000000e+00
5.300000000000000000e+01 -1.147981000000000051e+01 1.499624000000000024e+01 0.000000000000000000e+00
5.400000000000000000e+01 -7.477680000000000327e+00 -1.820953000000000088e+01 0.000000000000000000e+00
5.500000000000000000e+01 -6.542539999999999800e+00 -1.467248999999999981e+01 0.000000000000000000e+00
5.600000000000000000e+01 -7.677209999999999646e+00 -1.066680999999999990e+01 0.000000000000000000e+00
5.700000000000000000e+01 -8.323660000000000281e+00 -8.670469999999999899e+00 0.000000000000000000e+00
5.800000000000000000e+01 -1.036264000000000074e+01 -8.170329999999999870e+00 0.000000000000000000e+00
5.900000000000000000e+01 -1.103731999999999935e+01 -6.169200000000000017e+00 0.000000000000000000e+00
6.000000000000000000e+01 -9.633770000000000167e+00 -4.564470000000000027e+00 0.000000000000000000e+00
6.100000000000000000e+01 -1.023808000000000007e+01 -2.552690000000000126e+00 0.000000000000000000e+00
6.200000000000000000e+01 -8.821220000000000283e+00 -1.024639999999999995e+00 0.000000000000000000e+00
6.300000000000000000e+01 -9.356709999999999638e+00 1.045500000000000096e+00 0.000000000000000000e+00
6.400000000000000000e+01 -1.008543000000000056e+01 3.090669999999999806e+00 0.000000000000000000e+00
6.500000000000000000e+01 -1.074493999999999971e+01 5.149000000000000021e+00 0.000000000000000000e+00
6.600000000000000000e+01 -9.323610000000000397e+00 6.657269999999999577e+00 0.000000000000000000e+00
6.700000000000000000e+01 -9.806520000000000792e+00 8.652789999999999537e+00 0.000000000000000000e+00
6.800000000000000000e+01 -1.049352000000000018e+01 1.082662999999999975e+01 0.000000000000000000e+00
6.900000000000000000e+01 -9.053779999999999717e+00 1.230198000000000036e+01 0.000000000000000000e+00
7.000000000000000000e+01 -9.312530000000000641e+00 1.449457999999999913e+01 0.000000000000000000e+00
7.100000000000000000e+01 -9.467240000000000322e+00 1.655586999999999875e+01 0.000000000000000000e+00
7.200000000000000000e+01 -5.447669999999999568e+00 -1.887993000000000166e+01 0.000000000000000000e+00
7.300000000000000000e+01 -5.977979999999999627e+00 -1.677724999999999866e+01 0.000000000000000000e+00
7.400000000000000000e+01 -7.121950000000000003e+00 -1.264622999999999919e+01 0.000000000000000000e+00
7.500000000000000000e+01 -6.301059999999999661e+00 -9.099619999999999820e+00 0.000000000000000000e+00
7.600000000000000000e+01 -6.879139999999999588e+00 -7.088350000000000151e+00 0.000000000000000000e+00
7.700000000000000000e+01 -8.935689999999999245e+00 -6.619530000000000136e+00 0.000000000000000000e+00
7.800000000000000000e+01 -7.523769999999999847e+00 -5.061029999999999696e+00 0.000000000000000000e+00
7.900000000000000000e+01 -8.203099999999999170e+00 -3.029290000000000038e+00 0.000000000000000000e+00
8.000000000000000000e+01 -7.352560000000000429e+00 5.011200000000000099e-01 0.000000000000000000e+00
8.100000000000000000e+01 -8.040449999999999875e+00 2.657690000000000108e+00 0.000000000000000000e+00
8.200000000000000000e+01 -8.647429999999999950e+00 4.673320000000000363e+00 0.000000000000000000e+00
8.300000000000000000e+01 -7.221949999999999648e+00 6.191040000000000099e+00 0.000000000000000000e+00
8.400000000000000000e+01 -7.785330000000000084e+00 8.227619999999999933e+00 0.000000000000000000e+00
8.500000000000000000e+01 -8.496180000000000732e+00 1.029033000000000087e+01 0.000000000000000000e+00
8.600000000000000000e+01 -7.026930000000000121e+00 1.179721999999999937e+01 0.000000000000000000e+00
8.700000000000000000e+01 -7.296689999999999898e+00 1.390218999999999916e+01 0.000000000000000000e+00
8.800000000000000000e+01 -7.373149999999999871e+00 1.599511000000000038e+01 0.000000000000000000e+00
8.900000000000000000e+01 -7.644730000000000025e+00 1.837180999999999997e+01 0.000000000000000000e+00
9.000000000000000000e+01 -3.281330000000000080e+00 -1.917739999999999867e+01 0.000000000000000000e+00
9.100000000000000000e+01 -4.453369999999999607e+00 -1.512462000000000018e+01 0.000000000000000000e+00
9.200000000000000000e+01 -5.119860000000000078e+00 -1.314757999999999960e+01 0.000000000000000000e+00
9.300000000000000000e+01 -5.652650000000000396e+00 -1.109050000000000047e+01 0.000000000000000000e+00
9.400000000000000000e+01 -4.857289999999999885e+00 -7.534500000000000419e+00 0.000000000000000000e+00
9.500000000000000000e+01 -5.506070000000000242e+00 -5.470089999999999897e+00 0.000000000000000000e+00
9.600000000000000000e+01 -6.081629999999999647e+00 -3.464850000000000207e+00 0.000000000000000000e+00
9.700000000000000000e+01 -6.793050000000000033e+00 -1.507069999999999910e+00 0.000000000000000000e+00
9.800000000000000000e+01 -5.313139999999999752e+00 8.809000000000000163e-02 0.000000000000000000e+00
9.900000000000000000e+01 -5.971409999999999663e+00 2.155170000000000030e+00 0.000000000000000000e+00
1.000000000000000000e+02 -6.588370000000000282e+00 4.131280000000000285e+00 0.000000000000000000e+00
1.010000000000000000e+02 -3.697960000000000136e+00 7.248509999999999565e+00 0.000000000000000000e+00
1.020000000000000000e+02 -5.172480000000000189e+00 5.700520000000000032e+00 0.000000000000000000e+00
1.030000000000000000e+02 -6.266300000000000203e+00 9.801130000000000564e+00 0.000000000000000000e+00
1.040000000000000000e+02 -5.281740000000000101e+00 1.299746999999999986e+01 0.000000000000000000e+00
1.050000000000000000e+02 -5.452849999999999753e+00 1.516521999999999970e+01 0.000000000000000000e+00
1.060000000000000000e+02 -5.705790000000000362e+00 1.733630000000000138e+01 0.000000000000000000e+00
1.070000000000000000e+02 -5.826369999999999827e+00 1.973855000000000004e+01 0.000000000000000000e+00
1.080000000000000000e+02 -3.812780000000000058e+00 -1.717720999999999876e+01 0.000000000000000000e+00
1.090000000000000000e+02 -2.966590000000000060e+00 -1.349202000000000012e+01 0.000000000000000000e+00
1.100000000000000000e+02 -1.578589999999999938e+00 -1.194205999999999968e+01 0.000000000000000000e+00
1.110000000000000000e+02 -3.619479999999999809e+00 -1.153359000000000023e+01 0.000000000000000000e+00
1.120000000000000000e+02 -4.272300000000000431e+00 -9.535759999999999792e+00 0.000000000000000000e+00
1.130000000000000000e+02 -3.487639999999999851e+00 -5.927599999999999980e+00 0.000000000000000000e+00
1.140000000000000000e+02 -4.018709999999999560e+00 -3.895280000000000076e+00 0.000000000000000000e+00
1.150000000000000000e+02 -4.716560000000000308e+00 -1.900989999999999958e+00 0.000000000000000000e+00
1.160000000000000000e+02 -3.249070000000000125e+00 -3.199699999999999767e-01 0.000000000000000000e+00
1.170000000000000000e+02 -3.938400000000000123e+00 1.742560000000000109e+00 0.000000000000000000e+00
1.180000000000000000e+02 -4.511800000000000033e+00 3.728159999999999918e+00 0.000000000000000000e+00
1.190000000000000000e+02 -2.998079999999999856e+00 5.213729999999999976e+00 0.000000000000000000e+00
1.200000000000000000e+02 -5.712550000000000239e+00 7.776519999999999655e+00 0.000000000000000000e+00
1.210000000000000000e+02 -4.181420000000000137e+00 9.556729999999999947e+00 0.000000000000000000e+00
1.220000000000000000e+02 -3.666900000000000048e+00 1.157415999999999912e+01 0.000000000000000000e+00
1.230000000000000000e+02 -3.518419999999999881e+00 1.410524999999999984e+01 0.000000000000000000e+00
1.240000000000000000e+02 -3.546250000000000124e+00 1.617113000000000156e+01 0.000000000000000000e+00
1.250000000000000000e+02 -3.456760000000000055e+00 1.836007999999999996e+01 0.000000000000000000e+00
1.260000000000000000e+02 -9.130000000000000338e-01 -1.958327999999999847e+01 0.000000000000000000e+00
1.270000000000000000e+02 -1.717209999999999903e+00 -1.749956999999999852e+01 0.000000000000000000e+00
1.280000000000000000e+02 -2.399719999999999853e+00 -1.547489999999999988e+01 0.000000000000000000e+00
1.290000000000000000e+02 -2.234119999999999884e+00 -9.946550000000000225e+00 0.000000000000000000e+00
1.300000000000000000e+02 -2.841029999999999944e+00 -7.951629999999999754e+00 0.000000000000000000e+00
1.310000000000000000e+02 -1.977020000000000000e+00 -4.377959999999999852e+00 0.000000000000000000e+00
1.320000000000000000e+02 -6.011900000000000022e-01 -2.826630000000000198e+00 0.000000000000000000e+00
1.330000000000000000e+02 -2.637410000000000032e+00 -2.334610000000000074e+00 0.000000000000000000e+00
1.340000000000000000e+02 -1.187799999999999967e+00 -8.366599999999999593e-01 0.000000000000000000e+00
1.350000000000000000e+02 -1.808750000000000080e+00 1.208320000000000061e+00 0.000000000000000000e+00
1.360000000000000000e+02 -2.403519999999999879e+00 3.208870000000000111e+00 0.000000000000000000e+00
1.370000000000000000e+02 -1.674549999999999983e+00 6.808939999999999770e+00 0.000000000000000000e+00
1.380000000000000000e+02 -2.248930000000000096e+00 8.796219999999999928e+00 0.000000000000000000e+00
1.390000000000000000e+02 -1.679340000000000055e+00 1.084357999999999933e+01 0.000000000000000000e+00
1.400000000000000000e+02 -1.783619999999999983e+00 1.289316999999999958e+01 0.000000000000000000e+00
1.410000000000000000e+02 -1.610470000000000068e+00 1.503913000000000011e+01 0.000000000000000000e+00
1.420000000000000000e+02 -1.456020000000000092e+00 1.715382999999999925e+01 0.000000000000000000e+00
1.430000000000000000e+02 -9.080300000000000038e-01 1.919459000000000160e+01 0.000000000000000000e+00
1.440000000000000000e+02 3.810899999999999843e-01 -1.797653000000000034e+01 0.000000000000000000e+00
1.450000000000000000e+02 -2.982600000000000251e-01 -1.595135999999999932e+01 0.000000000000000000e+00
1.460000000000000000e+02 -9.425299999999999789e-01 -1.390948000000000029e+01 0.000000000000000000e+00
1.470000000000000000e+02 -1.426699999999999913e-01 -1.039671000000000056e+01 0.000000000000000000e+00
1.480000000000000000e+02 -7.735999999999999543e-01 -8.355669999999999931e+00 0.000000000000000000e+00
1.490000000000000000e+02 -1.392670000000000075e+00 -6.375270000000000437e+00 0.000000000000000000e+00
1.500000000000000000e+02 3.447000000000000064e-02 -4.848139999999999894e+00 0.000000000000000000e+00
1.510000000000000000e+02 8.345099999999999740e-01 -1.280110000000000081e+00 0.000000000000000000e+00
1.520000000000000000e+02 2.540999999999999925e-01 7.047600000000000531e-01 0.000000000000000000e+00
1.530000000000000000e+02 -3.823699999999999877e-01 2.711310000000000109e+00 0.000000000000000000e+00
1.540000000000000000e+02 -9.631999999999999451e-01 4.716590000000000060e+00 0.000000000000000000e+00
1.550000000000000000e+02 4.349600000000000133e-01 6.303889999999999993e+00 0.000000000000000000e+00
1.560000000000000000e+02 -2.155799999999999939e-01 8.318619999999999237e+00 0.000000000000000000e+00
1.570000000000000000e+02 2.579400000000000026e-01 1.176895000000000024e+01 0.000000000000000000e+00
1.580000000000000000e+02 2.781600000000000183e-01 1.383816999999999986e+01 0.000000000000000000e+00
1.590000000000000000e+02 3.887599999999999945e-01 1.598076000000000008e+01 0.000000000000000000e+00
1.600000000000000000e+02 8.447700000000000209e-01 1.808369000000000071e+01 0.000000000000000000e+00
1.610000000000000000e+02 1.023749999999999938e+00 2.018489999999999895e+01 0.000000000000000000e+00
1.620000000000000000e+02 1.109439999999999982e+00 -2.016686999999999941e+01 0.000000000000000000e+00
1.630000000000000000e+02 1.773670000000000080e+00 -1.645625000000000071e+01 0.000000000000000000e+00
1.640000000000000000e+02 1.114409999999999901e+00 -1.434537000000000084e+01 0.000000000000000000e+00
1.650000000000000000e+02 4.534599999999999742e-01 -1.237292000000000058e+01 0.000000000000000000e+00
1.660000000000000000e+02 1.276340000000000030e+00 -8.890259999999999607e+00 0.000000000000000000e+00
1.670000000000000000e+02 6.841899999999999649e-01 -6.854420000000000179e+00 0.000000000000000000e+00
1.680000000000000000e+02 1.459419999999999940e+00 -3.295609999999999928e+00 0.000000000000000000e+00
1.690000000000000000e+02 2.861250000000000071e+00 -1.771439999999999904e+00 0.000000000000000000e+00
1.700000000000000000e+02 2.308209999999999873e+00 2.676700000000000190e-01 0.000000000000000000e+00
1.710000000000000000e+02 1.636919999999999931e+00 2.255479999999999929e+00 0.000000000000000000e+00
1.720000000000000000e+02 1.065320000000000045e+00 4.302260000000000417e+00 0.000000000000000000e+00
1.730000000000000000e+02 2.448620000000000019e+00 5.842220000000000191e+00 0.000000000000000000e+00
1.740000000000000000e+02 1.804359999999999964e+00 7.844149999999999956e+00 0.000000000000000000e+00
1.750000000000000000e+02 1.151669999999999972e+00 9.899219999999999686e+00 0.000000000000000000e+00
1.760000000000000000e+02 2.352510000000000101e+00 1.159549999999999947e+01 0.000000000000000000e+00
1.770000000000000000e+02 2.409100000000000019e+00 1.378611000000000075e+01 0.000000000000000000e+00
1.780000000000000000e+02 2.652010000000000201e+00 1.583993000000000073e+01 0.000000000000000000e+00
1.790000000000000000e+02 3.897359999999999935e+00 1.981291999999999831e+01 0.000000000000000000e+00
1.800000000000000000e+02 2.598190000000000222e+00 -1.868272999999999939e+01 0.000000000000000000e+00
1.810000000000000000e+02 3.147530000000000161e+00 -1.486636000000000024e+01 0.000000000000000000e+00
1.820000000000000000e+02 2.577160000000000117e+00 -1.285960000000000036e+01 0.000000000000000000e+00
1.830000000000000000e+02 1.893340000000000023e+00 -1.087293000000000021e+01 0.000000000000000000e+00
1.840000000000000000e+02 2.705919999999999881e+00 -7.390729999999999578e+00 0.000000000000000000e+00
1.850000000000000000e+02 4.143110000000000070e+00 -5.873940000000000161e+00 0.000000000000000000e+00
1.860000000000000000e+02 2.144280000000000186e+00 -5.365050000000000097e+00 0.000000000000000000e+00
1.870000000000000000e+02 3.504420000000000091e+00 -3.817639999999999922e+00 0.000000000000000000e+00
1.880000000000000000e+02 4.340709999999999624e+00 -2.092199999999999893e-01 0.000000000000000000e+00
1.890000000000000000e+02 3.696390000000000065e+00 1.831040000000000001e+00 0.000000000000000000e+00
1.900000000000000000e+02 3.110710000000000086e+00 3.806839999999999780e+00 0.000000000000000000e+00
1.910000000000000000e+02 4.469260000000000232e+00 5.403220000000000134e+00 0.000000000000000000e+00
1.920000000000000000e+02 3.875630000000000130e+00 7.424140000000000406e+00 0.000000000000000000e+00
1.930000000000000000e+02 5.249839999999999840e+00 9.187839999999999563e+00 0.000000000000000000e+00
1.940000000000000000e+02 3.175930000000000142e+00 9.461639999999999162e+00 0.000000000000000000e+00
1.950000000000000000e+02 4.239729999999999777e+00 1.240705999999999953e+01 0.000000000000000000e+00
1.960000000000000000e+02 4.429050000000000153e+00 1.446535000000000082e+01 0.000000000000000000e+00
1.970000000000000000e+02 2.967429999999999790e+00 1.788686999999999827e+01 0.000000000000000000e+00
1.980000000000000000e+02 3.845779999999999976e+00 -1.698431000000000068e+01 0.000000000000000000e+00
1.990000000000000000e+02 4.593189999999999884e+00 -1.338771000000000022e+01 0.000000000000000000e+00
2.000000000000000000e+02 3.975140000000000118e+00 -1.133418999999999954e+01 0.000000000000000000e+00
2.010000000000000000e+02 3.318550000000000111e+00 -9.365859999999999630e+00 0.000000000000000000e+00
2.020000000000000000e+02 4.784290000000000376e+00 -7.854879999999999640e+00 0.000000000000000000e+00
2.030000000000000000e+02 6.252779999999999561e+00 -6.342819999999999681e+00 0.000000000000000000e+00
2.040000000000000000e+02 5.502410000000000245e+00 -4.289080000000000226e+00 0.000000000000000000e+00
2.050000000000000000e+02 4.917799999999999727e+00 -2.201290000000000191e+00 0.000000000000000000e+00
2.060000000000000000e+02 6.376990000000000158e+00 -6.291299999999999670e-01 0.000000000000000000e+00
2.070000000000000000e+02 5.768900000000000361e+00 1.343150000000000066e+00 0.000000000000000000e+00
2.080000000000000000e+02 5.150100000000000122e+00 3.448949999999999960e+00 0.000000000000000000e+00
2.090000000000000000e+02 6.583440000000000403e+00 4.932290000000000063e+00 0.000000000000000000e+00
2.100000000000000000e+02 5.872709999999999653e+00 6.931560000000000166e+00 0.000000000000000000e+00
2.110000000000000000e+02 5.916870000000000296e+00 1.118994999999999962e+01 0.000000000000000000e+00
2.120000000000000000e+02 6.205460000000000420e+00 1.322869000000000028e+01 0.000000000000000000e+00
2.130000000000000000e+02 6.454889999999999795e+00 1.534381999999999913e+01 0.000000000000000000e+00
2.140000000000000000e+02 4.748099999999999987e+00 1.660663999999999874e+01 0.000000000000000000e+00
2.150000000000000000e+02 5.564820000000000100e+00 1.853941000000000017e+01 0.000000000000000000e+00
2.160000000000000000e+02 6.073430000000000106e+00 -1.763235999999999848e+01 0.000000000000000000e+00
2.170000000000000000e+02 5.271910000000000096e+00 -1.543204000000000065e+01 0.000000000000000000e+00
2.180000000000000000e+02 6.151790000000000092e+00 -1.196232000000000006e+01 0.000000000000000000e+00
2.190000000000000000e+02 5.543009999999999771e+00 -9.797860000000000014e+00 0.000000000000000000e+00
2.200000000000000000e+02 6.993210000000000370e+00 -8.275100000000000122e+00 0.000000000000000000e+00
2.210000000000000000e+02 8.450549999999999784e+00 -6.773839999999999861e+00 0.000000000000000000e+00
2.220000000000000000e+02 7.751570000000000071e+00 -4.748590000000000089e+00 0.000000000000000000e+00
2.230000000000000000e+02 6.945179999999999687e+00 -2.774000000000000021e+00 0.000000000000000000e+00
2.240000000000000000e+02 8.457000000000000739e+00 -1.122300000000000075e+00 0.000000000000000000e+00
2.250000000000000000e+02 7.815789999999999793e+00 9.041500000000000092e-01 0.000000000000000000e+00
2.260000000000000000e+02 7.169929999999999914e+00 2.934229999999999894e+00 0.000000000000000000e+00
2.270000000000000000e+02 8.645429999999999282e+00 4.396499999999999631e+00 0.000000000000000000e+00
2.280000000000000000e+02 8.011509999999999465e+00 6.454259999999999664e+00 0.000000000000000000e+00
2.290000000000000000e+02 7.219500000000000028e+00 8.502290000000000347e+00 0.000000000000000000e+00
2.300000000000000000e+02 8.764189999999999259e+00 1.010336000000000034e+01 0.000000000000000000e+00
2.310000000000000000e+02 7.907610000000000028e+00 1.197235000000000049e+01 0.000000000000000000e+00
2.320000000000000000e+02 8.552559999999999718e+00 1.561633999999999922e+01 0.000000000000000000e+00
2.330000000000000000e+02 7.240779999999999994e+00 1.724042999999999992e+01 0.000000000000000000e+00
2.340000000000000000e+02 7.305629999999999846e+00 -1.592709999999999937e+01 0.000000000000000000e+00
2.350000000000000000e+02 6.802039999999999864e+00 -1.391102000000000061e+01 0.000000000000000000e+00
2.360000000000000000e+02 8.260519999999999641e+00 -1.237923999999999936e+01 0.000000000000000000e+00
2.370000000000000000e+02 7.595559999999999867e+00 -1.040371999999999986e+01 0.000000000000000000e+00
2.380000000000000000e+02 9.009579999999999700e+00 -8.891429999999999723e+00 0.000000000000000000e+00
2.390000000000000000e+02 1.049524000000000079e+01 -7.074980000000000047e+00 0.000000000000000000e+00
2.400000000000000000e+02 9.820830000000000837e+00 -5.072969999999999757e+00 0.000000000000000000e+00
2.410000000000000000e+02 9.097609999999999530e+00 -3.111920000000000019e+00 0.000000000000000000e+00
2.420000000000000000e+02 1.067822999999999922e+01 -1.672290000000000054e+00 0.000000000000000000e+00
2.430000000000000000e+02 9.944889999999999119e+00 3.845999999999999974e-01 0.000000000000000000e+00
2.440000000000000000e+02 9.260479999999999379e+00 2.405100000000000016e+00 0.000000000000000000e+00
2.450000000000000000e+02 1.066691999999999929e+01 3.973390000000000200e+00 0.000000000000000000e+00
2.460000000000000000e+02 1.001248000000000005e+01 5.950890000000000235e+00 0.000000000000000000e+00
2.470000000000000000e+02 9.302369999999999806e+00 8.106220000000000425e+00 0.000000000000000000e+00
2.480000000000000000e+02 1.079265000000000008e+01 9.654070000000000817e+00 0.000000000000000000e+00
2.490000000000000000e+02 1.004912999999999990e+01 1.173052000000000028e+01 0.000000000000000000e+00
2.500000000000000000e+02 9.170600000000000307e+00 1.363602999999999987e+01 0.000000000000000000e+00
2.510000000000000000e+02 9.868790000000000617e+00 1.739173999999999864e+01 0.000000000000000000e+00
2.520000000000000000e+02 9.556779999999999831e+00 -1.637377000000000038e+01 0.000000000000000000e+00
2.530000000000000000e+02 8.813040000000000873e+00 -1.438540000000000063e+01 0.000000000000000000e+00
2.540000000000000000e+02 9.700689999999999813e+00 -1.087144999999999939e+01 0.000000000000000000e+00
2.550000000000000000e+02 1.323157999999999923e+01 -9.742620000000000502e+00 0.000000000000000000e+00
2.560000000000000000e+02 1.107431000000000054e+01 -9.166610000000000369e+00 0.000000000000000000e+00
2.570000000000000000e+02 1.202720000000000056e+01 -5.594070000000000320e+00 0.000000000000000000e+00
2.580000000000000000e+02 1.134881000000000029e+01 -3.625350000000000072e+00 0.000000000000000000e+00
2.590000000000000000e+02 1.275627000000000066e+01 -2.063989999999999991e+00 0.000000000000000000e+00
2.600000000000000000e+02 1.203904999999999959e+01 -1.125599999999999934e-01 0.000000000000000000e+00
2.610000000000000000e+02 1.135060000000000002e+01 1.949950000000000072e+00 0.000000000000000000e+00
2.620000000000000000e+02 1.344031000000000020e+01 1.532359999999999944e+00 0.000000000000000000e+00
2.630000000000000000e+02 1.269599000000000011e+01 3.518100000000000005e+00 0.000000000000000000e+00
2.640000000000000000e+02 1.209784999999999933e+01 5.540930000000000355e+00 0.000000000000000000e+00
2.650000000000000000e+02 1.136492999999999931e+01 7.659959999999999880e+00 0.000000000000000000e+00
2.660000000000000000e+02 1.283521000000000001e+01 9.277590000000000003e+00 0.000000000000000000e+00
2.670000000000000000e+02 1.212241999999999997e+01 1.132258000000000031e+01 0.000000000000000000e+00
2.680000000000000000e+02 1.131790999999999947e+01 1.338597999999999999e+01 0.000000000000000000e+00
2.690000000000000000e+02 1.066568000000000005e+01 1.546954999999999991e+01 0.000000000000000000e+00
2.700000000000000000e+02 1.144682000000000066e+01 -1.534057999999999922e+01 0.000000000000000000e+00
2.710000000000000000e+02 1.036262999999999934e+01 -1.283306999999999931e+01 0.000000000000000000e+00
2.720000000000000000e+02 1.182870999999999917e+01 -1.129457999999999984e+01 0.000000000000000000e+00
2.730000000000000000e+02 1.454109000000000052e+01 -8.061180000000000234e+00 0.000000000000000000e+00
2.740000000000000000e+02 1.249200000000000088e+01 -7.655070000000000263e+00 0.000000000000000000e+00
2.750000000000000000e+02 1.420220999999999911e+01 -6.022300000000000431e+00 0.000000000000000000e+00
2.760000000000000000e+02 1.344350999999999985e+01 -4.068950000000000067e+00 0.000000000000000000e+00
2.770000000000000000e+02 1.492920999999999943e+01 -2.475950000000000095e+00 0.000000000000000000e+00
2.780000000000000000e+02 1.415166999999999931e+01 -4.158600000000000074e-01 0.000000000000000000e+00
2.790000000000000000e+02 1.554043000000000063e+01 1.132719999999999949e+00 0.000000000000000000e+00
2.800000000000000000e+02 1.500751999999999953e+01 3.150650000000000173e+00 0.000000000000000000e+00
2.810000000000000000e+02 1.431527999999999956e+01 5.096189999999999998e+00 0.000000000000000000e+00
2.820000000000000000e+02 1.578767999999999994e+01 6.730220000000000091e+00 0.000000000000000000e+00
2.830000000000000000e+02 1.352938999999999936e+01 7.270299999999999763e+00 0.000000000000000000e+00
2.840000000000000000e+02 1.525638999999999967e+01 9.088639999999999830e+00 0.000000000000000000e+00
2.850000000000000000e+02 1.430100000000000016e+01 1.095198000000000071e+01 0.000000000000000000e+00
2.860000000000000000e+02 1.347222999999999971e+01 1.295006000000000057e+01 0.000000000000000000e+00
2.870000000000000000e+02 1.273051000000000066e+01 1.491601999999999961e+01 0.000000000000000000e+00
2.880000000000000000e+02 1.238303999999999938e+01 -1.348765999999999998e+01 0.000000000000000000e+00
2.890000000000000000e+02 1.398432000000000031e+01 -1.201232000000000077e+01 0.000000000000000000e+00
2.900000000000000000e+02 1.531169000000000047e+01 -1.024474999999999980e+01 0.000000000000000000e+00
2.910000000000000000e+02 1.703897999999999868e+01 -9.051330000000000098e+00 0.000000000000000000e+00
2.920000000000000000e+02 1.632632999999999868e+01 -6.371690000000000076e+00 0.000000000000000000e+00
2.930000000000000000e+02 1.720895000000000152e+01 -3.061729999999999841e+00 0.000000000000000000e+00
2.940000000000000000e+02 1.557537999999999911e+01 -4.437140000000000306e+00 0.000000000000000000e+00
2.950000000000000000e+02 1.896197000000000088e+01 -1.678469999999999906e+00 0.000000000000000000e+00
2.960000000000000000e+02 1.623476000000000141e+01 -8.654399999999999871e-01 0.000000000000000000e+00
2.970000000000000000e+02 1.797374999999999901e+01 4.480799999999999783e-01 0.000000000000000000e+00
2.980000000000000000e+02 1.725189999999999912e+01 2.548890000000000100e+00 0.000000000000000000e+00
2.990000000000000000e+02 1.647594000000000136e+01 4.608740000000000059e+00 0.000000000000000000e+00
