0.000000000000000000e+00 2.340030383448251428e+00 1.007821621500937681e+00 0.000000000000000000e+00
1.000000000000000000e+00 3.726841339405950748e-02 -2.561903000853853030e+00 0.000000000000000000e+00
2.000000000000000000e+00 -2.572942433564307407e+00 8.166285362113896440e-01 0.000000000000000000e+00
3.000000000000000000e+00 -3.156916487420602380e-01 4.130129385128356034e+00 0.000000000000000000e+00
4.000000000000000000e+00 -3.813275906104053092e+00 2.853397766591790230e+00 0.000000000000000000e+00
5.000000000000000000e+00 3.850601959537598873e+00 -3.062943938580659164e+00 0.000000000000000000e+00
6.000000000000000000e+00 -4.543685589323942509e+00 -2.750286434690224269e+00 0.000000000000000000e+00
7.000000000000000000e+00 5.808606642495675487e+00 3.753533612695747479e-02 0.000000000000000000e+00
8.000000000000000000e+00 -5.946685522387284095e+00 -5.449980771676763425e-01 0.000000000000000000e+00
9.000000000000000000e+00 -1.486640664241932086e+00 6.125541882417017803e+00 0.000000000000000000e+00
1.000000000000000000e+01 -2.162298537012290467e+00 -5.968825547112416530e+00 0.000000000000000000e+00
1.100000000000000000e+01 4.834021153635902124e+00 4.355372688644926882e+00 0.000000000000000000e+00
1.200000000000000000e+01 1.412990797065262427e+00 -6.558860896432566534e+00 0.000000000000000000e+00
1.300000000000000000e+01 6.487192095383946366e+00 -2.530282633072218346e+00 0.000000000000000000e+00
1.400000000000000000e+01 1.277976067653995074e+00 7.569655914496763671e+00 0.000000000000000000e+00
1.500000000000000000e+01 4.895883023294402392e+00 -6.250620636605134450e+00 0.000000000000000000e+00
1.600000000000000000e+01 8.799459742097155868e+00 7.076797838431048149e-01 0.000000000000000000e+00
1.700000000000000000e+01 -7.932952116067710335e+00 -4.244716067973524076e+00 0.000000000000000000e+00
1.800000000000000000e+01 8.212762739938810341e+00 3.681513752784319138e+00 0.000000000000000000e+00
1.900000000000000000e+01 -6.192401201369747810e+00 -6.548561089278873482e+00 0.000000000000000000e+00
2.000000000000000000e+01 -8.491171718040376959e+00 4.640943800593269941e+00 0.000000000000000000e+00
2.100000000000000000e+01 3.271131558845610243e-01 9.676684614931765793e+00 0.000000000000000000e+00
2.200000000000000000e+01 -1.014161141323558013e+01 7.816301275671690973e-01 0.000000000000000000e+00
2.300000000000000000e+01 -4.335113364050982909e+00 -9.278570907282215785e+00 0.000000000000000000e+00
2.400000000000000000e+01 -3.199392835889085518e-01 -1.029887863389904368e+01 0.000000000000000000e+00
2.500000000000000000e+01 2.874082272056810439e+00 -9.956963555344881200e+00 0.000000000000000000e+00
2.600000000000000000e+01 6.470790996743346568e+00 8.177931867905940067e+00 0.000000000000000000e+00
2.700000000000000000e+01 -6.493195557796354933e+00 8.541771229180000091e+00 0.000000000000000000e+00
2.800000000000000000e+01 1.061910677991231466e+01 4.457331162279928094e+00 0.000000000000000000e+00
2.900000000000000000e+01 3.416449829963724483e+00 1.100030817458352317e+01 0.000000000000000000e+00
3.000000000000000000e+01 1.007926981622530604e+01 -6.453894777283011308e+00 0.000000000000000000e+00
3.100000000000000000e+01 -1.076778466830873526e+01 6.100180743938786065e+00 0.000000000000000000e+00
3.200000000000000000e+01 1.200269139505947180e+01 -3.121318859327864459e+00 0.000000000000000000e+00
3.300000000000000000e+01 -1.000823089474368999e+01 -7.462253554599861616e+00 0.000000000000000000e+00
3.400000000000000000e+01 -4.805855569117767345e+00 1.155828559995865845e+01 0.000000000000000000e+00
3.500000000000000000e+01 8.277274264045118457e+00 -9.457400432639438748e+00 0.000000000000000000e+00
3.600000000000000000e+01 -8.688915082342788310e+00 9.285098823779897259e+00 0.000000000000000000e+00
3.700000000000000000e+01 -1.238484887995396377e+01 -3.018885033290402475e+00 0.000000000000000000e+00
3.800000000000000000e+01 1.043333574419143872e+01 7.442636809663902397e+00 0.000000000000000000e+00
3.900000000000000000e+01 -1.265752354166340865e+01 2.242696467685853179e+00 0.000000000000000000e+00
4.000000000000000000e+01 -8.440789068719240618e+00 -9.982609554553871334e+00 0.000000000000000000e+00
4.100000000000000000e+01 1.162584795719681097e+00 -1.336452302965710714e+01 0.000000000000000000e+00
4.200000000000000000e+01 2.278048057339660204e+00 1.341296440390379274e+01 0.000000000000000000e+00
4.300000000000000000e+01 -2.241801146703437553e+00 -1.377295205530049671e+01 0.000000000000000000e+00
4.400000000000000000e+01 -6.941801242555527551e+00 1.240465822576750554e+01 0.000000000000000000e+00
4.500000000000000000e+01 6.070166477124672610e+00 -1.292007360356255319e+01 0.000000000000000000e+00
4.600000000000000000e+01 8.736239135885469409e+00 1.136347911067614547e+01 0.000000000000000000e+00
4.700000000000000000e+01 1.442233983367164285e+01 1.806282419385496496e-01 0.000000000000000000e+00
4.800000000000000000e+01 -1.442483295953471156e+01 -1.141681285630426146e+00 0.000000000000000000e+00
4.900000000000000000e+01 -6.331852030458122726e+00 -1.302173051269087267e+01 0.000000000000000000e+00
5.000000000000000000e+01 1.274311479194118135e+01 7.640826699380617981e+00 0.000000000000000000e+00
5.100000000000000000e+01 -3.048810076600474872e+00 1.479370904997731628e+01 0.000000000000000000e+00
5.200000000000000000e+01 1.228972947606619925e+01 -9.460766478960735526e+00 0.000000000000000000e+00
5.300000000000000000e+01 1.437237550959260091e+01 -6.235417477119202800e+00 0.000000000000000000e+00
5.400000000000000000e+01 -1.442999997615496000e+01 -6.391230316049853144e+00 0.000000000000000000e+00
5.500000000000000000e+01 5.691909412276004332e+00 1.476574310124973266e+01 0.000000000000000000e+00
5.600000000000000000e+01 -1.210595242832711449e+01 -1.056269657796515560e+01 0.000000000000000000e+00
5.700000000000000000e+01 -1.457651072354278199e+01 7.060865548760553168e+00 0.000000000000000000e+00
5.800000000000000000e+01 -5.157228028689061716e+00 1.537258887608609115e+01 0.000000000000000000e+00
5.900000000000000000e+01 -1.226782354173633394e+01 1.084255911600753564e+01 0.000000000000000000e+00
6.000000000000000000e+01 1.024823798873326552e+01 -1.278236383213001659e+01 0.000000000000000000e+00
6.100000000000000000e+01 1.619848069633697207e+01 -3.150716828997666141e+00 0.000000000000000000e+00
6.200000000000000000e+01 1.608108414143849529e+01 3.740507693846382153e+00 0.000000000000000000e+00
6.300000000000000000e+01 4.237668057880199513e+00 -1.597342634741611533e+01 0.000000000000000000e+00
6.400000000000000000e+01 1.219157089887990253e+01 1.126101976880327271e+01 0.000000000000000000e+00
6.500000000000000000e+01 -1.670388458263974485e+01 3.756767178441329236e+00 0.000000000000000000e+00
6.600000000000000000e+01 -1.014581552156886346e+01 -1.393231167232877965e+01 0.000000000000000000e+00
6.700000000000000000e+01 -8.375150892384368717e-01 -1.724994009959164387e+01 0.000000000000000000e+00
6.800000000000000000e+01 -1.667467820233493114e+01 -4.749952312050385927e+00 0.000000000000000000e+00
6.900000000000000000e+01 4.029527140211669689e+00 1.720880049779275112e+01 0.000000000000000000e+00
7.000000000000000000e+01 1.625646935012629513e+01 -6.987346070356490912e+00 0.000000000000000000e+00
7.100000000000000000e+01 1.458898823392321731e+01 -1.001956804118260891e+01 0.000000000000000000e+00
7.200000000000000000e+01 -1.055611732119695034e+01 1.422457444149168992e+01 0.000000000000000000e+00
7.300000000000000000e+01 7.936229759328753630e+00 -1.606338228806527368e+01 0.000000000000000000e+00
7.400000000000000000e+01 -4.594440830255223318e+00 -1.734751644185570285e+01 0.000000000000000000e+00
7.500000000000000000e+01 -6.250646624336155810e-01 1.818044578966183877e+01 0.000000000000000000e+00
7.600000000000000000e+01 1.835385767650960531e+01 5.419608231321788594e-01 0.000000000000000000e+00
7.700000000000000000e+01 -7.993638170766502071e+00 -1.667262929846316410e+01 0.000000000000000000e+00
7.800000000000000000e+01 1.805927426402401181e+01 -4.007508397515209708e+00 0.000000000000000000e+00
7.900000000000000000e+01 -1.849910857726693791e+01 3.439878132524185617e-01 0.000000000000000000e+00
8.000000000000000000e+01 1.086094394032211596e+01 1.516752066067164151e+01 0.000000000000000000e+00
8.100000000000000000e+01 1.282879024626716102e+01 -1.361834591180914700e+01 0.000000000000000000e+00
8.200000000000000000e+01 -1.730141847715988490e+01 7.269953857413682385e+00 0.000000000000000000e+00
8.300000000000000000e+01 -1.510467670613641644e+01 1.115924051379619897e+01 0.000000000000000000e+00
8.400000000000000000e+01 -1.632092397748286317e+01 -9.691861246440566902e+00 0.000000000000000000e+00
8.500000000000000000e+01 1.520314364531434137e+01 1.158308878563426703e+01 0.000000000000000000e+00
8.600000000000000000e+01 -3.160404269140755673e+00 1.893627367624638680e+01 0.000000000000000000e+00
8.700000000000000000e+01 8.171170454336689204e+00 1.773308450789085100e+01 0.000000000000000000e+00
8.800000000000000000e+01 1.832721682428449128e+01 6.784805152075797707e+00 0.000000000000000000e+00
8.900000000000000000e+01 -8.439417260782335006e+00 1.764925618425750287e+01 0.000000000000000000e+00
9.000000000000000000e+01 -1.284557340748132503e+01 1.480881449490738788e+01 0.000000000000000000e+00
9.100000000000000000e+01 1.054241092576306471e+01 -1.679095820578160314e+01 0.000000000000000000e+00
9.200000000000000000e+01 1.854794193483542131e+00 -1.986897777935581644e+01 0.000000000000000000e+00
9.300000000000000000e+01 -1.966417826843823491e+01 3.483660521033385749e+00 0.000000000000000000e+00
9.400000000000000000e+01 -1.396273274809817622e+01 -1.434105524150760758e+01 0.000000000000000000e+00
9.500000000000000000e+01 1.394444979007646168e+01 1.456784598041070211e+01 0.000000000000000000e+00
9.600000000000000000e+01 -1.884081466598422594e+01 -7.787297885033513722e+00 0.000000000000000000e+00
9.700000000000000000e+01 2.041531602356936048e+01 -2.061710321469192309e-01 0.000000000000000000e+00
9.800000000000000000e+01 -1.058114035084737736e+01 1.783233678872217354e+01 0.000000000000000000e+00
9.900000000000000000e+01 5.750042712115103427e+00 -2.002722664727571811e+01 0.000000000000000000e+00
1.000000000000000000e+02 2.049271050156916374e+01 4.012428107581342829e+00 0.000000000000000000e+00
1.010000000000000000e+02 -2.696653745861382845e+00 -2.075029077135938138e+01 0.000000000000000000e+00
1.020000000000000000e+02 -1.169204734834113424e+01 -1.739552888556285737e+01 0.000000000000000000e+00
1.030000000000000000e+02 -2.121924806015120168e+01 -3.725562383583138626e-01 0.000000000000000000e+00
1.040000000000000000e+02 -2.095171680350519239e+01 -3.411122985463101998e+00 0.000000000000000000e+00
1.050000000000000000e+02 1.859162952213826259e+01 -1.053369515052780514e+01 0.000000000000000000e+00
1.060000000000000000e+02 -6.395031840256891087e+00 -2.041442061226416982e+01 0.000000000000000000e+00
1.070000000000000000e+02 6.389384670725803517e+00 2.052929398120061677e+01 0.000000000000000000e+00
1.080000000000000000e+02 1.643548749690752686e+01 -1.414011069302227952e+01 0.000000000000000000e+00
1.090000000000000000e+02 -6.213021590988347498e+00 2.099566769398914090e+01 0.000000000000000000e+00
1.100000000000000000e+02 2.084034439092660307e+01 -7.039992659060949620e+00 0.000000000000000000e+00
1.110000000000000000e+02 -1.009219059455489287e+00 2.200120055850337053e+01 0.000000000000000000e+00
1.120000000000000000e+02 8.162813457018160079e+00 -2.057912396467695970e+01 0.000000000000000000e+00
1.130000000000000000e+02 1.134961656031407529e+00 2.211996971384488120e+01 0.000000000000000000e+00
1.140000000000000000e+02 -1.951191428806019701e+01 1.055207824182461707e+01 0.000000000000000000e+00
1.150000000000000000e+02 -1.748788247023611575e+01 1.376512229578954560e+01 0.000000000000000000e+00
1.160000000000000000e+02 1.434613517535264293e+01 -1.711919067593305854e+01 0.000000000000000000e+00
1.170000000000000000e+02 -2.142187196031987639e+01 7.197667481677775925e+00 0.000000000000000000e+00
1.180000000000000000e+02 -8.520797994134753139e+00 2.097125982994979410e+01 0.000000000000000000e+00
1.190000000000000000e+02 -1.028041271325996320e+01 -2.019298987363099940e+01 0.000000000000000000e+00
1.200000000000000000e+02 2.250793543767385074e+01 3.303854827664309823e+00 0.000000000000000000e+00
1.210000000000000000e+02 -1.869605862752308667e+01 -1.313347255128030255e+01 0.000000000000000000e+00
1.220000000000000000e+02 1.256041780548183340e+01 1.912397868510975485e+01 0.000000000000000000e+00
1.230000000000000000e+02 2.042235762821637479e+01 1.046285980793504677e+01 0.000000000000000000e+00
1.240000000000000000e+02 1.704908903500721351e+01 1.542691635832632358e+01 0.000000000000000000e+00
1.250000000000000000e+02 -6.403576422456183082e-01 -2.327750780277472131e+01 0.000000000000000000e+00
1.260000000000000000e+02 -1.534706946973528829e+01 1.770092363557678539e+01 0.000000000000000000e+00
1.270000000000000000e+02 2.320291362737607699e+01 -3.239314701316892808e+00 0.000000000000000000e+00
1.280000000000000000e+02 1.553845261018871327e+01 1.757433090634342676e+01 0.000000000000000000e+00
1.290000000000000000e+02 -2.332538700146906763e+01 4.049113388489189447e+00 0.000000000000000000e+00
1.300000000000000000e+02 3.972333519572018190e+00 -2.335099654231812849e+01 0.000000000000000000e+00
1.310000000000000000e+02 2.254823228783378397e+01 7.489842860514606571e+00 0.000000000000000000e+00
1.320000000000000000e+02 -2.268397920708245863e+01 -7.109179643640040069e+00 0.000000000000000000e+00
1.330000000000000000e+02 -2.350452050724101127e+01 -3.592595817098676036e+00 0.000000000000000000e+00
1.340000000000000000e+02 1.062542441696301410e+01 2.130793746366739327e+01 0.000000000000000000e+00
1.350000000000000000e+02 -1.625740495530644125e+01 -1.745285497797335239e+01 0.000000000000000000e+00
1.360000000000000000e+02 2.014356838118725079e+01 -1.283757658558457848e+01 0.000000000000000000e+00
1.370000000000000000e+02 -2.129802146899413628e+01 -1.088722333182870727e+01 0.000000000000000000e+00
1.380000000000000000e+02 1.775984931063381111e+01 -1.638784951898518472e+01 0.000000000000000000e+00
1.390000000000000000e+02 -4.326203892157579389e+00 -2.394727514223689013e+01 0.000000000000000000e+00
1.400000000000000000e+02 1.254661486685007787e+01 -2.085360863738679882e+01 0.000000000000000000e+00
1.410000000000000000e+02 2.240112193875670243e+01 -9.528242376193865937e+00 0.000000000000000000e+00
1.420000000000000000e+02 -3.954271396641885872e+00 2.403845716166586044e+01 0.000000000000000000e+00
1.430000000000000000e+02 6.577764980038125486e+00 -2.375005411443609660e+01 0.000000000000000000e+00
1.440000000000000000e+02 2.397013080441054456e+01 -6.476177433159325147e+00 0.000000000000000000e+00
1.450000000000000000e+02 -1.331183656721130149e+01 2.096694542593402844e+01 0.000000000000000000e+00
1.460000000000000000e+02 -6.741908025501970769e+00 2.405911575099427324e+01 0.000000000000000000e+00
1.470000000000000000e+02 -8.708981923068023434e+00 -2.347446907232517077e+01 0.000000000000000000e+00
1.480000000000000000e+02 2.415945569242903446e+01 7.100184222419969160e+00 0.000000000000000000e+00
1.490000000000000000e+02 1.594122277154589540e+01 -1.964352478391160162e+01 0.000000000000000000e+00
1.500000000000000000e+02 8.746174319903332162e+00 2.389909563287758942e+01 0.000000000000000000e+00
1.510000000000000000e+02 -1.397417895792453635e+01 -2.127182737943788737e+01 0.000000000000000000e+00
1.520000000000000000e+02 9.267635923018531230e-01 2.551347021374945712e+01 0.000000000000000000e+00
1.530000000000000000e+02 2.567410190826909400e+01 -2.391542902468373200e-01 0.000000000000000000e+00
1.540000000000000000e+02 -2.575902974600784034e+01 3.993444733425093318e-01 0.000000000000000000e+00
1.550000000000000000e+02 2.733333953774220504e+00 2.567999264639968260e+01 0.000000000000000000e+00
1.560000000000000000e+02 -2.506174580689386744e+01 -7.367994208424043734e+00 0.000000000000000000e+00
1.570000000000000000e+02 1.435849347149907373e+01 2.213117250526697433e+01 0.000000000000000000e+00
1.580000000000000000e+02 1.067435343599005648e+01 -2.418328961980976999e+01 0.000000000000000000e+00
1.590000000000000000e+02 2.268398487697338339e+01 1.366198983471254280e+01 0.000000000000000000e+00
1.600000000000000000e+02 2.634554842950994669e+01 -2.765892787363561922e+00 0.000000000000000000e+00
1.610000000000000000e+02 -2.399840461549543136e+01 1.142668541720831854e+01 0.000000000000000000e+00
1.620000000000000000e+02 -1.242611023248373670e+01 -2.361512959260583955e+01 0.000000000000000000e+00
1.630000000000000000e+02 1.914748104470210421e+01 1.862630135206983084e+01 0.000000000000000000e+00
1.640000000000000000e+02 -2.550387145942548273e+01 7.950262230853375911e+00 0.000000000000000000e+00
1.650000000000000000e+02 -2.247255948148819016e+01 1.446764051122384842e+01 0.000000000000000000e+00
1.660000000000000000e+02 -2.116470996624998691e+01 -1.636439540835367623e+01 0.000000000000000000e+00
1.670000000000000000e+02 -2.465087094532098888e+01 -1.060323859921267342e+01 0.000000000000000000e+00
1.680000000000000000e+02 -2.286243594491739373e+01 -1.431366997453810086e+01 0.000000000000000000e+00
1.690000000000000000e+02 -1.100361772885817402e+01 2.463663613774530603e+01 0.000000000000000000e+00
1.700000000000000000e+02 1.718976889866179647e+01 2.081426096214146781e+01 0.000000000000000000e+00
1.710000000000000000e+02 1.778421910803530182e+00 -2.695539610424041754e+01 0.000000000000000000e+00
1.720000000000000000e+02 -2.666351175929094097e+00 -2.688678398816918502e+01 0.000000000000000000e+00
1.730000000000000000e+02 2.481265766811092988e+01 1.119302481721158671e+01 0.000000000000000000e+00
1.740000000000000000e+02 1.425453647263860546e+01 -2.319376929782514196e+01 0.000000000000000000e+00
1.750000000000000000e+02 -2.092459977851315500e+01 1.771992868364409901e+01 0.000000000000000000e+00
1.760000000000000000e+02 2.731827747431800901e+01 3.310945925288145020e+00 0.000000000000000000e+00
1.770000000000000000e+02 -2.719770183230730254e+01 4.928457054511838464e+00 0.000000000000000000e+00
1.780000000000000000e+02 2.486280855096408970e+01 -1.215405926817765447e+01 0.000000000000000000e+00
1.790000000000000000e+02 1.237426673206913108e+01 2.478373562020529164e+01 0.000000000000000000e+00
1.800000000000000000e+02 2.640745943023200937e+01 -8.505776680904858722e+00 0.000000000000000000e+00
1.810000000000000000e+02 2.327610529851237686e+01 -1.520396529590399837e+01 0.000000000000000000e+00
1.820000000000000000e+02 5.032019923527911942e+00 -2.736110269608602863e+01 0.000000000000000000e+00
1.830000000000000000e+02 -5.105293337202041926e+00 2.739573634530147928e+01 0.000000000000000000e+00
1.840000000000000000e+02 -2.768323397945357556e+01 -3.201776793474415683e+00 0.000000000000000000e+00
1.850000000000000000e+02 -2.319789742850176140e+00 2.779148293078990406e+01 0.000000000000000000e+00
1.860000000000000000e+02 -6.652429170814997406e+00 -2.733004182638898527e+01 0.000000000000000000e+00
1.870000000000000000e+02 -1.835791668162174517e+01 -2.140579384408543362e+01 0.000000000000000000e+00
1.880000000000000000e+02 2.625500092774517213e+01 1.052513356447375514e+01 0.000000000000000000e+00
1.890000000000000000e+02 2.102151843848379542e+01 -1.906154098137449182e+01 0.000000000000000000e+00
1.900000000000000000e+02 2.842135642531958695e+01 5.330972297303162577e-01 0.000000000000000000e+00
1.910000000000000000e+02 -1.877301294291338252e+01 2.136871359350156752e+01 0.000000000000000000e+00
1.920000000000000000e+02 8.552298839624469906e+00 -2.722729683573331982e+01 0.000000000000000000e+00
1.930000000000000000e+02 -1.097129506240116825e+01 -2.677765553047992597e+01 0.000000000000000000e+00
1.940000000000000000e+02 -8.618453245256233686e+00 2.763022099161710798e+01 0.000000000000000000e+00
1.950000000000000000e+02 -2.655423312658754753e+01 1.201906271759033018e+01 0.000000000000000000e+00
1.960000000000000000e+02 2.881796315682815646e+01 -4.542361323823460140e+00 0.000000000000000000e+00
1.970000000000000000e+02 1.918091601797415535e+01 -2.215480380143109329e+01 0.000000000000000000e+00
1.980000000000000000e+02 -2.739642549184405595e+01 -1.040665958710666672e+01 0.000000000000000000e+00
1.990000000000000000e+02 2.964420752885317256e+00 2.927101001325707585e+01 0.000000000000000000e+00
2.000000000000000000e+02 -2.939469816154507953e+01 1.453708924914216993e+00 0.000000000000000000e+00
2.010000000000000000e+02 1.263124336861376662e+01 -2.659198380289617702e+01 0.000000000000000000e+00
2.020000000000000000e+02 -2.484502074076465306e+01 1.590189087730138340e+01 0.000000000000000000e+00
2.030000000000000000e+02 -2.615235580349339273e+01 -1.386829269263107278e+01 0.000000000000000000e+00
2.040000000000000000e+02 -1.646042856864440296e+01 -2.465568272023716645e+01 0.000000000000000000e+00
2.050000000000000000e+02 1.122153359649463766e+01 2.768832126872366928e+01 0.000000000000000000e+00
2.060000000000000000e+02 2.922096207823078373e+01 6.356886708357144755e+00 0.000000000000000000e+00
2.070000000000000000e+02 -2.880111245312546941e+01 8.264446284256599995e+00 0.000000000000000000e+00
2.080000000000000000e+02 -1.627355520036734049e+01 2.519959547851239279e+01 0.000000000000000000e+00
2.090000000000000000e+02 5.184866923543566486e+00 2.964047720561602972e+01 0.000000000000000000e+00
2.100000000000000000e+02 2.449413444796358874e+01 1.751775281035124010e+01 0.000000000000000000e+00
2.110000000000000000e+02 1.680453065229015408e+01 2.514178082268347936e+01 0.000000000000000000e+00
2.120000000000000000e+02 -5.521189397159105283e-01 -3.038224678590815842e+01 0.000000000000000000e+00
2.130000000000000000e+02 2.644988682278334124e+01 1.498752728403825074e+01 0.000000000000000000e+00
2.140000000000000000e+02 -2.317696667548851508e+01 1.978223947742266375e+01 0.000000000000000000e+00
2.150000000000000000e+02 -2.290471126907763733e+01 -2.019287489141909120e+01 0.000000000000000000e+00
2.160000000000000000e+02 -2.984520231997970541e+01 -6.467440827454602470e+00 0.000000000000000000e+00
2.170000000000000000e+02 3.484168131362025633e+00 -3.033988326004206115e+01 0.000000000000000000e+00
2.180000000000000000e+02 3.038260837706995687e+01 3.921037667056673115e+00 0.000000000000000000e+00
2.190000000000000000e+02 1.915681880449652397e+01 2.396858087890140609e+01 0.000000000000000000e+00
2.200000000000000000e+02 2.116701905337363598e+01 2.222648356534806169e+01 0.000000000000000000e+00
2.210000000000000000e+02 3.077621191308419668e+01 -1.487278045271160920e+00 0.000000000000000000e+00
2.220000000000000000e+02 -2.751812149665653351e-01 3.082088650107754546e+01 0.000000000000000000e+00
2.230000000000000000e+02 -2.503331640571246908e+01 -1.825324701862755461e+01 0.000000000000000000e+00
2.240000000000000000e+02 -4.325546846544625623e+00 -3.079106119812859887e+01 0.000000000000000000e+00
2.250000000000000000e+02 -1.480432848967809889e+01 -2.739048912927564672e+01 0.000000000000000000e+00
2.260000000000000000e+02 -3.080099780404056276e+01 4.594882875491812513e+00 0.000000000000000000e+00
2.270000000000000000e+02 1.711832831442266922e+01 -2.602073785898669200e+01 0.000000000000000000e+00
2.280000000000000000e+02 6.997828794816342679e+00 -3.045503948880799427e+01 0.000000000000000000e+00
2.290000000000000000e+02 2.733216560176769860e+01 -1.522666254510410511e+01 0.000000000000000000e+00
2.300000000000000000e+02 -3.315122050624538019e+00 3.118714783903890719e+01 0.000000000000000000e+00
2.310000000000000000e+02 -1.989298421868805633e+01 -2.444180001294501636e+01 0.000000000000000000e+00
2.320000000000000000e+02 2.543546507285761038e+01 -1.873180799094838989e+01 0.000000000000000000e+00
2.330000000000000000e+02 -1.380467708001161498e+01 2.841985327467569533e+01 0.000000000000000000e+00
2.340000000000000000e+02 -6.817238621192515780e+00 3.088274157857195945e+01 0.000000000000000000e+00
2.350000000000000000e+02 -3.161831514403415611e+01 -1.829979850337878133e+00 0.000000000000000000e+00
2.360000000000000000e+02 2.838515797957872167e+01 1.431535238430432599e+01 0.000000000000000000e+00
2.370000000000000000e+02 -2.151502531239923144e+01 2.348738960620878657e+01 0.000000000000000000e+00
2.380000000000000000e+02 1.390314333032596039e+01 2.868189455865510951e+01 0.000000000000000000e+00
2.390000000000000000e+02 2.970136649571072951e+01 -1.196384902815752937e+01 0.000000000000000000e+00
2.400000000000000000e+02 -8.958013852718408998e+00 -3.081025935003727056e+01 0.000000000000000000e+00
2.410000000000000000e+02 1.097369869787961250e+01 -3.023649385887188146e+01 0.000000000000000000e+00
2.420000000000000000e+02 -2.928605011036238182e+01 -1.360998187904814216e+01 0.000000000000000000e+00
2.430000000000000000e+02 3.243703214393123346e+01 1.771734725033141444e+00 0.000000000000000000e+00
2.440000000000000000e+02 3.147927633019160965e+01 -8.105566012158025302e+00 0.000000000000000000e+00
2.450000000000000000e+02 2.359154116618167052e+01 -2.252059301223250998e+01 0.000000000000000000e+00
2.460000000000000000e+02 -2.907306563261461463e+01 1.527103666319860054e+01 0.000000000000000000e+00
2.470000000000000000e+02 -1.938237526654353360e+01 2.654469050782321915e+01 0.000000000000000000e+00
2.480000000000000000e+02 3.157082185774156358e+01 9.442770136311636975e+00 0.000000000000000000e+00
2.490000000000000000e+02 -2.709000291075730615e+01 1.879037023293283681e+01 0.000000000000000000e+00
2.500000000000000000e+02 -3.156675195962371561e+01 -9.908858280948294350e+00 0.000000000000000000e+00
2.510000000000000000e+02 -2.792155257109541822e+01 -1.776157242861583541e+01 0.000000000000000000e+00
2.520000000000000000e+02 -3.307759084880574108e+01 1.020334362496079450e+00 0.000000000000000000e+00
2.530000000000000000e+02 -1.336651743710847029e+01 -3.030612944576729006e+01 0.000000000000000000e+00
2.540000000000000000e+02 4.753026481622470101e+00 3.290116455008693919e+01 0.000000000000000000e+00
2.550000000000000000e+02 1.536539502147020642e+01 -2.966695882939642104e+01 0.000000000000000000e+00
2.560000000000000000e+02 -3.117442161512464338e+01 1.212224193226782631e+01 0.000000000000000000e+00
2.570000000000000000e+02 2.113483749414676538e+01 -2.597387221595140261e+01 0.000000000000000000e+00
2.580000000000000000e+02 3.258240098210798408e+01 7.792253911243207654e+00 0.000000000000000000e+00
2.590000000000000000e+02 -1.856513067987249599e+01 -2.800898507247309510e+01 0.000000000000000000e+00
2.600000000000000000e+02 3.332520661902846371e+01 -4.984602385086056131e+00 0.000000000000000000e+00
2.610000000000000000e+02 2.811714592223994202e+01 1.871429909223517996e+01 0.000000000000000000e+00
2.620000000000000000e+02 -2.505241541621325041e+01 2.267018376103992949e+01 0.000000000000000000e+00
2.630000000000000000e+02 -2.659366709421959740e+00 -3.377107631209909044e+01 0.000000000000000000e+00
2.640000000000000000e+02 6.748188418381758424e+00 3.323737749683287035e+01 0.000000000000000000e+00
2.650000000000000000e+02 1.913278320561730084e+00 3.388671821566762077e+01 0.000000000000000000e+00
2.660000000000000000e+02 -1.158877410697846244e+01 3.200032718107083696e+01 0.000000000000000000e+00
2.670000000000000000e+02 2.067987119416387998e+01 2.703488743458910903e+01 0.000000000000000000e+00
2.680000000000000000e+02 5.063453626878114733e+00 -3.370608731833311111e+01 0.000000000000000000e+00
2.690000000000000000e+02 1.417381872640987694e+00 -3.412894068121260460e+01 0.000000000000000000e+00
2.700000000000000000e+02 3.056477674233626374e+01 -1.540142796770958711e+01 0.000000000000000000e+00
2.710000000000000000e+02 2.690762397336722245e+01 2.117278435882539611e+01 0.000000000000000000e+00
2.720000000000000000e+02 3.219446941432197207e+01 -1.190319782243600599e+01 0.000000000000000000e+00
2.730000000000000000e+02 1.907605384293638906e+01 2.856736046025341125e+01 0.000000000000000000e+00
2.740000000000000000e+02 1.362818428399027937e+01 3.154231534660882375e+01 0.000000000000000000e+00
2.750000000000000000e+02 -3.320075303289885937e+01 8.971650716895659627e+00 0.000000000000000000e+00
2.760000000000000000e+02 -1.706116005637811384e+01 2.993518239647809054e+01 0.000000000000000000e+00
2.770000000000000000e+02 -2.490354787126503311e+01 -2.385288169100316935e+01 0.000000000000000000e+00
2.780000000000000000e+02 9.161032679659058431e+00 -3.332231804390609398e+01 0.000000000000000000e+00
2.790000000000000000e+02 -3.411101675531652688e+01 -5.590957128261852205e+00 0.000000000000000000e+00
2.800000000000000000e+02 -6.770456040936068121e+00 -3.391304422508800087e+01 0.000000000000000000e+00
2.810000000000000000e+02 2.903291079214501735e+01 -1.880232968929495030e+01 0.000000000000000000e+00
2.820000000000000000e+02 -2.668765378579522007e+01 -2.204134812349330730e+01 0.000000000000000000e+00
2.830000000000000000e+02 -5.127384194895171277e+00 3.434827585385898630e+01 0.000000000000000000e+00
2.840000000000000000e+02 -1.658532461857049611e+00 3.482271914526119616e+01 0.000000000000000000e+00
2.850000000000000000e+02 -2.338763038832188101e+01 2.589656679798217453e+01 0.000000000000000000e+00
2.860000000000000000e+02 2.363546201432079386e+01 2.569362014620175927e+01 0.000000000000000000e+00
2.870000000000000000e+02 -3.482016916669070383e+01 -2.752571650323652364e+00 0.000000000000000000e+00
2.880000000000000000e+02 1.912582773121140178e+01 -2.938568206621505752e+01 0.000000000000000000e+00
2.890000000000000000e+02 3.489963469051581058e+01 4.761447460918283525e+00 0.000000000000000000e+00
2.900000000000000000e+02 2.710368346507620174e+01 -2.255218611737642220e+01 0.000000000000000000e+00
2.910000000000000000e+02 3.523698814917760558e+01 -1.839692354802174634e+00 0.000000000000000000e+00
2.920000000000000000e+02 3.074642826560186393e+01 1.754225079190959491e+01 0.000000000000000000e+00
2.930000000000000000e+02 3.447619281503280320e+01 -8.518833044269939592e+00 0.000000000000000000e+00
2.940000000000000000e+02 -1.730270381446331385e+01 -3.109225015501412415e+01 0.000000000000000000e+00
2.950000000000000000e+02 -3.137162911510652918e+01 -1.699002612569317705e+01 0.000000000000000000e+00
2.960000000000000000e+02 1.358350123030011503e+01 -3.302680735309516535e+01 0.000000000000000000e+00
2.970000000000000000e+02 -2.216643798330481729e+01 -2.805982192296897892e+01 0.000000000000000000e+00
2.980000000000000000e+02 -3.318525364003365041e+01 -1.357906941819815927e+01 0.000000000000000000e+00
2.990000000000000000e+02 3.364649359228575065e+01 1.258401434293224241e+01 0.000000000000000000e+00
