0	0	0	17.8454	3	0	
1	0.0363035	1.7	17.6156	3	19.73	
2	0.0339436	1.66	17.4234	3	19.73	
3	0.0412401	1.89333	17.2247	3	19.73	
4	0.0398382	1.93333	17.0315	3	19.73	
5	0.00518554	2.16	16.8706	3	19.73	
6	0.0166882	2.09333	16.7077	3	19.73	
7	0.0551197	2.26667	16.5342	3	19.73	
8	0.0576718	2.35333	16.3678	3	19.73	
9	0.0388287	2.38	16.1819	3	19.73	
10	0.0544193	2.44667	16.0179	3	19.73	
11	0.0532372	2.59333	15.8539	3	19.73	
12	0.0301601	2.77333	15.6767	3	19.73	
13	0.0612596	2.92	15.5273	3	19.73	
14	0.057068	2.86667	15.3667	3	19.73	
15	0.0955346	3.04667	15.1994	3	19.73	
16	0.125755	3.06	15.0521	3	19.73	
17	0.0981363	3.18	14.8945	3	19.73	
18	0.13135	3.19333	14.7599	3	19.73	
19	0.160071	3.38667	14.6525	3	19.73	
20	0.158273	3.55333	14.5369	3	19.73	
21	0.165544	3.78	14.4456	3	19.73	
22	0.191852	3.86	14.3576	3	19.73	
23	0.205089	4.24	14.2873	3	19.73	
24	0.224093	4.3	14.2137	3	19.73	
25	0.221744	4.34	14.1503	3	19.73	
26	0.26935	4.49333	14.1058	3	19.73	
27	0.296911	4.6	14.0771	3	19.73	
28	0.296791	4.64667	14.0555	3	19.73	
29	0.289526	4.74667	14.0255	3	19.73	
30	0.303956	4.68667	14.0028	3	19.73	
31	0.308061	4.76667	13.9786	3	19.73	
32	0.32284	4.76	13.9686	3	19.73	
33	0.32074	4.71333	13.9478	3	19.73	
34	0.324869	4.77333	13.9217	3	19.73	
35	0.299395	4.76667	13.9094	3	19.73	
36	0.298791	4.74667	13.8915	3	19.73	
37	0.304738	4.78	13.8919	3	19.73	
38	0.328027	4.77333	13.8807	3	19.73	
39	0.331366	4.75333	13.8843	3	19.73	
40	0.348977	4.79333	13.8955	3	19.73	
41	0.300212	4.7	13.8888	3	19.73	
42	0.303715	4.70667	13.9008	3	19.73	
43	0.264797	4.66	13.8911	3	19.73	
44	0.280033	4.7	13.8858	3	19.73	
45	0.286939	4.72667	13.8678	3	19.73	
46	0.282889	4.73333	13.8642	3	19.73	
47	0.277827	4.74	13.8569	3	19.73	
48	0.298926	4.82667	13.8532	3	19.73	
49	0.296532	4.88	13.8378	3	19.73	
50	0.319769	4.86	13.8279	3	19.73	
51	0.329606	4.82667	13.832	3	19.73	
52	0.334103	4.86	13.8201	3	19.73	
53	0.346227	4.83333	13.831	3	19.73	
54	0.333087	4.86	13.8103	3	19.73	
55	0.328975	4.86667	13.8059	3	19.73	
56	0.339765	4.9	13.8208	3	19.73	
57	0.315445	4.95333	13.8126	3	19.73	
58	0.341035	4.92667	13.7984	3	19.73	
59	0.33868	4.95333	13.8006	3	19.73	
60	0.360029	4.88	13.7975	3	19.73	
61	0.34357	4.92	13.793	3	19.73	
62	0.347266	4.85333	13.7902	3	19.73	
63	0.341385	4.88	13.7963	3	19.73	
64	0.344224	4.91333	13.7867	3	19.73	
65	0.30794	4.89333	13.7803	3	19.73	
66	0.300766	4.93333	13.7867	3	19.73	
67	0.31358	4.87333	13.787	3	19.73	
68	0.316047	4.90667	13.7874	3	19.73	
69	0.295208	4.96667	13.7634	3	19.73	
70	0.284368	5	13.7586	3	19.73	
71	0.29082	4.97333	13.7641	3	19.73	
72	0.274219	4.94	13.7535	3	19.73	
73	0.286951	4.98667	13.7496	3	19.73	
74	0.290195	4.95333	13.7547	3	19.73	
75	0.295477	4.95333	13.7566	3	19.73	
76	0.288496	4.93333	13.7412	3	19.73	
77	0.286327	4.96667	13.7475	3	19.73	
78	0.295546	4.98667	13.7413	3	19.73	
79	0.307382	4.96	13.7313	3	19.73	
80	0.302489	4.96667	13.741	3	19.73	
81	0.293602	4.98667	13.7405	3	19.73	
82	0.292468	4.98	13.7436	3	19.73	
83	0.285119	5.01333	13.7446	3	19.73	
84	0.288018	5.04	13.7413	3	19.73	
85	0.288317	5.00667	13.7397	3	19.73	
86	0.309339	4.96667	13.7359	3	19.73	
87	0.298966	5	13.7475	3	19.73	
88	0.287105	4.99333	13.7297	3	19.73	
89	0.296556	5.01333	13.7411	3	19.73	
90	0.309932	5.01333	13.7482	3	19.73	
91	0.315954	5.02	13.7444	3	19.73	
92	0.305535	5.00667	13.7364	3	19.73	
93	0.310025	5	13.7417	3	19.73	
94	0.302269	5	13.7285	3	19.73	
95	0.308736	5.04667	13.7302	3	19.73	
96	0.318584	5	13.7376	3	19.73	
97	0.317792	4.98667	13.7412	3	19.73	
98	0.300641	5	13.7446	3	19.73	
99	0.315503	5.02	13.73	3	19.73	
100	0.324599	4.99333	13.7315	3	19.73	
101	0.309748	5	13.7356	3	19.73	
102	0.319869	5.04	13.7351	3	19.73	
103	0.311444	5.04	13.735	3	19.73	
104	0.305413	5.02667	13.7401	3	19.73	
105	0.322975	5.06667	13.7479	3	19.73	
106	0.329024	5.01333	13.7384	3	19.73	
107	0.322813	5.02	13.7238	3	19.73	
108	0.324048	5.07333	13.7264	3	19.73	
109	0.334222	5.01333	13.7321	3	19.73	
110	0.321028	5.07333	13.7475	3	19.73	
111	0.324817	5.08667	13.7356	3	19.73	
112	0.322271	5.1	13.731	3	19.73	
113	0.314971	5.10667	13.7331	3	19.73	
114	0.304323	5.09333	13.7312	3	19.73	
115	0.311361	5.10667	13.7295	3	19.73	
116	0.310257	5.1	13.7273	3	19.73	
117	0.309746	5.1	13.7243	3	19.73	
118	0.307187	5.10667	13.7265	3	19.73	
119	0.310192	5.06667	13.7182	3	19.73	
120	0.301671	5.08	13.7161	3	19.73	
121	0.286002	5.08667	13.7123	3	19.73	
122	0.270241	5.06	13.7205	3	19.73	
123	0.291964	5.06	13.7317	3	19.73	
124	0.304248	5.06667	13.7183	3	19.73	
125	0.285182	5.04667	13.7213	3	19.73	
126	0.289494	5.02667	13.7148	3	19.73	
127	0.282758	5.08667	13.7176	3	19.73	
128	0.268861	5.04	13.7109	3	19.73	
129	0.274613	5.04667	13.7165	3	19.73	
130	0.264581	5.06667	13.7242	3	19.73	
131	0.262396	5.03333	13.7279	3	19.73	
132	0.273688	5.03333	13.7241	3	19.73	
133	0.283064	5.04	13.7187	3	19.73	
134	0.287704	5.06	13.716	3	19.73	
135	0.281283	5.06	13.7236	3	19.73	
136	0.290258	5.06	13.7116	3	19.73	
137	0.291478	5.09333	13.7084	3	19.73	
138	0.296491	5.04667	13.718	3	19.73	
139	0.290748	5.07333	13.7208	3	19.73	
140	0.289457	5.05333	13.7155	3	19.73	
141	0.286587	5.05333	13.7136	3	19.73	
142	0.286499	5.1	13.7092	3	19.73	
143	0.281553	5.08	13.7105	3	19.73	
144	0.273249	5.06667	13.7091	3	19.73	
145	0.256622	5.06	13.7116	3	19.73	
146	0.247452	5.07333	13.7167	3	19.73	
147	0.263553	5.11333	13.7118	3	19.73	
148	0.251459	5.05333	13.7107	3	19.73	
149	0.255363	5.09333	13.7081	3	19.73	
150	0.250871	5.06667	13.7171	3	19.73	
151	0.243199	5.06	13.725	3	19.73	
152	0.250281	5.05333	13.7078	3	19.73	
153	0.24529	5.04667	13.7087	3	19.73	
154	0.255866	5.08667	13.7188	3	19.73	
155	0.251381	5.07333	13.7097	3	19.73	
156	0.253354	5.08667	13.7097	3	19.73	
157	0.262244	5.01333	13.71	3	19.73	
158	0.254516	5.1	13.7015	3	19.73	
159	0.259592	5.07333	13.7058	3	19.73	
160	0.269133	5.03333	13.709	3	19.73	
161	0.275668	5.06	13.7129	3	19.73	
162	0.276246	4.99333	13.7156	3	19.73	
163	0.289028	5.00667	13.7271	3	19.73	
164	0.279345	5.01333	13.7088	3	19.73	
165	0.280873	5.01333	13.7071	3	19.73	
166	0.278437	5.00667	13.7086	3	19.73	
167	0.285882	4.98	13.7102	3	19.73	
168	0.292522	4.98	13.7193	3	19.73	
169	0.299063	5	13.714	3	19.73	
170	0.297413	4.98	13.7178	3	19.73	
171	0.293678	5	13.7173	3	19.73	
172	0.308717	5.01333	13.7093	3	19.73	
173	0.318468	5.04667	13.7074	3	19.73	
174	0.32315	5.04667	13.7079	3	19.73	
175	0.328355	5.04667	13.6992	3	19.73	
176	0.320821	5.04	13.6929	3	19.73	
177	0.321941	5.08667	13.6999	3	19.73	
178	0.322353	5.03333	13.6954	3	19.73	
179	0.323735	5.02	13.69	3	19.73	
180	0.332776	5.04	13.7096	3	19.73	
181	0.319121	5.05333	13.7077	3	19.73	
182	0.327469	5.03333	13.6933	3	19.73	
183	0.326191	5.03333	13.7001	3	19.73	
184	0.324471	5.02667	13.7018	3	19.73	
185	0.317465	5.04	13.6918	3	19.73	
186	0.308806	5.02	13.6997	3	19.73	
187	0.309926	5.04667	13.7038	3	19.73	
188	0.313194	5.02	13.7062	3	19.73	
189	0.313118	5.06667	13.697	3	19.73	
190	0.327912	5.07333	13.6973	3	19.73	
191	0.33585	5.08	13.7009	3	19.73	
192	0.325205	5.02667	13.6941	3	19.73	
193	0.328605	5.1	13.6968	3	19.73	
194	0.326262	5.08667	13.689	3	19.73	
195	0.33979	5.10667	13.6891	3	19.73	
196	0.347583	5.07333	13.6954	3	19.73	
197	0.359183	5.10667	13.6921	3	19.73	
198	0.376596	5.04	13.697	3	19.73	
199	0.369261	5.10667	13.684	3	19.73	
200	0.377657	5.09333	13.6762	3	19.73	
201	0.360057	5.09333	13.6761	3	19.73	
202	0.378088	5.08	13.6828	3	19.73	
203	0.364885	5.11333	13.671	3	19.73	
204	0.357332	5.08667	13.6815	3	19.73	
205	0.349172	5.08667	13.6865	3	19.73	
206	0.349973	5.10667	13.6755	3	19.73	
207	0.342485	5.1	13.6875	3	19.73	
208	0.344364	5.11333	13.6723	3	19.73	
209	0.349423	5.08667	13.6672	3	19.73	
210	0.365289	5.12667	13.6827	3	19.73	
211	0.370729	5.11333	13.6814	3	19.73	
212	0.361461	5.08667	13.6758	3	19.73	
213	0.369009	5.08667	13.6759	3	19.73	
214	0.367226	5.11333	13.6757	3	19.73	
215	0.354551	5.12667	13.6809	3	19.73	
216	0.370641	5.1	13.6698	3	19.73	
217	0.367647	5.08667	13.6768	3	19.73	
218	0.372327	5.11333	13.6648	3	19.73	
219	0.367645	5.10667	13.6697	3	19.73	
220	0.35377	5.11333	13.6758	3	19.73	
221	0.367577	5.10667	13.6651	3	19.73	
222	0.365655	5.12	13.6709	3	19.73	
223	0.353084	5.08667	13.6892	3	19.73	
224	0.350213	5.10667	13.6836	3	19.73	
225	0.35572	5.10667	13.6794	3	19.73	
226	0.367762	5.11333	13.684	3	19.73	
227	0.356844	5.06	13.6869	3	19.73	
228	0.360959	5.09333	13.6797	3	19.73	
229	0.359688	5.06667	13.6812	3	19.73	
230	0.370977	5.05333	13.6756	3	19.73	
231	0.378677	5.08	13.6742	3	19.73	
232	0.37659	5.08	13.691	3	19.73	
233	0.3665	5.09333	13.678	3	19.73	
234	0.366296	5.05333	13.671	3	19.73	
235	0.362764	5.09333	13.671	3	19.73	
236	0.37544	5.10667	13.6736	3	19.73	
237	0.368327	5.1	13.6741	3	19.73	
238	0.356878	5.10667	13.6755	3	19.73	
239	0.364533	5.1	13.6776	3	19.73	
240	0.37284	5.09333	13.6703	3	19.73	
241	0.357061	5.1	13.6711	3	19.73	
242	0.364185	5.11333	13.6763	3	19.73	
243	0.357002	5.09333	13.6782	3	19.73	
244	0.367339	5.1	13.6695	3	19.73	
245	0.370797	5.08667	13.6767	3	19.73	
246	0.380371	5.11333	13.6814	3	19.73	
247	0.368405	5.04667	13.6803	3	19.73	
248	0.358469	5.08	13.6709	3	19.73	
249	0.366677	5.07333	13.6645	3	19.73	
250	0.37217	5.1	13.6801	3	19.73	
251	0.344467	5.06667	13.6702	3	19.73	
252	0.356325	5.1	13.6735	3	19.73	
253	0.355385	5.02667	13.6706	3	19.73	
254	0.353686	5.05333	13.6743	3	19.73	
255	0.362101	5.06	13.672	3	19.73	
256	0.36866	5.06	13.6869	3	19.73	
257	0.372828	5.05333	13.6635	3	19.73	
258	0.371147	5.08	13.6843	3	19.73	
259	0.361412	5.08667	13.6819	3	19.73	
260	0.368244	5.04667	13.6668	3	19.73	
261	0.351834	5.05333	13.6799	3	19.73	
262	0.353808	5.07333	13.6672	3	19.73	
263	0.34752	5.10667	13.6627	3	19.73	
264	0.347036	5.04	13.6574	3	19.73	
265	0.355774	5.05333	13.68	3	19.73	
266	0.34873	5.09333	13.6702	3	19.73	
267	0.355494	5.10667	13.6755	3	19.73	
268	0.34735	5.09333	13.6718	3	19.73	
269	0.360226	5.10667	13.6832	3	19.73	
270	0.346927	5.09333	13.6677	3	19.73	
271	0.347585	5.12	13.6746	3	19.73	
272	0.363259	5.11333	13.6773	3	19.73	
273	0.367727	5.11333	13.6792	3	19.73	
274	0.353495	5.1	13.6828	3	19.73	
275	0.350041	5.08667	13.6719	3	19.73	
276	0.346602	5.09333	13.6717	3	19.73	
277	0.356879	5.10667	13.6671	3	19.73	
278	0.357785	5.10667	13.6654	3	19.73	
279	0.351214	5.09333	13.6703	3	19.73	
280	0.348633	5.1	13.6771	3	19.73	
281	0.360736	5.11333	13.6773	3	19.73	
282	0.372662	5.07333	13.6642	3	19.73	
283	0.366059	5.08667	13.6758	3	19.73	
284	0.361084	5.08667	13.6667	3	19.73	
285	0.368539	5.11333	13.6672	3	19.73	
286	0.365224	5.08667	13.6738	3	19.73	
287	0.371084	5.08	13.6665	3	19.73	
288	0.37202	5.10667	13.684	3	19.73	
289	0.358567	5.10667	13.67	3	19.73	
290	0.351471	5.13333	13.6632	3	19.73	
291	0.360912	5.11333	13.6679	3	19.73	
292	0.356489	5.1	13.6785	3	19.73	
293	0.35878	5.06667	13.6691	3	19.73	
294	0.361996	5.12	13.6691	3	19.73	
295	0.361991	5.09333	13.667	3	19.73	
296	0.370554	5.08667	13.6732	3	19.73	
297	0.363421	5.04667	13.6712	3	19.73	
298	0.363365	5.12	13.67	3	19.73	
299	0.367628	5.04	13.6687	3	19.73	
300	0.380785	5.05333	13.681	3	19.73	
301	0.376916	5.04	13.6799	3	19.73	
302	0.367539	5.07333	13.6803	3	19.73	
303	0.371829	5.04	13.6679	3	19.73	
304	0.365829	5.09333	13.6652	3	19.73	
305	0.371576	5.07333	13.6672	3	19.73	
306	0.348164	5.09333	13.6622	3	19.73	
307	0.353345	5.10667	13.6771	3	19.73	
308	0.350609	5.07333	13.6816	3	19.73	
309	0.352219	5.06667	13.6708	3	19.73	
310	0.36225	5.06667	13.6779	3	19.73	
311	0.375866	5.07333	13.6701	3	19.73	
312	0.359685	5.09333	13.6785	3	19.73	
313	0.372046	5.12667	13.6742	3	19.73	
314	0.366845	5.12	13.6619	3	19.73	
315	0.367055	5.09333	13.6746	3	19.73	
316	0.364851	5.12	13.6601	3	19.73	
317	0.372366	5.08667	13.6692	3	19.73	
318	0.369873	5.08	13.6732	3	19.73	
319	0.366741	5.08	13.6614	3	19.73	
320	0.372782	5.09333	13.662	3	19.73	
321	0.380208	5.07333	13.6581	3	19.73	
322	0.371571	5.10667	13.6696	3	19.73	
323	0.373464	5.11333	13.6737	3	19.73	
324	0.367133	5.12667	13.6746	3	19.73	
325	0.38448	5.13333	13.6584	3	19.73	
326	0.374644	5.08667	13.6563	3	19.73	
327	0.38494	5.09333	13.6663	3	19.73	
328	0.379199	5.12	13.6614	3	19.73	
329	0.379702	5.09333	13.6631	3	19.73	
330	0.389788	5.06	13.6627	3	19.73	
331	0.401903	5.09333	13.6666	3	19.73	
332	0.39793	5.10667	13.6547	3	19.73	
333	0.416179	5.1	13.6563	3	19.73	
334	0.408612	5.15333	13.6756	3	19.73	
335	0.407469	5.12667	13.6593	3	19.73	
336	0.417935	5.1	13.6552	3	19.73	
337	0.413523	5.12	13.6608	3	19.73	
338	0.392263	5.12667	13.6583	3	19.73	
339	0.385286	5.08667	13.6656	3	19.73	
340	0.400602	5.12667	13.6561	3	19.73	
341	0.402701	5.12	13.6659	3	19.73	
342	0.392699	5.12	13.6589	3	19.73	
343	0.392498	5.11333	13.6557	3	19.73	
344	0.399578	5.08667	13.6688	3	19.73	
345	0.385104	5.10667	13.6662	3	19.73	
346	0.389127	5.1	13.6512	3	19.73	
347	0.391135	5.13333	13.6515	3	19.73	
348	0.3891	5.1	13.6498	3	19.73	
349	0.39607	5.1	13.6551	3	19.73	
350	0.407686	5.1	13.6484	3	19.73	
351	0.406463	5.1	13.6495	3	19.73	
352	0.404671	5.10667	13.6648	3	19.73	
353	0.395118	5.12	13.6628	3	19.73	
354	0.396212	5.08	13.6592	3	19.73	
355	0.422688	5.08	13.6606	3	19.73	
356	0.416948	5.08667	13.6609	3	19.73	
357	0.427167	5.08667	13.6577	3	19.73	
358	0.42442	5.04	13.6586	3	19.73	
359	0.42225	5.12667	13.6691	3	19.73	
360	0.411618	5.06667	13.6628	3	19.73	
361	0.412281	5.05333	13.6614	3	19.73	
362	0.405443	5.06	13.6665	3	19.73	
363	0.408189	5.08667	13.6601	3	19.73	
364	0.40447	5.07333	13.6624	3	19.73	
365	0.398199	5.09333	13.6609	3	19.73	
366	0.387492	5.11333	13.6587	3	19.73	
367	0.389151	5.09333	13.6525	3	19.73	
368	0.372636	5.11333	13.6624	3	19.73	
369	0.374466	5.10667	13.659	3	19.73	
370	0.383335	5.1	13.6623	3	19.73	
371	0.391606	5.06	13.6687	3	19.73	
372	0.396441	5.05333	13.6609	3	19.73	
373	0.403963	5.08	13.6553	3	19.73	
374	0.40426	5.10667	13.6556	3	19.73	
375	0.402831	5.06667	13.6428	3	19.73	
376	0.397803	5.08	13.6456	3	19.73	
377	0.395139	5.03333	13.6398	3	19.73	
378	0.399536	5.06667	13.6496	3	19.73	
379	0.406898	5.08	13.6537	3	19.73	
380	0.402811	5.08	13.6446	3	19.73	
381	0.408235	5.11333	13.6569	3	19.73	
382	0.397885	5.08667	13.6543	3	19.73	
383	0.403772	5.04667	13.6626	3	19.73	
384	0.404575	5.08667	13.6537	3	19.73	
385	0.41478	5.12	13.6623	3	19.73	
386	0.415414	5.06667	13.6583	3	19.73	
387	0.410881	5.12667	13.6529	3	19.73	
388	0.416144	5.06	13.6541	3	19.73	
389	0.40364	5.08667	13.6667	3	19.73	
390	0.412311	5.06667	13.6584	3	19.73	
391	0.398634	5.1	13.6575	3	19.73	
392	0.416904	5.06	13.6497	3	19.73	
393	0.406635	5.00667	13.6579	3	19.73	
394	0.406101	5.02667	13.6552	3	19.73	
395	0.403682	5.1	13.6472	3	19.73	
396	0.403609	5.08667	13.6552	3	19.73	
397	0.402627	5.05333	13.6538	3	19.73	
398	0.418286	5.1	13.6353	3	19.73	
399	0.410862	5.06667	13.647	3	19.73	
400	0.395201	5.08	13.6488	3	19.73	
401	0.401029	5.06	13.6495	3	19.73	
402	0.405721	5.07333	13.6545	3	19.73	
403	0.403721	5	13.6596	3	19.73	
404	0.391108	5.04	13.6696	3	19.73	
405	0.387013	5.03333	13.664	3	19.73	
406	0.393021	5.08	13.6465	3	19.73	
407	0.392464	5.02667	13.653	3	19.73	
408	0.380969	5.08667	13.6612	3	19.73	
409	0.403643	5.09333	13.6646	3	19.73	
410	0.398565	5.06667	13.6587	3	19.73	
411	0.382198	5.05333	13.6585	3	19.73	
412	0.382312	5.02	13.6634	3	19.73	
413	0.387412	4.99333	13.6561	3	19.73	
414	0.399742	5.04	13.6594	3	19.73	
415	0.401876	5.03333	13.6561	3	19.73	
416	0.387899	5.06667	13.6555	3	19.73	
417	0.390353	5.02	13.6592	3	19.73	
418	0.393713	5.05333	13.6531	3	19.73	
419	0.393737	5.10667	13.6518	3	19.73	
420	0.38735	5.06	13.6483	3	19.73	
421	0.402807	5.08	13.6595	3	19.73	
422	0.41779	5.11333	13.6506	3	19.73	
423	0.412185	5.09333	13.6436	3	19.73	
424	0.408148	5.11333	13.6562	3	19.73	
425	0.391697	5.06	13.6549	3	19.73	
426	0.403105	5.11333	13.6454	3	19.73	
427	0.416433	5.06	13.6633	3	19.73	
428	0.409581	5.08	13.656	3	19.73	
429	0.395613	5.08	13.6527	3	19.73	
430	0.414754	5.08	13.6555	3	19.73	
431	0.40492	5.07333	13.6606	3	19.73	
432	0.402377	5.08667	13.6557	3	19.73	
433	0.399909	5.06667	13.6496	3	19.73	
434	0.406623	5.07333	13.6606	3	19.73	
435	0.399042	5.10667	13.6449	3	19.73	
436	0.402151	5.08667	13.6501	3	19.73	
437	0.40441	5.07333	13.6461	3	19.73	
438	0.423683	5.07333	13.6505	3	19.73	
439	0.419174	5.08667	13.6523	3	19.73	
440	0.418419	5.07333	13.6606	3	19.73	
441	0.41193	5.01333	13.6578	3	19.73	
442	0.411764	5.04	13.6542	3	19.73	
443	0.399318	5.04	13.65	3	19.73	
444	0.399796	5.06667	13.6497	3	19.73	
445	0.40165	5.08667	13.6469	3	19.73	
446	0.394839	5.11333	13.6531	3	19.73	
447	0.393523	5.1	13.6495	3	19.73	
448	0.402521	5.04	13.66	3	19.73	
449	0.402005	5.06667	13.6592	3	19.73	
450	0.401113	5.1	13.6414	3	19.73	
451	0.399152	5.11333	13.6554	3	19.73	
452	0.422699	5.08667	13.6464	3	19.73	
453	0.41223	5.1	13.6597	3	19.73	
454	0.401474	5.10667	13.6656	3	19.73	
455	0.413343	5.09333	13.6562	3	19.73	
456	0.419189	5.08667	13.6522	3	19.73	
457	0.410673	5.09333	13.6531	3	19.73	
458	0.418063	5.07333	13.6576	3	19.73	
459	0.417984	5.06667	13.6456	3	19.73	
460	0.410884	5.02667	13.6478	3	19.73	
461	0.407721	5.03333	13.646	3	19.73	
462	0.416462	5.04	13.6453	3	19.73	
463	0.419847	5.06667	13.6416	3	19.73	
464	0.424184	5.1	13.6474	3	19.73	
465	0.421137	5.06	13.636	3	19.73	
466	0.408524	5.05333	13.6411	3	19.73	
467	0.402075	5.02667	13.6401	3	19.73	
468	0.408357	5.06667	13.6622	3	19.73	
469	0.41328	5.06	13.6477	3	19.73	
470	0.397591	5.06	13.6422	3	19.73	
471	0.391794	5.06	13.6497	3	19.73	
472	0.397409	5.08667	13.6522	3	19.73	
473	0.39557	5.10667	13.6446	3	19.73	
474	0.400032	5.11333	13.6579	3	19.73	
475	0.409318	5.08	13.6498	3	19.73	
476	0.401055	5.12667	13.6488	3	19.73	
477	0.402279	5.1	13.6453	3	19.73	
478	0.406991	5.02	13.644	3	19.73	
479	0.407105	5.03333	13.6568	3	19.73	
480	0.413695	5.06	13.6485	3	19.73	
481	0.400781	5.04	13.6561	3	19.73	
482	0.404612	5.08	13.6488	3	19.73	
483	0.400402	5.05333	13.6579	3	19.73	
484	0.408809	5.08667	13.6483	3	19.73	
485	0.412512	5.08	13.6411	3	19.73	
486	0.392393	5.07333	13.6611	3	19.73	
487	0.402604	5.06	13.6527	3	19.73	
488	0.410024	5.09333	13.6575	3	19.73	
489	0.411068	5.08667	13.6451	3	19.73	
490	0.41338	5.08	13.6477	3	19.73	
491	0.417292	5.09333	13.6437	3	19.73	
492	0.416471	5.06	13.6618	3	19.73	
493	0.396974	5.07333	13.6472	3	19.73	
494	0.398351	5.08	13.6524	3	19.73	
495	0.385326	5.1	13.655	3	19.73	
496	0.389057	5.10667	13.654	3	19.73	
497	0.389698	5.12667	13.6602	3	19.73	
498	0.380291	5.08	13.6527	3	19.73	
499	0.364597	5.07333	13.656	3	19.73	
