0.000000000000000000e+00 -1.362166999999999994e+01 -1.522373999999999938e+01 0.000000000000000000e+00
1.000000000000000000e+00 -1.452973000000000070e+01 -1.331901000000000046e+01 0.000000000000000000e+00
2.000000000000000000e+00 -1.542826999999999948e+01 -1.144420000000000037e+01 0.000000000000000000e+00
3.000000000000000000e+00 -1.656137000000000015e+01 -9.415259999999999962e+00 0.000000000000000000e+00
4.000000000000000000e+00 -1.744209000000000032e+01 -7.533769999999999634e+00 0.000000000000000000e+00
5.000000000000000000e+00 -1.833127999999999957e+01 -5.454539999999999722e+00 0.000000000000000000e+00
6.000000000000000000e+00 -1.701489000000000118e+01 -3.422839999999999883e+00 0.000000000000000000e+00
7.000000000000000000e+00 -1.790024999999999977e+01 -1.292380000000000084e+00 0.000000000000000000e+00
8.000000000000000000e+00 -1.883889999999999887e+01 9.670299999999999452e-01 0.000000000000000000e+00
9.000000000000000000e+00 -1.910364999999999824e+01 -3.033349999999999991e+00 0.000000000000000000e+00
1.000000000000000000e+01 -1.944728999999999886e+01 3.188419999999999810e+00 0.000000000000000000e+00
1.100000000000000000e+01 -1.810349000000000075e+01 4.835709999999999731e+00 0.000000000000000000e+00
1.200000000000000000e+01 -1.668260000000000076e+01 6.399460000000000370e+00 0.000000000000000000e+00
1.300000000000000000e+01 -1.869943999999999917e+01 6.952490000000000059e+00 0.000000000000000000e+00
1.400000000000000000e+01 -1.743146000000000129e+01 8.565390000000000725e+00 0.000000000000000000e+00
1.500000000000000000e+01 -1.622384999999999877e+01 1.024268999999999963e+01 0.000000000000000000e+00
1.600000000000000000e+01 -1.486518000000000050e+01 1.192056000000000004e+01 0.000000000000000000e+00
1.700000000000000000e+01 -1.337311000000000050e+01 1.337443999999999988e+01 0.000000000000000000e+00
1.800000000000000000e+01 -1.157333999999999996e+01 -1.563455000000000084e+01 0.000000000000000000e+00
1.900000000000000000e+01 -1.241841999999999935e+01 -1.344510000000000005e+01 0.000000000000000000e+00
2.000000000000000000e+01 -1.334591999999999956e+01 -1.155540000000000056e+01 0.000000000000000000e+00
2.100000000000000000e+01 -1.446354000000000006e+01 -9.571580000000000865e+00 0.000000000000000000e+00
2.200000000000000000e+01 -1.538213999999999970e+01 -7.682389999999999830e+00 0.000000000000000000e+00
2.300000000000000000e+01 -1.628422000000000125e+01 -5.787090000000000067e+00 0.000000000000000000e+00
2.400000000000000000e+01 -1.502669000000000032e+01 -3.987099999999999866e+00 0.000000000000000000e+00
2.500000000000000000e+01 -1.582455000000000034e+01 -1.551849999999999952e+00 0.000000000000000000e+00
2.600000000000000000e+01 -1.447883000000000031e+01 8.622000000000000497e-02 0.000000000000000000e+00
2.700000000000000000e+01 -1.651755999999999958e+01 3.891399999999999859e-01 0.000000000000000000e+00
2.800000000000000000e+01 -1.743772999999999840e+01 2.712349999999999817e+00 0.000000000000000000e+00
2.900000000000000000e+01 -1.606708000000000069e+01 4.348340000000000316e+00 0.000000000000000000e+00
3.000000000000000000e+01 -1.466591000000000022e+01 5.978780000000000427e+00 0.000000000000000000e+00
3.100000000000000000e+01 -1.335917000000000066e+01 7.689460000000000406e+00 0.000000000000000000e+00
3.200000000000000000e+01 -1.538827999999999996e+01 8.115489999999999426e+00 0.000000000000000000e+00
3.300000000000000000e+01 -1.418886999999999965e+01 9.896459999999999368e+00 0.000000000000000000e+00
3.400000000000000000e+01 -1.271250000000000036e+01 1.136037999999999926e+01 0.000000000000000000e+00
3.500000000000000000e+01 -1.008892999999999951e+01 1.453497999999999912e+01 0.000000000000000000e+00
3.600000000000000000e+01 -9.271209999999999951e+00 -1.573199999999999932e+01 0.000000000000000000e+00
3.700000000000000000e+01 -1.034484999999999921e+01 -1.392901999999999951e+01 0.000000000000000000e+00
3.800000000000000000e+01 -1.127468999999999966e+01 -1.169475000000000087e+01 0.000000000000000000e+00
3.900000000000000000e+01 -1.217398999999999987e+01 -9.846370000000000289e+00 0.000000000000000000e+00
4.000000000000000000e+01 -1.322874999999999979e+01 -7.881949999999999790e+00 0.000000000000000000e+00
4.100000000000000000e+01 -1.421851999999999983e+01 -5.906100000000000350e+00 0.000000000000000000e+00
4.200000000000000000e+01 -1.298094999999999999e+01 -4.220930000000000071e+00 0.000000000000000000e+00
4.300000000000000000e+01 -1.385115000000000052e+01 -2.185960000000000125e+00 0.000000000000000000e+00
4.400000000000000000e+01 -1.241262000000000043e+01 -3.104500000000000037e-01 0.000000000000000000e+00
4.500000000000000000e+01 -1.325351999999999997e+01 1.737980000000000080e+00 0.000000000000000000e+00
4.600000000000000000e+01 -1.528594999999999970e+01 2.130599999999999827e+00 0.000000000000000000e+00
4.700000000000000000e+01 -1.404636999999999958e+01 3.853499999999999925e+00 0.000000000000000000e+00
4.800000000000000000e+01 -1.263899999999999935e+01 5.436530000000000307e+00 0.000000000000000000e+00
4.900000000000000000e+01 -1.136894999999999989e+01 7.145929999999999893e+00 0.000000000000000000e+00
5.000000000000000000e+01 -1.199505000000000088e+01 9.317040000000000433e+00 0.000000000000000000e+00
5.100000000000000000e+01 -1.017414999999999914e+01 1.097535000000000061e+01 0.000000000000000000e+00
5.200000000000000000e+01 -1.119500999999999991e+01 1.278569000000000067e+01 0.000000000000000000e+00
5.300000000000000000e+01 -9.251899999999999125e+00 1.642295999999999978e+01 0.000000000000000000e+00
5.400000000000000000e+01 -6.931149999999999700e+00 -1.579233999999999938e+01 0.000000000000000000e+00
5.500000000000000000e+01 -8.099940000000000140e+00 -1.397732000000000063e+01 0.000000000000000000e+00
5.600000000000000000e+01 -9.087669999999999249e+00 -1.199146999999999963e+01 0.000000000000000000e+00
5.700000000000000000e+01 -1.007784000000000013e+01 -9.982079999999999842e+00 0.000000000000000000e+00
5.800000000000000000e+01 -1.116616999999999926e+01 -7.993179999999999730e+00 0.000000000000000000e+00
5.900000000000000000e+01 -1.206690000000000040e+01 -6.094389999999999752e+00 0.000000000000000000e+00
6.000000000000000000e+01 -1.092234999999999978e+01 -4.324729999999999741e+00 0.000000000000000000e+00
6.100000000000000000e+01 -1.174674000000000085e+01 -2.287380000000000191e+00 0.000000000000000000e+00
6.200000000000000000e+01 -1.031973999999999947e+01 -4.939100000000000157e-01 0.000000000000000000e+00
6.300000000000000000e+01 -1.115568999999999988e+01 1.449729999999999963e+00 0.000000000000000000e+00
6.400000000000000000e+01 -1.202736999999999945e+01 3.415770000000000195e+00 0.000000000000000000e+00
6.500000000000000000e+01 -1.058323000000000036e+01 5.147969999999999935e+00 0.000000000000000000e+00
6.600000000000000000e+01 -9.228490000000000748e+00 6.881170000000000009e+00 0.000000000000000000e+00
6.700000000000000000e+01 -7.939000000000000057e+00 8.554729999999999279e+00 0.000000000000000000e+00
6.800000000000000000e+01 -1.000845999999999947e+01 8.791869999999999408e+00 0.000000000000000000e+00
6.900000000000000000e+01 -8.649380000000000734e+00 1.267427999999999955e+01 0.000000000000000000e+00
7.000000000000000000e+01 -7.986299999999999955e+00 1.468906999999999918e+01 0.000000000000000000e+00
7.100000000000000000e+01 -7.065059999999999896e+00 1.654212000000000060e+01 0.000000000000000000e+00
7.200000000000000000e+01 -4.712049999999999628e+00 -1.572035999999999945e+01 0.000000000000000000e+00
7.300000000000000000e+01 -5.902730000000000032e+00 -1.398911000000000016e+01 0.000000000000000000e+00
7.400000000000000000e+01 -7.023740000000000094e+00 -1.220402999999999949e+01 0.000000000000000000e+00
7.500000000000000000e+01 -7.910949999999999704e+00 -1.024793999999999983e+01 0.000000000000000000e+00
7.600000000000000000e+01 -8.933840000000000003e+00 -8.212740000000000151e+00 0.000000000000000000e+00
7.700000000000000000e+01 -9.986980000000000857e+00 -6.249419999999999753e+00 0.000000000000000000e+00
7.800000000000000000e+01 -8.862690000000000623e+00 -4.409229999999999983e+00 0.000000000000000000e+00
7.900000000000000000e+01 -9.548080000000000567e+00 -2.450889999999999791e+00 0.000000000000000000e+00
8.000000000000000000e+01 -8.244519999999999627e+00 -7.555199999999999694e-01 0.000000000000000000e+00
8.100000000000000000e+01 -9.083259999999999224e+00 1.186199999999999921e+00 0.000000000000000000e+00
8.200000000000000000e+01 -9.779220000000000468e+00 3.192289999999999850e+00 0.000000000000000000e+00
8.300000000000000000e+01 -7.702060000000000350e+00 2.810799999999999965e+00 0.000000000000000000e+00
8.400000000000000000e+01 -8.521440000000000126e+00 4.867370000000000196e+00 0.000000000000000000e+00
8.500000000000000000e+01 -6.641879999999999562e+00 6.705809999999999604e+00 0.000000000000000000e+00
8.600000000000000000e+01 -7.883499999999999730e+00 1.068701000000000079e+01 0.000000000000000000e+00
8.700000000000000000e+01 -6.574749999999999872e+00 1.301003000000000043e+01 0.000000000000000000e+00
8.800000000000000000e+01 -5.768720000000000070e+00 1.490015999999999963e+01 0.000000000000000000e+00
8.900000000000000000e+01 -4.993750000000000355e+00 1.702875999999999834e+01 0.000000000000000000e+00
9.000000000000000000e+01 -3.689179999999999904e+00 -1.759609000000000023e+01 0.000000000000000000e+00
9.100000000000000000e+01 -3.479449999999999932e+00 -1.384406000000000070e+01 0.000000000000000000e+00
9.200000000000000000e+01 -4.592170000000000307e+00 -1.204046999999999912e+01 0.000000000000000000e+00
9.300000000000000000e+01 -5.771749999999999936e+00 -1.035617000000000054e+01 0.000000000000000000e+00
9.400000000000000000e+01 -6.855699999999999683e+00 -8.334500000000000242e+00 0.000000000000000000e+00
9.500000000000000000e+01 -7.897199999999999775e+00 -6.430609999999999715e+00 0.000000000000000000e+00
9.600000000000000000e+01 -6.818439999999999834e+00 -4.683659999999999712e+00 0.000000000000000000e+00
9.700000000000000000e+01 -7.507810000000000095e+00 -2.751079999999999970e+00 0.000000000000000000e+00
9.800000000000000000e+01 -6.133829999999999671e+00 -1.170299999999999896e+00 0.000000000000000000e+00
9.900000000000000000e+01 -6.931409999999999627e+00 8.282000000000000473e-01 0.000000000000000000e+00
1.000000000000000000e+02 -5.658610000000000362e+00 2.467319999999999958e+00 0.000000000000000000e+00
1.010000000000000000e+02 -4.432109999999999772e+00 4.136870000000000047e+00 0.000000000000000000e+00
1.020000000000000000e+02 -6.453109999999999680e+00 4.526900000000000368e+00 0.000000000000000000e+00
1.030000000000000000e+02 -5.981320000000000192e+00 9.336819999999999453e+00 0.000000000000000000e+00
1.040000000000000000e+02 -5.259649999999999714e+00 1.128767000000000031e+01 0.000000000000000000e+00
1.050000000000000000e+02 -4.291450000000000209e+00 1.324911999999999956e+01 0.000000000000000000e+00
1.060000000000000000e+02 -3.638529999999999820e+00 1.521935000000000038e+01 0.000000000000000000e+00
1.070000000000000000e+02 -2.673550000000000093e+00 2.067698000000000036e+01 0.000000000000000000e+00
1.080000000000000000e+02 -2.384279999999999955e+00 -1.563477999999999923e+01 0.000000000000000000e+00
1.090000000000000000e+02 -1.264780000000000015e+00 -1.374966000000000044e+01 0.000000000000000000e+00
1.100000000000000000e+02 -2.422899999999999832e+00 -1.189964999999999939e+01 0.000000000000000000e+00
1.110000000000000000e+02 -3.682519999999999794e+00 -1.018834999999999980e+01 0.000000000000000000e+00
1.120000000000000000e+02 -4.776690000000000325e+00 -8.408229999999999649e+00 0.000000000000000000e+00
1.130000000000000000e+02 -5.781769999999999854e+00 -6.562669999999999781e+00 0.000000000000000000e+00
1.140000000000000000e+02 -4.675679999999999836e+00 -4.753870000000000040e+00 0.000000000000000000e+00
1.150000000000000000e+02 -4.618940000000000268e+00 -2.646440000000000126e+00 0.000000000000000000e+00
1.160000000000000000e+02 -3.319360000000000088e+00 -1.055330000000000101e+00 0.000000000000000000e+00
1.170000000000000000e+02 -4.667970000000000397e+00 5.127300000000000191e-01 0.000000000000000000e+00
1.180000000000000000e+02 -3.368059999999999832e+00 2.345810000000000173e+00 0.000000000000000000e+00
1.190000000000000000e+02 -3.502930000000000099e+00 6.005939999999999834e+00 0.000000000000000000e+00
1.200000000000000000e+02 -4.716680000000000206e+00 7.692359999999999864e+00 0.000000000000000000e+00
1.210000000000000000e+02 -2.616070000000000118e+00 7.866100000000000314e+00 0.000000000000000000e+00
1.220000000000000000e+02 -3.891620000000000079e+00 9.598349999999999937e+00 0.000000000000000000e+00
1.230000000000000000e+02 -3.119390000000000107e+00 1.155972000000000044e+01 0.000000000000000000e+00
1.240000000000000000e+02 -2.192899999999999849e+00 1.349536999999999942e+01 0.000000000000000000e+00
1.250000000000000000e+02 -3.912539999999999907e+00 1.881300999999999846e+01 0.000000000000000000e+00
1.260000000000000000e+02 -1.982709999999999972e+00 -1.969525000000000148e+01 0.000000000000000000e+00
1.270000000000000000e+02 -1.321499999999999897e+00 -1.745502000000000109e+01 0.000000000000000000e+00
1.280000000000000000e+02 -2.127600000000000047e-01 -1.192783000000000015e+01 0.000000000000000000e+00
1.290000000000000000e+02 -1.317059999999999897e+00 -1.011595999999999940e+01 0.000000000000000000e+00
1.300000000000000000e+02 -2.621030000000000193e+00 -8.379220000000000113e+00 0.000000000000000000e+00
1.310000000000000000e+02 -3.659930000000000128e+00 -6.566279999999999895e+00 0.000000000000000000e+00
1.320000000000000000e+02 -2.607439999999999980e+00 -4.787779999999999703e+00 0.000000000000000000e+00
1.330000000000000000e+02 -2.077789999999999804e+00 -2.802049999999999930e+00 0.000000000000000000e+00
1.340000000000000000e+02 -9.830299999999999594e-01 -1.023879999999999901e+00 0.000000000000000000e+00
1.350000000000000000e+02 -2.131720000000000059e+00 6.913700000000000401e-01 0.000000000000000000e+00
1.360000000000000000e+02 -1.116300000000000070e+00 2.495919999999999916e+00 0.000000000000000000e+00
1.370000000000000000e+02 -2.348199999999999843e+00 4.220399999999999707e+00 0.000000000000000000e+00
1.380000000000000000e+02 -1.449600000000000000e+00 6.155619999999999870e+00 0.000000000000000000e+00
1.390000000000000000e+02 -5.468100000000000183e-01 8.021699999999999164e+00 0.000000000000000000e+00
1.400000000000000000e+02 -1.726969999999999894e+00 9.770590000000000330e+00 0.000000000000000000e+00
1.410000000000000000e+02 -9.990200000000000191e-01 1.169257999999999953e+01 0.000000000000000000e+00
1.420000000000000000e+02 -2.539099999999999913e+00 1.703226000000000084e+01 0.000000000000000000e+00
1.430000000000000000e+02 -1.429729999999999945e+00 1.901570999999999856e+01 0.000000000000000000e+00
1.440000000000000000e+02 7.770500000000000185e-01 -1.742314999999999969e+01 0.000000000000000000e+00
1.450000000000000000e+02 -2.943200000000000260e-01 -1.565712000000000081e+01 0.000000000000000000e+00
1.460000000000000000e+02 8.526000000000000245e-01 -1.374883999999999951e+01 0.000000000000000000e+00
1.470000000000000000e+02 8.890900000000000469e-01 -1.018448000000000064e+01 0.000000000000000000e+00
1.480000000000000000e+02 -2.814599999999999880e-01 -8.330930000000000391e+00 0.000000000000000000e+00
1.490000000000000000e+02 -1.449680000000000080e+00 -6.610350000000000392e+00 0.000000000000000000e+00
1.500000000000000000e+02 -5.446100000000000385e-01 -4.745280000000000165e+00 0.000000000000000000e+00
1.510000000000000000e+02 3.200500000000000012e-01 -2.867449999999999832e+00 0.000000000000000000e+00
1.520000000000000000e+02 9.260999999999999788e-02 7.382300000000000528e-01 0.000000000000000000e+00
1.530000000000000000e+02 9.526299999999999768e-01 2.658739999999999881e+00 0.000000000000000000e+00
1.540000000000000000e+02 1.821530000000000094e+00 4.519790000000000418e+00 0.000000000000000000e+00
1.550000000000000000e+02 -2.895400000000000196e-01 4.457650000000000112e+00 0.000000000000000000e+00
1.560000000000000000e+02 6.533600000000000518e-01 6.286940000000000417e+00 0.000000000000000000e+00
1.570000000000000000e+02 1.550440000000000040e+00 8.171829999999999927e+00 0.000000000000000000e+00
1.580000000000000000e+02 3.596799999999999997e-01 9.884230000000000516e+00 0.000000000000000000e+00
1.590000000000000000e+02 -1.260720000000000063e+00 1.533206000000000024e+01 0.000000000000000000e+00
1.600000000000000000e+02 -3.972800000000000220e-01 1.720245999999999853e+01 0.000000000000000000e+00
1.610000000000000000e+02 1.653089999999999948e+00 1.740035999999999916e+01 0.000000000000000000e+00
1.620000000000000000e+02 1.020019999999999927e+00 -1.948605999999999838e+01 0.000000000000000000e+00
1.630000000000000000e+02 3.034899999999999931e+00 -1.738296000000000063e+01 0.000000000000000000e+00
1.640000000000000000e+02 1.791600000000000081e+00 -1.561547999999999981e+01 0.000000000000000000e+00
1.650000000000000000e+02 2.004389999999999894e+00 -1.193703999999999965e+01 0.000000000000000000e+00
1.660000000000000000e+02 1.776920000000000055e+00 -8.223100000000000520e+00 0.000000000000000000e+00
1.670000000000000000e+02 6.198099999999999721e-01 -6.440439999999999721e+00 0.000000000000000000e+00
1.680000000000000000e+02 1.562249999999999917e+00 -4.608109999999999928e+00 0.000000000000000000e+00
1.690000000000000000e+02 2.421320000000000139e+00 -2.694929999999999826e+00 0.000000000000000000e+00
1.700000000000000000e+02 1.232399999999999940e+00 -1.006080000000000085e+00 0.000000000000000000e+00
1.710000000000000000e+02 2.169649999999999856e+00 8.276200000000000223e-01 0.000000000000000000e+00
1.720000000000000000e+02 3.018699999999999939e+00 2.787520000000000220e+00 0.000000000000000000e+00
1.730000000000000000e+02 3.963880000000000070e+00 4.738559999999999661e+00 0.000000000000000000e+00
1.740000000000000000e+02 2.743780000000000108e+00 6.409530000000000172e+00 0.000000000000000000e+00
1.750000000000000000e+02 2.415350000000000108e+00 1.008393000000000050e+01 0.000000000000000000e+00
1.760000000000000000e+02 1.068880000000000052e+00 1.186717999999999940e+01 0.000000000000000000e+00
1.770000000000000000e+02 -9.056999999999999773e-02 1.362421999999999933e+01 0.000000000000000000e+00
1.780000000000000000e+02 8.037499999999999645e-01 1.552275000000000027e+01 0.000000000000000000e+00
1.790000000000000000e+02 1.977659999999999973e+00 1.946177000000000135e+01 0.000000000000000000e+00
1.800000000000000000e+02 5.326369999999999827e+00 -1.732429000000000130e+01 0.000000000000000000e+00
1.810000000000000000e+02 4.037499999999999645e+00 -1.555475999999999992e+01 0.000000000000000000e+00
1.820000000000000000e+02 2.989050000000000207e+00 -1.375327000000000055e+01 0.000000000000000000e+00
1.830000000000000000e+02 4.068410000000000082e+00 -1.171596000000000082e+01 0.000000000000000000e+00
1.840000000000000000e+02 2.939480000000000093e+00 -9.971920000000000783e+00 0.000000000000000000e+00
1.850000000000000000e+02 2.698280000000000012e+00 -6.328030000000000044e+00 0.000000000000000000e+00
1.860000000000000000e+02 3.694469999999999921e+00 -4.461570000000000036e+00 0.000000000000000000e+00
1.870000000000000000e+02 4.564250000000000362e+00 -2.563590000000000035e+00 0.000000000000000000e+00
1.880000000000000000e+02 3.403290000000000148e+00 -8.274599999999999733e-01 0.000000000000000000e+00
1.890000000000000000e+02 4.264079999999999870e+00 1.113529999999999909e+00 0.000000000000000000e+00
1.900000000000000000e+02 5.181569999999999787e+00 2.979969999999999786e+00 0.000000000000000000e+00
1.910000000000000000e+02 4.795880000000000365e+00 6.655230000000000423e+00 0.000000000000000000e+00
1.920000000000000000e+02 3.631660000000000110e+00 8.383559999999999235e+00 0.000000000000000000e+00
1.930000000000000000e+02 4.552050000000000374e+00 1.023859000000000030e+01 0.000000000000000000e+00
1.940000000000000000e+02 3.236800000000000122e+00 1.200264999999999915e+01 0.000000000000000000e+00
1.950000000000000000e+02 2.008100000000000218e+00 1.372556999999999938e+01 0.000000000000000000e+00
1.960000000000000000e+02 2.955569999999999808e+00 1.580733999999999995e+01 0.000000000000000000e+00
1.970000000000000000e+02 3.940459999999999852e+00 1.779532000000000025e+01 0.000000000000000000e+00
1.980000000000000000e+02 6.137489999999999668e+00 -1.542439000000000071e+01 0.000000000000000000e+00
1.990000000000000000e+02 5.123669999999999725e+00 -1.361585000000000001e+01 0.000000000000000000e+00
2.000000000000000000e+02 6.138080000000000425e+00 -1.158220000000000027e+01 0.000000000000000000e+00
2.010000000000000000e+02 5.013709999999999667e+00 -9.790670000000000428e+00 0.000000000000000000e+00
2.020000000000000000e+02 3.868759999999999977e+00 -8.034240000000000492e+00 0.000000000000000000e+00
2.030000000000000000e+02 4.832749999999999879e+00 -6.183309999999999640e+00 0.000000000000000000e+00
2.040000000000000000e+02 5.766189999999999927e+00 -4.240890000000000271e+00 0.000000000000000000e+00
2.050000000000000000e+02 5.501039999999999708e+00 -7.160699999999999843e-01 0.000000000000000000e+00
2.060000000000000000e+02 6.365829999999999878e+00 1.250569999999999959e+00 0.000000000000000000e+00
2.070000000000000000e+02 7.296829999999999927e+00 3.113480000000000025e+00 0.000000000000000000e+00
2.080000000000000000e+02 6.076430000000000220e+00 4.901939999999999742e+00 0.000000000000000000e+00
2.090000000000000000e+02 8.198249999999999815e+00 5.039990000000000414e+00 0.000000000000000000e+00
2.100000000000000000e+02 5.766869999999999941e+00 8.514570000000000860e+00 0.000000000000000000e+00
2.110000000000000000e+02 6.611500000000000377e+00 1.045284999999999975e+01 0.000000000000000000e+00
2.120000000000000000e+02 5.357610000000000205e+00 1.216305000000000014e+01 0.000000000000000000e+00
2.130000000000000000e+02 4.136099999999999888e+00 1.388419000000000025e+01 0.000000000000000000e+00
2.140000000000000000e+02 5.042910000000000004e+00 1.587002999999999986e+01 0.000000000000000000e+00
2.150000000000000000e+02 6.121940000000000381e+00 1.777599000000000018e+01 0.000000000000000000e+00
2.160000000000000000e+02 4.256689999999999863e+00 -1.917802000000000007e+01 0.000000000000000000e+00
2.170000000000000000e+02 7.201889999999999681e+00 -1.337107999999999919e+01 0.000000000000000000e+00
2.180000000000000000e+02 8.257600000000000051e+00 -1.145688999999999957e+01 0.000000000000000000e+00
2.190000000000000000e+02 7.081389999999999851e+00 -9.752359999999999474e+00 0.000000000000000000e+00
2.200000000000000000e+02 5.964660000000000295e+00 -7.918120000000000047e+00 0.000000000000000000e+00
2.210000000000000000e+02 6.903229999999999755e+00 -6.036649999999999849e+00 0.000000000000000000e+00
2.220000000000000000e+02 7.907009999999999650e+00 -4.074150000000000382e+00 0.000000000000000000e+00
2.230000000000000000e+02 6.743179999999999730e+00 -2.382839999999999847e+00 0.000000000000000000e+00
2.240000000000000000e+02 7.597830000000000084e+00 -4.081000000000000183e-01 0.000000000000000000e+00
2.250000000000000000e+02 8.556620000000000559e+00 1.447440000000000060e+00 0.000000000000000000e+00
2.260000000000000000e+02 9.435259999999999536e+00 3.365629999999999900e+00 0.000000000000000000e+00
2.270000000000000000e+02 9.034230000000000871e+00 7.074460000000000193e+00 0.000000000000000000e+00
2.280000000000000000e+02 6.948339999999999961e+00 6.803259999999999863e+00 0.000000000000000000e+00
2.290000000000000000e+02 7.828090000000000437e+00 8.771900000000000475e+00 0.000000000000000000e+00
2.300000000000000000e+02 8.695050000000000168e+00 1.073426000000000080e+01 0.000000000000000000e+00
2.310000000000000000e+02 7.437350000000000350e+00 1.247832999999999970e+01 0.000000000000000000e+00
2.320000000000000000e+02 6.190039999999999765e+00 1.413448999999999955e+01 0.000000000000000000e+00
2.330000000000000000e+02 7.248890000000000278e+00 1.603999999999999915e+01 0.000000000000000000e+00
2.340000000000000000e+02 7.425259999999999749e+00 -1.720798999999999879e+01 0.000000000000000000e+00
2.350000000000000000e+02 8.219659999999999300e+00 -1.524329999999999963e+01 0.000000000000000000e+00
2.360000000000000000e+02 9.361069999999999780e+00 -1.321030000000000015e+01 0.000000000000000000e+00
2.370000000000000000e+02 9.156689999999999330e+00 -9.499750000000000583e+00 0.000000000000000000e+00
2.380000000000000000e+02 8.018739999999999313e+00 -7.780479999999999841e+00 0.000000000000000000e+00
2.390000000000000000e+02 9.013970000000000482e+00 -5.831330000000000346e+00 0.000000000000000000e+00
2.400000000000000000e+02 1.006207000000000029e+01 -4.010290000000000354e+00 0.000000000000000000e+00
2.410000000000000000e+02 8.816919999999999646e+00 -2.214049999999999851e+00 0.000000000000000000e+00
2.420000000000000000e+02 9.716300000000000381e+00 -3.376899999999999902e-01 0.000000000000000000e+00
2.430000000000000000e+02 1.063899999999999935e+01 1.533649999999999958e+00 0.000000000000000000e+00
2.440000000000000000e+02 1.151656999999999975e+01 3.500980000000000203e+00 0.000000000000000000e+00
2.450000000000000000e+02 1.030939000000000050e+01 5.222129999999999939e+00 0.000000000000000000e+00
2.460000000000000000e+02 9.908210000000000406e+00 8.971090000000000231e+00 0.000000000000000000e+00
2.470000000000000000e+02 1.087892000000000081e+01 1.080832999999999977e+01 0.000000000000000000e+00
2.480000000000000000e+02 9.728049999999999642e+00 1.255043000000000042e+01 0.000000000000000000e+00
2.490000000000000000e+02 8.492770000000000152e+00 1.426847000000000065e+01 0.000000000000000000e+00
2.500000000000000000e+02 9.313019999999999854e+00 1.627156000000000091e+01 0.000000000000000000e+00
2.510000000000000000e+02 8.484880000000000422e+00 1.815997000000000128e+01 0.000000000000000000e+00
2.520000000000000000e+02 9.720689999999999387e+00 -1.704438000000000031e+01 0.000000000000000000e+00
2.530000000000000000e+02 1.052706000000000053e+01 -1.503440999999999939e+01 0.000000000000000000e+00
2.540000000000000000e+02 1.034431000000000012e+01 -1.130833999999999939e+01 0.000000000000000000e+00
2.550000000000000000e+02 1.144053000000000075e+01 -9.316940000000000666e+00 0.000000000000000000e+00
2.560000000000000000e+02 1.015898999999999930e+01 -7.606760000000000410e+00 0.000000000000000000e+00
2.570000000000000000e+02 1.121382999999999974e+01 -5.731180000000000163e+00 0.000000000000000000e+00
2.580000000000000000e+02 1.211181999999999981e+01 -3.761579999999999924e+00 0.000000000000000000e+00
2.590000000000000000e+02 1.097362000000000037e+01 -1.988080000000000069e+00 0.000000000000000000e+00
2.600000000000000000e+02 1.191865999999999914e+01 -1.426699999999999913e-01 0.000000000000000000e+00
2.610000000000000000e+02 1.275980000000000025e+01 1.761940000000000062e+00 0.000000000000000000e+00
2.620000000000000000e+02 1.358520000000000039e+01 3.652530000000000054e+00 0.000000000000000000e+00
2.630000000000000000e+02 1.245360999999999940e+01 5.505090000000000039e+00 0.000000000000000000e+00
2.640000000000000000e+02 1.114461000000000013e+01 7.177859999999999907e+00 0.000000000000000000e+00
2.650000000000000000e+02 1.212311000000000050e+01 9.129339999999999122e+00 0.000000000000000000e+00
2.660000000000000000e+02 1.320792999999999928e+01 1.095318999999999932e+01 0.000000000000000000e+00
2.670000000000000000e+02 1.177825999999999951e+01 1.267394999999999960e+01 0.000000000000000000e+00
2.680000000000000000e+02 1.060247999999999990e+01 1.443221999999999916e+01 0.000000000000000000e+00
2.690000000000000000e+02 1.167431999999999981e+01 1.627325000000000088e+01 0.000000000000000000e+00
2.700000000000000000e+02 1.194106000000000023e+01 -1.675965000000000060e+01 0.000000000000000000e+00
2.710000000000000000e+02 1.172808000000000028e+01 -1.287237000000000009e+01 0.000000000000000000e+00
2.720000000000000000e+02 1.275262000000000029e+01 -1.100672999999999924e+01 0.000000000000000000e+00
2.730000000000000000e+02 1.379773999999999923e+01 -9.198040000000000660e+00 0.000000000000000000e+00
2.740000000000000000e+02 1.242212999999999923e+01 -7.436350000000000016e+00 0.000000000000000000e+00
2.750000000000000000e+02 1.331404999999999994e+01 -5.565070000000000405e+00 0.000000000000000000e+00
2.760000000000000000e+02 1.416615999999999964e+01 -3.627720000000000056e+00 0.000000000000000000e+00
2.770000000000000000e+02 1.303182999999999936e+01 -1.875729999999999897e+00 0.000000000000000000e+00
2.780000000000000000e+02 1.405796999999999919e+01 9.596999999999999975e-02 0.000000000000000000e+00
2.790000000000000000e+02 1.489408000000000065e+01 2.033009999999999984e+00 0.000000000000000000e+00
2.800000000000000000e+02 1.606923000000000101e+01 3.806430000000000202e+00 0.000000000000000000e+00
2.810000000000000000e+02 1.462476999999999983e+01 5.517459999999999809e+00 0.000000000000000000e+00
2.820000000000000000e+02 1.565473000000000070e+01 7.410409999999999719e+00 0.000000000000000000e+00
2.830000000000000000e+02 1.337049000000000021e+01 7.401500000000000412e+00 0.000000000000000000e+00
2.840000000000000000e+02 1.440695999999999977e+01 9.255420000000000869e+00 0.000000000000000000e+00
2.850000000000000000e+02 1.551909000000000027e+01 1.130922999999999945e+01 0.000000000000000000e+00
2.860000000000000000e+02 1.409041999999999994e+01 1.281589999999999918e+01 0.000000000000000000e+00
2.870000000000000000e+02 1.290038999999999980e+01 1.458966000000000030e+01 0.000000000000000000e+00
2.880000000000000000e+02 1.283569999999999922e+01 -1.477485000000000070e+01 0.000000000000000000e+00
2.890000000000000000e+02 1.385758000000000045e+01 -1.295176999999999978e+01 0.000000000000000000e+00
2.900000000000000000e+02 1.487344000000000044e+01 -1.103284000000000020e+01 0.000000000000000000e+00
2.910000000000000000e+02 1.619035999999999831e+01 -9.338309999999999889e+00 0.000000000000000000e+00
2.920000000000000000e+02 1.489223999999999926e+01 -7.442560000000000286e+00 0.000000000000000000e+00
2.930000000000000000e+02 1.581512000000000029e+01 -5.446620000000000239e+00 0.000000000000000000e+00
2.940000000000000000e+02 1.648733000000000004e+01 -3.420119999999999827e+00 0.000000000000000000e+00
2.950000000000000000e+02 1.513668000000000013e+01 -1.730290000000000106e+00 0.000000000000000000e+00
2.960000000000000000e+02 1.825057999999999936e+01 -2.583799999999999986e-01 0.000000000000000000e+00
2.970000000000000000e+02 1.621013999999999911e+01 9.639999999999999958e-02 0.000000000000000000e+00
2.980000000000000000e+02 1.739596999999999838e+01 2.211689999999999934e+00 0.000000000000000000e+00
2.990000000000000000e+02 1.739837999999999951e+01 6.232339999999999769e+00 0.000000000000000000e+00
