0.000000000000000000e+00 -1.342805000000000071e+01 -1.480349999999999966e+01 0.000000000000000000e+00
1.000000000000000000e+00 -1.411660999999999966e+01 -1.271115999999999957e+01 0.000000000000000000e+00
2.000000000000000000e+00 -1.456635999999999953e+01 -1.056750000000000078e+01 0.000000000000000000e+00
3.000000000000000000e+00 -1.713278999999999996e+01 -7.923879999999999590e+00 0.000000000000000000e+00
4.000000000000000000e+00 -1.508890000000000065e+01 -8.547169999999999490e+00 0.000000000000000000e+00
5.000000000000000000e+00 -1.750778000000000034e+01 -5.795169999999999710e+00 0.000000000000000000e+00
6.000000000000000000e+00 -1.608368000000000109e+01 -4.128669999999999618e+00 0.000000000000000000e+00
7.000000000000000000e+00 -2.011436000000000135e+01 -2.725769999999999804e+00 0.000000000000000000e+00
8.000000000000000000e+00 -1.848853000000000080e+01 -1.038300000000000001e+00 0.000000000000000000e+00
9.000000000000000000e+00 -1.878237999999999985e+01 1.084959999999999924e+00 0.000000000000000000e+00
1.000000000000000000e+01 -1.721859999999999857e+01 2.474260000000000126e+00 0.000000000000000000e+00
1.100000000000000000e+01 -1.937738999999999834e+01 3.315859999999999808e+00 0.000000000000000000e+00
1.200000000000000000e+01 -1.773263999999999996e+01 4.629909999999999748e+00 0.000000000000000000e+00
1.300000000000000000e+01 -1.818974000000000046e+01 6.750919999999999810e+00 0.000000000000000000e+00
1.400000000000000000e+01 -1.618976999999999933e+01 6.029169999999999696e+00 0.000000000000000000e+00
1.500000000000000000e+01 -1.666714999999999947e+01 8.198990000000000222e+00 0.000000000000000000e+00
1.600000000000000000e+01 -1.683652999999999977e+01 1.076581999999999972e+01 0.000000000000000000e+00
1.700000000000000000e+01 -1.501643999999999934e+01 1.178092999999999968e+01 0.000000000000000000e+00
1.800000000000000000e+01 -1.143956999999999979e+01 -1.536405000000000065e+01 0.000000000000000000e+00
1.900000000000000000e+01 -1.205358999999999980e+01 -1.323860999999999954e+01 0.000000000000000000e+00
2.000000000000000000e+01 -1.252829999999999977e+01 -1.102793999999999919e+01 0.000000000000000000e+00
2.100000000000000000e+01 -1.303579000000000043e+01 -8.916539999999999466e+00 0.000000000000000000e+00
2.200000000000000000e+01 -1.352505999999999986e+01 -6.880869999999999820e+00 0.000000000000000000e+00
2.300000000000000000e+01 -1.551373000000000069e+01 -6.283400000000000318e+00 0.000000000000000000e+00
2.400000000000000000e+01 -1.398609000000000080e+01 -4.743389999999999773e+00 0.000000000000000000e+00
2.500000000000000000e+01 -1.807133999999999929e+01 -3.433699999999999974e+00 0.000000000000000000e+00
2.600000000000000000e+01 -1.648464999999999847e+01 -2.008280000000000065e+00 0.000000000000000000e+00
2.700000000000000000e+01 -1.685407000000000011e+01 2.748599999999999932e-01 0.000000000000000000e+00
2.800000000000000000e+01 -1.528067000000000064e+01 1.629420000000000091e+00 0.000000000000000000e+00
2.900000000000000000e+01 -1.578145999999999916e+01 3.955610000000000070e+00 0.000000000000000000e+00
3.000000000000000000e+01 -1.368858999999999959e+01 3.029959999999999987e+00 0.000000000000000000e+00
3.100000000000000000e+01 -1.416507000000000005e+01 5.298180000000000334e+00 0.000000000000000000e+00
3.200000000000000000e+01 -1.443416000000000032e+01 7.372410000000000352e+00 0.000000000000000000e+00
3.300000000000000000e+01 -1.451922000000000068e+01 9.625930000000000319e+00 0.000000000000000000e+00
3.400000000000000000e+01 -1.306733999999999973e+01 1.110496999999999979e+01 0.000000000000000000e+00
3.500000000000000000e+01 -1.358830999999999989e+01 1.330460000000000065e+01 0.000000000000000000e+00
3.600000000000000000e+01 -9.357219999999999871e+00 -1.594764999999999944e+01 0.000000000000000000e+00
3.700000000000000000e+01 -9.901379999999999626e+00 -1.384582999999999942e+01 0.000000000000000000e+00
3.800000000000000000e+01 -1.055945000000000000e+01 -1.173864000000000019e+01 0.000000000000000000e+00
3.900000000000000000e+01 -1.105931999999999960e+01 -9.568419999999999703e+00 0.000000000000000000e+00
4.000000000000000000e+01 -1.151253999999999955e+01 -7.472050000000000303e+00 0.000000000000000000e+00
4.100000000000000000e+01 -1.199052000000000007e+01 -5.381280000000000285e+00 0.000000000000000000e+00
4.200000000000000000e+01 -1.245500999999999969e+01 -3.235939999999999817e+00 0.000000000000000000e+00
4.300000000000000000e+01 -1.452443000000000062e+01 -2.693560000000000176e+00 0.000000000000000000e+00
4.400000000000000000e+01 -1.294379999999999953e+01 -1.188350000000000017e+00 0.000000000000000000e+00
4.500000000000000000e+01 -1.493322000000000038e+01 -5.916000000000000147e-01 0.000000000000000000e+00
4.600000000000000000e+01 -1.333543000000000056e+01 8.682299999999999462e-01 0.000000000000000000e+00
4.700000000000000000e+01 -1.173082999999999920e+01 2.391539999999999999e+00 0.000000000000000000e+00
4.800000000000000000e+01 -1.213034999999999997e+01 4.518550000000000288e+00 0.000000000000000000e+00
4.900000000000000000e+01 -1.246729999999999983e+01 6.588090000000000224e+00 0.000000000000000000e+00
5.000000000000000000e+01 -1.270012000000000008e+01 8.650660000000000238e+00 0.000000000000000000e+00
5.100000000000000000e+01 -1.115203999999999951e+01 1.028195999999999977e+01 0.000000000000000000e+00
5.200000000000000000e+01 -1.132756999999999969e+01 1.234507999999999939e+01 0.000000000000000000e+00
5.300000000000000000e+01 -1.149141000000000012e+01 1.447952000000000083e+01 0.000000000000000000e+00
5.400000000000000000e+01 -8.554510000000000502e+00 -1.784929999999999950e+01 0.000000000000000000e+00
5.500000000000000000e+01 -7.434890000000000221e+00 -1.433708999999999989e+01 0.000000000000000000e+00
5.600000000000000000e+01 -8.549749999999999517e+00 -1.226218000000000075e+01 0.000000000000000000e+00
5.700000000000000000e+01 -9.042189999999999728e+00 -1.018351000000000006e+01 0.000000000000000000e+00
5.800000000000000000e+01 -9.415060000000000429e+00 -8.133150000000000546e+00 0.000000000000000000e+00
5.900000000000000000e+01 -9.972360000000000113e+00 -6.020940000000000403e+00 0.000000000000000000e+00
6.000000000000000000e+01 -1.027721000000000018e+01 -3.964199999999999946e+00 0.000000000000000000e+00
6.100000000000000000e+01 -1.081433999999999962e+01 -1.916609999999999925e+00 0.000000000000000000e+00
6.200000000000000000e+01 -9.324669999999999348e+00 -3.764500000000000068e-01 0.000000000000000000e+00
6.300000000000000000e+01 -1.135134000000000043e+01 1.544200000000000017e-01 0.000000000000000000e+00
6.400000000000000000e+01 -9.807159999999999656e+00 1.634269999999999889e+00 0.000000000000000000e+00
6.500000000000000000e+01 -1.019829999999999970e+01 3.801320000000000032e+00 0.000000000000000000e+00
6.600000000000000000e+01 -1.067979000000000056e+01 8.123250000000000526e+00 0.000000000000000000e+00
6.700000000000000000e+01 -7.320789999999999687e+00 8.677640000000000242e+00 0.000000000000000000e+00
6.800000000000000000e+01 -9.180669999999999220e+00 9.590500000000000469e+00 0.000000000000000000e+00
6.900000000000000000e+01 -9.339859999999999829e+00 1.167479999999999940e+01 0.000000000000000000e+00
7.000000000000000000e+01 -9.499539999999999651e+00 1.391557000000000066e+01 0.000000000000000000e+00
7.100000000000000000e+01 -9.936600000000000321e+00 1.594319999999999915e+01 0.000000000000000000e+00
7.200000000000000000e+01 -5.432199999999999918e+00 -1.818995999999999924e+01 0.000000000000000000e+00
7.300000000000000000e+01 -6.324650000000000105e+00 -1.616835000000000022e+01 0.000000000000000000e+00
7.400000000000000000e+01 -5.873409999999999798e+00 -1.257984000000000080e+01 0.000000000000000000e+00
7.500000000000000000e+01 -7.022479999999999833e+00 -1.086796999999999969e+01 0.000000000000000000e+00
7.600000000000000000e+01 -7.415370000000000239e+00 -8.852430000000000021e+00 0.000000000000000000e+00
7.700000000000000000e+01 -7.987619999999999720e+00 -6.571920000000000428e+00 0.000000000000000000e+00
7.800000000000000000e+01 -8.280580000000000496e+00 -4.520789999999999864e+00 0.000000000000000000e+00
7.900000000000000000e+01 -8.765169999999999462e+00 -2.391680000000000028e+00 0.000000000000000000e+00
8.000000000000000000e+01 -7.175609999999999822e+00 -1.004979999999999984e+00 0.000000000000000000e+00
8.100000000000000000e+01 -7.694259999999999877e+00 9.863600000000000145e-01 0.000000000000000000e+00
8.200000000000000000e+01 -8.270590000000000330e+00 3.010749999999999815e+00 0.000000000000000000e+00
8.300000000000000000e+01 -7.809599999999999653e+00 5.139599999999999724e+00 0.000000000000000000e+00
8.400000000000000000e+01 -1.049413999999999980e+01 5.873319999999999652e+00 0.000000000000000000e+00
8.500000000000000000e+01 -4.304549999999999876e+00 1.039959999999999951e+01 0.000000000000000000e+00
8.600000000000000000e+01 -7.095480000000000231e+00 1.073094999999999999e+01 0.000000000000000000e+00
8.700000000000000000e+01 -7.406439999999999912e+00 1.290789999999999971e+01 0.000000000000000000e+00
8.800000000000000000e+01 -7.562680000000000291e+00 1.509289000000000058e+01 0.000000000000000000e+00
8.900000000000000000e+01 -7.611519999999999619e+00 1.721621000000000024e+01 0.000000000000000000e+00
9.000000000000000000e+01 -4.266400000000000192e-01 -1.903315999999999875e+01 0.000000000000000000e+00
9.100000000000000000e+01 -3.963449999999999918e+00 -1.644500999999999991e+01 0.000000000000000000e+00
9.200000000000000000e+01 -4.941849999999999632e+00 -1.452242999999999995e+01 0.000000000000000000e+00
9.300000000000000000e+01 -4.257299999999999862e+00 -1.127879000000000076e+01 0.000000000000000000e+00
9.400000000000000000e+01 -5.368649999999999700e+00 -9.288019999999999499e+00 0.000000000000000000e+00
9.500000000000000000e+01 -5.998429999999999929e+00 -7.220780000000000420e+00 0.000000000000000000e+00
9.600000000000000000e+01 -6.243350000000000399e+00 -5.103229999999999933e+00 0.000000000000000000e+00
9.700000000000000000e+01 -6.659379999999999633e+00 -3.076210000000000111e+00 0.000000000000000000e+00
9.800000000000000000e+01 -5.160619999999999763e+00 -1.574119999999999964e+00 0.000000000000000000e+00
9.900000000000000000e+01 -5.415140000000000065e+00 5.213200000000000056e-01 0.000000000000000000e+00
1.000000000000000000e+02 -6.226650000000000240e+00 2.490330000000000155e+00 0.000000000000000000e+00
1.010000000000000000e+02 -6.456599999999999895e+00 6.760670000000000179e+00 0.000000000000000000e+00
1.020000000000000000e+02 -8.768639999999999546e+00 7.015850000000000364e+00 0.000000000000000000e+00
1.030000000000000000e+02 -5.273299999999999876e+00 8.511919999999999931e+00 0.000000000000000000e+00
1.040000000000000000e+02 -5.510299999999999976e+00 1.207854000000000028e+01 0.000000000000000000e+00
1.050000000000000000e+02 -4.556180000000000341e+00 1.394238999999999962e+01 0.000000000000000000e+00
1.060000000000000000e+02 -5.723429999999999573e+00 1.607692000000000121e+01 0.000000000000000000e+00
1.070000000000000000e+02 -4.551059999999999661e+00 1.778410999999999831e+01 0.000000000000000000e+00
1.080000000000000000e+02 -3.014330000000000176e+00 -1.829367999999999839e+01 0.000000000000000000e+00
1.090000000000000000e+02 -2.237800000000000011e+00 -1.517031000000000063e+01 0.000000000000000000e+00
1.100000000000000000e+02 -3.322880000000000056e+00 -1.321202000000000076e+01 0.000000000000000000e+00
1.110000000000000000e+02 -2.002969999999999917e+00 -1.137209999999999965e+01 0.000000000000000000e+00
1.120000000000000000e+02 -3.086530000000000218e+00 -9.568459999999999965e+00 0.000000000000000000e+00
1.130000000000000000e+02 -3.989819999999999922e+00 -7.704989999999999561e+00 0.000000000000000000e+00
1.140000000000000000e+02 -3.745750000000000135e+00 -5.626829999999999998e+00 0.000000000000000000e+00
1.150000000000000000e+02 -4.657759999999999678e+00 -3.625900000000000123e+00 0.000000000000000000e+00
1.160000000000000000e+02 -3.450190000000000090e+00 1.168649999999999967e+00 0.000000000000000000e+00
1.170000000000000000e+02 -4.194650000000000212e+00 3.147839999999999971e+00 0.000000000000000000e+00
1.180000000000000000e+02 -5.649399999999999977e+00 4.609810000000000407e+00 0.000000000000000000e+00
1.190000000000000000e+02 -3.170960000000000001e+00 4.934980000000000366e+00 0.000000000000000000e+00
1.200000000000000000e+02 -4.330180000000000362e+00 6.661719999999999864e+00 0.000000000000000000e+00
1.210000000000000000e+02 -3.183629999999999960e+00 8.593830000000000524e+00 0.000000000000000000e+00
1.220000000000000000e+02 -3.349050000000000082e+00 1.223840000000000039e+01 0.000000000000000000e+00
1.230000000000000000e+02 -2.420399999999999885e+00 1.411074999999999946e+01 0.000000000000000000e+00
1.240000000000000000e+02 -3.585760000000000058e+00 1.581836999999999982e+01 0.000000000000000000e+00
1.250000000000000000e+02 -2.433549999999999880e+00 1.789395999999999987e+01 0.000000000000000000e+00
1.260000000000000000e+02 2.377060000000000173e+00 -1.880189999999999984e+01 0.000000000000000000e+00
1.270000000000000000e+02 -1.290329999999999977e+00 -1.705920000000000059e+01 0.000000000000000000e+00
1.280000000000000000e+02 -1.118179999999999952e+00 -1.334332999999999991e+01 0.000000000000000000e+00
1.290000000000000000e+02 -8.409900000000000153e-01 -9.540779999999999816e+00 0.000000000000000000e+00
1.300000000000000000e+02 -1.931000000000000050e+00 -7.763919999999999710e+00 0.000000000000000000e+00
1.310000000000000000e+02 -1.048570000000000002e+00 -5.877970000000000361e+00 0.000000000000000000e+00
1.320000000000000000e+02 -2.264139999999999819e+00 -4.155439999999999579e+00 0.000000000000000000e+00
1.330000000000000000e+02 -3.139629999999999921e+00 -2.204180000000000028e+00 0.000000000000000000e+00
1.340000000000000000e+02 -2.088890000000000136e+00 -4.084900000000000198e-01 0.000000000000000000e+00
1.350000000000000000e+02 -1.025679999999999925e+00 1.377459999999999907e+00 0.000000000000000000e+00
1.360000000000000000e+02 -2.115959999999999841e+00 3.167499999999999982e+00 0.000000000000000000e+00
1.370000000000000000e+02 -1.055879999999999930e+00 5.027160000000000295e+00 0.000000000000000000e+00
1.380000000000000000e+02 -2.149199999999999999e+00 6.790029999999999788e+00 0.000000000000000000e+00
1.390000000000000000e+02 -2.197210000000000107e+00 1.047775000000000034e+01 0.000000000000000000e+00
1.400000000000000000e+02 -1.206979999999999942e+00 1.229105000000000025e+01 0.000000000000000000e+00
1.410000000000000000e+02 -1.669299999999999951e-01 1.417886000000000024e+01 0.000000000000000000e+00
1.420000000000000000e+02 -1.243149999999999977e+00 1.598376000000000019e+01 0.000000000000000000e+00
1.430000000000000000e+02 -2.601700000000000124e-01 1.780666000000000082e+01 0.000000000000000000e+00
1.440000000000000000e+02 8.813199999999999923e-01 -1.701013999999999982e+01 0.000000000000000000e+00
1.450000000000000000e+02 -1.409700000000000120e-01 -1.516545999999999950e+01 0.000000000000000000e+00
1.460000000000000000e+02 9.849499999999999922e-01 -1.330467999999999940e+01 0.000000000000000000e+00
1.470000000000000000e+02 1.022799999999999959e-01 -1.143675999999999959e+01 0.000000000000000000e+00
1.480000000000000000e+02 2.085299999999999931e-01 -7.717380000000000351e+00 0.000000000000000000e+00
1.490000000000000000e+02 1.196250000000000036e+00 -5.891709999999999781e+00 0.000000000000000000e+00
1.500000000000000000e+02 1.181799999999999934e-01 -4.105229999999999713e+00 0.000000000000000000e+00
1.510000000000000000e+02 -1.005570000000000075e+00 -2.346060000000000034e+00 0.000000000000000000e+00
1.520000000000000000e+02 -2.900000000000000017e-04 -4.867799999999999905e-01 0.000000000000000000e+00
1.530000000000000000e+02 1.110389999999999988e+00 1.330049999999999955e+00 0.000000000000000000e+00
1.540000000000000000e+02 1.298999999999999981e-02 3.180670000000000108e+00 0.000000000000000000e+00
1.550000000000000000e+02 1.053889999999999993e+00 4.995989999999999931e+00 0.000000000000000000e+00
1.560000000000000000e+02 -4.132999999999999868e-02 6.873339999999999783e+00 0.000000000000000000e+00
1.570000000000000000e+02 -1.100789999999999935e+00 8.687670000000000670e+00 0.000000000000000000e+00
1.580000000000000000e+02 -1.181399999999999950e-01 1.051805000000000057e+01 0.000000000000000000e+00
1.590000000000000000e+02 9.115499999999999714e-01 1.237334000000000067e+01 0.000000000000000000e+00
1.600000000000000000e+02 9.437900000000000178e-01 1.596929000000000087e+01 0.000000000000000000e+00
1.610000000000000000e+02 1.941380000000000106e+00 1.791188000000000002e+01 0.000000000000000000e+00
1.620000000000000000e+02 3.111299999999999955e+00 -1.688110999999999962e+01 0.000000000000000000e+00
1.630000000000000000e+02 1.928949999999999942e+00 -1.516511999999999993e+01 0.000000000000000000e+00
1.640000000000000000e+02 2.184810000000000141e+00 -1.142627000000000059e+01 0.000000000000000000e+00
1.650000000000000000e+02 1.213859999999999939e+00 -9.589199999999999946e+00 0.000000000000000000e+00
1.660000000000000000e+02 2.277340000000000142e+00 -7.704620000000000246e+00 0.000000000000000000e+00
1.670000000000000000e+02 3.306010000000000115e+00 -5.873569999999999958e+00 0.000000000000000000e+00
1.680000000000000000e+02 2.263790000000000191e+00 -4.025900000000000034e+00 0.000000000000000000e+00
1.690000000000000000e+02 1.074510000000000076e+00 -2.281750000000000167e+00 0.000000000000000000e+00
1.700000000000000000e+02 2.187349999999999905e+00 -4.434100000000000263e-01 0.000000000000000000e+00
1.710000000000000000e+02 3.221740000000000048e+00 1.412279999999999980e+00 0.000000000000000000e+00
1.720000000000000000e+02 2.175180000000000113e+00 3.238119999999999887e+00 0.000000000000000000e+00
1.730000000000000000e+02 3.157430000000000181e+00 5.064460000000000406e+00 0.000000000000000000e+00
1.740000000000000000e+02 2.145410000000000039e+00 6.873549999999999827e+00 0.000000000000000000e+00
1.750000000000000000e+02 1.017810000000000104e+00 8.697850000000000747e+00 0.000000000000000000e+00
1.760000000000000000e+02 2.015629999999999811e+00 1.057219000000000086e+01 0.000000000000000000e+00
1.770000000000000000e+02 2.033510000000000151e+00 1.422062999999999988e+01 0.000000000000000000e+00
1.780000000000000000e+02 3.095819999999999794e+00 1.616597000000000151e+01 0.000000000000000000e+00
1.790000000000000000e+02 -4.175799999999999734e+00 1.984336000000000055e+01 0.000000000000000000e+00
1.800000000000000000e+02 5.330890000000000128e+00 -1.714812999999999832e+01 0.000000000000000000e+00
1.810000000000000000e+02 3.232330000000000148e+00 -1.335143000000000058e+01 0.000000000000000000e+00
1.820000000000000000e+02 4.269359999999999822e+00 -1.142412000000000027e+01 0.000000000000000000e+00
1.830000000000000000e+02 3.363960000000000061e+00 -9.487640000000000740e+00 0.000000000000000000e+00
1.840000000000000000e+02 4.375799999999999912e+00 -7.650039999999999729e+00 0.000000000000000000e+00
1.850000000000000000e+02 5.410709999999999908e+00 -5.813539999999999708e+00 0.000000000000000000e+00
1.860000000000000000e+02 4.323159999999999670e+00 -4.025109999999999744e+00 0.000000000000000000e+00
1.870000000000000000e+02 3.313480000000000203e+00 -2.195129999999999804e+00 0.000000000000000000e+00
1.880000000000000000e+02 4.254629999999999690e+00 -3.704999999999999960e-01 0.000000000000000000e+00
1.890000000000000000e+02 4.224619999999999820e+00 3.230519999999999836e+00 0.000000000000000000e+00
1.900000000000000000e+02 5.255250000000000199e+00 5.165569999999999773e+00 0.000000000000000000e+00
1.910000000000000000e+02 4.243210000000000370e+00 6.972579999999999778e+00 0.000000000000000000e+00
1.920000000000000000e+02 3.174589999999999801e+00 8.746430000000000149e+00 0.000000000000000000e+00
1.930000000000000000e+02 4.098160000000000025e+00 1.062420999999999971e+01 0.000000000000000000e+00
1.940000000000000000e+02 3.081760000000000055e+00 1.242223000000000077e+01 0.000000000000000000e+00
1.950000000000000000e+02 4.122069999999999901e+00 1.435914000000000001e+01 0.000000000000000000e+00
1.960000000000000000e+02 4.190850000000000186e+00 1.821214000000000155e+01 0.000000000000000000e+00
1.970000000000000000e+02 -1.490739999999999954e+00 1.974509000000000114e+01 0.000000000000000000e+00
1.980000000000000000e+02 4.246190000000000353e+00 -1.514868000000000059e+01 0.000000000000000000e+00
1.990000000000000000e+02 5.362870000000000026e+00 -1.329495999999999967e+01 0.000000000000000000e+00
2.000000000000000000e+02 6.440190000000000303e+00 -1.148611000000000004e+01 0.000000000000000000e+00
2.010000000000000000e+02 5.419880000000000031e+00 -9.594099999999999184e+00 0.000000000000000000e+00
2.020000000000000000e+02 6.479940000000000033e+00 -7.658360000000000056e+00 0.000000000000000000e+00
2.030000000000000000e+02 7.531200000000000117e+00 -5.829180000000000028e+00 0.000000000000000000e+00
2.040000000000000000e+02 6.442849999999999966e+00 -4.025529999999999831e+00 0.000000000000000000e+00
2.050000000000000000e+02 5.377030000000000420e+00 -2.171110000000000095e+00 0.000000000000000000e+00
2.060000000000000000e+02 6.396370000000000111e+00 -3.097400000000000153e-01 0.000000000000000000e+00
2.070000000000000000e+02 5.287250000000000227e+00 1.426020000000000065e+00 0.000000000000000000e+00
2.080000000000000000e+02 6.398810000000000109e+00 3.372840000000000060e+00 0.000000000000000000e+00
2.090000000000000000e+02 6.356010000000000382e+00 7.093119999999999870e+00 0.000000000000000000e+00
2.100000000000000000e+02 5.334920000000000329e+00 8.926090000000000302e+00 0.000000000000000000e+00
2.110000000000000000e+02 6.216210000000000235e+00 1.078683999999999976e+01 0.000000000000000000e+00
2.120000000000000000e+02 5.162440000000000140e+00 1.256062000000000012e+01 0.000000000000000000e+00
2.130000000000000000e+02 6.341079999999999828e+00 1.430878000000000050e+01 0.000000000000000000e+00
2.140000000000000000e+02 5.239880000000000315e+00 1.615346999999999866e+01 0.000000000000000000e+00
2.150000000000000000e+02 9.005300000000000527e-01 1.983708000000000027e+01 0.000000000000000000e+00
2.160000000000000000e+02 6.297229999999999883e+00 -1.531484999999999985e+01 0.000000000000000000e+00
2.170000000000000000e+02 7.433250000000000135e+00 -1.337659999999999982e+01 0.000000000000000000e+00
2.180000000000000000e+02 8.515650000000000830e+00 -1.149868000000000023e+01 0.000000000000000000e+00
2.190000000000000000e+02 7.503009999999999735e+00 -9.568210000000000548e+00 0.000000000000000000e+00
2.200000000000000000e+02 8.625000000000000000e+00 -7.790429999999999744e+00 0.000000000000000000e+00
2.210000000000000000e+02 9.623929999999999652e+00 -5.893430000000000391e+00 0.000000000000000000e+00
2.220000000000000000e+02 8.546359999999999957e+00 -3.980249999999999844e+00 0.000000000000000000e+00
2.230000000000000000e+02 7.535759999999999792e+00 -2.158459999999999823e+00 0.000000000000000000e+00
2.240000000000000000e+02 8.540190000000000836e+00 -3.133099999999999774e-01 0.000000000000000000e+00
2.250000000000000000e+02 7.379970000000000141e+00 1.515079999999999982e+00 0.000000000000000000e+00
2.260000000000000000e+02 8.482160000000000366e+00 3.277499999999999858e+00 0.000000000000000000e+00
2.270000000000000000e+02 7.388119999999999798e+00 5.229449999999999932e+00 0.000000000000000000e+00
2.280000000000000000e+02 8.413959999999999440e+00 7.065760000000000041e+00 0.000000000000000000e+00
2.290000000000000000e+02 7.449600000000000222e+00 8.899540000000000006e+00 0.000000000000000000e+00
2.300000000000000000e+02 7.552800000000000402e+00 1.246495999999999960e+01 0.000000000000000000e+00
2.310000000000000000e+02 8.590049999999999741e+00 1.425165999999999933e+01 0.000000000000000000e+00
2.320000000000000000e+02 7.456640000000000157e+00 1.606732999999999834e+01 0.000000000000000000e+00
2.330000000000000000e+02 6.425580000000000069e+00 1.798562000000000083e+01 0.000000000000000000e+00
2.340000000000000000e+02 7.573349999999999582e+00 -1.707964000000000127e+01 0.000000000000000000e+00
2.350000000000000000e+02 8.594440000000000524e+00 -1.524583999999999939e+01 0.000000000000000000e+00
2.360000000000000000e+02 9.663940000000000197e+00 -1.343187999999999960e+01 0.000000000000000000e+00
2.370000000000000000e+02 9.665850000000000719e+00 -9.681229999999999336e+00 0.000000000000000000e+00
2.380000000000000000e+02 1.075858000000000025e+01 -7.845399999999999707e+00 0.000000000000000000e+00
2.390000000000000000e+02 1.175778999999999996e+01 -5.956240000000000201e+00 0.000000000000000000e+00
2.400000000000000000e+02 1.067256000000000071e+01 -3.898950000000000138e+00 0.000000000000000000e+00
2.410000000000000000e+02 9.594189999999999330e+00 -2.142129999999999868e+00 0.000000000000000000e+00
2.420000000000000000e+02 1.061255000000000059e+01 -2.951199999999999934e-01 0.000000000000000000e+00
2.430000000000000000e+02 9.644450000000000855e+00 1.519030000000000102e+00 0.000000000000000000e+00
2.440000000000000000e+02 1.065484000000000009e+01 3.305089999999999861e+00 0.000000000000000000e+00
2.450000000000000000e+02 9.534810000000000230e+00 5.141110000000000291e+00 0.000000000000000000e+00
2.460000000000000000e+02 1.053248999999999924e+01 6.962710000000000399e+00 0.000000000000000000e+00
2.470000000000000000e+02 9.669959999999999667e+00 8.884819999999999496e+00 0.000000000000000000e+00
2.480000000000000000e+02 8.663899999999999935e+00 1.068396000000000079e+01 0.000000000000000000e+00
2.490000000000000000e+02 9.794159999999999755e+00 1.256448999999999927e+01 0.000000000000000000e+00
2.500000000000000000e+02 1.109942000000000029e+01 1.439727000000000068e+01 0.000000000000000000e+00
2.510000000000000000e+02 9.737040000000000362e+00 1.620901999999999887e+01 0.000000000000000000e+00
2.520000000000000000e+02 9.660759999999999792e+00 -1.704149999999999920e+01 0.000000000000000000e+00
2.530000000000000000e+02 1.087264000000000053e+01 -1.523367000000000004e+01 0.000000000000000000e+00
2.540000000000000000e+02 1.068924999999999947e+01 -1.147958999999999996e+01 0.000000000000000000e+00
2.550000000000000000e+02 1.176262999999999970e+01 -9.667759999999999465e+00 0.000000000000000000e+00
2.560000000000000000e+02 1.284721000000000046e+01 -7.806700000000000195e+00 0.000000000000000000e+00
2.570000000000000000e+02 1.387941999999999965e+01 -5.901239999999999597e+00 0.000000000000000000e+00
2.580000000000000000e+02 1.275449000000000055e+01 -4.153330000000000410e+00 0.000000000000000000e+00
2.590000000000000000e+02 1.184817999999999927e+01 -2.125379999999999825e+00 0.000000000000000000e+00
2.600000000000000000e+02 1.287447000000000052e+01 -3.371100000000000207e-01 0.000000000000000000e+00
2.610000000000000000e+02 1.175167000000000073e+01 1.466839999999999922e+00 0.000000000000000000e+00
2.620000000000000000e+02 1.278332999999999942e+01 3.278439999999999799e+00 0.000000000000000000e+00
2.630000000000000000e+02 1.383994000000000035e+01 5.057680000000000398e+00 0.000000000000000000e+00
2.640000000000000000e+02 1.160277999999999921e+01 5.141670000000000407e+00 0.000000000000000000e+00
2.650000000000000000e+02 1.181372999999999962e+01 8.772740000000000649e+00 0.000000000000000000e+00
2.660000000000000000e+02 1.086899999999999977e+01 1.078234999999999921e+01 0.000000000000000000e+00
2.670000000000000000e+02 1.386949000000000076e+01 8.745089999999999364e+00 0.000000000000000000e+00
2.680000000000000000e+02 1.296120999999999945e+01 1.064598999999999940e+01 0.000000000000000000e+00
2.690000000000000000e+02 1.203589999999999982e+01 1.250300000000000011e+01 0.000000000000000000e+00
2.700000000000000000e+02 1.205053000000000019e+01 -1.707363000000000142e+01 0.000000000000000000e+00
2.710000000000000000e+02 1.178688999999999965e+01 -1.332171999999999912e+01 0.000000000000000000e+00
2.720000000000000000e+02 1.276027000000000022e+01 -1.148446999999999996e+01 0.000000000000000000e+00
2.730000000000000000e+02 1.395564000000000071e+01 -9.639020000000000366e+00 0.000000000000000000e+00
2.740000000000000000e+02 1.494403999999999932e+01 -7.795779999999999710e+00 0.000000000000000000e+00
2.750000000000000000e+02 1.599070999999999998e+01 -6.000899999999999679e+00 0.000000000000000000e+00
2.760000000000000000e+02 1.498985000000000056e+01 -4.144029999999999880e+00 0.000000000000000000e+00
2.770000000000000000e+02 1.402352999999999916e+01 -2.239129999999999843e+00 0.000000000000000000e+00
2.780000000000000000e+02 1.500404999999999944e+01 -3.884500000000000175e-01 0.000000000000000000e+00
2.790000000000000000e+02 1.388076000000000043e+01 1.496269999999999989e+00 0.000000000000000000e+00
2.800000000000000000e+02 1.501341000000000037e+01 3.286449999999999871e+00 0.000000000000000000e+00
2.810000000000000000e+02 1.709666999999999959e+01 3.424789999999999779e+00 0.000000000000000000e+00
2.820000000000000000e+02 1.272546999999999962e+01 6.877779999999999561e+00 0.000000000000000000e+00
2.830000000000000000e+02 1.620870999999999995e+01 5.280680000000000263e+00 0.000000000000000000e+00
2.840000000000000000e+02 1.486190999999999995e+01 6.861839999999999939e+00 0.000000000000000000e+00
2.850000000000000000e+02 1.761241000000000057e+01 6.938439999999999941e+00 0.000000000000000000e+00
2.860000000000000000e+02 1.601601000000000141e+01 8.623219999999999885e+00 0.000000000000000000e+00
2.870000000000000000e+02 1.505463999999999913e+01 1.048544000000000054e+01 0.000000000000000000e+00
2.880000000000000000e+02 1.295594000000000001e+01 -1.508066999999999958e+01 0.000000000000000000e+00
2.890000000000000000e+02 1.398332000000000086e+01 -1.315019000000000027e+01 0.000000000000000000e+00
2.900000000000000000e+02 1.518974000000000046e+01 -1.148326999999999920e+01 0.000000000000000000e+00
2.910000000000000000e+02 1.606119999999999948e+01 -9.586159999999999570e+00 0.000000000000000000e+00
2.920000000000000000e+02 1.715416000000000096e+01 -7.745269999999999655e+00 0.000000000000000000e+00
2.930000000000000000e+02 1.715245000000000175e+01 -4.160910000000000331e+00 0.000000000000000000e+00
2.940000000000000000e+02 1.855921999999999983e+01 -6.212679999999999758e+00 0.000000000000000000e+00
2.950000000000000000e+02 1.614989999999999881e+01 -2.314029999999999809e+00 0.000000000000000000e+00
2.960000000000000000e+02 1.883824999999999861e+01 -2.717560000000000198e+00 0.000000000000000000e+00
2.970000000000000000e+02 1.712855000000000061e+01 -2.680899999999999950e-01 0.000000000000000000e+00
2.980000000000000000e+02 1.607217999999999947e+01 1.508320000000000105e+00 0.000000000000000000e+00
2.990000000000000000e+02 1.866552000000000078e+01 1.834510000000000085e+00 0.000000000000000000e+00
