0.000000000000000000e+00 -1.469055999999999962e+01 -1.441309000000000040e+01 0.000000000000000000e+00
1.000000000000000000e+00 -1.539691000000000010e+01 -1.233419999999999916e+01 0.000000000000000000e+00
2.000000000000000000e+00 -1.596421999999999919e+01 -1.035039000000000087e+01 0.000000000000000000e+00
3.000000000000000000e+00 -1.618171999999999855e+01 -8.129730000000000345e+00 0.000000000000000000e+00
4.000000000000000000e+00 -1.661263999999999896e+01 -6.090519999999999712e+00 0.000000000000000000e+00
5.000000000000000000e+00 -1.877096999999999838e+01 -5.549909999999999677e+00 0.000000000000000000e+00
6.000000000000000000e+00 -1.717400999999999911e+01 -4.068380000000000329e+00 0.000000000000000000e+00
7.000000000000000000e+00 -1.778792999999999935e+01 -1.998510000000000009e+00 0.000000000000000000e+00
8.000000000000000000e+00 -1.605441000000000074e+01 -4.880300000000000193e-01 0.000000000000000000e+00
9.000000000000000000e+00 -1.951249999999999929e+01 -3.386909999999999865e+00 0.000000000000000000e+00
1.000000000000000000e+01 -1.874843999999999866e+01 1.891680000000000028e+00 0.000000000000000000e+00
1.100000000000000000e+01 -1.921394000000000091e+01 4.159349999999999881e+00 0.000000000000000000e+00
1.200000000000000000e+01 -1.765884000000000142e+01 5.746439999999999770e+00 0.000000000000000000e+00
1.300000000000000000e+01 -1.616348999999999947e+01 7.308889999999999887e+00 0.000000000000000000e+00
1.400000000000000000e+01 -1.448649999999999949e+01 8.605750000000000455e+00 0.000000000000000000e+00
1.500000000000000000e+01 -1.528811999999999927e+01 1.054041999999999923e+01 0.000000000000000000e+00
1.600000000000000000e+01 -1.389802000000000071e+01 1.205208999999999975e+01 0.000000000000000000e+00
1.700000000000000000e+01 -1.225563000000000002e+01 1.356633000000000067e+01 0.000000000000000000e+00
1.800000000000000000e+01 -1.269163999999999959e+01 -1.505078999999999922e+01 0.000000000000000000e+00
1.900000000000000000e+01 -1.333431999999999995e+01 -1.282108999999999988e+01 0.000000000000000000e+00
2.000000000000000000e+01 -1.384308000000000050e+01 -1.080217999999999989e+01 0.000000000000000000e+00
2.100000000000000000e+01 -1.412945000000000029e+01 -8.725979999999999848e+00 0.000000000000000000e+00
2.200000000000000000e+01 -1.459746999999999950e+01 -6.672900000000000276e+00 0.000000000000000000e+00
2.300000000000000000e+01 -1.506348999999999982e+01 -4.598019999999999996e+00 0.000000000000000000e+00
2.400000000000000000e+01 -1.355183000000000071e+01 -3.111369999999999969e+00 0.000000000000000000e+00
2.500000000000000000e+01 -1.556392999999999915e+01 -2.518040000000000056e+00 0.000000000000000000e+00
2.600000000000000000e+01 -1.405231999999999992e+01 -1.092389999999999972e+00 0.000000000000000000e+00
2.700000000000000000e+01 -1.665538000000000096e+01 1.596340000000000092e+00 0.000000000000000000e+00
2.800000000000000000e+01 -1.516212999999999944e+01 3.080049999999999955e+00 0.000000000000000000e+00
2.900000000000000000e+01 -1.719672999999999874e+01 3.635289999999999910e+00 0.000000000000000000e+00
3.000000000000000000e+01 -1.558361000000000018e+01 5.223469999999999835e+00 0.000000000000000000e+00
3.100000000000000000e+01 -1.397852999999999923e+01 6.586490000000000400e+00 0.000000000000000000e+00
3.200000000000000000e+01 -1.305017999999999923e+01 1.010591999999999935e+01 0.000000000000000000e+00
3.300000000000000000e+01 -1.153722999999999921e+01 1.151614000000000004e+01 0.000000000000000000e+00
3.400000000000000000e+01 -1.076750000000000007e+01 1.500237000000000087e+01 0.000000000000000000e+00
3.500000000000000000e+01 -1.440385000000000026e+01 1.423325999999999958e+01 0.000000000000000000e+00
3.600000000000000000e+01 -1.067976999999999954e+01 -1.564239000000000068e+01 0.000000000000000000e+00
3.700000000000000000e+01 -1.121393999999999913e+01 -1.361547999999999981e+01 0.000000000000000000e+00
3.800000000000000000e+01 -1.167695999999999934e+01 -1.159096000000000082e+01 0.000000000000000000e+00
3.900000000000000000e+01 -1.213772999999999946e+01 -9.409689999999999444e+00 0.000000000000000000e+00
4.000000000000000000e+01 -1.261801999999999957e+01 -7.306140000000000079e+00 0.000000000000000000e+00
4.100000000000000000e+01 -1.300107999999999997e+01 -5.154329999999999856e+00 0.000000000000000000e+00
4.200000000000000000e+01 -1.152097000000000016e+01 -3.677779999999999827e+00 0.000000000000000000e+00
4.300000000000000000e+01 -1.203842000000000034e+01 -1.497419999999999973e+00 0.000000000000000000e+00
4.400000000000000000e+01 -1.257377999999999929e+01 5.628800000000000470e-01 0.000000000000000000e+00
4.500000000000000000e+01 -1.464644999999999975e+01 1.078049999999999953e+00 0.000000000000000000e+00
4.600000000000000000e+01 -1.300591000000000008e+01 2.570829999999999949e+00 0.000000000000000000e+00
4.700000000000000000e+01 -1.357301000000000002e+01 4.550720000000000098e+00 0.000000000000000000e+00
4.800000000000000000e+01 -1.188654999999999973e+01 6.033640000000000114e+00 0.000000000000000000e+00
4.900000000000000000e+01 -1.248673999999999928e+01 8.011639999999999873e+00 0.000000000000000000e+00
5.000000000000000000e+01 -1.099564999999999948e+01 9.465080000000000382e+00 0.000000000000000000e+00
5.100000000000000000e+01 -1.012770000000000081e+01 1.303661999999999921e+01 0.000000000000000000e+00
5.200000000000000000e+01 -9.334239999999999426e+00 1.661676999999999893e+01 0.000000000000000000e+00
5.300000000000000000e+01 -7.677240000000000286e+00 1.821125999999999934e+01 0.000000000000000000e+00
5.400000000000000000e+01 -8.697599999999999554e+00 -1.630248999999999882e+01 0.000000000000000000e+00
5.500000000000000000e+01 -9.174120000000000275e+00 -1.414231999999999978e+01 0.000000000000000000e+00
5.600000000000000000e+01 -9.570389999999999731e+00 -1.201510000000000034e+01 0.000000000000000000e+00
5.700000000000000000e+01 -1.009083000000000041e+01 -9.863939999999999486e+00 0.000000000000000000e+00
5.800000000000000000e+01 -1.060472000000000037e+01 -7.854160000000000252e+00 0.000000000000000000e+00
5.900000000000000000e+01 -1.103876999999999953e+01 -5.804669999999999774e+00 0.000000000000000000e+00
6.000000000000000000e+01 -9.522719999999999629e+00 -4.317470000000000141e+00 0.000000000000000000e+00
6.100000000000000000e+01 -1.007146999999999970e+01 -2.196379999999999999e+00 0.000000000000000000e+00
6.200000000000000000e+01 -1.048715999999999937e+01 -1.018400000000000000e-01 0.000000000000000000e+00
6.300000000000000000e+01 -1.094209999999999994e+01 1.943629999999999969e+00 0.000000000000000000e+00
6.400000000000000000e+01 -1.146782999999999930e+01 3.979800000000000004e+00 0.000000000000000000e+00
6.500000000000000000e+01 -9.884069999999999467e+00 5.399449999999999861e+00 0.000000000000000000e+00
6.600000000000000000e+01 -1.040493000000000023e+01 7.475839999999999819e+00 0.000000000000000000e+00
6.700000000000000000e+01 -8.896300000000000097e+00 8.941359999999999530e+00 0.000000000000000000e+00
6.800000000000000000e+01 -9.537399999999999878e+00 1.098390999999999984e+01 0.000000000000000000e+00
6.900000000000000000e+01 -8.618460000000000676e+00 1.447897000000000034e+01 0.000000000000000000e+00
7.000000000000000000e+01 -7.153059999999999974e+00 1.591619999999999990e+01 0.000000000000000000e+00
7.100000000000000000e+01 -5.606720000000000148e+00 1.756428999999999974e+01 0.000000000000000000e+00
7.200000000000000000e+01 -6.781889999999999752e+00 -1.708485999999999905e+01 0.000000000000000000e+00
7.300000000000000000e+01 -7.184940000000000104e+00 -1.479072000000000031e+01 0.000000000000000000e+00
7.400000000000000000e+01 -7.582060000000000244e+00 -1.265587999999999980e+01 0.000000000000000000e+00
7.500000000000000000e+01 -8.050069999999999837e+00 -1.051045000000000051e+01 0.000000000000000000e+00
7.600000000000000000e+01 -8.490579999999999572e+00 -8.447869999999999990e+00 0.000000000000000000e+00
7.700000000000000000e+01 -8.968429999999999680e+00 -6.408549999999999969e+00 0.000000000000000000e+00
7.800000000000000000e+01 -7.465729999999999755e+00 -4.930600000000000094e+00 0.000000000000000000e+00
7.900000000000000000e+01 -8.097310000000000230e+00 -2.773930000000000007e+00 0.000000000000000000e+00
8.000000000000000000e+01 -8.463179999999999481e+00 -6.847600000000000353e-01 0.000000000000000000e+00
8.100000000000000000e+01 -8.916909999999999670e+00 1.355220000000000091e+00 0.000000000000000000e+00
8.200000000000000000e+01 -9.435610000000000497e+00 3.374010000000000176e+00 0.000000000000000000e+00
8.300000000000000000e+01 -7.912440000000000140e+00 4.781539999999999679e+00 0.000000000000000000e+00
8.400000000000000000e+01 -8.412209999999999965e+00 6.923630000000000173e+00 0.000000000000000000e+00
8.500000000000000000e+01 -7.389310000000000045e+00 1.046449999999999925e+01 0.000000000000000000e+00
8.600000000000000000e+01 -7.886879999999999669e+00 1.246378999999999948e+01 0.000000000000000000e+00
8.700000000000000000e+01 -6.417530000000000179e+00 1.393862000000000023e+01 0.000000000000000000e+00
8.800000000000000000e+01 -5.062920000000000087e+00 1.554519999999999946e+01 0.000000000000000000e+00
8.900000000000000000e+01 -3.530829999999999913e+00 1.699989000000000061e+01 0.000000000000000000e+00
9.000000000000000000e+01 -1.187799999999999967e+00 -2.029217999999999833e+01 0.000000000000000000e+00
9.100000000000000000e+01 -5.140159999999999840e+00 -1.527407000000000004e+01 0.000000000000000000e+00
9.200000000000000000e+01 -5.590099999999999625e+00 -1.323692999999999920e+01 0.000000000000000000e+00
9.300000000000000000e+01 -6.042239999999999611e+00 -1.111388999999999960e+01 0.000000000000000000e+00
9.400000000000000000e+01 -6.464710000000000178e+00 -9.044940000000000424e+00 0.000000000000000000e+00
9.500000000000000000e+01 -6.958450000000000024e+00 -6.936219999999999608e+00 0.000000000000000000e+00
9.600000000000000000e+01 -5.992989999999999817e+00 -3.477920000000000122e+00 0.000000000000000000e+00
9.700000000000000000e+01 -6.525360000000000049e+00 -1.427240000000000064e+00 0.000000000000000000e+00
9.800000000000000000e+01 -6.919439999999999813e+00 7.072100000000000053e-01 0.000000000000000000e+00
9.900000000000000000e+01 -5.398039999999999949e+00 2.247160000000000046e+00 0.000000000000000000e+00
1.000000000000000000e+02 -7.397540000000000227e+00 2.762700000000000156e+00 0.000000000000000000e+00
1.010000000000000000e+02 -5.889719999999999622e+00 4.258390000000000342e+00 0.000000000000000000e+00
1.020000000000000000e+02 -6.836999999999999744e+00 8.354290000000000660e+00 0.000000000000000000e+00
1.030000000000000000e+02 -5.344289999999999985e+00 9.843840000000000146e+00 0.000000000000000000e+00
1.040000000000000000e+02 -5.897260000000000169e+00 1.189382999999999946e+01 0.000000000000000000e+00
1.050000000000000000e+02 -4.431129999999999569e+00 1.340316999999999936e+01 0.000000000000000000e+00
1.060000000000000000e+02 -2.964080000000000048e+00 1.497948000000000057e+01 0.000000000000000000e+00
1.070000000000000000e+02 -1.677629999999999955e+00 1.858772000000000091e+01 0.000000000000000000e+00
1.080000000000000000e+02 -4.579880000000000173e+00 -1.762490999999999985e+01 0.000000000000000000e+00
1.090000000000000000e+02 -3.610399999999999832e+00 -1.390180999999999933e+01 0.000000000000000000e+00
1.100000000000000000e+02 -4.055559999999999832e+00 -1.173615999999999993e+01 0.000000000000000000e+00
1.110000000000000000e+02 -4.461969999999999992e+00 -9.706260000000000332e+00 0.000000000000000000e+00
1.120000000000000000e+02 -4.974380000000000024e+00 -7.549070000000000391e+00 0.000000000000000000e+00
1.130000000000000000e+02 -5.457900000000000418e+00 -5.513609999999999900e+00 0.000000000000000000e+00
1.140000000000000000e+02 -3.436329999999999885e+00 -6.099579999999999558e+00 0.000000000000000000e+00
1.150000000000000000e+02 -4.004129999999999967e+00 -4.048070000000000057e+00 0.000000000000000000e+00
1.160000000000000000e+02 -4.545639999999999681e+00 -2.012459999999999916e+00 0.000000000000000000e+00
1.170000000000000000e+02 -4.955829999999999735e+00 4.757999999999999730e-02 0.000000000000000000e+00
1.180000000000000000e+02 -3.462279999999999802e+00 1.482520000000000060e+00 0.000000000000000000e+00
1.190000000000000000e+02 -6.380849999999999689e+00 6.263899999999999579e+00 0.000000000000000000e+00
1.200000000000000000e+02 -4.853299999999999947e+00 7.663899999999999935e+00 0.000000000000000000e+00
1.210000000000000000e+02 -3.381240000000000023e+00 9.158609999999999474e+00 0.000000000000000000e+00
1.220000000000000000e+02 -3.900650000000000173e+00 1.133397000000000077e+01 0.000000000000000000e+00
1.230000000000000000e+02 -1.911650000000000071e+00 1.062190000000000012e+01 0.000000000000000000e+00
1.240000000000000000e+02 -2.258989999999999831e+00 1.270683000000000007e+01 0.000000000000000000e+00
1.250000000000000000e+02 -1.205270000000000064e+00 1.648236999999999952e+01 0.000000000000000000e+00
1.260000000000000000e+02 -2.338239999999999874e+00 -1.830620000000000047e+01 0.000000000000000000e+00
1.270000000000000000e+02 -3.194760000000000044e+00 -1.602603999999999829e+01 0.000000000000000000e+00
1.280000000000000000e+02 -2.114759999999999973e+00 -1.243440000000000012e+01 0.000000000000000000e+00
1.290000000000000000e+02 -2.432090000000000085e+00 -1.031392999999999915e+01 0.000000000000000000e+00
1.300000000000000000e+02 -3.009900000000000020e+00 -8.185060000000000002e+00 0.000000000000000000e+00
1.310000000000000000e+02 -1.432590000000000030e+00 -6.774009999999999643e+00 0.000000000000000000e+00
1.320000000000000000e+02 -1.766150000000000109e+00 -4.627659999999999663e+00 0.000000000000000000e+00
1.330000000000000000e+02 -2.430909999999999904e+00 -2.671710000000000029e+00 0.000000000000000000e+00
1.340000000000000000e+02 -2.971569999999999823e+00 -6.495900000000000007e-01 0.000000000000000000e+00
1.350000000000000000e+02 -1.507260000000000044e+00 8.144400000000000528e-01 0.000000000000000000e+00
1.360000000000000000e+02 -1.640660000000000007e+00 2.928199999999999914e+00 0.000000000000000000e+00
1.370000000000000000e+02 -3.654500000000000082e+00 3.589580000000000215e+00 0.000000000000000000e+00
1.380000000000000000e+02 -4.211940000000000239e+00 5.591990000000000016e+00 0.000000000000000000e+00
1.390000000000000000e+02 -2.733890000000000153e+00 7.121739999999999959e+00 0.000000000000000000e+00
1.400000000000000000e+02 -6.249799999999999800e-01 8.857150000000000745e+00 0.000000000000000000e+00
1.410000000000000000e+02 4.065799999999999970e-01 1.286644000000000077e+01 0.000000000000000000e+00
1.420000000000000000e+02 -9.798700000000000188e-01 1.440323000000000064e+01 0.000000000000000000e+00
1.430000000000000000e+02 1.132160000000000055e+00 1.958632000000000062e+01 0.000000000000000000e+00
1.440000000000000000e+02 -1.139690000000000092e+00 -1.649495999999999896e+01 0.000000000000000000e+00
1.450000000000000000e+02 -1.580859999999999932e+00 -1.444261000000000017e+01 0.000000000000000000e+00
1.460000000000000000e+02 6.948999999999999622e-02 -1.308341000000000065e+01 0.000000000000000000e+00
1.470000000000000000e+02 -4.671299999999999897e-01 -1.096224999999999916e+01 0.000000000000000000e+00
1.480000000000000000e+02 -9.458999999999999631e-01 -8.878970000000000695e+00 0.000000000000000000e+00
1.490000000000000000e+02 2.316580000000000084e+00 -7.842310000000000336e+00 0.000000000000000000e+00
1.500000000000000000e+02 6.675400000000000222e-01 -6.565299999999999692e+00 0.000000000000000000e+00
1.510000000000000000e+02 -3.549800000000000177e-01 -3.010170000000000012e+00 0.000000000000000000e+00
1.520000000000000000e+02 -1.086499999999999966e-01 -7.926999999999999602e-01 0.000000000000000000e+00
1.530000000000000000e+02 4.993600000000000261e-01 1.283390000000000031e+00 0.000000000000000000e+00
1.540000000000000000e+02 5.131200000000000205e-01 3.359430000000000138e+00 0.000000000000000000e+00
1.550000000000000000e+02 -1.719389999999999974e+00 5.012780000000000236e+00 0.000000000000000000e+00
1.560000000000000000e+02 -6.170700000000000074e-01 6.789119999999999600e+00 0.000000000000000000e+00
1.570000000000000000e+02 1.800529999999999964e+00 9.515750000000000597e+00 0.000000000000000000e+00
1.580000000000000000e+02 1.519099999999999895e-01 1.079054000000000002e+01 0.000000000000000000e+00
1.590000000000000000e+02 9.542599999999999971e-01 1.515108000000000033e+01 0.000000000000000000e+00
1.600000000000000000e+02 7.807100000000000151e-01 1.723019000000000034e+01 0.000000000000000000e+00
1.610000000000000000e+02 5.179540000000000255e+00 1.940349000000000146e+01 0.000000000000000000e+00
1.620000000000000000e+02 -1.048599999999999949e-01 -1.850125999999999848e+01 0.000000000000000000e+00
1.630000000000000000e+02 1.687789999999999901e+00 -1.729788999999999888e+01 0.000000000000000000e+00
1.640000000000000000e+02 4.397499999999999742e-01 -1.512719000000000058e+01 0.000000000000000000e+00
1.650000000000000000e+02 1.504410000000000025e+00 -1.160931000000000068e+01 0.000000000000000000e+00
1.660000000000000000e+02 1.041520000000000001e+00 -9.497510000000000119e+00 0.000000000000000000e+00
1.670000000000000000e+02 2.712390000000000079e+00 -5.811869999999999870e+00 0.000000000000000000e+00
1.680000000000000000e+02 1.190660000000000052e+00 -4.390240000000000364e+00 0.000000000000000000e+00
1.690000000000000000e+02 3.227529999999999788e+00 -3.759139999999999926e+00 0.000000000000000000e+00
1.700000000000000000e+02 1.703619999999999912e+00 -2.367440000000000211e+00 0.000000000000000000e+00
1.710000000000000000e+02 1.939349999999999907e+00 -3.057900000000000063e-01 0.000000000000000000e+00
1.720000000000000000e+02 2.495299999999999851e+00 1.831509999999999971e+00 0.000000000000000000e+00
1.730000000000000000e+02 2.629360000000000142e+00 4.008449999999999847e+00 0.000000000000000000e+00
1.740000000000000000e+02 9.417699999999999960e-01 5.380980000000000096e+00 0.000000000000000000e+00
1.750000000000000000e+02 1.366889999999999938e+00 7.399949999999999584e+00 0.000000000000000000e+00
1.760000000000000000e+02 2.064499999999999780e+00 1.158309000000000033e+01 0.000000000000000000e+00
1.770000000000000000e+02 2.374070000000000125e+00 1.363977000000000039e+01 0.000000000000000000e+00
1.780000000000000000e+02 2.894060000000000077e+00 1.589963999999999977e+01 0.000000000000000000e+00
1.790000000000000000e+02 2.709000000000000075e+00 1.794902000000000086e+01 0.000000000000000000e+00
1.800000000000000000e+02 2.104719999999999924e+00 -1.932922999999999902e+01 0.000000000000000000e+00
1.810000000000000000e+02 2.498689999999999856e+00 -1.539541000000000004e+01 0.000000000000000000e+00
1.820000000000000000e+02 2.808640000000000025e+00 -1.322429999999999950e+01 0.000000000000000000e+00
1.830000000000000000e+02 3.560989999999999878e+00 -1.128992000000000040e+01 0.000000000000000000e+00
1.840000000000000000e+02 3.884250000000000203e+00 -9.219300000000000495e+00 0.000000000000000000e+00
1.850000000000000000e+02 4.408540000000000347e+00 -7.195170000000000066e+00 0.000000000000000000e+00
1.860000000000000000e+02 4.892330000000000290e+00 -5.127769999999999939e+00 0.000000000000000000e+00
1.870000000000000000e+02 5.247969999999999580e+00 -3.007960000000000189e+00 0.000000000000000000e+00
1.880000000000000000e+02 3.656639999999999890e+00 -1.687820000000000098e+00 0.000000000000000000e+00
1.890000000000000000e+02 3.973180000000000156e+00 3.783900000000000041e-01 0.000000000000000000e+00
1.900000000000000000e+02 4.415269999999999584e+00 2.590710000000000068e+00 0.000000000000000000e+00
1.910000000000000000e+02 4.710950000000000415e+00 4.635299999999999976e+00 0.000000000000000000e+00
1.920000000000000000e+02 2.985170000000000101e+00 6.065760000000000041e+00 0.000000000000000000e+00
1.930000000000000000e+02 3.370810000000000084e+00 8.147990000000000066e+00 0.000000000000000000e+00
1.940000000000000000e+02 3.770430000000000170e+00 1.027205999999999975e+01 0.000000000000000000e+00
1.950000000000000000e+02 4.028959999999999653e+00 1.236152000000000051e+01 0.000000000000000000e+00
1.960000000000000000e+02 4.329659999999999620e+00 1.442600000000000016e+01 0.000000000000000000e+00
1.970000000000000000e+02 4.781889999999999752e+00 1.686645000000000039e+01 0.000000000000000000e+00
1.980000000000000000e+02 4.059319999999999595e+00 -1.691223000000000098e+01 0.000000000000000000e+00
1.990000000000000000e+02 4.793490000000000251e+00 -1.481255999999999950e+01 0.000000000000000000e+00
2.000000000000000000e+02 5.092439999999999856e+00 -1.269059000000000026e+01 0.000000000000000000e+00
2.010000000000000000e+02 5.580110000000000348e+00 -1.061655999999999977e+01 0.000000000000000000e+00
2.020000000000000000e+02 6.064689999999999692e+00 -8.585000000000000853e+00 0.000000000000000000e+00
2.030000000000000000e+02 6.459419999999999717e+00 -6.493100000000000094e+00 0.000000000000000000e+00
2.040000000000000000e+02 6.850579999999999892e+00 -4.366089999999999804e+00 0.000000000000000000e+00
2.050000000000000000e+02 7.244080000000000297e+00 -2.206230000000000135e+00 0.000000000000000000e+00
2.060000000000000000e+02 5.635259999999999714e+00 -8.667500000000000204e-01 0.000000000000000000e+00
2.070000000000000000e+02 5.996870000000000367e+00 1.174670000000000103e+00 0.000000000000000000e+00
2.080000000000000000e+02 6.406279999999999752e+00 3.305829999999999824e+00 0.000000000000000000e+00
2.090000000000000000e+02 6.692409999999999748e+00 5.389129999999999754e+00 0.000000000000000000e+00
2.100000000000000000e+02 5.037309999999999732e+00 6.739189999999999792e+00 0.000000000000000000e+00
2.110000000000000000e+02 5.458179999999999588e+00 8.791700000000000514e+00 0.000000000000000000e+00
2.120000000000000000e+02 5.720309999999999562e+00 1.101864999999999917e+01 0.000000000000000000e+00
2.130000000000000000e+02 6.029219999999999580e+00 1.314175999999999966e+01 0.000000000000000000e+00
2.140000000000000000e+02 6.329069999999999752e+00 1.519530999999999921e+01 0.000000000000000000e+00
2.150000000000000000e+02 6.992729999999999890e+00 1.796871000000000151e+01 0.000000000000000000e+00
2.160000000000000000e+02 5.699370000000000047e+00 -1.874095000000000155e+01 0.000000000000000000e+00
2.170000000000000000e+02 6.266259999999999941e+00 -1.628691999999999851e+01 0.000000000000000000e+00
2.180000000000000000e+02 6.722529999999999895e+00 -1.407216000000000022e+01 0.000000000000000000e+00
2.190000000000000000e+02 7.223130000000000273e+00 -1.204100999999999999e+01 0.000000000000000000e+00
2.200000000000000000e+02 7.660000000000000142e+00 -9.996240000000000236e+00 0.000000000000000000e+00
2.210000000000000000e+02 8.087920000000000442e+00 -7.906550000000000189e+00 0.000000000000000000e+00
2.220000000000000000e+02 8.498889999999999390e+00 -5.827180000000000248e+00 0.000000000000000000e+00
2.230000000000000000e+02 8.791380000000000194e+00 -3.626329999999999831e+00 0.000000000000000000e+00
2.240000000000000000e+02 7.610030000000000072e+00 -1.307200000000000029e-01 0.000000000000000000e+00
2.250000000000000000e+02 9.640689999999999316e+00 5.930800000000000516e-01 0.000000000000000000e+00
2.260000000000000000e+02 8.059250000000000469e+00 1.956250000000000044e+00 0.000000000000000000e+00
2.270000000000000000e+02 8.332449999999999690e+00 4.090180000000000149e+00 0.000000000000000000e+00
2.280000000000000000e+02 8.713509999999999422e+00 6.168730000000000047e+00 0.000000000000000000e+00
2.290000000000000000e+02 7.065870000000000317e+00 7.421570000000000000e+00 0.000000000000000000e+00
2.300000000000000000e+02 7.362529999999999575e+00 9.648179999999999978e+00 0.000000000000000000e+00
2.310000000000000000e+02 7.660440000000000360e+00 1.172634000000000043e+01 0.000000000000000000e+00
2.320000000000000000e+02 7.970690000000000275e+00 1.388106999999999935e+01 0.000000000000000000e+00
2.330000000000000000e+02 8.277369999999999450e+00 1.611179999999999879e+01 0.000000000000000000e+00
2.340000000000000000e+02 8.087149999999999395e+00 -1.765839000000000070e+01 0.000000000000000000e+00
2.350000000000000000e+02 8.263650000000000162e+00 -1.557701999999999920e+01 0.000000000000000000e+00
2.360000000000000000e+02 8.763210000000000832e+00 -1.342942000000000036e+01 0.000000000000000000e+00
2.370000000000000000e+02 9.307959999999999567e+00 -1.124987999999999921e+01 0.000000000000000000e+00
2.380000000000000000e+02 9.791460000000000719e+00 -9.198209999999999553e+00 0.000000000000000000e+00
2.390000000000000000e+02 1.045157000000000025e+01 -5.002159999999999940e+00 0.000000000000000000e+00
2.400000000000000000e+02 1.082033999999999985e+01 -2.939599999999999991e+00 0.000000000000000000e+00
2.410000000000000000e+02 9.242610000000000881e+00 -1.479119999999999990e+00 0.000000000000000000e+00
2.420000000000000000e+02 1.120173999999999914e+01 -8.036900000000000155e-01 0.000000000000000000e+00
2.430000000000000000e+02 1.160940000000000083e+01 1.286699999999999955e+00 0.000000000000000000e+00
2.440000000000000000e+02 1.002284000000000042e+01 2.653119999999999923e+00 0.000000000000000000e+00
2.450000000000000000e+02 1.029711999999999961e+01 4.733290000000000219e+00 0.000000000000000000e+00
2.460000000000000000e+02 1.068421000000000021e+01 6.965489999999999959e+00 0.000000000000000000e+00
2.470000000000000000e+02 9.044259999999999522e+00 8.292419999999999902e+00 0.000000000000000000e+00
2.480000000000000000e+02 9.343389999999999418e+00 1.047630000000000017e+01 0.000000000000000000e+00
2.490000000000000000e+02 9.658350000000000435e+00 1.255123000000000033e+01 0.000000000000000000e+00
2.500000000000000000e+02 9.982519999999999172e+00 1.461006000000000071e+01 0.000000000000000000e+00
2.510000000000000000e+02 1.027701000000000064e+01 1.668199999999999861e+01 0.000000000000000000e+00
2.520000000000000000e+02 1.011988000000000021e+01 -1.668306000000000111e+01 0.000000000000000000e+00
2.530000000000000000e+02 1.046870999999999974e+01 -1.458278999999999925e+01 0.000000000000000000e+00
2.540000000000000000e+02 1.100910000000000011e+01 -1.257285000000000075e+01 0.000000000000000000e+00
2.550000000000000000e+02 1.135801999999999978e+01 -1.053745999999999938e+01 0.000000000000000000e+00
2.560000000000000000e+02 1.012996000000000052e+01 -7.139549999999999841e+00 0.000000000000000000e+00
2.570000000000000000e+02 1.205338000000000065e+01 -6.363100000000000200e+00 0.000000000000000000e+00
2.580000000000000000e+02 1.244785000000000075e+01 -4.336280000000000356e+00 0.000000000000000000e+00
2.590000000000000000e+02 1.279635000000000034e+01 -2.183640000000000025e+00 0.000000000000000000e+00
2.600000000000000000e+02 1.315840000000000032e+01 -8.390000000000000235e-02 0.000000000000000000e+00
2.610000000000000000e+02 1.354269999999999996e+01 2.024369999999999781e+00 0.000000000000000000e+00
2.620000000000000000e+02 1.198559000000000019e+01 3.395929999999999893e+00 0.000000000000000000e+00
2.630000000000000000e+02 1.396737000000000073e+01 4.112059999999999604e+00 0.000000000000000000e+00
2.640000000000000000e+02 1.225799999999999912e+01 5.612479999999999691e+00 0.000000000000000000e+00
2.650000000000000000e+02 1.269278000000000084e+01 7.680850000000000399e+00 0.000000000000000000e+00
2.660000000000000000e+02 1.099391999999999925e+01 9.139989999999999171e+00 0.000000000000000000e+00
2.670000000000000000e+02 1.129185000000000016e+01 1.125505000000000067e+01 0.000000000000000000e+00
2.680000000000000000e+02 1.163904999999999923e+01 1.332770000000000010e+01 0.000000000000000000e+00
2.690000000000000000e+02 1.200982999999999912e+01 1.539752000000000010e+01 0.000000000000000000e+00
2.700000000000000000e+02 1.206504999999999939e+01 -1.599325999999999937e+01 0.000000000000000000e+00
2.710000000000000000e+02 1.292375000000000007e+01 -1.398152999999999935e+01 0.000000000000000000e+00
2.720000000000000000e+02 1.298198000000000008e+01 -1.191761999999999944e+01 0.000000000000000000e+00
2.730000000000000000e+02 1.343130999999999986e+01 -9.856189999999999785e+00 0.000000000000000000e+00
2.740000000000000000e+02 1.172901000000000060e+01 -8.495649999999999480e+00 0.000000000000000000e+00
2.750000000000000000e+02 1.402768999999999977e+01 -5.696200000000000152e+00 0.000000000000000000e+00
2.760000000000000000e+02 1.445026000000000010e+01 -3.626700000000000035e+00 0.000000000000000000e+00
2.770000000000000000e+02 1.474388000000000076e+01 -1.469459999999999988e+00 0.000000000000000000e+00
2.780000000000000000e+02 1.519646999999999970e+01 5.384200000000000097e-01 0.000000000000000000e+00
2.790000000000000000e+02 1.695540000000000092e+01 -8.435000000000000275e-01 0.000000000000000000e+00
2.800000000000000000e+02 1.557207999999999970e+01 2.706199999999999939e+00 0.000000000000000000e+00
2.810000000000000000e+02 1.607157000000000124e+01 4.704069999999999752e+00 0.000000000000000000e+00
2.820000000000000000e+02 1.429282000000000075e+01 6.186689999999999579e+00 0.000000000000000000e+00
2.830000000000000000e+02 1.524164000000000030e+01 8.092940000000000467e+00 0.000000000000000000e+00
2.840000000000000000e+02 1.300258000000000003e+01 9.754770000000000607e+00 0.000000000000000000e+00
2.850000000000000000e+02 1.498901000000000039e+01 1.066942000000000057e+01 0.000000000000000000e+00
2.860000000000000000e+02 1.331750000000000078e+01 1.191534000000000049e+01 0.000000000000000000e+00
2.870000000000000000e+02 1.361176999999999992e+01 1.399563000000000024e+01 0.000000000000000000e+00
2.880000000000000000e+02 1.502181000000000033e+01 -1.145041999999999938e+01 0.000000000000000000e+00
2.890000000000000000e+02 1.540751999999999988e+01 -9.116160000000000707e+00 0.000000000000000000e+00
2.900000000000000000e+02 1.774705000000000155e+01 -8.161960000000000548e+00 0.000000000000000000e+00
2.910000000000000000e+02 1.570843999999999951e+01 -6.962509999999999977e+00 0.000000000000000000e+00
2.920000000000000000e+02 1.372892000000000046e+01 -7.780070000000000263e+00 0.000000000000000000e+00
2.930000000000000000e+02 1.656584000000000145e+01 -4.987409999999999677e+00 0.000000000000000000e+00
2.940000000000000000e+02 1.831128000000000000e+01 -3.793289999999999829e+00 0.000000000000000000e+00
2.950000000000000000e+02 1.637921000000000049e+01 -2.847109999999999808e+00 0.000000000000000000e+00
2.960000000000000000e+02 1.895968999999999838e+01 1.304899999999999949e-01 0.000000000000000000e+00
2.970000000000000000e+02 1.715635999999999939e+01 1.383559999999999901e+00 0.000000000000000000e+00
2.980000000000000000e+02 1.810504999999999853e+01 4.283459999999999823e+00 0.000000000000000000e+00
2.990000000000000000e+02 1.712444999999999951e+01 7.177120000000000388e+00 0.000000000000000000e+00
