0.000000000000000000e+00 -1.230890999999999913e+01 -1.344031000000000020e+01 0.000000000000000000e+00
1.000000000000000000e+00 -1.555555000000000021e+01 -1.201138000000000083e+01 0.000000000000000000e+00
2.000000000000000000e+00 -1.666707999999999856e+01 -1.012421999999999933e+01 0.000000000000000000e+00
3.000000000000000000e+00 -1.582189999999999941e+01 -8.115470000000000184e+00 0.000000000000000000e+00
4.000000000000000000e+00 -1.687858999999999909e+01 -6.304669999999999774e+00 0.000000000000000000e+00
5.000000000000000000e+00 -1.791985000000000028e+01 -4.476210000000000022e+00 0.000000000000000000e+00
6.000000000000000000e+00 -1.689692000000000149e+01 -2.481609999999999872e+00 0.000000000000000000e+00
7.000000000000000000e+00 -1.915390999999999977e+01 9.567700000000000093e-01 0.000000000000000000e+00
8.000000000000000000e+00 -1.833006999999999920e+01 -9.676700000000000301e-01 0.000000000000000000e+00
9.000000000000000000e+00 -1.825447000000000131e+01 3.071829999999999838e+00 0.000000000000000000e+00
1.000000000000000000e+01 -1.603201999999999927e+01 3.091180000000000039e+00 0.000000000000000000e+00
1.100000000000000000e+01 -1.712887999999999877e+01 4.883420000000000094e+00 0.000000000000000000e+00
1.200000000000000000e+01 -1.613784000000000063e+01 6.729940000000000033e+00 0.000000000000000000e+00
1.300000000000000000e+01 -1.838675999999999888e+01 6.560050000000000381e+00 0.000000000000000000e+00
1.400000000000000000e+01 -1.503781000000000034e+01 8.525100000000000122e+00 0.000000000000000000e+00
1.500000000000000000e+01 -1.721510999999999925e+01 8.511100000000000776e+00 0.000000000000000000e+00
1.600000000000000000e+01 -1.633577000000000012e+01 1.043651999999999980e+01 0.000000000000000000e+00
1.700000000000000000e+01 -1.535018999999999956e+01 1.225402000000000058e+01 0.000000000000000000e+00
1.800000000000000000e+01 -1.088322999999999929e+01 -1.503703999999999930e+01 0.000000000000000000e+00
1.900000000000000000e+01 -1.330542999999999942e+01 -1.159038999999999930e+01 0.000000000000000000e+00
2.000000000000000000e+01 -1.456451999999999991e+01 -9.795600000000000307e+00 0.000000000000000000e+00
2.100000000000000000e+01 -1.355442000000000036e+01 -7.972380000000000244e+00 0.000000000000000000e+00
2.200000000000000000e+01 -1.469391000000000069e+01 -6.231090000000000018e+00 0.000000000000000000e+00
2.300000000000000000e+01 -1.585482000000000014e+01 -4.430570000000000341e+00 0.000000000000000000e+00
2.400000000000000000e+01 -1.481428000000000011e+01 -2.480269999999999975e+00 0.000000000000000000e+00
2.500000000000000000e+01 -1.586966999999999928e+01 -6.356300000000000283e-01 0.000000000000000000e+00
2.600000000000000000e+01 -1.379289999999999949e+01 -5.446999999999999620e-01 0.000000000000000000e+00
2.700000000000000000e+01 -1.708211000000000013e+01 1.071010000000000018e+00 0.000000000000000000e+00
2.800000000000000000e+01 -1.493008000000000024e+01 1.217640000000000056e+00 0.000000000000000000e+00
2.900000000000000000e+01 -1.503555000000000064e+01 4.909510000000000041e+00 0.000000000000000000e+00
3.000000000000000000e+01 -1.398140000000000072e+01 6.709279999999999688e+00 0.000000000000000000e+00
3.100000000000000000e+01 -1.290258000000000038e+01 8.721410000000000551e+00 0.000000000000000000e+00
3.200000000000000000e+01 -1.408919000000000032e+01 1.042886000000000024e+01 0.000000000000000000e+00
3.300000000000000000e+01 -1.307715999999999923e+01 1.250643999999999956e+01 0.000000000000000000e+00
3.400000000000000000e+01 -1.207535000000000025e+01 1.430733000000000033e+01 0.000000000000000000e+00
3.500000000000000000e+01 -1.129757000000000033e+01 1.628415999999999997e+01 0.000000000000000000e+00
3.600000000000000000e+01 -8.769320000000000448e+00 -1.526566000000000045e+01 0.000000000000000000e+00
3.700000000000000000e+01 -9.984130000000000393e+00 -1.318040000000000056e+01 0.000000000000000000e+00
3.800000000000000000e+01 -1.235960999999999999e+01 -9.690680000000000405e+00 0.000000000000000000e+00
3.900000000000000000e+01 -1.140976000000000035e+01 -7.845939999999999692e+00 0.000000000000000000e+00
4.000000000000000000e+01 -1.254781999999999975e+01 -6.076450000000000351e+00 0.000000000000000000e+00
4.100000000000000000e+01 -1.367549999999999955e+01 -4.274210000000000065e+00 0.000000000000000000e+00
4.200000000000000000e+01 -1.155897000000000041e+01 -4.205540000000000056e+00 0.000000000000000000e+00
4.300000000000000000e+01 -1.268491999999999997e+01 -2.351919999999999789e+00 0.000000000000000000e+00
4.400000000000000000e+01 -1.165633000000000052e+01 -5.370800000000000018e-01 0.000000000000000000e+00
4.500000000000000000e+01 -1.285331000000000046e+01 1.335099999999999953e+00 0.000000000000000000e+00
4.600000000000000000e+01 -1.389864999999999995e+01 3.125570000000000181e+00 0.000000000000000000e+00
4.700000000000000000e+01 -1.284807999999999950e+01 4.968759999999999621e+00 0.000000000000000000e+00
4.800000000000000000e+01 -1.187682000000000038e+01 6.940970000000000084e+00 0.000000000000000000e+00
4.900000000000000000e+01 -1.068746999999999936e+01 8.846809999999999619e+00 0.000000000000000000e+00
5.000000000000000000e+01 -1.193260000000000076e+01 1.067953999999999937e+01 0.000000000000000000e+00
5.100000000000000000e+01 -1.093970999999999982e+01 1.249066000000000010e+01 0.000000000000000000e+00
5.200000000000000000e+01 -9.885400000000000631e+00 1.434533000000000058e+01 0.000000000000000000e+00
5.300000000000000000e+01 -9.063810000000000144e+00 1.627496000000000009e+01 0.000000000000000000e+00
5.400000000000000000e+01 -7.942789999999999573e+00 -1.715137000000000000e+01 0.000000000000000000e+00
5.500000000000000000e+01 -7.817040000000000433e+00 -1.343435000000000024e+01 0.000000000000000000e+00
5.600000000000000000e+01 -1.118690999999999924e+01 -1.145509999999999984e+01 0.000000000000000000e+00
5.700000000000000000e+01 -1.022868000000000066e+01 -9.586050000000000182e+00 0.000000000000000000e+00
5.800000000000000000e+01 -9.254649999999999821e+00 -7.721739999999999604e+00 0.000000000000000000e+00
5.900000000000000000e+01 -1.043840999999999930e+01 -6.003359999999999808e+00 0.000000000000000000e+00
6.000000000000000000e+01 -9.408670000000000755e+00 -4.057500000000000107e+00 0.000000000000000000e+00
6.100000000000000000e+01 -1.057343000000000011e+01 -2.343249999999999833e+00 0.000000000000000000e+00
6.200000000000000000e+01 -9.594150000000000844e+00 -4.451200000000000156e-01 0.000000000000000000e+00
6.300000000000000000e+01 -1.065858000000000061e+01 1.354999999999999982e+00 0.000000000000000000e+00
6.400000000000000000e+01 -1.173898999999999937e+01 3.178010000000000002e+00 0.000000000000000000e+00
6.500000000000000000e+01 -1.077366999999999919e+01 5.103089999999999904e+00 0.000000000000000000e+00
6.600000000000000000e+01 -9.729430000000000689e+00 6.936460000000000292e+00 0.000000000000000000e+00
6.700000000000000000e+01 -8.590059999999999363e+00 8.835789999999999367e+00 0.000000000000000000e+00
6.800000000000000000e+01 -9.800700000000000855e+00 1.076942999999999984e+01 0.000000000000000000e+00
6.900000000000000000e+01 -8.797180000000000888e+00 1.258136999999999972e+01 0.000000000000000000e+00
7.000000000000000000e+01 -7.805710000000000370e+00 1.440591000000000044e+01 0.000000000000000000e+00
7.100000000000000000e+01 -5.975120000000000431e+00 1.824767999999999901e+01 0.000000000000000000e+00
7.200000000000000000e+01 -4.129529999999999923e+00 -1.864468000000000103e+01 0.000000000000000000e+00
7.300000000000000000e+01 -6.657320000000000348e+00 -1.512247999999999948e+01 0.000000000000000000e+00
7.400000000000000000e+01 -9.043620000000000658e+00 -1.129229999999999912e+01 0.000000000000000000e+00
7.500000000000000000e+01 -8.031919999999999504e+00 -9.498020000000000351e+00 0.000000000000000000e+00
7.600000000000000000e+01 -7.006079999999999863e+00 -7.697919999999999874e+00 0.000000000000000000e+00
7.700000000000000000e+01 -8.329349999999999810e+00 -5.862330000000000041e+00 0.000000000000000000e+00
7.800000000000000000e+01 -7.280549999999999855e+00 -4.032140000000000057e+00 0.000000000000000000e+00
7.900000000000000000e+01 -8.429899999999999949e+00 -2.213490000000000180e+00 0.000000000000000000e+00
8.000000000000000000e+01 -7.498160000000000380e+00 -3.188400000000000123e-01 0.000000000000000000e+00
8.100000000000000000e+01 -8.568970000000000198e+00 1.450760000000000050e+00 0.000000000000000000e+00
8.200000000000000000e+01 -9.548759999999999692e+00 3.279679999999999929e+00 0.000000000000000000e+00
8.300000000000000000e+01 -8.637109999999999843e+00 5.157040000000000290e+00 0.000000000000000000e+00
8.400000000000000000e+01 -7.634769999999999612e+00 6.985699999999999577e+00 0.000000000000000000e+00
8.500000000000000000e+01 -6.517839999999999634e+00 8.969730000000000203e+00 0.000000000000000000e+00
8.600000000000000000e+01 -7.591840000000000366e+00 1.073497000000000057e+01 0.000000000000000000e+00
8.700000000000000000e+01 -6.602249999999999730e+00 1.268750000000000000e+01 0.000000000000000000e+00
8.800000000000000000e+01 -5.689049999999999940e+00 1.467290999999999990e+01 0.000000000000000000e+00
8.900000000000000000e+01 -6.918829999999999814e+00 1.632839999999999847e+01 0.000000000000000000e+00
9.000000000000000000e+01 -1.133059999999999956e+00 -2.019825000000000159e+01 0.000000000000000000e+00
9.100000000000000000e+01 -5.205320000000000391e+00 -1.676514999999999844e+01 0.000000000000000000e+00
9.200000000000000000e+01 -5.724260000000000126e+00 -1.317497000000000007e+01 0.000000000000000000e+00
9.300000000000000000e+01 -6.860240000000000116e+00 -1.141291999999999973e+01 0.000000000000000000e+00
9.400000000000000000e+01 -5.859630000000000116e+00 -9.521160000000000068e+00 0.000000000000000000e+00
9.500000000000000000e+01 -6.142570000000000086e+00 -5.800519999999999676e+00 0.000000000000000000e+00
9.600000000000000000e+01 -5.226040000000000241e+00 -3.930660000000000043e+00 0.000000000000000000e+00
9.700000000000000000e+01 -6.353919999999999568e+00 -2.180909999999999904e+00 0.000000000000000000e+00
9.800000000000000000e+01 -5.415149999999999686e+00 -2.538000000000000256e-01 0.000000000000000000e+00
9.900000000000000000e+01 -6.497220000000000439e+00 1.517339999999999911e+00 0.000000000000000000e+00
1.000000000000000000e+02 -7.491279999999999717e+00 3.338200000000000056e+00 0.000000000000000000e+00
1.010000000000000000e+02 -6.576050000000000395e+00 5.211299999999999599e+00 0.000000000000000000e+00
1.020000000000000000e+02 -5.538929999999999687e+00 7.127620000000000289e+00 0.000000000000000000e+00
1.030000000000000000e+02 -4.447040000000000326e+00 9.036699999999999733e+00 0.000000000000000000e+00
1.040000000000000000e+02 -5.491679999999999673e+00 1.083439000000000085e+01 0.000000000000000000e+00
1.050000000000000000e+02 -4.548219999999999708e+00 1.270415999999999990e+01 0.000000000000000000e+00
1.060000000000000000e+02 -4.757649999999999935e+00 1.657360999999999862e+01 0.000000000000000000e+00
1.070000000000000000e+02 -3.966530000000000111e+00 1.864387999999999934e+01 0.000000000000000000e+00
1.080000000000000000e+02 -1.773570000000000091e+00 -1.823523000000000138e+01 0.000000000000000000e+00
1.090000000000000000e+02 -4.396969999999999601e+00 -1.481741000000000064e+01 0.000000000000000000e+00
1.100000000000000000e+02 -3.494860000000000078e+00 -1.292215000000000025e+01 0.000000000000000000e+00
1.110000000000000000e+02 -4.666280000000000427e+00 -1.119963000000000086e+01 0.000000000000000000e+00
1.120000000000000000e+02 -3.743300000000000072e+00 -9.258449999999999847e+00 0.000000000000000000e+00
1.130000000000000000e+02 -4.930380000000000429e+00 -7.550469999999999793e+00 0.000000000000000000e+00
1.140000000000000000e+02 -4.036660000000000359e+00 -5.629120000000000346e+00 0.000000000000000000e+00
1.150000000000000000e+02 -4.272400000000000198e+00 -2.025240000000000151e+00 0.000000000000000000e+00
1.160000000000000000e+02 -3.323259999999999881e+00 -1.245499999999999940e-01 0.000000000000000000e+00
1.170000000000000000e+02 -4.360949999999999882e+00 1.668469999999999898e+00 0.000000000000000000e+00
1.180000000000000000e+02 -5.431289999999999729e+00 3.485009999999999941e+00 0.000000000000000000e+00
1.190000000000000000e+02 -4.422539999999999694e+00 5.327099999999999724e+00 0.000000000000000000e+00
1.200000000000000000e+02 -3.337549999999999795e+00 7.271759999999999557e+00 0.000000000000000000e+00
1.210000000000000000e+02 -2.374530000000000030e+00 9.154669999999999419e+00 0.000000000000000000e+00
1.220000000000000000e+02 -3.320870000000000211e+00 1.100300999999999974e+01 0.000000000000000000e+00
1.230000000000000000e+02 -2.170129999999999892e+00 1.279129999999999967e+01 0.000000000000000000e+00
1.240000000000000000e+02 -3.590149999999999952e+00 1.456448999999999927e+01 0.000000000000000000e+00
1.250000000000000000e+02 -2.700330000000000119e+00 1.663269999999999982e+01 0.000000000000000000e+00
1.260000000000000000e+02 3.371600000000000152e-01 -1.813196999999999903e+01 0.000000000000000000e+00
1.270000000000000000e+02 -3.057279999999999998e+00 -1.653153000000000006e+01 0.000000000000000000e+00
1.280000000000000000e+02 -2.197849999999999859e+00 -1.456023000000000067e+01 0.000000000000000000e+00
1.290000000000000000e+02 -2.603279999999999816e+00 -1.098035999999999923e+01 0.000000000000000000e+00
1.300000000000000000e+02 -1.659620000000000095e+00 -9.119490000000000762e+00 0.000000000000000000e+00
1.310000000000000000e+02 -2.828100000000000058e+00 -7.379340000000000011e+00 0.000000000000000000e+00
1.320000000000000000e+02 -1.958429999999999893e+00 -5.470469999999999722e+00 0.000000000000000000e+00
1.330000000000000000e+02 -3.090609999999999857e+00 -3.731059999999999821e+00 0.000000000000000000e+00
1.340000000000000000e+02 -2.143349999999999866e+00 -1.857799999999999896e+00 0.000000000000000000e+00
1.350000000000000000e+02 -2.208940000000000126e+00 1.854000000000000092e+00 0.000000000000000000e+00
1.360000000000000000e+02 -3.309489999999999821e+00 3.605949999999999989e+00 0.000000000000000000e+00
1.370000000000000000e+02 -1.243039999999999923e+00 3.676159999999999872e+00 0.000000000000000000e+00
1.380000000000000000e+02 -2.234030000000000182e+00 5.488819999999999588e+00 0.000000000000000000e+00
1.390000000000000000e+02 -1.257710000000000106e+00 7.334100000000000286e+00 0.000000000000000000e+00
1.400000000000000000e+02 -1.234790000000000054e+00 1.091703000000000046e+01 0.000000000000000000e+00
1.410000000000000000e+02 -1.505810000000000093e+00 1.477069999999999972e+01 0.000000000000000000e+00
1.420000000000000000e+02 -4.007499999999999951e-01 1.823025000000000162e+01 0.000000000000000000e+00
1.430000000000000000e+02 1.522809999999999997e+00 1.941857999999999862e+01 0.000000000000000000e+00
1.440000000000000000e+02 -9.503200000000000536e-01 -1.630358000000000018e+01 0.000000000000000000e+00
1.450000000000000000e+02 -1.028000000000000025e-01 -1.439023000000000074e+01 0.000000000000000000e+00
1.460000000000000000e+02 -1.342670000000000030e+00 -1.262734000000000023e+01 0.000000000000000000e+00
1.470000000000000000e+02 -3.734100000000000197e-01 -1.079082000000000008e+01 0.000000000000000000e+00
1.480000000000000000e+02 3.825299999999999812e-01 -8.843019999999999214e+00 0.000000000000000000e+00
1.490000000000000000e+02 2.237210000000000143e+00 -7.859370000000000189e+00 0.000000000000000000e+00
1.500000000000000000e+02 -3.434900000000000175e-01 -6.745479999999999698e+00 0.000000000000000000e+00
1.510000000000000000e+02 -1.018189999999999928e+00 -3.600410000000000110e+00 0.000000000000000000e+00
1.520000000000000000e+02 7.571600000000000552e-01 -2.563250000000000028e+00 0.000000000000000000e+00
1.530000000000000000e+02 -1.235829999999999984e+00 2.724999999999999992e-02 0.000000000000000000e+00
1.540000000000000000e+02 6.370700000000000252e-01 1.574529999999999985e+00 0.000000000000000000e+00
1.550000000000000000e+02 4.905000000000000332e-02 5.633210000000000051e+00 0.000000000000000000e+00
1.560000000000000000e+02 7.915299999999999558e-01 7.617230000000000167e+00 0.000000000000000000e+00
1.570000000000000000e+02 5.208599999999999897e-01 9.806660000000000821e+00 0.000000000000000000e+00
1.580000000000000000e+02 5.437499999999999556e-01 1.205385000000000062e+01 0.000000000000000000e+00
1.590000000000000000e+02 5.011400000000000299e-01 1.411021000000000036e+01 0.000000000000000000e+00
1.600000000000000000e+02 1.421600000000000086e-01 1.624408999999999992e+01 0.000000000000000000e+00
1.610000000000000000e+02 1.966439999999999966e+00 1.738059000000000154e+01 0.000000000000000000e+00
1.620000000000000000e+02 2.910299999999999887e+00 -1.930047000000000068e+01 0.000000000000000000e+00
1.630000000000000000e+02 1.161510000000000042e+00 -1.610220999999999947e+01 0.000000000000000000e+00
1.640000000000000000e+02 1.928639999999999910e+00 -1.391446000000000005e+01 0.000000000000000000e+00
1.650000000000000000e+02 1.354729999999999990e+00 -1.192029999999999923e+01 0.000000000000000000e+00
1.660000000000000000e+02 2.169059999999999988e+00 -1.000900999999999996e+01 0.000000000000000000e+00
1.670000000000000000e+02 2.482110000000000039e+00 -5.774779999999999802e+00 0.000000000000000000e+00
1.680000000000000000e+02 5.849100000000000410e-01 -4.908190000000000275e+00 0.000000000000000000e+00
1.690000000000000000e+02 2.514499999999999957e+00 -3.678040000000000198e+00 0.000000000000000000e+00
1.700000000000000000e+02 2.594599999999999795e+00 -1.606700000000000017e+00 0.000000000000000000e+00
1.710000000000000000e+02 7.826499999999999568e-01 -5.018299999999999983e-01 0.000000000000000000e+00
1.720000000000000000e+02 8.223599999999999799e-01 3.709659999999999958e+00 0.000000000000000000e+00
1.730000000000000000e+02 2.702269999999999950e+00 4.680790000000000006e+00 0.000000000000000000e+00
1.740000000000000000e+02 2.678819999999999979e+00 6.768810000000000215e+00 0.000000000000000000e+00
1.750000000000000000e+02 2.457349999999999923e+00 8.852740000000000720e+00 0.000000000000000000e+00
1.760000000000000000e+02 2.364149999999999974e+00 1.102627999999999986e+01 0.000000000000000000e+00
1.770000000000000000e+02 2.305829999999999824e+00 1.313405000000000022e+01 0.000000000000000000e+00
1.780000000000000000e+02 2.215780000000000083e+00 1.523812999999999995e+01 0.000000000000000000e+00
1.790000000000000000e+02 4.053530000000000300e+00 1.870814000000000021e+01 0.000000000000000000e+00
1.800000000000000000e+02 3.271030000000000104e+00 -1.724494999999999933e+01 0.000000000000000000e+00
1.810000000000000000e+02 3.592290000000000205e+00 -1.515470000000000006e+01 0.000000000000000000e+00
1.820000000000000000e+02 3.779809999999999892e+00 -1.303375999999999912e+01 0.000000000000000000e+00
1.830000000000000000e+02 4.051669999999999661e+00 -1.097883000000000031e+01 0.000000000000000000e+00
1.840000000000000000e+02 4.144929999999999559e+00 -8.863030000000000186e+00 0.000000000000000000e+00
1.850000000000000000e+02 4.270789999999999864e+00 -6.813419999999999810e+00 0.000000000000000000e+00
1.860000000000000000e+02 4.338720000000000354e+00 -4.762570000000000192e+00 0.000000000000000000e+00
1.870000000000000000e+02 4.368610000000000326e+00 -2.650170000000000137e+00 0.000000000000000000e+00
1.880000000000000000e+02 4.472170000000000201e+00 -5.892399999999999860e-01 0.000000000000000000e+00
1.890000000000000000e+02 2.655130000000000212e+00 4.848000000000000087e-01 0.000000000000000000e+00
1.900000000000000000e+02 2.634930000000000216e+00 2.563349999999999795e+00 0.000000000000000000e+00
1.910000000000000000e+02 4.560489999999999711e+00 3.662819999999999965e+00 0.000000000000000000e+00
1.920000000000000000e+02 4.537480000000000402e+00 5.784449999999999648e+00 0.000000000000000000e+00
1.930000000000000000e+02 4.434199999999999697e+00 7.941779999999999617e+00 0.000000000000000000e+00
1.940000000000000000e+02 4.242499999999999716e+00 1.014254999999999995e+01 0.000000000000000000e+00
1.950000000000000000e+02 4.228290000000000326e+00 1.220658000000000065e+01 0.000000000000000000e+00
1.960000000000000000e+02 4.148220000000000240e+00 1.443040000000000056e+01 0.000000000000000000e+00
1.970000000000000000e+02 4.208230000000000359e+00 1.654916000000000054e+01 0.000000000000000000e+00
1.980000000000000000e+02 5.309070000000000178e+00 -1.649376000000000175e+01 0.000000000000000000e+00
1.990000000000000000e+02 5.580610000000000070e+00 -1.424249999999999972e+01 0.000000000000000000e+00
2.000000000000000000e+02 5.752060000000000173e+00 -1.215221000000000018e+01 0.000000000000000000e+00
2.010000000000000000e+02 5.957720000000000127e+00 -1.007948000000000022e+01 0.000000000000000000e+00
2.020000000000000000e+02 5.993870000000000253e+00 -7.961689999999999934e+00 0.000000000000000000e+00
2.030000000000000000e+02 6.197390000000000398e+00 -5.865649999999999586e+00 0.000000000000000000e+00
2.040000000000000000e+02 6.163710000000000022e+00 -3.779100000000000126e+00 0.000000000000000000e+00
2.050000000000000000e+02 6.243109999999999715e+00 -1.645259999999999945e+00 0.000000000000000000e+00
2.060000000000000000e+02 6.268189999999999706e+00 4.726299999999999946e-01 0.000000000000000000e+00
2.070000000000000000e+02 4.455289999999999750e+00 1.489349999999999952e+00 0.000000000000000000e+00
2.080000000000000000e+02 6.423079999999999679e+00 2.672400000000000109e+00 0.000000000000000000e+00
2.090000000000000000e+02 6.406589999999999563e+00 4.772739999999999760e+00 0.000000000000000000e+00
2.100000000000000000e+02 6.295449999999999768e+00 6.954010000000000247e+00 0.000000000000000000e+00
2.110000000000000000e+02 6.224899999999999878e+00 9.012959999999999638e+00 0.000000000000000000e+00
2.120000000000000000e+02 6.163369999999999571e+00 1.109599000000000046e+01 0.000000000000000000e+00
2.130000000000000000e+02 6.164349999999999774e+00 1.318171000000000070e+01 0.000000000000000000e+00
2.140000000000000000e+02 6.026169999999999582e+00 1.532019000000000020e+01 0.000000000000000000e+00
2.150000000000000000e+02 6.205759999999999721e+00 1.753235000000000099e+01 0.000000000000000000e+00
2.160000000000000000e+02 6.524519999999999875e+00 -1.816534000000000049e+01 0.000000000000000000e+00
2.170000000000000000e+02 7.302520000000000344e+00 -1.547958000000000034e+01 0.000000000000000000e+00
2.180000000000000000e+02 7.554759999999999920e+00 -1.335881999999999969e+01 0.000000000000000000e+00
2.190000000000000000e+02 7.748859999999999637e+00 -1.129415999999999976e+01 0.000000000000000000e+00
2.200000000000000000e+02 7.912270000000000358e+00 -9.127129999999999299e+00 0.000000000000000000e+00
2.210000000000000000e+02 8.029809999999999448e+00 -6.981279999999999930e+00 0.000000000000000000e+00
2.220000000000000000e+02 8.044019999999999726e+00 -4.806729999999999947e+00 0.000000000000000000e+00
2.230000000000000000e+02 8.039859999999999118e+00 -2.684450000000000003e+00 0.000000000000000000e+00
2.240000000000000000e+02 8.097490000000000521e+00 -4.955800000000000205e-01 0.000000000000000000e+00
2.250000000000000000e+02 8.202180000000000248e+00 1.620819999999999927e+00 0.000000000000000000e+00
2.260000000000000000e+02 8.210319999999999396e+00 3.728509999999999991e+00 0.000000000000000000e+00
2.270000000000000000e+02 1.004651999999999923e+01 4.790530000000000399e+00 0.000000000000000000e+00
2.280000000000000000e+02 8.240489999999999426e+00 5.790449999999999875e+00 0.000000000000000000e+00
2.290000000000000000e+02 8.232689999999999841e+00 7.918160000000000309e+00 0.000000000000000000e+00
2.300000000000000000e+02 8.235340000000000771e+00 9.990589999999999193e+00 0.000000000000000000e+00
2.310000000000000000e+02 8.079639999999999489e+00 1.206182000000000087e+01 0.000000000000000000e+00
2.320000000000000000e+02 8.002319999999999212e+00 1.419529999999999959e+01 0.000000000000000000e+00
2.330000000000000000e+02 7.858579999999999899e+00 1.629413999999999874e+01 0.000000000000000000e+00
2.340000000000000000e+02 9.106210000000000804e+00 -1.677102999999999966e+01 0.000000000000000000e+00
2.350000000000000000e+02 9.233549999999999258e+00 -1.467069000000000045e+01 0.000000000000000000e+00
2.360000000000000000e+02 9.468260000000000787e+00 -1.248568999999999996e+01 0.000000000000000000e+00
2.370000000000000000e+02 9.616440000000000765e+00 -1.034140999999999977e+01 0.000000000000000000e+00
2.380000000000000000e+02 9.787020000000000053e+00 -8.131550000000000722e+00 0.000000000000000000e+00
2.390000000000000000e+02 9.822850000000000747e+00 -5.951430000000000220e+00 0.000000000000000000e+00
2.400000000000000000e+02 9.912349999999999994e+00 -3.861470000000000180e+00 0.000000000000000000e+00
2.410000000000000000e+02 9.980299999999999727e+00 -1.797909999999999897e+00 0.000000000000000000e+00
2.420000000000000000e+02 1.004141000000000084e+01 4.556100000000000150e-01 0.000000000000000000e+00
2.430000000000000000e+02 1.007407000000000075e+01 2.560529999999999973e+00 0.000000000000000000e+00
2.440000000000000000e+02 1.195960000000000001e+01 3.609379999999999811e+00 0.000000000000000000e+00
2.450000000000000000e+02 1.190526999999999980e+01 5.730529999999999902e+00 0.000000000000000000e+00
2.460000000000000000e+02 1.006000000000000050e+01 6.932920000000000194e+00 0.000000000000000000e+00
2.470000000000000000e+02 1.012599999999999945e+01 9.041359999999999175e+00 0.000000000000000000e+00
2.480000000000000000e+02 9.982369999999999521e+00 1.112273000000000067e+01 0.000000000000000000e+00
2.490000000000000000e+02 9.934929999999999595e+00 1.336015000000000086e+01 0.000000000000000000e+00
2.500000000000000000e+02 1.001332000000000022e+01 1.547002999999999950e+01 0.000000000000000000e+00
2.510000000000000000e+02 6.098700000000000010e+00 1.960867999999999967e+01 0.000000000000000000e+00
2.520000000000000000e+02 1.132562000000000069e+01 -1.564492000000000083e+01 0.000000000000000000e+00
2.530000000000000000e+02 1.134115000000000073e+01 -1.357173000000000052e+01 0.000000000000000000e+00
2.540000000000000000e+02 1.152055999999999969e+01 -1.124867000000000061e+01 0.000000000000000000e+00
2.550000000000000000e+02 1.157041000000000075e+01 -9.191259999999999764e+00 0.000000000000000000e+00
2.560000000000000000e+02 1.163668999999999976e+01 -7.122460000000000235e+00 0.000000000000000000e+00
2.570000000000000000e+02 1.171218000000000004e+01 -4.970500000000000362e+00 0.000000000000000000e+00
2.580000000000000000e+02 1.182510000000000083e+01 -2.853400000000000158e+00 0.000000000000000000e+00
2.590000000000000000e+02 1.173218999999999923e+01 -7.178200000000000136e-01 0.000000000000000000e+00
2.600000000000000000e+02 1.186824000000000012e+01 1.530229999999999979e+00 0.000000000000000000e+00
2.610000000000000000e+02 1.372071000000000041e+01 2.436780000000000168e+00 0.000000000000000000e+00
2.620000000000000000e+02 1.571067999999999998e+01 3.460259999999999891e+00 0.000000000000000000e+00
2.630000000000000000e+02 1.380996000000000024e+01 4.592839999999999812e+00 0.000000000000000000e+00
2.640000000000000000e+02 1.383872999999999998e+01 6.960630000000000095e+00 0.000000000000000000e+00
2.650000000000000000e+02 1.194036999999999971e+01 7.971420000000000172e+00 0.000000000000000000e+00
2.660000000000000000e+02 1.207893999999999934e+01 1.011612000000000045e+01 0.000000000000000000e+00
2.670000000000000000e+02 1.179259000000000057e+01 1.222720999999999947e+01 0.000000000000000000e+00
2.680000000000000000e+02 1.177116999999999969e+01 1.434282999999999930e+01 0.000000000000000000e+00
2.690000000000000000e+02 9.861309999999999576e+00 1.760098999999999947e+01 0.000000000000000000e+00
2.700000000000000000e+02 1.319937999999999967e+01 -1.448258000000000045e+01 0.000000000000000000e+00
2.710000000000000000e+02 1.324596000000000018e+01 -1.241830000000000034e+01 0.000000000000000000e+00
2.720000000000000000e+02 1.342312000000000083e+01 -1.033768000000000065e+01 0.000000000000000000e+00
2.730000000000000000e+02 1.344998999999999967e+01 -8.276350000000000762e+00 0.000000000000000000e+00
2.740000000000000000e+02 1.364249000000000045e+01 -6.063640000000000363e+00 0.000000000000000000e+00
2.750000000000000000e+02 1.544308000000000014e+01 -4.987289999999999779e+00 0.000000000000000000e+00
2.760000000000000000e+02 1.362921000000000049e+01 -4.007489999999999775e+00 0.000000000000000000e+00
2.770000000000000000e+02 1.358478999999999992e+01 -1.765640000000000098e+00 0.000000000000000000e+00
2.780000000000000000e+02 1.362276999999999916e+01 3.181599999999999984e-01 0.000000000000000000e+00
2.790000000000000000e+02 1.549749000000000088e+01 1.372440000000000104e+00 0.000000000000000000e+00
2.800000000000000000e+02 1.745805000000000007e+01 2.349909999999999943e+00 0.000000000000000000e+00
2.810000000000000000e+02 1.558145999999999987e+01 5.651299999999999990e+00 0.000000000000000000e+00
2.820000000000000000e+02 1.576759999999999984e+01 7.809300000000000352e+00 0.000000000000000000e+00
2.830000000000000000e+02 1.386888000000000076e+01 9.026989999999999625e+00 0.000000000000000000e+00
2.840000000000000000e+02 1.568308999999999997e+01 1.002530999999999928e+01 0.000000000000000000e+00
2.850000000000000000e+02 1.771385000000000076e+01 4.722450000000000259e+00 0.000000000000000000e+00
2.860000000000000000e+02 1.378588000000000058e+01 1.128340999999999994e+01 0.000000000000000000e+00
2.870000000000000000e+02 1.366581000000000046e+01 1.347479000000000049e+01 0.000000000000000000e+00
2.880000000000000000e+02 1.502969000000000044e+01 -1.345659000000000027e+01 0.000000000000000000e+00
2.890000000000000000e+02 1.533742999999999945e+01 -1.136613000000000007e+01 0.000000000000000000e+00
2.900000000000000000e+02 1.531470000000000020e+01 -9.178380000000000649e+00 0.000000000000000000e+00
2.910000000000000000e+02 1.782096999999999909e+01 -6.148889999999999745e+00 0.000000000000000000e+00
2.920000000000000000e+02 1.601472000000000051e+01 -7.200560000000000294e+00 0.000000000000000000e+00
2.930000000000000000e+02 1.730778000000000105e+01 -4.059639999999999915e+00 0.000000000000000000e+00
2.940000000000000000e+02 1.543572999999999951e+01 -2.849899999999999878e+00 0.000000000000000000e+00
2.950000000000000000e+02 1.543120000000000047e+01 -7.199100000000000499e-01 0.000000000000000000e+00
2.960000000000000000e+02 1.729635999999999996e+01 2.464200000000000002e-01 0.000000000000000000e+00
2.970000000000000000e+02 1.726728999999999914e+01 -1.878270000000000106e+00 0.000000000000000000e+00
2.980000000000000000e+02 1.929231000000000051e+01 -1.283940000000000081e+00 0.000000000000000000e+00
2.990000000000000000e+02 1.962227000000000032e+01 2.198869999999999880e+00 0.000000000000000000e+00
