0.000000000000000000e+00 -1.080000000000000071e+01 -1.572798000000000052e+01 0.000000000000000000e+00
1.000000000000000000e+00 -1.233444000000000074e+01 -1.380418000000000056e+01 0.000000000000000000e+00
2.000000000000000000e+00 -1.547063999999999950e+01 -1.140649999999999942e+01 0.000000000000000000e+00
3.000000000000000000e+00 -1.662857999999999947e+01 -9.388930000000000220e+00 0.000000000000000000e+00
4.000000000000000000e+00 -1.836824000000000012e+01 -6.169369999999999798e+00 0.000000000000000000e+00
5.000000000000000000e+00 -1.819384000000000157e+01 -1.944199999999999928e+00 0.000000000000000000e+00
6.000000000000000000e+00 -1.708210000000000051e+01 -4.162130000000000329e+00 0.000000000000000000e+00
7.000000000000000000e+00 -1.974540999999999968e+01 -5.690399999999999903e-01 0.000000000000000000e+00
8.000000000000000000e+00 -1.700278000000000134e+01 -9.882000000000000506e-02 0.000000000000000000e+00
9.000000000000000000e+00 -1.782149000000000072e+01 1.896560000000000024e+00 0.000000000000000000e+00
1.000000000000000000e+01 -1.889876999999999896e+01 4.257670000000000066e+00 0.000000000000000000e+00
1.100000000000000000e+01 -1.708706000000000103e+01 5.317980000000000373e+00 0.000000000000000000e+00
1.200000000000000000e+01 -1.581488000000000049e+01 7.054299999999999571e+00 0.000000000000000000e+00
1.300000000000000000e+01 -1.671615999999999858e+01 8.911830000000000140e+00 0.000000000000000000e+00
1.400000000000000000e+01 -1.458427999999999969e+01 8.763840000000000074e+00 0.000000000000000000e+00
1.500000000000000000e+01 -1.562495000000000012e+01 1.084337000000000018e+01 0.000000000000000000e+00
1.600000000000000000e+01 -1.431617999999999924e+01 1.265615999999999985e+01 0.000000000000000000e+00
1.700000000000000000e+01 -1.303144999999999953e+01 1.470560000000000045e+01 0.000000000000000000e+00
1.800000000000000000e+01 -8.269569999999999865e+00 -1.597322999999999915e+01 0.000000000000000000e+00
1.900000000000000000e+01 -1.011575000000000024e+01 -1.368174999999999919e+01 0.000000000000000000e+00
2.000000000000000000e+01 -1.326115000000000066e+01 -1.168459999999999965e+01 0.000000000000000000e+00
2.100000000000000000e+01 -1.422753999999999941e+01 -9.757680000000000575e+00 0.000000000000000000e+00
2.200000000000000000e+01 -1.515095999999999954e+01 -7.914860000000000007e+00 0.000000000000000000e+00
2.300000000000000000e+01 -1.615556000000000125e+01 -6.102070000000000327e+00 0.000000000000000000e+00
2.400000000000000000e+01 -1.502369999999999983e+01 -4.193999999999999950e+00 0.000000000000000000e+00
2.500000000000000000e+01 -1.588189999999999991e+01 -2.159180000000000099e+00 0.000000000000000000e+00
2.600000000000000000e+01 -1.465099000000000018e+01 -4.917900000000000049e-01 0.000000000000000000e+00
2.700000000000000000e+01 -1.548573000000000022e+01 1.450739999999999919e+00 0.000000000000000000e+00
2.800000000000000000e+01 -1.625635000000000119e+01 3.406499999999999861e+00 0.000000000000000000e+00
2.900000000000000000e+01 -1.500719999999999921e+01 5.144580000000000375e+00 0.000000000000000000e+00
3.000000000000000000e+01 -1.375784999999999947e+01 6.865169999999999995e+00 0.000000000000000000e+00
3.100000000000000000e+01 -1.250374000000000052e+01 8.664960000000000662e+00 0.000000000000000000e+00
3.200000000000000000e+01 -1.347194999999999965e+01 1.052881000000000000e+01 0.000000000000000000e+00
3.300000000000000000e+01 -1.221162999999999954e+01 1.244619999999999926e+01 0.000000000000000000e+00
3.400000000000000000e+01 -1.094957999999999920e+01 1.430620000000000047e+01 0.000000000000000000e+00
3.500000000000000000e+01 -9.543369999999999465e+00 1.593473999999999968e+01 0.000000000000000000e+00
3.600000000000000000e+01 -6.477299999999999613e+00 -1.703314999999999912e+01 0.000000000000000000e+00
3.700000000000000000e+01 -8.017480000000000828e+00 -1.390085999999999977e+01 0.000000000000000000e+00
3.800000000000000000e+01 -1.120175000000000054e+01 -1.190423000000000009e+01 0.000000000000000000e+00
3.900000000000000000e+01 -1.212429999999999986e+01 -9.926069999999999283e+00 0.000000000000000000e+00
4.000000000000000000e+01 -1.298464000000000063e+01 -8.004849999999999355e+00 0.000000000000000000e+00
4.100000000000000000e+01 -1.407862000000000080e+01 -6.144639999999999880e+00 0.000000000000000000e+00
4.200000000000000000e+01 -1.284159000000000006e+01 -4.426820000000000199e+00 0.000000000000000000e+00
4.300000000000000000e+01 -1.382309000000000054e+01 -2.498009999999999842e+00 0.000000000000000000e+00
4.400000000000000000e+01 -1.255884999999999962e+01 -7.537700000000000511e-01 0.000000000000000000e+00
4.500000000000000000e+01 -1.334673000000000087e+01 1.234120000000000106e+00 0.000000000000000000e+00
4.600000000000000000e+01 -1.417713999999999963e+01 3.195279999999999898e+00 0.000000000000000000e+00
4.700000000000000000e+01 -1.288181999999999938e+01 4.913190000000000168e+00 0.000000000000000000e+00
4.800000000000000000e+01 -1.160594999999999999e+01 6.794039999999999857e+00 0.000000000000000000e+00
4.900000000000000000e+01 -1.038377000000000017e+01 8.499129999999999185e+00 0.000000000000000000e+00
5.000000000000000000e+01 -1.126800000000000068e+01 1.050131000000000014e+01 0.000000000000000000e+00
5.100000000000000000e+01 -1.011012999999999984e+01 1.225323999999999991e+01 0.000000000000000000e+00
5.200000000000000000e+01 -8.758910000000000196e+00 1.391600999999999999e+01 0.000000000000000000e+00
5.300000000000000000e+01 -7.473230000000000040e+00 1.562017999999999951e+01 0.000000000000000000e+00
5.400000000000000000e+01 -4.793420000000000236e+00 -1.833143000000000100e+01 0.000000000000000000e+00
5.500000000000000000e+01 -6.150489999999999569e+00 -1.290122999999999998e+01 0.000000000000000000e+00
5.600000000000000000e+01 -8.849030000000000840e+00 -1.200422999999999973e+01 0.000000000000000000e+00
5.700000000000000000e+01 -9.957729999999999748e+00 -1.026082000000000072e+01 0.000000000000000000e+00
5.800000000000000000e+01 -1.084679000000000038e+01 -8.251089999999999591e+00 0.000000000000000000e+00
5.900000000000000000e+01 -1.185510999999999981e+01 -6.247370000000000090e+00 0.000000000000000000e+00
6.000000000000000000e+01 -1.062781999999999982e+01 -4.583949999999999747e+00 0.000000000000000000e+00
6.100000000000000000e+01 -1.165490999999999921e+01 -2.712450000000000028e+00 0.000000000000000000e+00
6.200000000000000000e+01 -1.044293000000000049e+01 -9.790100000000000469e-01 0.000000000000000000e+00
6.300000000000000000e+01 -1.123733000000000004e+01 9.356900000000000217e-01 0.000000000000000000e+00
6.400000000000000000e+01 -1.201285000000000025e+01 2.971490000000000187e+00 0.000000000000000000e+00
6.500000000000000000e+01 -1.077795000000000059e+01 4.849490000000000300e+00 0.000000000000000000e+00
6.600000000000000000e+01 -9.562279999999999447e+00 6.588289999999999758e+00 0.000000000000000000e+00
6.700000000000000000e+01 -8.333690000000000708e+00 8.308329999999999771e+00 0.000000000000000000e+00
6.800000000000000000e+01 -9.225089999999999790e+00 1.024512000000000000e+01 0.000000000000000000e+00
6.900000000000000000e+01 -8.005879999999999441e+00 1.193398999999999965e+01 0.000000000000000000e+00
7.000000000000000000e+01 -6.711359999999999992e+00 1.368645000000000067e+01 0.000000000000000000e+00
7.100000000000000000e+01 -6.243059999999999832e+00 1.729512000000000072e+01 0.000000000000000000e+00
7.200000000000000000e+01 -4.552970000000000184e+00 -1.623448000000000135e+01 0.000000000000000000e+00
7.300000000000000000e+01 -6.214080000000000048e+00 -1.496495999999999960e+01 0.000000000000000000e+00
7.400000000000000000e+01 -5.755930000000000213e+00 -1.082384000000000057e+01 0.000000000000000000e+00
7.500000000000000000e+01 -7.743009999999999948e+00 -1.020312999999999981e+01 0.000000000000000000e+00
7.600000000000000000e+01 -8.659219999999999473e+00 -8.301230000000000331e+00 0.000000000000000000e+00
7.700000000000000000e+01 -9.747139999999999915e+00 -6.445459999999999745e+00 0.000000000000000000e+00
7.800000000000000000e+01 -8.403629999999999711e+00 -4.727570000000000050e+00 0.000000000000000000e+00
7.900000000000000000e+01 -9.463829999999999742e+00 -2.848819999999999908e+00 0.000000000000000000e+00
8.000000000000000000e+01 -8.186099999999999710e+00 -1.104659999999999975e+00 0.000000000000000000e+00
8.100000000000000000e+01 -9.094269999999999854e+00 8.303500000000000325e-01 0.000000000000000000e+00
8.200000000000000000e+01 -9.961650000000000560e+00 2.878010000000000179e+00 0.000000000000000000e+00
8.300000000000000000e+01 -8.708159999999999457e+00 4.626339999999999897e+00 0.000000000000000000e+00
8.400000000000000000e+01 -7.441449999999999676e+00 6.338870000000000005e+00 0.000000000000000000e+00
8.500000000000000000e+01 -6.230000000000000426e+00 8.056779999999999831e+00 0.000000000000000000e+00
8.600000000000000000e+01 -7.076349999999999696e+00 1.003842999999999996e+01 0.000000000000000000e+00
8.700000000000000000e+01 -5.847000000000000419e+00 1.168276999999999965e+01 0.000000000000000000e+00
8.800000000000000000e+01 -5.348770000000000024e+00 1.526989999999999981e+01 0.000000000000000000e+00
8.900000000000000000e+01 -5.725590000000000401e+00 1.937798000000000087e+01 0.000000000000000000e+00
9.000000000000000000e+01 -2.814350000000000129e+00 -1.739931999999999945e+01 0.000000000000000000e+00
9.100000000000000000e+01 -4.301470000000000127e+00 -1.419298999999999999e+01 0.000000000000000000e+00
9.200000000000000000e+01 -4.097220000000000084e+00 -1.211364000000000019e+01 0.000000000000000000e+00
9.300000000000000000e+01 -6.524000000000000021e+00 -8.478889999999999816e+00 0.000000000000000000e+00
9.400000000000000000e+01 -5.396869999999999834e+00 -6.748429999999999929e+00 0.000000000000000000e+00
9.500000000000000000e+01 -7.483830000000000204e+00 -6.578479999999999883e+00 0.000000000000000000e+00
9.600000000000000000e+01 -6.116520000000000401e+00 -4.785300000000000331e+00 0.000000000000000000e+00
9.700000000000000000e+01 -7.214850000000000207e+00 -2.993799999999999795e+00 0.000000000000000000e+00
9.800000000000000000e+01 -6.113010000000000055e+00 -1.083739999999999926e+00 0.000000000000000000e+00
9.900000000000000000e+01 -6.992049999999999876e+00 8.061899999999999622e-01 0.000000000000000000e+00
1.000000000000000000e+02 -7.868170000000000108e+00 2.731240000000000112e+00 0.000000000000000000e+00
1.010000000000000000e+02 -6.617840000000000167e+00 4.396270000000000344e+00 0.000000000000000000e+00
1.020000000000000000e+02 -5.328100000000000058e+00 6.095270000000000188e+00 0.000000000000000000e+00
1.030000000000000000e+02 -4.187310000000000088e+00 7.879249999999999865e+00 0.000000000000000000e+00
1.040000000000000000e+02 -5.022499999999999964e+00 9.757720000000000837e+00 0.000000000000000000e+00
1.050000000000000000e+02 -4.614180000000000170e+00 1.333338000000000001e+01 0.000000000000000000e+00
1.060000000000000000e+02 -4.180380000000000429e+00 1.716579000000000121e+01 0.000000000000000000e+00
1.070000000000000000e+02 -2.522089999999999943e+00 1.892848000000000042e+01 0.000000000000000000e+00
1.080000000000000000e+02 -2.501219999999999999e+00 -1.533916999999999931e+01 0.000000000000000000e+00
1.090000000000000000e+02 -2.298389999999999933e+00 -1.324263000000000012e+01 0.000000000000000000e+00
1.100000000000000000e+02 -1.993330000000000046e+00 -1.118557000000000023e+01 0.000000000000000000e+00
1.110000000000000000e+02 -3.837880000000000180e+00 -1.002978000000000058e+01 0.000000000000000000e+00
1.120000000000000000e+02 -3.680909999999999904e+00 -7.975209999999999688e+00 0.000000000000000000e+00
1.130000000000000000e+02 -3.462369999999999948e+00 -5.878280000000000172e+00 0.000000000000000000e+00
1.140000000000000000e+02 -3.227959999999999940e+00 -3.788959999999999884e+00 0.000000000000000000e+00
1.150000000000000000e+02 -5.110269999999999868e+00 -2.898460000000000036e+00 0.000000000000000000e+00
1.160000000000000000e+02 -3.375680000000000014e+00 -1.724250000000000060e+00 0.000000000000000000e+00
1.170000000000000000e+02 -4.877030000000000420e+00 5.953600000000000003e-01 0.000000000000000000e+00
1.180000000000000000e+02 -5.755630000000000024e+00 2.506860000000000088e+00 0.000000000000000000e+00
1.190000000000000000e+02 -4.503320000000000434e+00 4.189890000000000114e+00 0.000000000000000000e+00
1.200000000000000000e+02 -3.240200000000000191e+00 5.823430000000000106e+00 0.000000000000000000e+00
1.210000000000000000e+02 -2.913679999999999826e+00 9.540139999999999176e+00 0.000000000000000000e+00
1.220000000000000000e+02 -3.789299999999999891e+00 1.141812000000000005e+01 0.000000000000000000e+00
1.230000000000000000e+02 -2.492830000000000101e+00 1.317237000000000080e+01 0.000000000000000000e+00
1.240000000000000000e+02 -3.247450000000000170e+00 1.509660000000000046e+01 0.000000000000000000e+00
1.250000000000000000e+02 -1.741470000000000073e+00 1.698544000000000054e+01 0.000000000000000000e+00
1.260000000000000000e+02 -1.394139999999999935e+00 -1.897072000000000003e+01 0.000000000000000000e+00
1.270000000000000000e+02 -6.955500000000000016e-01 -1.662977000000000061e+01 0.000000000000000000e+00
1.280000000000000000e+02 -3.458300000000000263e-01 -1.456168000000000085e+01 0.000000000000000000e+00
1.290000000000000000e+02 -1.954760000000000053e+00 -9.092819999999999681e+00 0.000000000000000000e+00
1.300000000000000000e+02 -1.679680000000000062e+00 -7.010970000000000368e+00 0.000000000000000000e+00
1.310000000000000000e+02 -1.473470000000000057e+00 -4.942109999999999559e+00 0.000000000000000000e+00
1.320000000000000000e+02 4.189100000000000046e-01 -4.078719999999999679e+00 0.000000000000000000e+00
1.330000000000000000e+02 -1.409100000000000019e+00 -2.801309999999999967e+00 0.000000000000000000e+00
1.340000000000000000e+02 -1.061039999999999983e+00 -7.659000000000000252e-01 0.000000000000000000e+00
1.350000000000000000e+02 -2.813289999999999846e+00 3.548399999999999888e-01 0.000000000000000000e+00
1.360000000000000000e+02 -3.681859999999999911e+00 2.280440000000000023e+00 0.000000000000000000e+00
1.370000000000000000e+02 -2.421990000000000087e+00 3.924850000000000172e+00 0.000000000000000000e+00
1.380000000000000000e+02 -2.035260000000000069e+00 7.673029999999999795e+00 0.000000000000000000e+00
1.390000000000000000e+02 -7.648500000000000298e-01 9.306039999999999424e+00 0.000000000000000000e+00
1.400000000000000000e+02 -1.609469999999999956e+00 1.129617999999999967e+01 0.000000000000000000e+00
1.410000000000000000e+02 -3.023399999999999976e-01 1.297596000000000060e+01 0.000000000000000000e+00
1.420000000000000000e+02 -1.171010000000000106e+00 1.490827999999999953e+01 0.000000000000000000e+00
1.430000000000000000e+02 -3.766300000000000203e-01 1.858539000000000030e+01 0.000000000000000000e+00
1.440000000000000000e+02 1.056059999999999999e+00 -1.788577000000000083e+01 0.000000000000000000e+00
1.450000000000000000e+02 1.491619999999999946e+00 -1.570086000000000048e+01 0.000000000000000000e+00
1.460000000000000000e+02 -2.503600000000000270e-01 -1.250862000000000052e+01 0.000000000000000000e+00
1.470000000000000000e+02 -3.851999999999999869e-02 -1.030391000000000012e+01 0.000000000000000000e+00
1.480000000000000000e+02 8.290000000000000493e-03 -8.219929999999999737e+00 0.000000000000000000e+00
1.490000000000000000e+02 2.137360000000000149e+00 -7.383060000000000400e+00 0.000000000000000000e+00
1.500000000000000000e+02 2.611800000000000233e-01 -6.175530000000000186e+00 0.000000000000000000e+00
1.510000000000000000e+02 7.065599999999999659e-01 -1.865189999999999904e+00 0.000000000000000000e+00
1.520000000000000000e+02 8.858800000000000008e-01 2.110700000000000076e-01 0.000000000000000000e+00
1.530000000000000000e+02 -1.041050000000000031e+00 1.550079999999999902e+00 0.000000000000000000e+00
1.540000000000000000e+02 -3.915699999999999736e-01 3.523690000000000211e+00 0.000000000000000000e+00
1.550000000000000000e+02 -1.168099999999999916e+00 5.650059999999999860e+00 0.000000000000000000e+00
1.560000000000000000e+02 1.846700000000000008e-01 7.213079999999999714e+00 0.000000000000000000e+00
1.570000000000000000e+02 1.287679999999999936e+00 9.073819999999999553e+00 0.000000000000000000e+00
1.580000000000000000e+02 4.830499999999999794e-01 1.098357000000000028e+01 0.000000000000000000e+00
1.590000000000000000e+02 1.015419999999999989e+00 1.459078000000000053e+01 0.000000000000000000e+00
1.600000000000000000e+02 3.643399999999999972e-01 1.664196000000000097e+01 0.000000000000000000e+00
1.610000000000000000e+02 1.485200000000000076e+00 1.957142999999999944e+01 0.000000000000000000e+00
1.620000000000000000e+02 2.872339999999999893e+00 -1.924052000000000007e+01 0.000000000000000000e+00
1.630000000000000000e+02 3.141809999999999992e+00 -1.705295999999999879e+01 0.000000000000000000e+00
1.640000000000000000e+02 1.511319999999999997e+00 -1.362222000000000044e+01 0.000000000000000000e+00
1.650000000000000000e+02 1.680509999999999948e+00 -1.150067999999999913e+01 0.000000000000000000e+00
1.660000000000000000e+02 1.890889999999999960e+00 -9.443260000000000431e+00 0.000000000000000000e+00
1.670000000000000000e+02 2.160489999999999799e+00 -5.310769999999999769e+00 0.000000000000000000e+00
1.680000000000000000e+02 2.381850000000000023e+00 -3.090310000000000112e+00 0.000000000000000000e+00
1.690000000000000000e+02 4.364530000000000243e+00 -2.263500000000000068e+00 0.000000000000000000e+00
1.700000000000000000e+02 2.670420000000000016e+00 -1.035670000000000091e+00 0.000000000000000000e+00
1.710000000000000000e+02 2.943630000000000191e+00 1.077830000000000066e+00 0.000000000000000000e+00
1.720000000000000000e+02 1.243500000000000050e+00 2.262230000000000185e+00 0.000000000000000000e+00
1.730000000000000000e+02 9.069399999999999684e-01 5.225399999999999601e+00 0.000000000000000000e+00
1.740000000000000000e+02 3.016420000000000101e+00 5.284419999999999895e+00 0.000000000000000000e+00
1.750000000000000000e+02 2.908679999999999932e+00 7.442650000000000432e+00 0.000000000000000000e+00
1.760000000000000000e+02 3.337579999999999991e+00 9.474679999999999325e+00 0.000000000000000000e+00
1.770000000000000000e+02 1.729970000000000008e+00 1.265203999999999951e+01 0.000000000000000000e+00
1.780000000000000000e+02 2.371579999999999799e+00 1.768512000000000128e+01 0.000000000000000000e+00
1.790000000000000000e+02 3.234919999999999796e+00 2.066235999999999962e+01 0.000000000000000000e+00
1.800000000000000000e+02 4.967190000000000438e+00 -1.837330000000000041e+01 0.000000000000000000e+00
1.810000000000000000e+02 3.447540000000000049e+00 -1.492797999999999981e+01 0.000000000000000000e+00
1.820000000000000000e+02 3.454369999999999941e+00 -1.271734000000000009e+01 0.000000000000000000e+00
1.830000000000000000e+02 3.662370000000000125e+00 -1.059341000000000044e+01 0.000000000000000000e+00
1.840000000000000000e+02 3.978860000000000063e+00 -8.532450000000000756e+00 0.000000000000000000e+00
1.850000000000000000e+02 3.977339999999999876e+00 -6.407610000000000028e+00 0.000000000000000000e+00
1.860000000000000000e+02 4.120190000000000019e+00 -4.316370000000000040e+00 0.000000000000000000e+00
1.870000000000000000e+02 6.163039999999999630e+00 -3.409530000000000172e+00 0.000000000000000000e+00
1.880000000000000000e+02 4.645699999999999719e+00 -1.624200000000000088e-01 0.000000000000000000e+00
1.890000000000000000e+02 4.812570000000000014e+00 2.004599999999999937e+00 0.000000000000000000e+00
1.900000000000000000e+02 3.102669999999999817e+00 3.155710000000000015e+00 0.000000000000000000e+00
1.910000000000000000e+02 4.939289999999999736e+00 4.083109999999999573e+00 0.000000000000000000e+00
1.920000000000000000e+02 4.911039999999999850e+00 6.203719999999999679e+00 0.000000000000000000e+00
1.930000000000000000e+02 5.033590000000000231e+00 8.286009999999999209e+00 0.000000000000000000e+00
1.940000000000000000e+02 5.212579999999999991e+00 1.037110000000000021e+01 0.000000000000000000e+00
1.950000000000000000e+02 3.479919999999999902e+00 1.153830999999999918e+01 0.000000000000000000e+00
1.960000000000000000e+02 3.684829999999999828e+00 1.362429000000000023e+01 0.000000000000000000e+00
1.970000000000000000e+02 4.311740000000000350e+00 1.881153000000000119e+01 0.000000000000000000e+00
1.980000000000000000e+02 5.088639999999999830e+00 -1.617896999999999963e+01 0.000000000000000000e+00
1.990000000000000000e+02 5.383339999999999570e+00 -1.405664999999999942e+01 0.000000000000000000e+00
2.000000000000000000e+02 5.368159999999999599e+00 -1.189728999999999992e+01 0.000000000000000000e+00
2.010000000000000000e+02 5.662189999999999834e+00 -9.746330000000000382e+00 0.000000000000000000e+00
2.020000000000000000e+02 5.875580000000000247e+00 -7.554909999999999570e+00 0.000000000000000000e+00
2.030000000000000000e+02 5.873140000000000249e+00 -5.486769999999999925e+00 0.000000000000000000e+00
2.040000000000000000e+02 7.863339999999999996e+00 -4.586190000000000211e+00 0.000000000000000000e+00
2.050000000000000000e+02 6.381179999999999630e+00 -1.320279999999999898e+00 0.000000000000000000e+00
2.060000000000000000e+02 8.249090000000000700e+00 -4.440600000000000103e-01 0.000000000000000000e+00
2.070000000000000000e+02 6.522170000000000023e+00 7.564499999999999558e-01 0.000000000000000000e+00
2.080000000000000000e+02 6.654700000000000060e+00 2.923770000000000202e+00 0.000000000000000000e+00
2.090000000000000000e+02 6.889380000000000059e+00 4.992429999999999701e+00 0.000000000000000000e+00
2.100000000000000000e+02 6.811370000000000147e+00 7.064129999999999576e+00 0.000000000000000000e+00
2.110000000000000000e+02 7.005499999999999616e+00 9.261060000000000514e+00 0.000000000000000000e+00
2.120000000000000000e+02 7.280660000000000132e+00 1.161396000000000051e+01 0.000000000000000000e+00
2.130000000000000000e+02 5.410599999999999632e+00 1.249714999999999954e+01 0.000000000000000000e+00
2.140000000000000000e+02 2.854340000000000099e+00 1.567209000000000074e+01 0.000000000000000000e+00
2.150000000000000000e+02 7.851210000000000022e+00 1.787528999999999968e+01 0.000000000000000000e+00
2.160000000000000000e+02 6.974920000000000009e+00 -1.744752000000000081e+01 0.000000000000000000e+00
2.170000000000000000e+02 7.018810000000000215e+00 -1.532834000000000074e+01 0.000000000000000000e+00
2.180000000000000000e+02 7.222789999999999822e+00 -1.308146999999999949e+01 0.000000000000000000e+00
2.190000000000000000e+02 7.366990000000000371e+00 -1.101375999999999955e+01 0.000000000000000000e+00
2.200000000000000000e+02 7.544039999999999857e+00 -8.844010000000000815e+00 0.000000000000000000e+00
2.210000000000000000e+02 7.802629999999999733e+00 -6.691239999999999633e+00 0.000000000000000000e+00
2.220000000000000000e+02 9.843859999999999388e+00 -3.763199999999999878e+00 0.000000000000000000e+00
2.230000000000000000e+02 8.074429999999999552e+00 -2.515330000000000066e+00 0.000000000000000000e+00
2.240000000000000000e+02 1.005940999999999974e+01 -1.586079999999999934e+00 0.000000000000000000e+00
2.250000000000000000e+02 8.415409999999999613e+00 1.631089999999999929e+00 0.000000000000000000e+00
2.260000000000000000e+02 8.533899999999999153e+00 3.768419999999999881e+00 0.000000000000000000e+00
2.270000000000000000e+02 1.040306999999999960e+01 4.753840000000000288e+00 0.000000000000000000e+00
2.280000000000000000e+02 8.754110000000000724e+00 6.041680000000000383e+00 0.000000000000000000e+00
2.290000000000000000e+02 8.795719999999999317e+00 8.138529999999999376e+00 0.000000000000000000e+00
2.300000000000000000e+02 9.017879999999999896e+00 1.037687000000000026e+01 0.000000000000000000e+00
2.310000000000000000e+02 7.230559999999999654e+00 1.368565000000000076e+01 0.000000000000000000e+00
2.320000000000000000e+02 5.365300000000000402e+00 1.484985999999999962e+01 0.000000000000000000e+00
2.330000000000000000e+02 5.102850000000000108e+00 1.689027000000000100e+01 0.000000000000000000e+00
2.340000000000000000e+02 8.852880000000000749e+00 -1.643468999999999980e+01 0.000000000000000000e+00
2.350000000000000000e+02 8.959429999999999339e+00 -1.430381999999999998e+01 0.000000000000000000e+00
2.360000000000000000e+02 9.247379999999999711e+00 -1.217460999999999949e+01 0.000000000000000000e+00
2.370000000000000000e+02 9.309950000000000614e+00 -1.009240999999999921e+01 0.000000000000000000e+00
2.380000000000000000e+02 9.495229999999999393e+00 -7.953870000000000218e+00 0.000000000000000000e+00
2.390000000000000000e+02 9.685959999999999681e+00 -5.819530000000000314e+00 0.000000000000000000e+00
2.400000000000000000e+02 1.162654000000000032e+01 -4.935900000000000176e+00 0.000000000000000000e+00
2.410000000000000000e+02 1.173493000000000031e+01 -2.871780000000000221e+00 0.000000000000000000e+00
2.420000000000000000e+02 1.016018000000000043e+01 4.793299999999999783e-01 0.000000000000000000e+00
2.430000000000000000e+02 1.207610999999999990e+01 1.480560000000000098e+00 0.000000000000000000e+00
2.440000000000000000e+02 1.027102000000000004e+01 2.621750000000000025e+00 0.000000000000000000e+00
2.450000000000000000e+02 1.228880000000000017e+01 5.678700000000000081e+00 0.000000000000000000e+00
2.460000000000000000e+02 1.059176000000000073e+01 6.982149999999999856e+00 0.000000000000000000e+00
2.470000000000000000e+02 1.075774000000000008e+01 9.250289999999999679e+00 0.000000000000000000e+00
2.480000000000000000e+02 9.199350000000000804e+00 1.243778999999999968e+01 0.000000000000000000e+00
2.490000000000000000e+02 9.434860000000000468e+00 1.450726000000000049e+01 0.000000000000000000e+00
2.500000000000000000e+02 7.208309999999999995e+00 1.582160999999999973e+01 0.000000000000000000e+00
2.510000000000000000e+02 9.508029999999999760e+00 1.659976999999999947e+01 0.000000000000000000e+00
2.520000000000000000e+02 1.084939999999999927e+01 -1.567637000000000036e+01 0.000000000000000000e+00
2.530000000000000000e+02 1.092646000000000051e+01 -1.339616999999999969e+01 0.000000000000000000e+00
2.540000000000000000e+02 1.116702000000000083e+01 -1.119279000000000046e+01 0.000000000000000000e+00
2.550000000000000000e+02 1.125001999999999924e+01 -9.129519999999999413e+00 0.000000000000000000e+00
2.560000000000000000e+02 1.141065000000000040e+01 -7.019770000000000287e+00 0.000000000000000000e+00
2.570000000000000000e+02 1.333010999999999946e+01 -6.126479999999999926e+00 0.000000000000000000e+00
2.580000000000000000e+02 1.347589999999999932e+01 -4.004100000000000215e+00 0.000000000000000000e+00
2.590000000000000000e+02 1.362552999999999948e+01 -1.811609999999999943e+00 0.000000000000000000e+00
2.600000000000000000e+02 1.191569999999999929e+01 -6.434299999999999464e-01 0.000000000000000000e+00
2.610000000000000000e+02 1.391920000000000002e+01 2.445669999999999789e+00 0.000000000000000000e+00
2.620000000000000000e+02 1.217772000000000077e+01 3.605220000000000091e+00 0.000000000000000000e+00
2.630000000000000000e+02 1.409878999999999927e+01 4.560270000000000046e+00 0.000000000000000000e+00
2.640000000000000000e+02 1.445504999999999995e+01 6.670329999999999870e+00 0.000000000000000000e+00
2.650000000000000000e+02 1.252698000000000000e+01 7.906340000000000146e+00 0.000000000000000000e+00
2.660000000000000000e+02 1.262412999999999919e+01 1.012049000000000021e+01 0.000000000000000000e+00
2.670000000000000000e+02 1.094083999999999968e+01 1.133039999999999914e+01 0.000000000000000000e+00
2.680000000000000000e+02 1.117910999999999966e+01 1.340511000000000053e+01 0.000000000000000000e+00
2.690000000000000000e+02 1.130523999999999951e+01 1.548086999999999946e+01 0.000000000000000000e+00
2.700000000000000000e+02 1.268153000000000041e+01 -1.451980999999999966e+01 0.000000000000000000e+00
2.710000000000000000e+02 1.284797000000000011e+01 -1.239226999999999990e+01 0.000000000000000000e+00
2.720000000000000000e+02 1.316324000000000005e+01 -1.032240000000000002e+01 0.000000000000000000e+00
2.730000000000000000e+02 1.512683000000000000e+01 -9.433089999999999975e+00 0.000000000000000000e+00
2.740000000000000000e+02 1.326359000000000066e+01 -8.245369999999999422e+00 0.000000000000000000e+00
2.750000000000000000e+02 1.524623000000000062e+01 -5.217749999999999666e+00 0.000000000000000000e+00
2.760000000000000000e+02 1.533177000000000056e+01 -3.027800000000000047e+00 0.000000000000000000e+00
2.770000000000000000e+02 1.565023000000000053e+01 -7.991099999999999870e-01 0.000000000000000000e+00
2.780000000000000000e+02 1.388397999999999932e+01 2.599199999999999844e-01 0.000000000000000000e+00
2.790000000000000000e+02 1.565601000000000020e+01 1.317900000000000071e+00 0.000000000000000000e+00
2.800000000000000000e+02 1.586167999999999978e+01 3.463189999999999991e+00 0.000000000000000000e+00
2.810000000000000000e+02 1.656259000000000015e+01 5.652770000000000294e+00 0.000000000000000000e+00
2.820000000000000000e+02 1.828347000000000122e+01 6.834050000000000402e+00 0.000000000000000000e+00
2.830000000000000000e+02 1.643653000000000119e+01 7.794819999999999638e+00 0.000000000000000000e+00
2.840000000000000000e+02 1.455702999999999925e+01 8.845159999999999911e+00 0.000000000000000000e+00
2.850000000000000000e+02 1.645058999999999827e+01 9.962070000000000647e+00 0.000000000000000000e+00
2.860000000000000000e+02 1.461395000000000088e+01 1.098469000000000051e+01 0.000000000000000000e+00
2.870000000000000000e+02 1.285931000000000068e+01 1.220916000000000068e+01 0.000000000000000000e+00
2.880000000000000000e+02 1.459497000000000000e+01 -1.366510000000000069e+01 0.000000000000000000e+00
2.890000000000000000e+02 1.478478999999999921e+01 -1.160807999999999929e+01 0.000000000000000000e+00
2.900000000000000000e+02 1.709754999999999825e+01 -8.610400000000000276e+00 0.000000000000000000e+00
2.910000000000000000e+02 1.703666000000000125e+01 -6.382729999999999571e+00 0.000000000000000000e+00
2.920000000000000000e+02 1.511839999999999939e+01 -7.299229999999999663e+00 0.000000000000000000e+00
2.930000000000000000e+02 1.888908999999999949e+01 -5.408079999999999998e+00 0.000000000000000000e+00
2.940000000000000000e+02 1.711822000000000088e+01 -4.309090000000000309e+00 0.000000000000000000e+00
2.950000000000000000e+02 1.918517999999999901e+01 -1.052580000000000071e+00 0.000000000000000000e+00
2.960000000000000000e+02 1.725768000000000058e+01 -2.177470000000000017e+00 0.000000000000000000e+00
2.970000000000000000e+02 1.749649000000000143e+01 1.903799999999999937e-01 0.000000000000000000e+00
2.980000000000000000e+02 1.760478000000000165e+01 2.266910000000000203e+00 0.000000000000000000e+00
2.990000000000000000e+02 1.946385000000000076e+01 1.142460000000000031e+00 0.000000000000000000e+00
