0.000000000000000000e+00 -1.128942999999999941e+01 -1.498353000000000002e+01 0.000000000000000000e+00
1.000000000000000000e+00 -1.406663999999999959e+01 -1.286585000000000001e+01 0.000000000000000000e+00
2.000000000000000000e+00 -1.492825999999999986e+01 -1.096710999999999991e+01 0.000000000000000000e+00
3.000000000000000000e+00 -1.573105999999999938e+01 -8.996700000000000585e+00 0.000000000000000000e+00
4.000000000000000000e+00 -1.681052000000000035e+01 -7.220609999999999751e+00 0.000000000000000000e+00
5.000000000000000000e+00 -1.748688999999999893e+01 -5.064230000000000231e+00 0.000000000000000000e+00
6.000000000000000000e+00 -1.625564999999999927e+01 -3.399529999999999941e+00 0.000000000000000000e+00
7.000000000000000000e+00 -1.841328999999999994e+01 -3.127029999999999976e+00 0.000000000000000000e+00
8.000000000000000000e+00 -1.727453999999999823e+01 -1.356950000000000101e+00 0.000000000000000000e+00
9.000000000000000000e+00 -1.983127999999999957e+01 -6.774200000000000221e-01 0.000000000000000000e+00
1.000000000000000000e+01 -1.811935000000000073e+01 5.671500000000000430e-01 0.000000000000000000e+00
1.100000000000000000e+01 -1.911214999999999975e+01 2.486380000000000035e+00 0.000000000000000000e+00
1.200000000000000000e+01 -1.652486999999999995e+01 6.130840000000000067e+00 0.000000000000000000e+00
1.300000000000000000e+01 -1.765876000000000090e+01 4.372130000000000294e+00 0.000000000000000000e+00
1.400000000000000000e+01 -1.798793999999999826e+01 7.639439999999999564e+00 0.000000000000000000e+00
1.500000000000000000e+01 -1.701469000000000165e+01 9.617169999999999774e+00 0.000000000000000000e+00
1.600000000000000000e+01 -1.474751000000000012e+01 1.336125000000000007e+01 0.000000000000000000e+00
1.700000000000000000e+01 -1.296524999999999928e+01 1.442068000000000083e+01 0.000000000000000000e+00
1.800000000000000000e+01 -8.930030000000000356e+00 -1.515503000000000000e+01 0.000000000000000000e+00
1.900000000000000000e+01 -1.199850999999999956e+01 -1.302436999999999934e+01 0.000000000000000000e+00
2.000000000000000000e+01 -1.283826999999999963e+01 -1.111893000000000065e+01 0.000000000000000000e+00
2.100000000000000000e+01 -1.366192999999999991e+01 -9.163949999999999818e+00 0.000000000000000000e+00
2.200000000000000000e+01 -1.449577000000000027e+01 -7.270260000000000389e+00 0.000000000000000000e+00
2.300000000000000000e+01 -1.535599000000000025e+01 -5.349750000000000227e+00 0.000000000000000000e+00
2.400000000000000000e+01 -1.420132000000000083e+01 -3.519859999999999989e+00 0.000000000000000000e+00
2.500000000000000000e+01 -1.514484000000000030e+01 -1.645089999999999941e+00 0.000000000000000000e+00
2.600000000000000000e+01 -1.387697999999999965e+01 2.522599999999999842e-01 0.000000000000000000e+00
2.700000000000000000e+01 -1.604543999999999926e+01 4.931900000000000173e-01 0.000000000000000000e+00
2.800000000000000000e+01 -1.691171999999999898e+01 2.428269999999999929e+00 0.000000000000000000e+00
2.900000000000000000e+01 -1.556398000000000081e+01 4.195240000000000080e+00 0.000000000000000000e+00
3.000000000000000000e+01 -1.436778999999999940e+01 5.915390000000000370e+00 0.000000000000000000e+00
3.100000000000000000e+01 -1.303458999999999968e+01 7.640690000000000204e+00 0.000000000000000000e+00
3.200000000000000000e+01 -1.521521000000000079e+01 7.837860000000000049e+00 0.000000000000000000e+00
3.300000000000000000e+01 -1.550686999999999927e+01 1.128617000000000026e+01 0.000000000000000000e+00
3.400000000000000000e+01 -1.088597000000000037e+01 1.331104999999999983e+01 0.000000000000000000e+00
3.500000000000000000e+01 -1.092434000000000083e+01 1.541046000000000049e+01 0.000000000000000000e+00
3.600000000000000000e+01 -7.912349999999999994e+00 -1.728454999999999941e+01 0.000000000000000000e+00
3.700000000000000000e+01 -9.773590000000000444e+00 -1.325960000000000072e+01 0.000000000000000000e+00
3.800000000000000000e+01 -1.071354000000000006e+01 -1.138927999999999940e+01 0.000000000000000000e+00
3.900000000000000000e+01 -1.154748000000000019e+01 -9.341730000000000089e+00 0.000000000000000000e+00
4.000000000000000000e+01 -1.232052000000000014e+01 -7.388609999999999900e+00 0.000000000000000000e+00
4.100000000000000000e+01 -1.326774999999999949e+01 -5.551840000000000330e+00 0.000000000000000000e+00
4.200000000000000000e+01 -1.208993000000000073e+01 -3.713389999999999969e+00 0.000000000000000000e+00
4.300000000000000000e+01 -1.305063999999999957e+01 -1.697310000000000096e+00 0.000000000000000000e+00
4.400000000000000000e+01 -1.177176000000000045e+01 -7.055999999999999772e-02 0.000000000000000000e+00
4.500000000000000000e+01 -1.265448999999999913e+01 1.945419999999999927e+00 0.000000000000000000e+00
4.600000000000000000e+01 -1.473342000000000063e+01 2.160829999999999806e+00 0.000000000000000000e+00
4.700000000000000000e+01 -1.350159000000000020e+01 3.923340000000000050e+00 0.000000000000000000e+00
4.800000000000000000e+01 -1.232600000000000051e+01 5.647000000000000242e+00 0.000000000000000000e+00
4.900000000000000000e+01 -1.165853000000000073e+01 9.228930000000000078e+00 0.000000000000000000e+00
5.000000000000000000e+01 -1.399219000000000079e+01 9.598209999999999908e+00 0.000000000000000000e+00
5.100000000000000000e+01 -1.335397999999999996e+01 1.165750000000000064e+01 0.000000000000000000e+00
5.200000000000000000e+01 -8.900050000000000239e+00 1.408859999999999957e+01 0.000000000000000000e+00
5.300000000000000000e+01 -8.668309999999999960e+00 1.615454000000000079e+01 0.000000000000000000e+00
5.400000000000000000e+01 -6.433830000000000382e+00 -1.569205000000000005e+01 0.000000000000000000e+00
5.500000000000000000e+01 -7.636379999999999946e+00 -1.348507000000000033e+01 0.000000000000000000e+00
5.600000000000000000e+01 -8.569720000000000226e+00 -1.152325000000000088e+01 0.000000000000000000e+00
5.700000000000000000e+01 -9.347680000000000433e+00 -9.517830000000000013e+00 0.000000000000000000e+00
5.800000000000000000e+01 -1.028049999999999997e+01 -7.668700000000000294e+00 0.000000000000000000e+00
5.900000000000000000e+01 -1.111290999999999940e+01 -5.619580000000000020e+00 0.000000000000000000e+00
6.000000000000000000e+01 -9.907519999999999882e+00 -3.898060000000000080e+00 0.000000000000000000e+00
6.100000000000000000e+01 -1.087461000000000055e+01 -1.987400000000000055e+00 0.000000000000000000e+00
6.200000000000000000e+01 -9.667569999999999553e+00 -2.579699999999999771e-01 0.000000000000000000e+00
6.300000000000000000e+01 -1.060220999999999947e+01 1.712450000000000028e+00 0.000000000000000000e+00
6.400000000000000000e+01 -1.128780000000000072e+01 3.747570000000000068e+00 0.000000000000000000e+00
6.500000000000000000e+01 -1.025833000000000084e+01 5.647649999999999615e+00 0.000000000000000000e+00
6.600000000000000000e+01 -1.002973000000000070e+01 7.936420000000000030e+00 0.000000000000000000e+00
6.700000000000000000e+01 -9.538859999999999673e+00 9.956009999999999138e+00 0.000000000000000000e+00
6.800000000000000000e+01 -1.115469000000000044e+01 1.124233000000000082e+01 0.000000000000000000e+00
6.900000000000000000e+01 -9.233560000000000656e+00 1.205227000000000004e+01 0.000000000000000000e+00
7.000000000000000000e+01 -6.958039999999999559e+00 1.490380000000000038e+01 0.000000000000000000e+00
7.100000000000000000e+01 -6.761639999999999873e+00 1.721687000000000012e+01 0.000000000000000000e+00
7.200000000000000000e+01 -5.865120000000000111e+00 -1.768992000000000075e+01 0.000000000000000000e+00
7.300000000000000000e+01 -5.514129999999999754e+00 -1.356597000000000008e+01 0.000000000000000000e+00
7.400000000000000000e+01 -6.481290000000000440e+00 -1.170659000000000027e+01 0.000000000000000000e+00
7.500000000000000000e+01 -7.146429999999999616e+00 -9.749040000000000816e+00 0.000000000000000000e+00
7.600000000000000000e+01 -8.121240000000000236e+00 -7.732949999999999768e+00 0.000000000000000000e+00
7.700000000000000000e+01 -9.050290000000000390e+00 -5.839249999999999829e+00 0.000000000000000000e+00
7.800000000000000000e+01 -7.840209999999999901e+00 -4.034900000000000375e+00 0.000000000000000000e+00
7.900000000000000000e+01 -8.774820000000000064e+00 -2.179030000000000022e+00 0.000000000000000000e+00
8.000000000000000000e+01 -7.593950000000000422e+00 -3.766999999999999793e-01 0.000000000000000000e+00
8.100000000000000000e+01 -8.500970000000000582e+00 1.461610000000000076e+00 0.000000000000000000e+00
8.200000000000000000e+01 -9.178850000000000620e+00 3.417009999999999881e+00 0.000000000000000000e+00
8.300000000000000000e+01 -6.871430000000000149e+00 5.048160000000000203e+00 0.000000000000000000e+00
8.400000000000000000e+01 -8.405979999999999563e+00 6.581699999999999662e+00 0.000000000000000000e+00
8.500000000000000000e+01 -7.945680000000000298e+00 8.605980000000000629e+00 0.000000000000000000e+00
8.600000000000000000e+01 -7.546660000000000146e+00 1.064844000000000079e+01 0.000000000000000000e+00
8.700000000000000000e+01 -7.232020000000000337e+00 1.271521000000000079e+01 0.000000000000000000e+00
8.800000000000000000e+01 -5.313649999999999984e+00 1.349379000000000062e+01 0.000000000000000000e+00
8.900000000000000000e+01 -4.725719999999999921e+00 1.785732000000000141e+01 0.000000000000000000e+00
9.000000000000000000e+01 -4.206479999999999997e+00 -1.937469000000000108e+01 0.000000000000000000e+00
9.100000000000000000e+01 -4.220180000000000042e+00 -1.588316000000000017e+01 0.000000000000000000e+00
9.200000000000000000e+01 -4.409360000000000390e+00 -1.178190999999999988e+01 0.000000000000000000e+00
9.300000000000000000e+01 -5.059800000000000075e+00 -9.818419999999999703e+00 0.000000000000000000e+00
9.400000000000000000e+01 -5.999970000000000248e+00 -7.958050000000000068e+00 0.000000000000000000e+00
9.500000000000000000e+01 -6.912720000000000198e+00 -5.899510000000000254e+00 0.000000000000000000e+00
9.600000000000000000e+01 -5.623429999999999929e+00 -4.186510000000000176e+00 0.000000000000000000e+00
9.700000000000000000e+01 -6.639160000000000394e+00 -2.345130000000000159e+00 0.000000000000000000e+00
9.800000000000000000e+01 -5.545230000000000103e+00 -5.951999999999999513e-01 0.000000000000000000e+00
9.900000000000000000e+01 -5.542189999999999728e+00 1.583490000000000064e+00 0.000000000000000000e+00
1.000000000000000000e+02 -7.144020000000000259e+00 3.006400000000000183e+00 0.000000000000000000e+00
1.010000000000000000e+02 -5.134330000000000283e+00 3.670900000000000052e+00 0.000000000000000000e+00
1.020000000000000000e+02 -6.417270000000000252e+00 7.215029999999999610e+00 0.000000000000000000e+00
1.030000000000000000e+02 -4.418520000000000003e+00 7.965329999999999799e+00 0.000000000000000000e+00
1.040000000000000000e+02 -5.976200000000000401e+00 9.309820000000000206e+00 0.000000000000000000e+00
1.050000000000000000e+02 -5.625239999999999796e+00 1.141536999999999935e+01 0.000000000000000000e+00
1.060000000000000000e+02 -4.991570000000000285e+00 1.578595999999999933e+01 0.000000000000000000e+00
1.070000000000000000e+02 -1.247730000000000006e+00 1.911630999999999858e+01 0.000000000000000000e+00
1.080000000000000000e+02 -2.911090000000000177e+00 -1.772773000000000110e+01 0.000000000000000000e+00
1.090000000000000000e+02 -3.323650000000000215e+00 -1.396742000000000061e+01 0.000000000000000000e+00
1.100000000000000000e+02 -2.360479999999999912e+00 -1.208413000000000004e+01 0.000000000000000000e+00
1.110000000000000000e+02 -3.016709999999999781e+00 -1.012144999999999939e+01 0.000000000000000000e+00
1.120000000000000000e+02 -3.684540000000000148e+00 -8.062210000000000321e+00 0.000000000000000000e+00
1.130000000000000000e+02 -4.848950000000000315e+00 -6.197569999999999801e+00 0.000000000000000000e+00
1.140000000000000000e+02 -2.920669999999999877e+00 -5.169640000000000235e+00 0.000000000000000000e+00
1.150000000000000000e+02 -4.471840000000000259e+00 -2.462600000000000122e+00 0.000000000000000000e+00
1.160000000000000000e+02 -2.177039999999999864e+00 -9.702600000000000113e-01 0.000000000000000000e+00
1.170000000000000000e+02 -3.717779999999999863e+00 3.756300000000000194e-01 0.000000000000000000e+00
1.180000000000000000e+02 -3.386530000000000040e+00 2.455410000000000093e+00 0.000000000000000000e+00
1.190000000000000000e+02 -4.844140000000000335e+00 5.786170000000000258e+00 0.000000000000000000e+00
1.200000000000000000e+02 -2.810970000000000191e+00 6.645699999999999719e+00 0.000000000000000000e+00
1.210000000000000000e+02 -2.400640000000000107e+00 8.763909999999999201e+00 0.000000000000000000e+00
1.220000000000000000e+02 -4.039600000000000080e+00 1.004885999999999946e+01 0.000000000000000000e+00
1.230000000000000000e+02 -3.651569999999999983e+00 1.210430000000000028e+01 0.000000000000000000e+00
1.240000000000000000e+02 -3.317550000000000221e+00 1.419740999999999964e+01 0.000000000000000000e+00
1.250000000000000000e+02 -3.017370000000000108e+00 1.638578000000000046e+01 0.000000000000000000e+00
1.260000000000000000e+02 -1.327010000000000023e+00 -1.931881999999999877e+01 0.000000000000000000e+00
1.270000000000000000e+02 -2.116239999999999899e+00 -1.572408000000000072e+01 0.000000000000000000e+00
1.280000000000000000e+02 -1.155489999999999906e+00 -1.387709000000000081e+01 0.000000000000000000e+00
1.290000000000000000e+02 -2.975999999999999757e-01 -1.187706999999999979e+01 0.000000000000000000e+00
1.300000000000000000e+02 -1.683300000000000018e+00 -8.539609999999999701e+00 0.000000000000000000e+00
1.310000000000000000e+02 -1.260210000000000052e+00 -6.493089999999999584e+00 0.000000000000000000e+00
1.320000000000000000e+02 -9.009800000000000031e-01 -4.430270000000000152e+00 0.000000000000000000e+00
1.330000000000000000e+02 -2.482099999999999973e+00 -3.104029999999999845e+00 0.000000000000000000e+00
1.340000000000000000e+02 -1.963300000000000045e-01 -2.060099999999999987e-01 0.000000000000000000e+00
1.350000000000000000e+02 -1.777770000000000072e+00 1.127180000000000071e+00 0.000000000000000000e+00
1.360000000000000000e+02 -3.060010000000000119e+00 4.571270000000000167e+00 0.000000000000000000e+00
1.370000000000000000e+02 -1.139150000000000107e+00 5.318999999999999950e+00 0.000000000000000000e+00
1.380000000000000000e+02 -8.273000000000000353e-01 7.353810000000000180e+00 0.000000000000000000e+00
1.390000000000000000e+02 -3.708199999999999830e-01 9.415089999999999293e+00 0.000000000000000000e+00
1.400000000000000000e+02 -2.016579999999999817e+00 1.082940999999999931e+01 0.000000000000000000e+00
1.410000000000000000e+02 -1.721070000000000100e+00 1.288371000000000066e+01 0.000000000000000000e+00
1.420000000000000000e+02 -1.376710000000000100e+00 1.501087000000000060e+01 0.000000000000000000e+00
1.430000000000000000e+02 -8.586799999999999988e-01 1.709844000000000008e+01 0.000000000000000000e+00
1.440000000000000000e+02 -7.170600000000000307e-01 -1.735043999999999897e+01 0.000000000000000000e+00
1.450000000000000000e+02 2.668499999999999761e-01 -1.548332000000000086e+01 0.000000000000000000e+00
1.460000000000000000e+02 1.054950000000000054e+00 -1.347376000000000040e+01 0.000000000000000000e+00
1.470000000000000000e+02 1.972000000000000142e-02 -9.814299999999999358e+00 0.000000000000000000e+00
1.480000000000000000e+02 4.040900000000000047e-01 -7.766479999999999606e+00 0.000000000000000000e+00
1.490000000000000000e+02 2.401930000000000121e+00 -7.003210000000000157e+00 0.000000000000000000e+00
1.500000000000000000e+02 7.124599999999999822e-01 -5.696710000000000385e+00 0.000000000000000000e+00
1.510000000000000000e+02 -5.547800000000000509e-01 -2.356559999999999988e+00 0.000000000000000000e+00
1.520000000000000000e+02 1.389350000000000085e+00 -1.589329999999999909e+00 0.000000000000000000e+00
1.530000000000000000e+02 1.734999999999999876e-01 1.832219999999999960e+00 0.000000000000000000e+00
1.540000000000000000e+02 -1.477340000000000098e+00 3.231990000000000141e+00 0.000000000000000000e+00
1.550000000000000000e+02 4.782299999999999884e-01 3.914660000000000029e+00 0.000000000000000000e+00
1.560000000000000000e+02 8.587599999999999678e-01 6.024729999999999919e+00 0.000000000000000000e+00
1.570000000000000000e+02 1.212290000000000090e+00 8.101580000000000226e+00 0.000000000000000000e+00
1.580000000000000000e+02 -4.052999999999999658e-02 1.156682999999999950e+01 0.000000000000000000e+00
1.590000000000000000e+02 3.424300000000000122e-01 1.361397000000000013e+01 0.000000000000000000e+00
1.600000000000000000e+02 7.002800000000000136e-01 1.567422000000000004e+01 0.000000000000000000e+00
1.610000000000000000e+02 1.084580000000000100e+00 1.785184999999999889e+01 0.000000000000000000e+00
1.620000000000000000e+02 1.185929999999999929e+00 -1.843477000000000032e+01 0.000000000000000000e+00
1.630000000000000000e+02 2.116389999999999993e+00 -1.652821000000000140e+01 0.000000000000000000e+00
1.640000000000000000e+02 2.812180000000000124e+00 -1.455232999999999954e+01 0.000000000000000000e+00
1.650000000000000000e+02 1.639089999999999936e+00 -1.117315999999999931e+01 0.000000000000000000e+00
1.660000000000000000e+02 1.990899999999999892e+00 -9.154980000000000118e+00 0.000000000000000000e+00
1.670000000000000000e+02 2.680190000000000072e+00 -4.949510000000000076e+00 0.000000000000000000e+00
1.680000000000000000e+02 1.075320000000000054e+00 -3.663949999999999818e+00 0.000000000000000000e+00
1.690000000000000000e+02 3.110269999999999868e+00 -2.852209999999999912e+00 0.000000000000000000e+00
1.700000000000000000e+02 3.381029999999999980e+00 -7.906199999999999894e-01 0.000000000000000000e+00
1.710000000000000000e+02 1.790780000000000038e+00 5.214800000000000546e-01 0.000000000000000000e+00
1.720000000000000000e+02 2.093420000000000059e+00 2.580169999999999852e+00 0.000000000000000000e+00
1.730000000000000000e+02 2.392329999999999846e+00 4.644940000000000069e+00 0.000000000000000000e+00
1.740000000000000000e+02 2.818060000000000009e+00 6.760270000000000223e+00 0.000000000000000000e+00
1.750000000000000000e+02 3.212610000000000188e+00 8.854260000000000019e+00 0.000000000000000000e+00
1.760000000000000000e+02 1.560319999999999929e+00 1.016376999999999953e+01 0.000000000000000000e+00
1.770000000000000000e+02 1.945370000000000044e+00 1.227047999999999917e+01 0.000000000000000000e+00
1.780000000000000000e+02 2.288969999999999949e+00 1.431495999999999924e+01 0.000000000000000000e+00
1.790000000000000000e+02 3.162209999999999965e+00 1.907365000000000066e+01 0.000000000000000000e+00
1.800000000000000000e+02 3.372630000000000017e+00 -1.824501000000000062e+01 0.000000000000000000e+00
1.810000000000000000e+02 4.203890000000000349e+00 -1.626938000000000173e+01 0.000000000000000000e+00
1.820000000000000000e+02 3.233410000000000117e+00 -1.251116999999999990e+01 0.000000000000000000e+00
1.830000000000000000e+02 3.663359999999999950e+00 -1.044330000000000069e+01 0.000000000000000000e+00
1.840000000000000000e+02 4.020819999999999617e+00 -8.388669999999999405e+00 0.000000000000000000e+00
1.850000000000000000e+02 4.354809999999999626e+00 -6.301940000000000097e+00 0.000000000000000000e+00
1.860000000000000000e+02 4.696150000000000269e+00 -4.154589999999999783e+00 0.000000000000000000e+00
1.870000000000000000e+02 5.054400000000000226e+00 -2.120190000000000019e+00 0.000000000000000000e+00
1.880000000000000000e+02 5.401539999999999786e+00 -7.875000000000000056e-02 0.000000000000000000e+00
1.890000000000000000e+02 3.735630000000000006e+00 1.252610000000000001e+00 0.000000000000000000e+00
1.900000000000000000e+02 4.016589999999999883e+00 3.332520000000000149e+00 0.000000000000000000e+00
1.910000000000000000e+02 4.489419999999999966e+00 5.356980000000000075e+00 0.000000000000000000e+00
1.920000000000000000e+02 4.783059999999999867e+00 7.502270000000000216e+00 0.000000000000000000e+00
1.930000000000000000e+02 5.169780000000000264e+00 9.599500000000000810e+00 0.000000000000000000e+00
1.940000000000000000e+02 3.533170000000000144e+00 1.094787999999999961e+01 0.000000000000000000e+00
1.950000000000000000e+02 3.938489999999999824e+00 1.303825999999999929e+01 0.000000000000000000e+00
1.960000000000000000e+02 4.402879999999999683e+00 1.523551999999999929e+01 0.000000000000000000e+00
1.970000000000000000e+02 2.703240000000000087e+00 1.644838999999999984e+01 0.000000000000000000e+00
1.980000000000000000e+02 5.983150000000000190e+00 -1.767824999999999847e+01 0.000000000000000000e+00
1.990000000000000000e+02 4.819580000000000197e+00 -1.397011999999999965e+01 0.000000000000000000e+00
2.000000000000000000e+02 5.200129999999999697e+00 -1.183554999999999957e+01 0.000000000000000000e+00
2.010000000000000000e+02 5.636020000000000252e+00 -9.768190000000000595e+00 0.000000000000000000e+00
2.020000000000000000e+02 5.965620000000000367e+00 -7.641040000000000276e+00 0.000000000000000000e+00
2.030000000000000000e+02 6.343399999999999928e+00 -5.578890000000000349e+00 0.000000000000000000e+00
2.040000000000000000e+02 6.696550000000000225e+00 -3.532280000000000086e+00 0.000000000000000000e+00
2.050000000000000000e+02 7.034460000000000157e+00 -1.453030000000000044e+00 0.000000000000000000e+00
2.060000000000000000e+02 7.465539999999999843e+00 5.690199999999999703e-01 0.000000000000000000e+00
2.070000000000000000e+02 5.864220000000000432e+00 1.941780000000000062e+00 0.000000000000000000e+00
2.080000000000000000e+02 6.113850000000000229e+00 4.089369999999999727e+00 0.000000000000000000e+00
2.090000000000000000e+02 6.412499999999999645e+00 6.239539999999999864e+00 0.000000000000000000e+00
2.100000000000000000e+02 6.868990000000000151e+00 8.350049999999999528e+00 0.000000000000000000e+00
2.110000000000000000e+02 7.182260000000000311e+00 1.047300000000000075e+01 0.000000000000000000e+00
2.120000000000000000e+02 5.515629999999999811e+00 1.171463999999999928e+01 0.000000000000000000e+00
2.130000000000000000e+02 5.916769999999999641e+00 1.379786999999999964e+01 0.000000000000000000e+00
2.140000000000000000e+02 6.299450000000000216e+00 1.609290999999999983e+01 0.000000000000000000e+00
2.150000000000000000e+02 4.611589999999999634e+00 1.760333999999999932e+01 0.000000000000000000e+00
2.160000000000000000e+02 7.990070000000000228e+00 -1.666994000000000042e+01 0.000000000000000000e+00
2.170000000000000000e+02 6.317840000000000344e+00 -1.543338999999999928e+01 0.000000000000000000e+00
2.180000000000000000e+02 6.768539999999999779e+00 -1.322555999999999976e+01 0.000000000000000000e+00
2.190000000000000000e+02 7.200879999999999725e+00 -1.112628999999999913e+01 0.000000000000000000e+00
2.200000000000000000e+02 7.569720000000000226e+00 -9.022259999999999280e+00 0.000000000000000000e+00
2.210000000000000000e+02 7.931199999999999584e+00 -6.925060000000000215e+00 0.000000000000000000e+00
2.220000000000000000e+02 8.319269999999999499e+00 -4.838549999999999685e+00 0.000000000000000000e+00
2.230000000000000000e+02 8.689550000000000551e+00 -2.775020000000000042e+00 0.000000000000000000e+00
2.240000000000000000e+02 9.126030000000000086e+00 -7.580000000000000071e-01 0.000000000000000000e+00
2.250000000000000000e+02 9.403579999999999828e+00 1.434500000000000108e+00 0.000000000000000000e+00
2.260000000000000000e+02 7.796039999999999637e+00 2.828289999999999971e+00 0.000000000000000000e+00
2.270000000000000000e+02 8.110870000000000246e+00 4.873870000000000147e+00 0.000000000000000000e+00
2.280000000000000000e+02 8.452209999999999113e+00 6.948150000000000048e+00 0.000000000000000000e+00
2.290000000000000000e+02 8.840730000000000643e+00 9.023149999999999338e+00 0.000000000000000000e+00
2.300000000000000000e+02 9.230760000000000076e+00 1.110969000000000051e+01 0.000000000000000000e+00
2.310000000000000000e+02 7.584430000000000227e+00 1.249682999999999922e+01 0.000000000000000000e+00
2.320000000000000000e+02 7.867689999999999628e+00 1.464541000000000004e+01 0.000000000000000000e+00
2.330000000000000000e+02 6.593989999999999796e+00 1.818062000000000111e+01 0.000000000000000000e+00
2.340000000000000000e+02 5.074089999999999989e+00 -1.966207999999999956e+01 0.000000000000000000e+00
2.350000000000000000e+02 8.345530000000000115e+00 -1.464673999999999943e+01 0.000000000000000000e+00
2.360000000000000000e+02 8.718769999999999243e+00 -1.254066000000000081e+01 0.000000000000000000e+00
2.370000000000000000e+02 9.140539999999999665e+00 -1.036167000000000016e+01 0.000000000000000000e+00
2.380000000000000000e+02 9.599410000000000664e+00 -8.336149999999999949e+00 0.000000000000000000e+00
2.390000000000000000e+02 9.935460000000000846e+00 -6.209539999999999615e+00 0.000000000000000000e+00
2.400000000000000000e+02 1.030399000000000065e+01 -4.134599999999999831e+00 0.000000000000000000e+00
2.410000000000000000e+02 1.076530999999999949e+01 -2.108909999999999840e+00 0.000000000000000000e+00
2.420000000000000000e+02 1.108968999999999916e+01 4.564000000000000001e-02 0.000000000000000000e+00
2.430000000000000000e+02 1.143548000000000009e+01 2.193960000000000132e+00 0.000000000000000000e+00
2.440000000000000000e+02 9.806240000000000734e+00 3.505790000000000184e+00 0.000000000000000000e+00
2.450000000000000000e+02 1.009661000000000008e+01 5.547990000000000421e+00 0.000000000000000000e+00
2.460000000000000000e+02 1.041993000000000080e+01 7.652020000000000266e+00 0.000000000000000000e+00
2.470000000000000000e+02 1.087147000000000041e+01 9.834720000000000795e+00 0.000000000000000000e+00
2.480000000000000000e+02 1.121794000000000047e+01 1.187827000000000055e+01 0.000000000000000000e+00
2.490000000000000000e+02 9.493479999999999919e+00 1.331100999999999956e+01 0.000000000000000000e+00
2.500000000000000000e+02 9.780900000000000816e+00 1.550881000000000043e+01 0.000000000000000000e+00
2.510000000000000000e+02 8.370309999999999917e+00 1.712238999999999933e+01 0.000000000000000000e+00
2.520000000000000000e+02 1.003378999999999976e+01 -1.605399999999999849e+01 0.000000000000000000e+00
2.530000000000000000e+02 1.049742999999999959e+01 -1.402810000000000024e+01 0.000000000000000000e+00
2.540000000000000000e+02 1.069514000000000031e+01 -1.194837000000000060e+01 0.000000000000000000e+00
2.550000000000000000e+02 1.114305000000000057e+01 -9.696270000000000167e+00 0.000000000000000000e+00
2.560000000000000000e+02 1.158716000000000079e+01 -7.624839999999999840e+00 0.000000000000000000e+00
2.570000000000000000e+02 1.201388999999999996e+01 -5.437870000000000203e+00 0.000000000000000000e+00
2.580000000000000000e+02 1.238575999999999944e+01 -3.399950000000000028e+00 0.000000000000000000e+00
2.590000000000000000e+02 1.270594999999999963e+01 -1.271760000000000002e+00 0.000000000000000000e+00
2.600000000000000000e+02 1.301655000000000051e+01 8.242800000000000127e-01 0.000000000000000000e+00
2.610000000000000000e+02 1.508427000000000007e+01 1.598449999999999926e+00 0.000000000000000000e+00
2.620000000000000000e+02 1.340934999999999988e+01 2.959789999999999921e+00 0.000000000000000000e+00
2.630000000000000000e+02 1.180291000000000068e+01 4.233349999999999724e+00 0.000000000000000000e+00
2.640000000000000000e+02 1.219354000000000049e+01 6.398279999999999745e+00 0.000000000000000000e+00
2.650000000000000000e+02 1.243270000000000053e+01 8.489739999999999398e+00 0.000000000000000000e+00
2.660000000000000000e+02 1.287152999999999992e+01 1.052091000000000065e+01 0.000000000000000000e+00
2.670000000000000000e+02 1.318087000000000053e+01 1.258009000000000022e+01 0.000000000000000000e+00
2.680000000000000000e+02 1.145654000000000039e+01 1.399399000000000015e+01 0.000000000000000000e+00
2.690000000000000000e+02 1.178445999999999927e+01 1.603929000000000116e+01 0.000000000000000000e+00
2.700000000000000000e+02 1.204984999999999928e+01 -1.539958999999999989e+01 0.000000000000000000e+00
2.710000000000000000e+02 1.264686000000000021e+01 -1.327641000000000027e+01 0.000000000000000000e+00
2.720000000000000000e+02 1.272245999999999988e+01 -1.119095000000000084e+01 0.000000000000000000e+00
2.730000000000000000e+02 1.320692000000000021e+01 -9.188810000000000144e+00 0.000000000000000000e+00
2.740000000000000000e+02 1.356305000000000049e+01 -6.984029999999999738e+00 0.000000000000000000e+00
2.750000000000000000e+02 1.403614999999999924e+01 -4.745390000000000441e+00 0.000000000000000000e+00
2.760000000000000000e+02 1.600224000000000046e+01 -4.067459999999999631e+00 0.000000000000000000e+00
2.770000000000000000e+02 1.429191999999999929e+01 -2.595979999999999954e+00 0.000000000000000000e+00
2.780000000000000000e+02 1.469194000000000067e+01 -4.745599999999999818e-01 0.000000000000000000e+00
2.790000000000000000e+02 1.707619000000000042e+01 2.299970000000000070e+00 0.000000000000000000e+00
2.800000000000000000e+02 1.550727000000000011e+01 3.646549999999999958e+00 0.000000000000000000e+00
2.810000000000000000e+02 1.372897000000000034e+01 5.021539999999999893e+00 0.000000000000000000e+00
2.820000000000000000e+02 1.779429999999999978e+01 6.500829999999999664e+00 0.000000000000000000e+00
2.830000000000000000e+02 1.412123000000000062e+01 7.116920000000000357e+00 0.000000000000000000e+00
2.840000000000000000e+02 1.445430999999999955e+01 9.153959999999999653e+00 0.000000000000000000e+00
2.850000000000000000e+02 1.622389000000000081e+01 7.970320000000000071e+00 0.000000000000000000e+00
2.860000000000000000e+02 1.489399000000000051e+01 1.133811000000000035e+01 0.000000000000000000e+00
2.870000000000000000e+02 1.349377999999999922e+01 1.480509999999999948e+01 0.000000000000000000e+00
2.880000000000000000e+02 1.460890000000000022e+01 -1.250026000000000082e+01 0.000000000000000000e+00
2.890000000000000000e+02 1.525243000000000038e+01 -8.806440000000000268e+00 0.000000000000000000e+00
2.900000000000000000e+02 1.764667000000000030e+01 -5.444219999999999615e+00 0.000000000000000000e+00
2.910000000000000000e+02 1.832713999999999999e+01 -2.485679999999999890e+00 0.000000000000000000e+00
2.920000000000000000e+02 1.713647999999999882e+01 -7.961050000000000182e+00 0.000000000000000000e+00
2.930000000000000000e+02 1.565820000000000078e+01 -6.221560000000000201e+00 0.000000000000000000e+00
2.940000000000000000e+02 1.918827999999999889e+01 -4.059699999999999975e-01 0.000000000000000000e+00
2.950000000000000000e+02 1.626861999999999853e+01 -1.989610000000000101e+00 0.000000000000000000e+00
2.960000000000000000e+02 1.705572000000000088e+01 -4.098000000000000254e-02 0.000000000000000000e+00
2.970000000000000000e+02 1.910531999999999897e+01 1.798070000000000057e+00 0.000000000000000000e+00
2.980000000000000000e+02 1.784913999999999845e+01 4.285070000000000157e+00 0.000000000000000000e+00
2.990000000000000000e+02 1.569422999999999924e+01 5.716709999999999958e+00 0.000000000000000000e+00
