0.000000000000000000e+00 -1.321449999999999925e+01 -1.388297999999999988e+01 0.000000000000000000e+00
1.000000000000000000e+00 -1.484111000000000047e+01 -1.245420999999999978e+01 0.000000000000000000e+00
2.000000000000000000e+00 -1.617190000000000083e+01 -1.050441999999999965e+01 0.000000000000000000e+00
3.000000000000000000e+00 -1.761756000000000100e+01 -9.008889999999999176e+00 0.000000000000000000e+00
4.000000000000000000e+00 -1.854802000000000106e+01 -6.349260000000000126e+00 0.000000000000000000e+00
5.000000000000000000e+00 -1.774389000000000038e+01 -4.385729999999999684e+00 0.000000000000000000e+00
6.000000000000000000e+00 -1.925617000000000090e+01 -2.309149999999999814e+00 0.000000000000000000e+00
7.000000000000000000e+00 -1.677506999999999948e+01 -2.480539999999999967e+00 0.000000000000000000e+00
8.000000000000000000e+00 -1.790211000000000041e+01 -7.309299999999999686e-01 0.000000000000000000e+00
9.000000000000000000e+00 -1.690302000000000149e+01 1.264369999999999994e+00 0.000000000000000000e+00
1.000000000000000000e+01 -1.910046000000000177e+01 1.065879999999999939e+00 0.000000000000000000e+00
1.100000000000000000e+01 -2.031257000000000090e+01 3.237000000000000099e+00 0.000000000000000000e+00
1.200000000000000000e+01 -1.914238999999999891e+01 5.243590000000000195e+00 0.000000000000000000e+00
1.300000000000000000e+01 -1.699921000000000149e+01 5.225799999999999557e+00 0.000000000000000000e+00
1.400000000000000000e+01 -1.820952000000000126e+01 7.142730000000000246e+00 0.000000000000000000e+00
1.500000000000000000e+01 -1.713781000000000176e+01 8.918409999999999727e+00 0.000000000000000000e+00
1.600000000000000000e+01 -1.615513999999999939e+01 1.080751000000000062e+01 0.000000000000000000e+00
1.700000000000000000e+01 -1.311780000000000079e+01 1.271218999999999966e+01 0.000000000000000000e+00
1.800000000000000000e+01 -1.163223999999999947e+01 -1.532112000000000052e+01 0.000000000000000000e+00
1.900000000000000000e+01 -1.267595000000000027e+01 -1.153870000000000040e+01 0.000000000000000000e+00
2.000000000000000000e+01 -1.405865000000000009e+01 -9.983940000000000481e+00 0.000000000000000000e+00
2.100000000000000000e+01 -1.539681000000000033e+01 -8.370160000000000267e+00 0.000000000000000000e+00
2.200000000000000000e+01 -1.648703000000000074e+01 -6.407639999999999780e+00 0.000000000000000000e+00
2.300000000000000000e+01 -1.443185000000000073e+01 -6.191270000000000273e+00 0.000000000000000000e+00
2.400000000000000000e+01 -1.563274000000000008e+01 -4.456059999999999910e+00 0.000000000000000000e+00
2.500000000000000000e+01 -1.469382000000000055e+01 -2.438149999999999817e+00 0.000000000000000000e+00
2.600000000000000000e+01 -1.575888999999999918e+01 -6.026799999999999935e-01 0.000000000000000000e+00
2.700000000000000000e+01 -1.479304999999999914e+01 1.447449999999999903e+00 0.000000000000000000e+00
2.800000000000000000e+01 -1.601788000000000167e+01 3.242550000000000043e+00 0.000000000000000000e+00
2.900000000000000000e+01 -1.806034999999999968e+01 3.006479999999999819e+00 0.000000000000000000e+00
3.000000000000000000e+01 -1.491295000000000037e+01 5.259360000000000035e+00 0.000000000000000000e+00
3.100000000000000000e+01 -1.605490999999999957e+01 7.101049999999999862e+00 0.000000000000000000e+00
3.200000000000000000e+01 -1.506825000000000081e+01 9.046599999999999753e+00 0.000000000000000000e+00
3.300000000000000000e+01 -1.292070000000000007e+01 8.971040000000000347e+00 0.000000000000000000e+00
3.400000000000000000e+01 -1.407076999999999956e+01 1.084798999999999936e+01 0.000000000000000000e+00
3.500000000000000000e+01 -1.181447999999999965e+01 1.502267999999999937e+01 0.000000000000000000e+00
3.600000000000000000e+01 -9.742829999999999657e+00 -1.645094999999999885e+01 0.000000000000000000e+00
3.700000000000000000e+01 -1.122234000000000087e+01 -1.329039999999999999e+01 0.000000000000000000e+00
3.800000000000000000e+01 -1.154504999999999981e+01 -9.788539999999999353e+00 0.000000000000000000e+00
3.900000000000000000e+01 -1.122438999999999965e+01 -7.734040000000000248e+00 0.000000000000000000e+00
4.000000000000000000e+01 -1.336332999999999949e+01 -8.043760000000000687e+00 0.000000000000000000e+00
4.100000000000000000e+01 -1.239481999999999928e+01 -5.887579999999999814e+00 0.000000000000000000e+00
4.200000000000000000e+01 -1.358126000000000033e+01 -4.205400000000000027e+00 0.000000000000000000e+00
4.300000000000000000e+01 -1.258253000000000021e+01 -2.167040000000000077e+00 0.000000000000000000e+00
4.400000000000000000e+01 -1.369785000000000075e+01 -3.017099999999999782e-01 0.000000000000000000e+00
4.500000000000000000e+01 -1.268130999999999986e+01 1.513609999999999900e+00 0.000000000000000000e+00
4.600000000000000000e+01 -1.378683999999999976e+01 3.344289999999999985e+00 0.000000000000000000e+00
4.700000000000000000e+01 -1.285449000000000019e+01 5.179389999999999716e+00 0.000000000000000000e+00
4.800000000000000000e+01 -1.394055999999999962e+01 7.170490000000000030e+00 0.000000000000000000e+00
4.900000000000000000e+01 -1.183890000000000065e+01 7.025750000000000384e+00 0.000000000000000000e+00
5.000000000000000000e+01 -1.085773999999999972e+01 8.845779999999999532e+00 0.000000000000000000e+00
5.100000000000000000e+01 -1.198068999999999917e+01 1.097073999999999927e+01 0.000000000000000000e+00
5.200000000000000000e+01 -1.104102999999999923e+01 1.290681000000000012e+01 0.000000000000000000e+00
5.300000000000000000e+01 -1.026965000000000039e+01 1.642870999999999881e+01 0.000000000000000000e+00
5.400000000000000000e+01 -7.695439999999999614e+00 -1.718475000000000108e+01 0.000000000000000000e+00
5.500000000000000000e+01 -9.497749999999999915e+00 -1.440178000000000047e+01 0.000000000000000000e+00
5.600000000000000000e+01 -9.439310000000000755e+00 -1.184984000000000037e+01 0.000000000000000000e+00
5.700000000000000000e+01 -9.421540000000000248e+00 -9.713689999999999714e+00 0.000000000000000000e+00
5.800000000000000000e+01 -9.173249999999999460e+00 -7.496640000000000192e+00 0.000000000000000000e+00
5.900000000000000000e+01 -1.029949000000000048e+01 -5.696790000000000020e+00 0.000000000000000000e+00
6.000000000000000000e+01 -1.145480000000000054e+01 -3.972710000000000186e+00 0.000000000000000000e+00
6.100000000000000000e+01 -1.042985999999999969e+01 -2.079639999999999933e+00 0.000000000000000000e+00
6.200000000000000000e+01 -1.162998999999999938e+01 -2.697200000000000153e-01 0.000000000000000000e+00
6.300000000000000000e+01 -1.051684000000000019e+01 1.520010000000000083e+00 0.000000000000000000e+00
6.400000000000000000e+01 -9.607070000000000221e+00 3.381440000000000001e+00 0.000000000000000000e+00
6.500000000000000000e+01 -1.166099999999999959e+01 3.365920000000000023e+00 0.000000000000000000e+00
6.600000000000000000e+01 -1.065525000000000055e+01 5.200289999999999857e+00 0.000000000000000000e+00
6.700000000000000000e+01 -9.687049999999999272e+00 7.031419999999999781e+00 0.000000000000000000e+00
6.800000000000000000e+01 -9.829950000000000188e+00 1.064696999999999960e+01 0.000000000000000000e+00
6.900000000000000000e+01 -8.905459999999999710e+00 1.253367000000000075e+01 0.000000000000000000e+00
7.000000000000000000e+01 -9.643039999999999168e+00 1.445341999999999949e+01 0.000000000000000000e+00
7.100000000000000000e+01 -8.374819999999999709e+00 1.801294000000000040e+01 0.000000000000000000e+00
7.200000000000000000e+01 -5.620000000000000107e+00 -1.839348000000000027e+01 0.000000000000000000e+00
7.300000000000000000e+01 -7.532499999999999751e+00 -1.509816000000000003e+01 0.000000000000000000e+00
7.400000000000000000e+01 -7.701270000000000060e+00 -1.299164000000000030e+01 0.000000000000000000e+00
7.500000000000000000e+01 -7.453759999999999941e+00 -1.087683999999999962e+01 0.000000000000000000e+00
7.600000000000000000e+01 -7.528699999999999726e+00 -8.821070000000000633e+00 0.000000000000000000e+00
7.700000000000000000e+01 -8.185150000000000148e+00 -5.690590000000000259e+00 0.000000000000000000e+00
7.800000000000000000e+01 -9.294079999999999231e+00 -3.875109999999999832e+00 0.000000000000000000e+00
7.900000000000000000e+01 -8.296860000000000568e+00 -2.021490000000000009e+00 0.000000000000000000e+00
8.000000000000000000e+01 -9.355909999999999727e+00 -2.270000000000000073e-01 0.000000000000000000e+00
8.100000000000000000e+01 -8.456759999999999167e+00 1.642169999999999908e+00 0.000000000000000000e+00
8.200000000000000000e+01 -7.393360000000000376e+00 3.416840000000000099e+00 0.000000000000000000e+00
8.300000000000000000e+01 -8.527520000000000877e+00 5.164220000000000255e+00 0.000000000000000000e+00
8.400000000000000000e+01 -7.624100000000000321e+00 7.091260000000000119e+00 0.000000000000000000e+00
8.500000000000000000e+01 -8.720579999999999998e+00 8.872059999999999391e+00 0.000000000000000000e+00
8.600000000000000000e+01 -6.682529999999999859e+00 9.372270000000000323e+00 0.000000000000000000e+00
8.700000000000000000e+01 -7.102570000000000050e+00 1.139833999999999925e+01 0.000000000000000000e+00
8.800000000000000000e+01 -7.304339999999999833e+00 1.395049000000000028e+01 0.000000000000000000e+00
8.900000000000000000e+01 -7.742210000000000036e+00 1.602946000000000026e+01 0.000000000000000000e+00
9.000000000000000000e+01 -5.599940000000000140e+00 -1.617520999999999987e+01 0.000000000000000000e+00
9.100000000000000000e+01 -5.565850000000000186e+00 -1.391315999999999953e+01 0.000000000000000000e+00
9.200000000000000000e+01 -5.596059999999999590e+00 -1.179831000000000074e+01 0.000000000000000000e+00
9.300000000000000000e+01 -5.653780000000000250e+00 -9.671569999999999112e+00 0.000000000000000000e+00
9.400000000000000000e+01 -5.843270000000000408e+00 -7.608620000000000161e+00 0.000000000000000000e+00
9.500000000000000000e+01 -6.036310000000000286e+00 -5.525559999999999583e+00 0.000000000000000000e+00
9.600000000000000000e+01 -7.113459999999999894e+00 -3.723259999999999792e+00 0.000000000000000000e+00
9.700000000000000000e+01 -6.168000000000000149e+00 -1.900810000000000111e+00 0.000000000000000000e+00
9.800000000000000000e+01 -7.264129999999999754e+00 -1.514099999999999890e-01 0.000000000000000000e+00
9.900000000000000000e+01 -6.294940000000000424e+00 1.661780000000000035e+00 0.000000000000000000e+00
1.000000000000000000e+02 -5.252119999999999678e+00 3.477199999999999847e+00 0.000000000000000000e+00
1.010000000000000000e+02 -6.413499999999999979e+00 5.271390000000000242e+00 0.000000000000000000e+00
1.020000000000000000e+02 -5.534410000000000274e+00 7.204229999999999912e+00 0.000000000000000000e+00
1.030000000000000000e+02 -4.563850000000000406e+00 9.012769999999999726e+00 0.000000000000000000e+00
1.040000000000000000e+02 -5.027479999999999727e+00 1.106325000000000003e+01 0.000000000000000000e+00
1.050000000000000000e+02 -5.392839999999999634e+00 1.310210000000000008e+01 0.000000000000000000e+00
1.060000000000000000e+02 -5.682839999999999669e+00 1.523597999999999963e+01 0.000000000000000000e+00
1.070000000000000000e+02 -4.660549999999999748e+00 1.883076000000000150e+01 0.000000000000000000e+00
1.080000000000000000e+02 -3.618970000000000020e+00 -1.692830000000000013e+01 0.000000000000000000e+00
1.090000000000000000e+02 -3.609440000000000204e+00 -1.484545999999999921e+01 0.000000000000000000e+00
1.100000000000000000e+02 -3.731040000000000134e+00 -1.275128999999999913e+01 0.000000000000000000e+00
1.110000000000000000e+02 -3.801810000000000134e+00 -1.055341999999999913e+01 0.000000000000000000e+00
1.120000000000000000e+02 -3.912539999999999907e+00 -8.467060000000000031e+00 0.000000000000000000e+00
1.130000000000000000e+02 -4.071439999999999948e+00 -6.358419999999999739e+00 0.000000000000000000e+00
1.140000000000000000e+02 -4.473519999999999719e+00 -4.178550000000000431e+00 0.000000000000000000e+00
1.150000000000000000e+02 -4.085239999999999760e+00 -2.108150000000000190e+00 0.000000000000000000e+00
1.160000000000000000e+02 -5.151040000000000063e+00 -1.037799999999999973e-01 0.000000000000000000e+00
1.170000000000000000e+02 -4.024210000000000065e+00 1.676739999999999897e+00 0.000000000000000000e+00
1.180000000000000000e+02 -3.165680000000000049e+00 3.562230000000000008e+00 0.000000000000000000e+00
1.190000000000000000e+02 -4.342690000000000161e+00 5.449830000000000396e+00 0.000000000000000000e+00
1.200000000000000000e+02 -3.334610000000000074e+00 7.332569999999999588e+00 0.000000000000000000e+00
1.210000000000000000e+02 -2.985689999999999955e+00 1.037989999999999924e+01 0.000000000000000000e+00
1.220000000000000000e+02 -3.362369999999999859e+00 1.249616999999999933e+01 0.000000000000000000e+00
1.230000000000000000e+02 -3.723329999999999806e+00 1.457704999999999984e+01 0.000000000000000000e+00
1.240000000000000000e+02 -4.111650000000000027e+00 1.660954999999999870e+01 0.000000000000000000e+00
1.250000000000000000e+02 -6.130069999999999908e+00 1.736414999999999864e+01 0.000000000000000000e+00
1.260000000000000000e+02 -1.782140000000000057e+00 -1.792117000000000004e+01 0.000000000000000000e+00
1.270000000000000000e+02 -1.781260000000000066e+00 -1.585735000000000028e+01 0.000000000000000000e+00
1.280000000000000000e+02 -1.846109999999999918e+00 -1.369281999999999933e+01 0.000000000000000000e+00
1.290000000000000000e+02 -2.014899999999999913e+00 -1.160773000000000010e+01 0.000000000000000000e+00
1.300000000000000000e+02 -1.954120000000000079e+00 -9.380699999999999150e+00 0.000000000000000000e+00
1.310000000000000000e+02 -2.094570000000000043e+00 -7.218219999999999636e+00 0.000000000000000000e+00
1.320000000000000000e+02 -2.372829999999999995e+00 -5.139890000000000292e+00 0.000000000000000000e+00
1.330000000000000000e+02 -2.164070000000000160e+00 -2.980599999999999916e+00 0.000000000000000000e+00
1.340000000000000000e+02 -2.955909999999999815e+00 -1.789100000000000135e-01 0.000000000000000000e+00
1.350000000000000000e+02 -1.925899999999999945e+00 1.760080000000000089e+00 0.000000000000000000e+00
1.360000000000000000e+02 -1.113669999999999938e+00 3.711650000000000116e+00 0.000000000000000000e+00
1.370000000000000000e+02 -2.276279999999999859e+00 5.471230000000000260e+00 0.000000000000000000e+00
1.380000000000000000e+02 -1.240169999999999995e+00 7.389249999999999652e+00 0.000000000000000000e+00
1.390000000000000000e+02 -1.112849999999999895e+00 9.486309999999999576e+00 0.000000000000000000e+00
1.400000000000000000e+02 -1.413350000000000106e+00 1.176066999999999929e+01 0.000000000000000000e+00
1.410000000000000000e+02 -1.677240000000000064e+00 1.388490999999999964e+01 0.000000000000000000e+00
1.420000000000000000e+02 -2.084429999999999783e+00 1.601405000000000101e+01 0.000000000000000000e+00
1.430000000000000000e+02 -2.194269999999999943e+00 1.812383000000000166e+01 0.000000000000000000e+00
1.440000000000000000e+02 2.727999999999999869e-01 -1.697388000000000119e+01 0.000000000000000000e+00
1.450000000000000000e+02 -2.359999999999999945e-02 -1.469025000000000070e+01 0.000000000000000000e+00
1.460000000000000000e+02 -1.063899999999999985e-01 -1.253069999999999951e+01 0.000000000000000000e+00
1.470000000000000000e+02 1.679840000000000000e+00 -1.142877000000000010e+01 0.000000000000000000e+00
1.480000000000000000e+02 -2.054900000000000060e-01 -1.046472999999999942e+01 0.000000000000000000e+00
1.490000000000000000e+02 -2.117799999999999960e-01 -8.178839999999999222e+00 0.000000000000000000e+00
1.500000000000000000e+02 -2.628099999999999881e-01 -6.124859999999999971e+00 0.000000000000000000e+00
1.510000000000000000e+02 -2.632800000000000140e-01 -4.037980000000000125e+00 0.000000000000000000e+00
1.520000000000000000e+02 -3.061300000000000132e-01 -1.955109999999999904e+00 0.000000000000000000e+00
1.530000000000000000e+02 -6.286899999999999711e-01 1.326400000000000079e-01 0.000000000000000000e+00
1.540000000000000000e+02 2.160499999999999921e-01 2.002489999999999881e+00 0.000000000000000000e+00
1.550000000000000000e+02 -1.846899999999999931e-01 5.594369999999999621e+00 0.000000000000000000e+00
1.560000000000000000e+02 6.798800000000000399e-01 8.252129999999999299e+00 0.000000000000000000e+00
1.570000000000000000e+02 5.006300000000000194e-01 1.078683999999999976e+01 0.000000000000000000e+00
1.580000000000000000e+02 3.841600000000000015e-01 1.294095000000000084e+01 0.000000000000000000e+00
1.590000000000000000e+02 3.397000000000000020e-02 1.505036999999999914e+01 0.000000000000000000e+00
1.600000000000000000e+02 -1.911299999999999943e-01 1.718209999999999837e+01 0.000000000000000000e+00
1.610000000000000000e+02 -4.436599999999999988e-01 1.925533000000000072e+01 0.000000000000000000e+00
1.620000000000000000e+02 -4.241000000000000325e-02 -1.908199000000000112e+01 0.000000000000000000e+00
1.630000000000000000e+02 1.824270000000000058e+00 -1.559606999999999921e+01 0.000000000000000000e+00
1.640000000000000000e+02 1.695109999999999895e+00 -1.353101000000000020e+01 0.000000000000000000e+00
1.650000000000000000e+02 3.613770000000000149e+00 -1.237182999999999922e+01 0.000000000000000000e+00
1.660000000000000000e+02 1.601580000000000004e+00 -9.249909999999999854e+00 0.000000000000000000e+00
1.670000000000000000e+02 1.595180000000000042e+00 -7.139269999999999783e+00 0.000000000000000000e+00
1.680000000000000000e+02 1.541179999999999994e+00 -5.071539999999999715e+00 0.000000000000000000e+00
1.690000000000000000e+02 1.532419999999999893e+00 -2.909009999999999874e+00 0.000000000000000000e+00
1.700000000000000000e+02 1.433950000000000058e+00 -7.865100000000000424e-01 0.000000000000000000e+00
1.710000000000000000e+02 2.117249999999999854e+00 1.169000000000000039e+00 0.000000000000000000e+00
1.720000000000000000e+02 1.051320000000000032e+00 3.912900000000000045e+00 0.000000000000000000e+00
1.730000000000000000e+02 1.876730000000000009e+00 5.837509999999999977e+00 0.000000000000000000e+00
1.740000000000000000e+02 2.738789999999999836e+00 7.802660000000000373e+00 0.000000000000000000e+00
1.750000000000000000e+02 2.469030000000000058e+00 9.864100000000000534e+00 0.000000000000000000e+00
1.760000000000000000e+02 2.299040000000000195e+00 1.201872999999999969e+01 0.000000000000000000e+00
1.770000000000000000e+02 2.012300000000000200e+00 1.428096000000000032e+01 0.000000000000000000e+00
1.780000000000000000e+02 1.781570000000000098e+00 1.633987000000000123e+01 0.000000000000000000e+00
1.790000000000000000e+02 1.912700000000000067e+00 1.884244999999999948e+01 0.000000000000000000e+00
1.800000000000000000e+02 2.136589999999999989e+00 -2.015306999999999960e+01 0.000000000000000000e+00
1.810000000000000000e+02 2.026269999999999794e+00 -1.809349999999999881e+01 0.000000000000000000e+00
1.820000000000000000e+02 3.599390000000000089e+00 -1.448676999999999992e+01 0.000000000000000000e+00
1.830000000000000000e+02 3.459080000000000155e+00 -1.023141000000000034e+01 0.000000000000000000e+00
1.840000000000000000e+02 3.491109999999999935e+00 -8.152380000000000848e+00 0.000000000000000000e+00
1.850000000000000000e+02 3.403849999999999820e+00 -6.009369999999999656e+00 0.000000000000000000e+00
1.860000000000000000e+02 3.405600000000000183e+00 -3.915010000000000101e+00 0.000000000000000000e+00
1.870000000000000000e+02 3.281309999999999949e+00 -1.733179999999999943e+00 0.000000000000000000e+00
1.880000000000000000e+02 4.152790000000000425e+00 1.348699999999999899e-01 0.000000000000000000e+00
1.890000000000000000e+02 4.946010000000000240e+00 2.097109999999999808e+00 0.000000000000000000e+00
1.900000000000000000e+02 3.028869999999999951e+00 3.154710000000000125e+00 0.000000000000000000e+00
1.910000000000000000e+02 3.864100000000000090e+00 5.043079999999999785e+00 0.000000000000000000e+00
1.920000000000000000e+02 4.675060000000000215e+00 6.952650000000000219e+00 0.000000000000000000e+00
1.930000000000000000e+02 4.496310000000000251e+00 9.021839999999999193e+00 0.000000000000000000e+00
1.940000000000000000e+02 4.197300000000000253e+00 1.111880000000000024e+01 0.000000000000000000e+00
1.950000000000000000e+02 4.046160000000000423e+00 1.320705000000000062e+01 0.000000000000000000e+00
1.960000000000000000e+02 3.759729999999999794e+00 1.548076000000000008e+01 0.000000000000000000e+00
1.970000000000000000e+02 3.578930000000000167e+00 1.752779999999999916e+01 0.000000000000000000e+00
1.980000000000000000e+02 4.228550000000000253e+00 -1.954236999999999824e+01 0.000000000000000000e+00
1.990000000000000000e+02 3.586120000000000196e+00 -1.670830000000000126e+01 0.000000000000000000e+00
2.000000000000000000e+02 5.441099999999999604e+00 -1.340685000000000038e+01 0.000000000000000000e+00
2.010000000000000000e+02 5.328109999999999680e+00 -1.112729000000000035e+01 0.000000000000000000e+00
2.020000000000000000e+02 5.228550000000000253e+00 -7.013880000000000337e+00 0.000000000000000000e+00
2.030000000000000000e+02 5.263189999999999813e+00 -4.876360000000000028e+00 0.000000000000000000e+00
2.040000000000000000e+02 6.683469999999999800e+00 -3.302000000000000046e+00 0.000000000000000000e+00
2.050000000000000000e+02 5.432590000000000252e+00 -1.572999999999999954e+00 0.000000000000000000e+00
2.060000000000000000e+02 6.240639999999999965e+00 3.610099999999999976e-01 0.000000000000000000e+00
2.070000000000000000e+02 7.025920000000000165e+00 2.292990000000000084e+00 0.000000000000000000e+00
2.080000000000000000e+02 5.714800000000000324e+00 4.095819999999999794e+00 0.000000000000000000e+00
2.090000000000000000e+02 6.572739999999999583e+00 6.013560000000000016e+00 0.000000000000000000e+00
2.100000000000000000e+02 6.483019999999999783e+00 8.104929999999999524e+00 0.000000000000000000e+00
2.110000000000000000e+02 6.178020000000000067e+00 1.029022999999999932e+01 0.000000000000000000e+00
2.120000000000000000e+02 6.079030000000000378e+00 1.247405000000000008e+01 0.000000000000000000e+00
2.130000000000000000e+02 5.707349999999999923e+00 1.459083000000000041e+01 0.000000000000000000e+00
2.140000000000000000e+02 5.636700000000000266e+00 1.679286000000000101e+01 0.000000000000000000e+00
2.150000000000000000e+02 5.736970000000000347e+00 1.887489000000000061e+01 0.000000000000000000e+00
2.160000000000000000e+02 7.263720000000000176e+00 -1.889055000000000106e+01 0.000000000000000000e+00
2.170000000000000000e+02 5.455160000000000231e+00 -1.567951000000000050e+01 0.000000000000000000e+00
2.180000000000000000e+02 7.109670000000000378e+00 -1.216871000000000080e+01 0.000000000000000000e+00
2.190000000000000000e+02 7.330259999999999998e+00 -1.010802999999999940e+01 0.000000000000000000e+00
2.200000000000000000e+02 5.493879999999999875e+00 -9.066069999999999851e+00 0.000000000000000000e+00
2.210000000000000000e+02 7.290199999999999569e+00 -6.853699999999999903e+00 0.000000000000000000e+00
2.220000000000000000e+02 8.006420000000000314e+00 -4.885209999999999830e+00 0.000000000000000000e+00
2.230000000000000000e+02 8.811600000000000321e+00 -2.967369999999999841e+00 0.000000000000000000e+00
2.240000000000000000e+02 7.495079999999999742e+00 -1.285959999999999992e+00 0.000000000000000000e+00
2.250000000000000000e+02 8.342980000000000729e+00 6.786299999999999555e-01 0.000000000000000000e+00
2.260000000000000000e+02 9.081030000000000157e+00 2.605850000000000222e+00 0.000000000000000000e+00
2.270000000000000000e+02 7.781089999999999840e+00 4.259030000000000094e+00 0.000000000000000000e+00
2.280000000000000000e+02 8.684950000000000614e+00 6.164850000000000385e+00 0.000000000000000000e+00
2.290000000000000000e+02 8.088290000000000646e+00 9.467710000000000292e+00 0.000000000000000000e+00
2.300000000000000000e+02 7.942669999999999675e+00 1.152959000000000067e+01 0.000000000000000000e+00
2.310000000000000000e+02 7.823999999999999844e+00 1.360633999999999943e+01 0.000000000000000000e+00
2.320000000000000000e+02 7.668309999999999960e+00 1.572133999999999965e+01 0.000000000000000000e+00
2.330000000000000000e+02 7.643209999999999837e+00 1.784263999999999939e+01 0.000000000000000000e+00
2.340000000000000000e+02 5.375510000000000232e+00 -1.773038999999999987e+01 0.000000000000000000e+00
2.350000000000000000e+02 7.516569999999999752e+00 -1.427252000000000010e+01 0.000000000000000000e+00
2.360000000000000000e+02 9.153510000000000701e+00 -1.231305000000000049e+01 0.000000000000000000e+00
2.370000000000000000e+02 9.827790000000000248e+00 -1.035924999999999940e+01 0.000000000000000000e+00
2.380000000000000000e+02 8.602919999999999234e+00 -8.487970000000000681e+00 0.000000000000000000e+00
2.390000000000000000e+02 9.396620000000000417e+00 -6.585499999999999687e+00 0.000000000000000000e+00
2.400000000000000000e+02 1.011077000000000048e+01 -4.638419999999999987e+00 0.000000000000000000e+00
2.410000000000000000e+02 1.093849999999999945e+01 -2.647819999999999840e+00 0.000000000000000000e+00
2.420000000000000000e+02 9.674939999999999429e+00 -9.170399999999999663e-01 0.000000000000000000e+00
2.430000000000000000e+02 1.043313999999999986e+01 1.039940000000000087e+00 0.000000000000000000e+00
2.440000000000000000e+02 1.147644000000000020e+01 2.840939999999999799e+00 0.000000000000000000e+00
2.450000000000000000e+02 1.004532999999999987e+01 4.615599999999999703e+00 0.000000000000000000e+00
2.460000000000000000e+02 1.109704999999999941e+01 6.531039999999999957e+00 0.000000000000000000e+00
2.470000000000000000e+02 9.581979999999999720e+00 8.035280000000000200e+00 0.000000000000000000e+00
2.480000000000000000e+02 1.016247000000000078e+01 1.020772000000000013e+01 0.000000000000000000e+00
2.490000000000000000e+02 9.871740000000000848e+00 1.230377000000000010e+01 0.000000000000000000e+00
2.500000000000000000e+02 9.790900000000000603e+00 1.466431000000000040e+01 0.000000000000000000e+00
2.510000000000000000e+02 9.660869999999999180e+00 1.678316999999999837e+01 0.000000000000000000e+00
2.520000000000000000e+02 7.345049999999999635e+00 -1.678662999999999883e+01 0.000000000000000000e+00
2.530000000000000000e+02 1.035134000000000043e+01 -1.406365000000000087e+01 0.000000000000000000e+00
2.540000000000000000e+02 1.137711000000000006e+01 -1.219646000000000008e+01 0.000000000000000000e+00
2.550000000000000000e+02 1.190164000000000044e+01 -1.014433000000000007e+01 0.000000000000000000e+00
2.560000000000000000e+02 1.068943999999999939e+01 -8.479570000000000718e+00 0.000000000000000000e+00
2.570000000000000000e+02 1.148569999999999958e+01 -6.501809999999999867e+00 0.000000000000000000e+00
2.580000000000000000e+02 1.215579999999999927e+01 -4.436560000000000059e+00 0.000000000000000000e+00
2.590000000000000000e+02 1.307002999999999915e+01 -2.474749999999999783e+00 0.000000000000000000e+00
2.600000000000000000e+02 1.180385000000000062e+01 -7.785499999999999643e-01 0.000000000000000000e+00
2.610000000000000000e+02 1.269195000000000029e+01 1.101949999999999985e+00 0.000000000000000000e+00
2.620000000000000000e+02 1.352891999999999939e+01 3.082679999999999865e+00 0.000000000000000000e+00
2.630000000000000000e+02 1.239429999999999943e+01 4.812359999999999971e+00 0.000000000000000000e+00
2.640000000000000000e+02 1.449421000000000070e+01 5.176910000000000345e+00 0.000000000000000000e+00
2.650000000000000000e+02 1.315981000000000023e+01 6.794780000000000264e+00 0.000000000000000000e+00
2.660000000000000000e+02 1.159328000000000003e+01 8.624930000000000874e+00 0.000000000000000000e+00
2.670000000000000000e+02 1.196240000000000059e+01 1.126654000000000089e+01 0.000000000000000000e+00
2.680000000000000000e+02 1.168984000000000023e+01 1.368005999999999922e+01 0.000000000000000000e+00
2.690000000000000000e+02 1.186635000000000062e+01 1.600451999999999941e+01 0.000000000000000000e+00
2.700000000000000000e+02 9.170690000000000452e+00 -1.576173999999999964e+01 0.000000000000000000e+00
2.710000000000000000e+02 1.256939999999999991e+01 -1.417084000000000010e+01 0.000000000000000000e+00
2.720000000000000000e+02 1.345112999999999914e+01 -1.203144999999999953e+01 0.000000000000000000e+00
2.730000000000000000e+02 1.403269000000000055e+01 -9.987310000000000798e+00 0.000000000000000000e+00
2.740000000000000000e+02 1.282305999999999990e+01 -8.303150000000000475e+00 0.000000000000000000e+00
2.750000000000000000e+02 1.359439000000000064e+01 -6.263679999999999914e+00 0.000000000000000000e+00
2.760000000000000000e+02 1.424699000000000026e+01 -4.289250000000000007e+00 0.000000000000000000e+00
2.770000000000000000e+02 1.531365000000000087e+01 -2.453809999999999825e+00 0.000000000000000000e+00
2.780000000000000000e+02 1.399680000000000035e+01 -5.539600000000000080e-01 0.000000000000000000e+00
2.790000000000000000e+02 1.495112999999999914e+01 1.541700000000000070e+00 0.000000000000000000e+00
2.800000000000000000e+02 1.597324000000000055e+01 3.624109999999999943e+00 0.000000000000000000e+00
2.810000000000000000e+02 1.652974000000000032e+01 5.634210000000000385e+00 0.000000000000000000e+00
2.820000000000000000e+02 1.743421000000000021e+01 7.978060000000000151e+00 0.000000000000000000e+00
2.830000000000000000e+02 1.528486000000000011e+01 7.348230000000000040e+00 0.000000000000000000e+00
2.840000000000000000e+02 1.363301000000000052e+01 8.861489999999999867e+00 0.000000000000000000e+00
2.850000000000000000e+02 1.576016000000000084e+01 9.453469999999999374e+00 0.000000000000000000e+00
2.860000000000000000e+02 1.432667000000000002e+01 1.096086999999999989e+01 0.000000000000000000e+00
2.870000000000000000e+02 1.359665000000000035e+01 1.289958999999999989e+01 0.000000000000000000e+00
2.880000000000000000e+02 1.133323999999999998e+01 -1.588859000000000066e+01 0.000000000000000000e+00
2.890000000000000000e+02 1.628246000000000038e+01 -9.612009999999999721e+00 0.000000000000000000e+00
2.900000000000000000e+02 1.698479999999999990e+01 -7.436060000000000336e+00 0.000000000000000000e+00
2.910000000000000000e+02 1.807597000000000165e+01 -5.625060000000000393e+00 0.000000000000000000e+00
2.920000000000000000e+02 1.497598999999999947e+01 -8.024079999999999657e+00 0.000000000000000000e+00
2.930000000000000000e+02 1.562330000000000041e+01 -5.840099999999999625e+00 0.000000000000000000e+00
2.940000000000000000e+02 1.666651999999999845e+01 -4.042390000000000150e+00 0.000000000000000000e+00
2.950000000000000000e+02 1.739333999999999847e+01 -1.904300000000000104e+00 0.000000000000000000e+00
2.960000000000000000e+02 1.605249999999999844e+01 -2.509299999999999864e-01 0.000000000000000000e+00
2.970000000000000000e+02 1.702910999999999930e+01 1.789479999999999960e+00 0.000000000000000000e+00
2.980000000000000000e+02 1.834288000000000096e+01 1.462199999999999889e-01 0.000000000000000000e+00
2.990000000000000000e+02 1.868748000000000076e+01 3.075140000000000207e+00 0.000000000000000000e+00
