0.000000000000000000e+00 -1.388494999999999990e+01 -1.437913999999999959e+01 0.000000000000000000e+00
1.000000000000000000e+00 -1.478243999999999936e+01 -1.215285000000000082e+01 0.000000000000000000e+00
2.000000000000000000e+00 -1.551814000000000071e+01 -1.017129000000000083e+01 0.000000000000000000e+00
3.000000000000000000e+00 -1.891698999999999842e+01 -5.627810000000000201e+00 0.000000000000000000e+00
4.000000000000000000e+00 -1.959450000000000003e+01 -3.430219999999999825e+00 0.000000000000000000e+00
5.000000000000000000e+00 -1.742598999999999876e+01 -3.937149999999999928e+00 0.000000000000000000e+00
6.000000000000000000e+00 -1.810527000000000086e+01 -1.955230000000000024e+00 0.000000000000000000e+00
7.000000000000000000e+00 -1.876951000000000036e+01 1.469199999999999950e-01 0.000000000000000000e+00
8.000000000000000000e+00 -1.663644000000000034e+01 -3.190500000000000003e-01 0.000000000000000000e+00
9.000000000000000000e+00 -1.730677999999999983e+01 1.697349999999999914e+00 0.000000000000000000e+00
1.000000000000000000e+01 -1.795975999999999928e+01 3.887900000000000134e+00 0.000000000000000000e+00
1.100000000000000000e+01 -1.934509999999999863e+01 2.163569999999999993e+00 0.000000000000000000e+00
1.200000000000000000e+01 -2.003509000000000029e+01 4.855760000000000076e+00 0.000000000000000000e+00
1.300000000000000000e+01 -1.840402999999999878e+01 6.143340000000000245e+00 0.000000000000000000e+00
1.400000000000000000e+01 -1.682241000000000142e+01 7.680749999999999744e+00 0.000000000000000000e+00
1.500000000000000000e+01 -1.524371000000000009e+01 9.776859999999999218e+00 0.000000000000000000e+00
1.600000000000000000e+01 -1.759393999999999991e+01 9.757899999999999352e+00 0.000000000000000000e+00
1.700000000000000000e+01 -1.505861999999999945e+01 1.197026999999999930e+01 0.000000000000000000e+00
1.800000000000000000e+01 -1.148221000000000025e+01 -1.515296999999999983e+01 0.000000000000000000e+00
1.900000000000000000e+01 -1.265197000000000038e+01 -1.242700999999999922e+01 0.000000000000000000e+00
2.000000000000000000e+01 -1.340892000000000017e+01 -1.036572999999999922e+01 0.000000000000000000e+00
2.100000000000000000e+01 -1.421551000000000009e+01 -8.430529999999999191e+00 0.000000000000000000e+00
2.200000000000000000e+01 -1.624298999999999893e+01 -8.071690000000000254e+00 0.000000000000000000e+00
2.300000000000000000e+01 -1.683409999999999940e+01 -5.994979999999999976e+00 0.000000000000000000e+00
2.400000000000000000e+01 -1.539971000000000068e+01 -4.360890000000000377e+00 0.000000000000000000e+00
2.500000000000000000e+01 -1.600655000000000072e+01 -2.343809999999999949e+00 0.000000000000000000e+00
2.600000000000000000e+01 -1.459863000000000000e+01 -6.870199999999999640e-01 0.000000000000000000e+00
2.700000000000000000e+01 -1.522348999999999997e+01 1.351210000000000022e+00 0.000000000000000000e+00
2.800000000000000000e+01 -1.591247000000000078e+01 3.348009999999999931e+00 0.000000000000000000e+00
2.900000000000000000e+01 -1.645283999999999835e+01 5.505889999999999951e+00 0.000000000000000000e+00
3.000000000000000000e+01 -1.448394000000000048e+01 4.839640000000000164e+00 0.000000000000000000e+00
3.100000000000000000e+01 -1.487104000000000070e+01 6.936469999999999914e+00 0.000000000000000000e+00
3.200000000000000000e+01 -1.351169999999999938e+01 8.568519999999999470e+00 0.000000000000000000e+00
3.300000000000000000e+01 -1.329855000000000054e+01 1.064797000000000082e+01 0.000000000000000000e+00
3.400000000000000000e+01 -1.317900999999999989e+01 1.286452000000000062e+01 0.000000000000000000e+00
3.500000000000000000e+01 -1.244591999999999921e+01 1.499000000000000021e+01 0.000000000000000000e+00
3.600000000000000000e+01 -9.310629999999999740e+00 -1.540099000000000018e+01 0.000000000000000000e+00
3.700000000000000000e+01 -1.059036000000000044e+01 -1.308155999999999963e+01 0.000000000000000000e+00
3.800000000000000000e+01 -1.134146999999999927e+01 -1.084233000000000047e+01 0.000000000000000000e+00
3.900000000000000000e+01 -1.188541000000000025e+01 -8.823539999999999495e+00 0.000000000000000000e+00
4.000000000000000000e+01 -1.262642999999999915e+01 -6.829189999999999650e+00 0.000000000000000000e+00
4.100000000000000000e+01 -1.475746000000000002e+01 -6.446579999999999977e+00 0.000000000000000000e+00
4.200000000000000000e+01 -1.338973999999999975e+01 -4.863739999999999952e+00 0.000000000000000000e+00
4.300000000000000000e+01 -1.389358000000000004e+01 -2.736920000000000019e+00 0.000000000000000000e+00
4.400000000000000000e+01 -1.248404000000000025e+01 -1.182609999999999939e+00 0.000000000000000000e+00
4.500000000000000000e+01 -1.321155000000000079e+01 8.504899999999999682e-01 0.000000000000000000e+00
4.600000000000000000e+01 -1.382485999999999926e+01 2.893349999999999866e+00 0.000000000000000000e+00
4.700000000000000000e+01 -1.240095999999999954e+01 4.477850000000000108e+00 0.000000000000000000e+00
4.800000000000000000e+01 -1.086932999999999971e+01 5.895990000000000286e+00 0.000000000000000000e+00
4.900000000000000000e+01 -1.282723999999999975e+01 6.585820000000000007e+00 0.000000000000000000e+00
5.000000000000000000e+01 -1.156378999999999913e+01 9.316739999999999355e+00 0.000000000000000000e+00
5.100000000000000000e+01 -1.121771999999999991e+01 1.150919999999999987e+01 0.000000000000000000e+00
5.200000000000000000e+01 -1.085110000000000063e+01 1.355816000000000088e+01 0.000000000000000000e+00
5.300000000000000000e+01 -1.038270999999999944e+01 1.571880999999999950e+01 0.000000000000000000e+00
5.400000000000000000e+01 -7.370180000000000398e+00 -1.615799000000000163e+01 0.000000000000000000e+00
5.500000000000000000e+01 -8.504509999999999792e+00 -1.342896000000000001e+01 0.000000000000000000e+00
5.600000000000000000e+01 -9.322540000000000049e+00 -1.146288999999999980e+01 0.000000000000000000e+00
5.700000000000000000e+01 -9.812310000000000088e+00 -9.439140000000000086e+00 0.000000000000000000e+00
5.800000000000000000e+01 -1.047049999999999947e+01 -7.226989999999999803e+00 0.000000000000000000e+00
5.900000000000000000e+01 -1.120706000000000024e+01 -5.291039999999999743e+00 0.000000000000000000e+00
6.000000000000000000e+01 -9.644759999999999778e+00 -3.733340000000000103e+00 0.000000000000000000e+00
6.100000000000000000e+01 -1.184769999999999968e+01 -3.165200000000000014e+00 0.000000000000000000e+00
6.200000000000000000e+01 -1.041188000000000002e+01 -1.677980000000000027e+00 0.000000000000000000e+00
6.300000000000000000e+01 -1.117350000000000065e+01 4.135300000000000087e-01 0.000000000000000000e+00
6.400000000000000000e+01 -1.173901000000000039e+01 2.402719999999999967e+00 0.000000000000000000e+00
6.500000000000000000e+01 -8.790490000000000137e+00 6.170069999999999943e+00 0.000000000000000000e+00
6.600000000000000000e+01 -1.008404999999999951e+01 7.876350000000000406e+00 0.000000000000000000e+00
6.700000000000000000e+01 -8.051600000000000534e+00 8.512800000000000367e+00 0.000000000000000000e+00
6.800000000000000000e+01 -9.599320000000000519e+00 1.000492000000000026e+01 0.000000000000000000e+00
6.900000000000000000e+01 -9.197359999999999758e+00 1.211788999999999916e+01 0.000000000000000000e+00
7.000000000000000000e+01 -8.900280000000000413e+00 1.428819999999999979e+01 0.000000000000000000e+00
7.100000000000000000e+01 -8.426470000000000127e+00 1.638708000000000098e+01 0.000000000000000000e+00
7.200000000000000000e+01 -5.445680000000000298e+00 -1.698930999999999969e+01 0.000000000000000000e+00
7.300000000000000000e+01 -6.478430000000000355e+00 -1.390118999999999971e+01 0.000000000000000000e+00
7.400000000000000000e+01 -7.157849999999999824e+00 -1.187956999999999930e+01 0.000000000000000000e+00
7.500000000000000000e+01 -7.801739999999999675e+00 -9.902179999999999538e+00 0.000000000000000000e+00
7.600000000000000000e+01 -8.461959999999999482e+00 -7.813150000000000261e+00 0.000000000000000000e+00
7.700000000000000000e+01 -9.009619999999999962e+00 -5.761930000000000440e+00 0.000000000000000000e+00
7.800000000000000000e+01 -7.549999999999999822e+00 -4.136919999999999931e+00 0.000000000000000000e+00
7.900000000000000000e+01 -8.342810000000000059e+00 -2.083610000000000184e+00 0.000000000000000000e+00
8.000000000000000000e+01 -9.031390000000000029e+00 -1.263799999999999923e-01 0.000000000000000000e+00
8.100000000000000000e+01 -9.632780000000000342e+00 1.937070000000000070e+00 0.000000000000000000e+00
8.200000000000000000e+01 -1.016888999999999932e+01 3.944739999999999913e+00 0.000000000000000000e+00
8.300000000000000000e+01 -6.957429999999999559e+00 5.179350000000000342e+00 0.000000000000000000e+00
8.400000000000000000e+01 -6.460849999999999760e+00 7.195459999999999745e+00 0.000000000000000000e+00
8.500000000000000000e+01 -6.068880000000000052e+00 9.221299999999999386e+00 0.000000000000000000e+00
8.600000000000000000e+01 -7.582650000000000112e+00 1.074291999999999980e+01 0.000000000000000000e+00
8.700000000000000000e+01 -7.073220000000000063e+00 1.295243999999999929e+01 0.000000000000000000e+00
8.800000000000000000e+01 -6.550220000000000375e+00 1.505892000000000053e+01 0.000000000000000000e+00
8.900000000000000000e+01 -6.411979999999999791e+00 1.721321000000000012e+01 0.000000000000000000e+00
9.000000000000000000e+01 -4.301440000000000374e+00 -1.873984000000000094e+01 0.000000000000000000e+00
9.100000000000000000e+01 -4.709360000000000213e+00 -1.497326999999999941e+01 0.000000000000000000e+00
9.200000000000000000e+01 -5.107649999999999579e+00 -1.236589000000000027e+01 0.000000000000000000e+00
9.300000000000000000e+01 -5.757240000000000357e+00 -1.033013000000000048e+01 0.000000000000000000e+00
9.400000000000000000e+01 -6.314339999999999620e+00 -8.322319999999999496e+00 0.000000000000000000e+00
9.500000000000000000e+01 -6.909440000000000026e+00 -6.181860000000000355e+00 0.000000000000000000e+00
9.600000000000000000e+01 -5.489390000000000214e+00 -4.535800000000000054e+00 0.000000000000000000e+00
9.700000000000000000e+01 -6.226980000000000182e+00 -2.547530000000000072e+00 0.000000000000000000e+00
9.800000000000000000e+01 -6.915650000000000297e+00 -5.934800000000000075e-01 0.000000000000000000e+00
9.900000000000000000e+01 -7.625149999999999650e+00 1.395529999999999937e+00 0.000000000000000000e+00
1.000000000000000000e+02 -8.094079999999999941e+00 3.410140000000000171e+00 0.000000000000000000e+00
1.010000000000000000e+02 -5.793820000000000192e+00 3.440459999999999852e+00 0.000000000000000000e+00
1.020000000000000000e+02 -4.953400000000000247e+00 5.738410000000000011e+00 0.000000000000000000e+00
1.030000000000000000e+02 -4.464389999999999858e+00 7.866430000000000256e+00 0.000000000000000000e+00
1.040000000000000000e+02 -5.528539999999999566e+00 1.149998000000000076e+01 0.000000000000000000e+00
1.050000000000000000e+02 -5.064890000000000114e+00 1.356671000000000049e+01 0.000000000000000000e+00
1.060000000000000000e+02 -4.504859999999999864e+00 1.556681000000000026e+01 0.000000000000000000e+00
1.070000000000000000e+02 -1.852970000000000006e+00 1.807319999999999993e+01 0.000000000000000000e+00
1.080000000000000000e+02 -3.384889999999999954e+00 -1.655077999999999960e+01 0.000000000000000000e+00
1.090000000000000000e+02 -2.711489999999999956e+00 -1.436259000000000086e+01 0.000000000000000000e+00
1.100000000000000000e+02 -3.721330000000000027e+00 -1.077164999999999928e+01 0.000000000000000000e+00
1.110000000000000000e+02 -4.262459999999999916e+00 -8.750030000000000641e+00 0.000000000000000000e+00
1.120000000000000000e+02 -2.706170000000000186e+00 -6.854560000000000208e+00 0.000000000000000000e+00
1.130000000000000000e+02 -4.794360000000000177e+00 -6.518369999999999997e+00 0.000000000000000000e+00
1.140000000000000000e+02 -3.294560000000000155e+00 -4.866649999999999920e+00 0.000000000000000000e+00
1.150000000000000000e+02 -4.149029999999999774e+00 -2.949120000000000186e+00 0.000000000000000000e+00
1.160000000000000000e+02 -4.879620000000000068e+00 -9.544899999999999496e-01 0.000000000000000000e+00
1.170000000000000000e+02 -5.574480000000000324e+00 9.903800000000000381e-01 0.000000000000000000e+00
1.180000000000000000e+02 -3.974950000000000205e+00 2.363820000000000032e+00 0.000000000000000000e+00
1.190000000000000000e+02 -3.392149999999999999e+00 4.350740000000000052e+00 0.000000000000000000e+00
1.200000000000000000e+02 -2.925170000000000048e+00 6.430270000000000152e+00 0.000000000000000000e+00
1.210000000000000000e+02 -2.391020000000000145e+00 8.420249999999999346e+00 0.000000000000000000e+00
1.220000000000000000e+02 -4.032469999999999999e+00 1.002169999999999916e+01 0.000000000000000000e+00
1.230000000000000000e+02 -3.497189999999999799e+00 1.202673000000000059e+01 0.000000000000000000e+00
1.240000000000000000e+02 -2.955779999999999852e+00 1.404505999999999943e+01 0.000000000000000000e+00
1.250000000000000000e+02 -4.008449999999999847e+00 1.760778000000000176e+01 0.000000000000000000e+00
1.260000000000000000e+02 -1.810869999999999980e+00 -1.800161999999999907e+01 0.000000000000000000e+00
1.270000000000000000e+02 -1.326009999999999911e+00 -1.589819999999999922e+01 0.000000000000000000e+00
1.280000000000000000e+02 -2.239259999999999806e+00 -1.229640999999999984e+01 0.000000000000000000e+00
1.290000000000000000e+02 -1.708420000000000050e+00 -1.028215999999999930e+01 0.000000000000000000e+00
1.300000000000000000e+02 -1.153960000000000097e+00 -8.232029999999999959e+00 0.000000000000000000e+00
1.310000000000000000e+02 -7.709799999999999986e-01 -5.994600000000000151e+00 0.000000000000000000e+00
1.320000000000000000e+02 -1.760150000000000103e+00 -3.102419999999999956e+00 0.000000000000000000e+00
1.330000000000000000e+02 -2.848749999999999893e+00 -1.324089999999999989e+00 0.000000000000000000e+00
1.340000000000000000e+02 -8.867899999999999672e-01 -6.179200000000000248e-01 0.000000000000000000e+00
1.350000000000000000e+02 -2.642780000000000129e+00 7.560700000000000198e-01 0.000000000000000000e+00
1.360000000000000000e+02 -1.944150000000000045e+00 2.844409999999999883e+00 0.000000000000000000e+00
1.370000000000000000e+02 -1.350260000000000016e+00 4.911410000000000053e+00 0.000000000000000000e+00
1.380000000000000000e+02 -9.095499999999999696e-01 6.976659999999999862e+00 0.000000000000000000e+00
1.390000000000000000e+02 -3.866399999999999837e-01 9.082879999999999399e+00 0.000000000000000000e+00
1.400000000000000000e+02 -1.982939999999999925e+00 1.048795999999999928e+01 0.000000000000000000e+00
1.410000000000000000e+02 -1.497759999999999980e+00 1.254946999999999946e+01 0.000000000000000000e+00
1.420000000000000000e+02 -2.476220000000000088e+00 1.605586999999999875e+01 0.000000000000000000e+00
1.430000000000000000e+02 7.025000000000000688e-02 1.889167000000000129e+01 0.000000000000000000e+00
1.440000000000000000e+02 3.041800000000000059e-01 -1.739551000000000158e+01 0.000000000000000000e+00
1.450000000000000000e+02 8.009699999999999598e-01 -1.535319999999999929e+01 0.000000000000000000e+00
1.460000000000000000e+02 -6.761800000000000033e-01 -1.378137000000000079e+01 0.000000000000000000e+00
1.470000000000000000e+02 -2.163499999999999868e-01 -1.173121000000000080e+01 0.000000000000000000e+00
1.480000000000000000e+02 3.876000000000000001e-01 -9.726020000000000110e+00 0.000000000000000000e+00
1.490000000000000000e+02 9.617200000000000193e-01 -7.562839999999999563e+00 0.000000000000000000e+00
1.500000000000000000e+02 8.583000000000000351e-02 -4.096339999999999648e+00 0.000000000000000000e+00
1.510000000000000000e+02 5.580300000000000260e-01 -2.095180000000000042e+00 0.000000000000000000e+00
1.520000000000000000e+02 1.132800000000000029e+00 -8.198999999999999344e-02 0.000000000000000000e+00
1.530000000000000000e+02 -3.911100000000000132e-01 1.396689999999999987e+00 0.000000000000000000e+00
1.540000000000000000e+02 1.348600000000000076e-01 3.410000000000000142e+00 0.000000000000000000e+00
1.550000000000000000e+02 7.164500000000000313e-01 5.533619999999999983e+00 0.000000000000000000e+00
1.560000000000000000e+02 1.210679999999999978e+00 7.670899999999999608e+00 0.000000000000000000e+00
1.570000000000000000e+02 1.650290000000000035e+00 9.690189999999999415e+00 0.000000000000000000e+00
1.580000000000000000e+02 1.105099999999999971e-01 1.116201000000000043e+01 0.000000000000000000e+00
1.590000000000000000e+02 5.438899999999999846e-01 1.319638999999999918e+01 0.000000000000000000e+00
1.600000000000000000e+02 -9.706599999999999673e-01 1.466339999999999932e+01 0.000000000000000000e+00
1.610000000000000000e+02 -3.316000000000000059e-01 1.663767999999999958e+01 0.000000000000000000e+00
1.620000000000000000e+02 -5.715299999999999825e-01 -1.973364000000000118e+01 0.000000000000000000e+00
1.630000000000000000e+02 2.359339999999999993e+00 -1.685527000000000086e+01 0.000000000000000000e+00
1.640000000000000000e+02 1.317630000000000079e+00 -1.322606999999999999e+01 0.000000000000000000e+00
1.650000000000000000e+02 1.888330000000000064e+00 -1.119341999999999970e+01 0.000000000000000000e+00
1.660000000000000000e+02 2.415500000000000203e+00 -9.061299999999999244e+00 0.000000000000000000e+00
1.670000000000000000e+02 2.985129999999999839e+00 -7.078350000000000364e+00 0.000000000000000000e+00
1.680000000000000000e+02 1.561709999999999932e+00 -5.561700000000000088e+00 0.000000000000000000e+00
1.690000000000000000e+02 2.170539999999999914e+00 -3.522390000000000132e+00 0.000000000000000000e+00
1.700000000000000000e+02 2.635060000000000180e+00 -1.513309999999999933e+00 0.000000000000000000e+00
1.710000000000000000e+02 3.157960000000000100e+00 5.364299999999999624e-01 0.000000000000000000e+00
1.720000000000000000e+02 1.720280000000000031e+00 2.040999999999999925e+00 0.000000000000000000e+00
1.730000000000000000e+02 2.692239999999999966e+00 6.113920000000000243e+00 0.000000000000000000e+00
1.740000000000000000e+02 3.216429999999999900e+00 8.181630000000000180e+00 0.000000000000000000e+00
1.750000000000000000e+02 3.714809999999999945e+00 1.019890000000000008e+01 0.000000000000000000e+00
1.760000000000000000e+02 2.138990000000000169e+00 1.170552999999999955e+01 0.000000000000000000e+00
1.770000000000000000e+02 2.821429999999999882e+00 1.379308999999999941e+01 0.000000000000000000e+00
1.780000000000000000e+02 1.145899999999999919e+00 1.518605999999999945e+01 0.000000000000000000e+00
1.790000000000000000e+02 2.561999999999999833e+00 1.942087000000000074e+01 0.000000000000000000e+00
1.800000000000000000e+02 1.784620000000000095e+00 -1.906480000000000175e+01 0.000000000000000000e+00
1.810000000000000000e+02 2.805130000000000123e+00 -1.483127999999999957e+01 0.000000000000000000e+00
1.820000000000000000e+02 3.452259999999999884e+00 -1.262382000000000026e+01 0.000000000000000000e+00
1.830000000000000000e+02 4.017850000000000144e+00 -1.061344000000000065e+01 0.000000000000000000e+00
1.840000000000000000e+02 4.503940000000000055e+00 -8.603329999999999700e+00 0.000000000000000000e+00
1.850000000000000000e+02 4.996900000000000119e+00 -6.590279999999999916e+00 0.000000000000000000e+00
1.860000000000000000e+02 3.602450000000000152e+00 -5.044279999999999653e+00 0.000000000000000000e+00
1.870000000000000000e+02 4.203479999999999883e+00 -3.010250000000000092e+00 0.000000000000000000e+00
1.880000000000000000e+02 4.656179999999999986e+00 -9.983100000000000307e-01 0.000000000000000000e+00
1.890000000000000000e+02 3.749049999999999994e+00 2.562679999999999847e+00 0.000000000000000000e+00
1.900000000000000000e+02 2.226510000000000211e+00 4.074559999999999960e+00 0.000000000000000000e+00
1.910000000000000000e+02 4.234110000000000262e+00 4.604569999999999830e+00 0.000000000000000000e+00
1.920000000000000000e+02 4.743299999999999628e+00 6.648010000000000197e+00 0.000000000000000000e+00
1.930000000000000000e+02 5.234580000000000233e+00 8.691810000000000258e+00 0.000000000000000000e+00
1.940000000000000000e+02 4.275859999999999772e+00 1.230369999999999919e+01 0.000000000000000000e+00
1.950000000000000000e+02 4.837650000000000006e+00 1.434024999999999928e+01 0.000000000000000000e+00
1.960000000000000000e+02 3.313309999999999977e+00 1.585031000000000034e+01 0.000000000000000000e+00
1.970000000000000000e+02 1.676290000000000058e+00 1.724530000000000030e+01 0.000000000000000000e+00
1.980000000000000000e+02 4.516729999999999912e+00 -1.636572999999999922e+01 0.000000000000000000e+00
1.990000000000000000e+02 4.914769999999999861e+00 -1.422999000000000080e+01 0.000000000000000000e+00
2.000000000000000000e+02 5.532399999999999984e+00 -1.214747000000000021e+01 0.000000000000000000e+00
2.010000000000000000e+02 6.067899999999999849e+00 -1.004992999999999981e+01 0.000000000000000000e+00
2.020000000000000000e+02 6.489040000000000141e+00 -8.020020000000000593e+00 0.000000000000000000e+00
2.030000000000000000e+02 7.160379999999999967e+00 -5.998070000000000235e+00 0.000000000000000000e+00
2.040000000000000000e+02 5.643150000000000333e+00 -4.581450000000000244e+00 0.000000000000000000e+00
2.050000000000000000e+02 6.225450000000000372e+00 -2.534149999999999903e+00 0.000000000000000000e+00
2.060000000000000000e+02 6.667810000000000237e+00 -5.113799999999999457e-01 0.000000000000000000e+00
2.070000000000000000e+02 5.181339999999999613e+00 1.008019999999999916e+00 0.000000000000000000e+00
2.080000000000000000e+02 5.736119999999999663e+00 3.192820000000000213e+00 0.000000000000000000e+00
2.090000000000000000e+02 6.261079999999999757e+00 5.178759999999999586e+00 0.000000000000000000e+00
2.100000000000000000e+02 6.775489999999999569e+00 7.200099999999999945e+00 0.000000000000000000e+00
2.110000000000000000e+02 7.244469999999999743e+00 9.279909999999999215e+00 0.000000000000000000e+00
2.120000000000000000e+02 5.692730000000000068e+00 1.080772999999999939e+01 0.000000000000000000e+00
2.130000000000000000e+02 6.304619999999999891e+00 1.277937999999999974e+01 0.000000000000000000e+00
2.140000000000000000e+02 5.406710000000000349e+00 1.638415000000000177e+01 0.000000000000000000e+00
2.150000000000000000e+02 3.929079999999999906e+00 1.786655999999999977e+01 0.000000000000000000e+00
2.160000000000000000e+02 6.501050000000000217e+00 -1.579781999999999975e+01 0.000000000000000000e+00
2.170000000000000000e+02 6.913569999999999993e+00 -1.372879000000000005e+01 0.000000000000000000e+00
2.180000000000000000e+02 7.567319999999999602e+00 -1.150995999999999952e+01 0.000000000000000000e+00
2.190000000000000000e+02 8.116110000000000824e+00 -9.513730000000000686e+00 0.000000000000000000e+00
2.200000000000000000e+02 8.672779999999999490e+00 -7.476160000000000139e+00 0.000000000000000000e+00
2.210000000000000000e+02 9.198309999999999320e+00 -5.458750000000000213e+00 0.000000000000000000e+00
2.220000000000000000e+02 7.715790000000000148e+00 -3.970159999999999911e+00 0.000000000000000000e+00
2.230000000000000000e+02 8.224660000000000082e+00 -1.925920000000000076e+00 0.000000000000000000e+00
2.240000000000000000e+02 8.735970000000000013e+00 1.458800000000000097e-01 0.000000000000000000e+00
2.250000000000000000e+02 7.198430000000000106e+00 1.545789999999999997e+00 0.000000000000000000e+00
2.260000000000000000e+02 9.349130000000000607e+00 2.210929999999999840e+00 0.000000000000000000e+00
2.270000000000000000e+02 7.776600000000000179e+00 3.569409999999999972e+00 0.000000000000000000e+00
2.280000000000000000e+02 8.264480000000000715e+00 5.725089999999999790e+00 0.000000000000000000e+00
2.290000000000000000e+02 8.881420000000000314e+00 7.721650000000000347e+00 0.000000000000000000e+00
2.300000000000000000e+02 7.786789999999999878e+00 1.132656000000000063e+01 0.000000000000000000e+00
2.310000000000000000e+02 8.396539999999999893e+00 1.336176000000000030e+01 0.000000000000000000e+00
2.320000000000000000e+02 6.903470000000000439e+00 1.480851000000000006e+01 0.000000000000000000e+00
2.330000000000000000e+02 5.968160000000000132e+00 1.842679000000000045e+01 0.000000000000000000e+00
2.340000000000000000e+02 4.036270000000000024e+00 -1.841660999999999859e+01 0.000000000000000000e+00
2.350000000000000000e+02 8.602339999999999876e+00 -1.517878999999999934e+01 0.000000000000000000e+00
2.360000000000000000e+02 9.016429999999999723e+00 -1.303417999999999921e+01 0.000000000000000000e+00
2.370000000000000000e+02 9.626699999999999591e+00 -1.102374000000000009e+01 0.000000000000000000e+00
2.380000000000000000e+02 1.020634000000000086e+01 -8.955560000000000187e+00 0.000000000000000000e+00
2.390000000000000000e+02 1.076992000000000083e+01 -6.934249999999999581e+00 0.000000000000000000e+00
2.400000000000000000e+02 1.127988000000000035e+01 -4.807710000000000150e+00 0.000000000000000000e+00
2.410000000000000000e+02 9.719780000000000086e+00 -3.346089999999999787e+00 0.000000000000000000e+00
2.420000000000000000e+02 1.032246999999999915e+01 -1.301269999999999927e+00 0.000000000000000000e+00
2.430000000000000000e+02 1.084506000000000014e+01 7.886100000000000332e-01 0.000000000000000000e+00
2.440000000000000000e+02 9.746480000000000032e+00 4.243439999999999657e+00 0.000000000000000000e+00
2.450000000000000000e+02 1.040557000000000087e+01 6.273609999999999687e+00 0.000000000000000000e+00
2.460000000000000000e+02 1.094874000000000080e+01 8.341779999999999973e+00 0.000000000000000000e+00
2.470000000000000000e+02 1.304580999999999946e+01 8.858950000000000102e+00 0.000000000000000000e+00
2.480000000000000000e+02 9.423519999999999897e+00 9.773170000000000357e+00 0.000000000000000000e+00
2.490000000000000000e+02 1.003673000000000037e+01 1.180551999999999957e+01 0.000000000000000000e+00
2.500000000000000000e+02 9.036799999999999500e+00 1.539025999999999961e+01 0.000000000000000000e+00
2.510000000000000000e+02 7.494340000000000224e+00 1.697975999999999885e+01 0.000000000000000000e+00
2.520000000000000000e+02 6.138869999999999827e+00 -1.791789999999999949e+01 0.000000000000000000e+00
2.530000000000000000e+02 1.066127999999999965e+01 -1.483638999999999974e+01 0.000000000000000000e+00
2.540000000000000000e+02 1.109796000000000049e+01 -1.274239000000000033e+01 0.000000000000000000e+00
2.550000000000000000e+02 1.166173999999999999e+01 -1.049665000000000070e+01 0.000000000000000000e+00
2.560000000000000000e+02 1.223347000000000051e+01 -8.505539999999999878e+00 0.000000000000000000e+00
2.570000000000000000e+02 1.281959999999999944e+01 -6.318749999999999645e+00 0.000000000000000000e+00
2.580000000000000000e+02 1.339794999999999980e+01 -4.284639999999999560e+00 0.000000000000000000e+00
2.590000000000000000e+02 1.187819000000000003e+01 -2.745620000000000172e+00 0.000000000000000000e+00
2.600000000000000000e+02 1.240193999999999974e+01 -7.573800000000000532e-01 0.000000000000000000e+00
2.610000000000000000e+02 1.294880000000000031e+01 1.334379999999999900e+00 0.000000000000000000e+00
2.620000000000000000e+02 1.134337000000000018e+01 2.812769999999999992e+00 0.000000000000000000e+00
2.630000000000000000e+02 1.197476999999999947e+01 4.831620000000000026e+00 0.000000000000000000e+00
2.640000000000000000e+02 1.239845000000000041e+01 6.850679999999999659e+00 0.000000000000000000e+00
2.650000000000000000e+02 1.639350999999999914e+01 5.819740000000000357e+00 0.000000000000000000e+00
2.660000000000000000e+02 1.157611999999999952e+01 1.034596999999999944e+01 0.000000000000000000e+00
2.670000000000000000e+02 1.213377999999999979e+01 1.238869000000000042e+01 0.000000000000000000e+00
2.680000000000000000e+02 1.062031999999999954e+01 1.388832999999999984e+01 0.000000000000000000e+00
2.690000000000000000e+02 9.639089999999999492e+00 1.739378999999999920e+01 0.000000000000000000e+00
2.700000000000000000e+02 8.165100000000000691e+00 -1.740536000000000172e+01 0.000000000000000000e+00
2.710000000000000000e+02 1.267647000000000013e+01 -1.439081000000000010e+01 0.000000000000000000e+00
2.720000000000000000e+02 1.325929000000000002e+01 -1.214274999999999949e+01 0.000000000000000000e+00
2.730000000000000000e+02 1.370029000000000075e+01 -9.980520000000000280e+00 0.000000000000000000e+00
2.740000000000000000e+02 1.421415000000000006e+01 -7.905509999999999593e+00 0.000000000000000000e+00
2.750000000000000000e+02 1.684431999999999974e+01 -5.326749999999999652e+00 0.000000000000000000e+00
2.760000000000000000e+02 1.482644999999999946e+01 -5.802179999999999893e+00 0.000000000000000000e+00
2.770000000000000000e+02 1.394311000000000078e+01 -2.292450000000000099e+00 0.000000000000000000e+00
2.780000000000000000e+02 1.606953000000000031e+01 -1.691470000000000029e+00 0.000000000000000000e+00
2.790000000000000000e+02 1.444974000000000025e+01 -2.107700000000000129e-01 0.000000000000000000e+00
2.800000000000000000e+02 1.355255000000000010e+01 3.341169999999999973e+00 0.000000000000000000e+00
2.810000000000000000e+02 1.421946999999999939e+01 5.335729999999999862e+00 0.000000000000000000e+00
2.820000000000000000e+02 1.457746000000000031e+01 7.430360000000000298e+00 0.000000000000000000e+00
2.830000000000000000e+02 1.687978999999999985e+01 8.140209999999999724e+00 0.000000000000000000e+00
2.840000000000000000e+02 1.536143000000000036e+01 9.554309999999999192e+00 0.000000000000000000e+00
2.850000000000000000e+02 1.362559000000000076e+01 1.090779999999999994e+01 0.000000000000000000e+00
2.860000000000000000e+02 1.290399000000000029e+01 1.454151000000000060e+01 0.000000000000000000e+00
2.870000000000000000e+02 1.116464999999999996e+01 1.591361999999999988e+01 0.000000000000000000e+00
2.880000000000000000e+02 1.054908000000000001e+01 -1.690827000000000169e+01 0.000000000000000000e+00
2.890000000000000000e+02 1.538434999999999953e+01 -1.151909000000000027e+01 0.000000000000000000e+00
2.900000000000000000e+02 1.570037999999999911e+01 -9.445470000000000255e+00 0.000000000000000000e+00
2.910000000000000000e+02 1.631205999999999889e+01 -7.359580000000000233e+00 0.000000000000000000e+00
2.920000000000000000e+02 1.874701999999999913e+01 4.421999999999999820e-01 0.000000000000000000e+00
2.930000000000000000e+02 1.747588000000000008e+01 -3.346169999999999867e+00 0.000000000000000000e+00
2.940000000000000000e+02 1.935435000000000016e+01 -2.369619999999999838e+00 0.000000000000000000e+00
2.950000000000000000e+02 1.544551000000000052e+01 -3.778150000000000119e+00 0.000000000000000000e+00
2.960000000000000000e+02 1.668243999999999971e+01 4.541999999999999926e-01 0.000000000000000000e+00
2.970000000000000000e+02 1.739255999999999958e+01 2.695269999999999833e+00 0.000000000000000000e+00
2.980000000000000000e+02 1.502241000000000071e+01 1.801290000000000058e+00 0.000000000000000000e+00
2.990000000000000000e+02 1.563176999999999950e+01 3.799519999999999786e+00 0.000000000000000000e+00
