0.000000000000000000e+00 -1.511613999999999969e+01 -1.503642999999999930e+01 0.000000000000000000e+00
1.000000000000000000e+00 -1.585774999999999935e+01 -1.309364000000000061e+01 0.000000000000000000e+00
2.000000000000000000e+00 -1.618690000000000140e+01 -1.100980000000000025e+01 0.000000000000000000e+00
3.000000000000000000e+00 -1.690375999999999834e+01 -8.892039999999999722e+00 0.000000000000000000e+00
4.000000000000000000e+00 -1.741373000000000104e+01 -6.764920000000000044e+00 0.000000000000000000e+00
5.000000000000000000e+00 -1.852317000000000036e+01 -4.990300000000000402e+00 0.000000000000000000e+00
6.000000000000000000e+00 -1.711571999999999960e+01 -3.453089999999999993e+00 0.000000000000000000e+00
7.000000000000000000e+00 -2.016855999999999938e+01 -1.891089999999999938e+00 0.000000000000000000e+00
8.000000000000000000e+00 -1.798091000000000150e+01 -1.420800000000000063e+00 0.000000000000000000e+00
9.000000000000000000e+00 -1.897061000000000064e+01 4.947599999999999776e-01 0.000000000000000000e+00
1.000000000000000000e+01 -1.746462000000000003e+01 1.996399999999999952e+00 0.000000000000000000e+00
1.100000000000000000e+01 -1.905017000000000138e+01 4.328700000000000436e+00 0.000000000000000000e+00
1.200000000000000000e+01 -1.733357000000000170e+01 5.825730000000000075e+00 0.000000000000000000e+00
1.300000000000000000e+01 -1.850635000000000119e+01 7.721910000000000274e+00 0.000000000000000000e+00
1.400000000000000000e+01 -1.634343000000000146e+01 8.254659999999999442e+00 0.000000000000000000e+00
1.500000000000000000e+01 -1.748060999999999865e+01 9.978249999999999176e+00 0.000000000000000000e+00
1.600000000000000000e+01 -1.629590999999999923e+01 1.199454000000000065e+01 0.000000000000000000e+00
1.700000000000000000e+01 -1.525923000000000052e+01 1.377011000000000074e+01 0.000000000000000000e+00
1.800000000000000000e+01 -1.314850000000000030e+01 -1.564917999999999942e+01 0.000000000000000000e+00
1.900000000000000000e+01 -1.343345000000000056e+01 -1.353269000000000055e+01 0.000000000000000000e+00
2.000000000000000000e+01 -1.412444999999999951e+01 -1.145490000000000030e+01 0.000000000000000000e+00
2.100000000000000000e+01 -1.478416999999999959e+01 -9.379060000000000841e+00 0.000000000000000000e+00
2.200000000000000000e+01 -1.530218999999999951e+01 -7.381230000000000402e+00 0.000000000000000000e+00
2.300000000000000000e+01 -1.600676999999999950e+01 -5.218679999999999986e+00 0.000000000000000000e+00
2.400000000000000000e+01 -1.444450999999999929e+01 -3.638430000000000053e+00 0.000000000000000000e+00
2.500000000000000000e+01 -1.571247999999999934e+01 -1.948630000000000084e+00 0.000000000000000000e+00
2.600000000000000000e+01 -1.419036000000000008e+01 -2.773200000000000109e-01 0.000000000000000000e+00
2.700000000000000000e+01 -1.646555999999999997e+01 2.651999999999999844e-02 0.000000000000000000e+00
2.800000000000000000e+01 -1.537540000000000084e+01 1.812780000000000058e+00 0.000000000000000000e+00
2.900000000000000000e+01 -1.625848999999999833e+01 3.938429999999999875e+00 0.000000000000000000e+00
3.000000000000000000e+01 -1.535333999999999932e+01 6.451780000000000292e+00 0.000000000000000000e+00
3.100000000000000000e+01 -1.428972000000000087e+01 8.313489999999999824e+00 0.000000000000000000e+00
3.200000000000000000e+01 -1.529573000000000071e+01 1.013842999999999961e+01 0.000000000000000000e+00
3.300000000000000000e+01 -1.417219000000000051e+01 1.192318000000000033e+01 0.000000000000000000e+00
3.400000000000000000e+01 -1.313394000000000084e+01 1.373924000000000056e+01 0.000000000000000000e+00
3.500000000000000000e+01 -1.200981999999999950e+01 1.552739000000000047e+01 0.000000000000000000e+00
3.600000000000000000e+01 -1.122722000000000087e+01 -1.649418000000000006e+01 0.000000000000000000e+00
3.700000000000000000e+01 -1.147228999999999921e+01 -1.433454000000000050e+01 0.000000000000000000e+00
3.800000000000000000e+01 -1.211679999999999957e+01 -1.193070999999999948e+01 0.000000000000000000e+00
3.900000000000000000e+01 -1.274261000000000088e+01 -9.808170000000000499e+00 0.000000000000000000e+00
4.000000000000000000e+01 -1.322519999999999918e+01 -7.786369999999999791e+00 0.000000000000000000e+00
4.100000000000000000e+01 -1.391292999999999935e+01 -5.646069999999999922e+00 0.000000000000000000e+00
4.200000000000000000e+01 -1.242567000000000021e+01 -4.208350000000000257e+00 0.000000000000000000e+00
4.300000000000000000e+01 -1.309755000000000003e+01 -2.041549999999999976e+00 0.000000000000000000e+00
4.400000000000000000e+01 -1.135261000000000031e+01 -9.111099999999999755e-01 0.000000000000000000e+00
4.500000000000000000e+01 -1.240362999999999971e+01 8.941000000000000059e-01 0.000000000000000000e+00
4.600000000000000000e+01 -1.346521000000000079e+01 2.693239999999999856e+00 0.000000000000000000e+00
4.700000000000000000e+01 -1.426848000000000027e+01 4.635369999999999990e+00 0.000000000000000000e+00
4.800000000000000000e+01 -1.318326000000000064e+01 6.473950000000000315e+00 0.000000000000000000e+00
4.900000000000000000e+01 -1.206470000000000020e+01 8.265150000000000219e+00 0.000000000000000000e+00
5.000000000000000000e+01 -1.308653999999999940e+01 1.013130999999999915e+01 0.000000000000000000e+00
5.100000000000000000e+01 -1.188142000000000031e+01 1.189057999999999993e+01 0.000000000000000000e+00
5.200000000000000000e+01 -1.094298000000000037e+01 1.375683000000000078e+01 0.000000000000000000e+00
5.300000000000000000e+01 -1.082197999999999993e+01 1.732732999999999990e+01 0.000000000000000000e+00
5.400000000000000000e+01 -9.131330000000000169e+00 -1.697653000000000034e+01 0.000000000000000000e+00
5.500000000000000000e+01 -9.419050000000000367e+00 -1.471153999999999940e+01 0.000000000000000000e+00
5.600000000000000000e+01 -1.010548000000000002e+01 -1.264274999999999949e+01 0.000000000000000000e+00
5.700000000000000000e+01 -1.071352000000000082e+01 -1.039410999999999952e+01 0.000000000000000000e+00
5.800000000000000000e+01 -1.122174000000000049e+01 -8.400460000000000704e+00 0.000000000000000000e+00
5.900000000000000000e+01 -1.178824999999999967e+01 -6.217430000000000234e+00 0.000000000000000000e+00
6.000000000000000000e+01 -1.018587999999999916e+01 -4.882060000000000066e+00 0.000000000000000000e+00
6.100000000000000000e+01 -1.077106999999999992e+01 -2.899910000000000210e+00 0.000000000000000000e+00
6.200000000000000000e+01 -9.007319999999999993e+00 -1.021859999999999991e+00 0.000000000000000000e+00
6.300000000000000000e+01 -1.010237000000000052e+01 7.598799999999999999e-01 0.000000000000000000e+00
6.400000000000000000e+01 -1.111771000000000065e+01 2.565399999999999903e+00 0.000000000000000000e+00
6.500000000000000000e+01 -1.219647999999999932e+01 4.578439999999999621e+00 0.000000000000000000e+00
6.600000000000000000e+01 -1.111924999999999919e+01 6.340309999999999668e+00 0.000000000000000000e+00
6.700000000000000000e+01 -9.934039999999999537e+00 8.156319999999999126e+00 0.000000000000000000e+00
6.800000000000000000e+01 -1.088963999999999999e+01 1.008209000000000088e+01 0.000000000000000000e+00
6.900000000000000000e+01 -9.795109999999999317e+00 1.194106999999999985e+01 0.000000000000000000e+00
7.000000000000000000e+01 -9.854369999999999408e+00 1.550811999999999991e+01 0.000000000000000000e+00
7.100000000000000000e+01 -8.551389999999999603e+00 1.767180000000000106e+01 0.000000000000000000e+00
7.200000000000000000e+01 -6.868260000000000254e+00 -1.768657999999999930e+01 0.000000000000000000e+00
7.300000000000000000e+01 -7.467670000000000030e+00 -1.544302000000000064e+01 0.000000000000000000e+00
7.400000000000000000e+01 -8.028130000000000877e+00 -1.317294000000000054e+01 0.000000000000000000e+00
7.500000000000000000e+01 -8.619659999999999656e+00 -1.104186999999999941e+01 0.000000000000000000e+00
7.600000000000000000e+01 -9.181169999999999831e+00 -8.988540000000000418e+00 0.000000000000000000e+00
7.700000000000000000e+01 -9.676740000000000563e+00 -6.932629999999999626e+00 0.000000000000000000e+00
7.800000000000000000e+01 -8.212180000000000035e+00 -5.462189999999999657e+00 0.000000000000000000e+00
7.900000000000000000e+01 -8.680509999999999948e+00 -3.110520000000000174e+00 0.000000000000000000e+00
8.000000000000000000e+01 -6.778139999999999610e+00 -9.440499999999999448e-01 0.000000000000000000e+00
8.100000000000000000e+01 -9.032830000000000581e+00 2.540830000000000144e+00 0.000000000000000000e+00
8.200000000000000000e+01 -1.006939999999999991e+01 4.357490000000000308e+00 0.000000000000000000e+00
8.300000000000000000e+01 -7.918169999999999931e+00 4.503519999999999968e+00 0.000000000000000000e+00
8.400000000000000000e+01 -9.037689999999999557e+00 6.264499999999999957e+00 0.000000000000000000e+00
8.500000000000000000e+01 -7.844280000000000364e+00 8.233940000000000481e+00 0.000000000000000000e+00
8.600000000000000000e+01 -8.742079999999999629e+00 1.013790000000000013e+01 0.000000000000000000e+00
8.700000000000000000e+01 -8.613239999999999341e+00 1.367925999999999931e+01 0.000000000000000000e+00
8.800000000000000000e+01 -7.592159999999999798e+00 1.551959000000000088e+01 0.000000000000000000e+00
8.900000000000000000e+01 -6.476869999999999905e+00 1.900265999999999877e+01 0.000000000000000000e+00
9.000000000000000000e+01 -5.171450000000000102e+00 -1.900048999999999921e+01 0.000000000000000000e+00
9.100000000000000000e+01 -5.321939999999999671e+00 -1.583148000000000089e+01 0.000000000000000000e+00
9.200000000000000000e+01 -5.966890000000000249e+00 -1.377308000000000021e+01 0.000000000000000000e+00
9.300000000000000000e+01 -6.591789999999999594e+00 -1.155772999999999939e+01 0.000000000000000000e+00
9.400000000000000000e+01 -7.142240000000000144e+00 -9.536759999999999238e+00 0.000000000000000000e+00
9.500000000000000000e+01 -7.698159999999999670e+00 -7.513989999999999725e+00 0.000000000000000000e+00
9.600000000000000000e+01 -6.167699999999999960e+00 -6.008600000000000385e+00 0.000000000000000000e+00
9.700000000000000000e+01 -6.762270000000000003e+00 -3.928409999999999958e+00 0.000000000000000000e+00
9.800000000000000000e+01 -5.304229999999999556e+00 -2.449770000000000003e+00 0.000000000000000000e+00
9.900000000000000000e+01 -7.887030000000000207e+00 7.941700000000000426e-01 0.000000000000000000e+00
1.000000000000000000e+02 -6.891650000000000276e+00 2.621249999999999858e+00 0.000000000000000000e+00
1.010000000000000000e+02 -5.801350000000000229e+00 4.655949999999999811e+00 0.000000000000000000e+00
1.020000000000000000e+02 -6.946550000000000225e+00 6.369869999999999699e+00 0.000000000000000000e+00
1.030000000000000000e+02 -5.794150000000000134e+00 8.406409999999999272e+00 0.000000000000000000e+00
1.040000000000000000e+02 -7.477689999999999948e+00 1.179334000000000060e+01 0.000000000000000000e+00
1.050000000000000000e+02 -6.546770000000000422e+00 1.371133000000000024e+01 0.000000000000000000e+00
1.060000000000000000e+02 -5.876149999999999984e+00 1.675120000000000076e+01 0.000000000000000000e+00
1.070000000000000000e+02 -3.749470000000000081e+00 1.902305000000000135e+01 0.000000000000000000e+00
1.080000000000000000e+02 -3.350690000000000168e+00 -1.650262000000000029e+01 0.000000000000000000e+00
1.090000000000000000e+02 -3.819119999999999848e+00 -1.415006999999999948e+01 0.000000000000000000e+00
1.100000000000000000e+02 -2.512750000000000039e+00 -1.253359000000000023e+01 0.000000000000000000e+00
1.110000000000000000e+02 -4.599949999999999761e+00 -1.212711000000000006e+01 0.000000000000000000e+00
1.120000000000000000e+02 -5.142220000000000013e+00 -1.003464999999999918e+01 0.000000000000000000e+00
1.130000000000000000e+02 -5.690820000000000434e+00 -8.051209999999999312e+00 0.000000000000000000e+00
1.140000000000000000e+02 -4.067050000000000054e+00 -6.423869999999999969e+00 0.000000000000000000e+00
1.150000000000000000e+02 -4.626689999999999969e+00 -4.404969999999999608e+00 0.000000000000000000e+00
1.160000000000000000e+02 -4.189049999999999940e+00 -6.647999999999999465e-01 0.000000000000000000e+00
1.170000000000000000e+02 -5.540729999999999933e+00 9.150700000000000500e-01 0.000000000000000000e+00
1.180000000000000000e+02 -4.755560000000000009e+00 2.830719999999999903e+00 0.000000000000000000e+00
1.190000000000000000e+02 -3.728889999999999816e+00 4.830379999999999896e+00 0.000000000000000000e+00
1.200000000000000000e+02 -4.882480000000000153e+00 6.531250000000000000e+00 0.000000000000000000e+00
1.210000000000000000e+02 -3.766280000000000072e+00 9.005359999999999587e+00 0.000000000000000000e+00
1.220000000000000000e+02 -5.690940000000000332e+00 1.045348000000000077e+01 0.000000000000000000e+00
1.230000000000000000e+02 -4.888639999999999652e+00 1.251355000000000040e+01 0.000000000000000000e+00
1.240000000000000000e+02 -4.748859999999999637e+00 1.483172000000000068e+01 0.000000000000000000e+00
1.250000000000000000e+02 -3.799319999999999808e+00 1.696022999999999925e+01 0.000000000000000000e+00
1.260000000000000000e+02 -2.378429999999999822e+00 -1.848530999999999835e+01 0.000000000000000000e+00
1.270000000000000000e+02 -8.828500000000000236e-01 -1.694781000000000049e+01 0.000000000000000000e+00
1.280000000000000000e+02 -1.723400000000000043e+00 -1.489940999999999960e+01 0.000000000000000000e+00
1.290000000000000000e+02 -3.096490000000000187e+00 -1.054556000000000004e+01 0.000000000000000000e+00
1.300000000000000000e+02 -3.601589999999999847e+00 -8.534860000000000113e+00 0.000000000000000000e+00
1.310000000000000000e+02 -2.078430000000000000e+00 -7.037420000000000009e+00 0.000000000000000000e+00
1.320000000000000000e+02 -2.622119999999999784e+00 -4.889890000000000292e+00 0.000000000000000000e+00
1.330000000000000000e+02 -3.075590000000000046e+00 -2.691170000000000062e+00 0.000000000000000000e+00
1.340000000000000000e+02 -2.093449999999999811e+00 -6.590099999999999847e-01 0.000000000000000000e+00
1.350000000000000000e+02 -3.376759999999999984e+00 1.263549999999999951e+00 0.000000000000000000e+00
1.360000000000000000e+02 -2.506670000000000176e+00 3.155679999999999819e+00 0.000000000000000000e+00
1.370000000000000000e+02 -1.730189999999999895e+00 5.342570000000000263e+00 0.000000000000000000e+00
1.380000000000000000e+02 -2.887519999999999865e+00 7.118210000000000370e+00 0.000000000000000000e+00
1.390000000000000000e+02 -1.700970000000000093e+00 9.622159999999999158e+00 0.000000000000000000e+00
1.400000000000000000e+02 -3.308489999999999931e+00 1.109360999999999997e+01 0.000000000000000000e+00
1.410000000000000000e+02 -2.951789999999999914e+00 1.333882000000000012e+01 0.000000000000000000e+00
1.420000000000000000e+02 -2.484339999999999993e+00 1.535065999999999953e+01 0.000000000000000000e+00
1.430000000000000000e+02 -1.758599999999999941e+00 1.760620000000000118e+01 0.000000000000000000e+00
1.440000000000000000e+02 6.577699999999999658e-01 -1.844080999999999904e+01 0.000000000000000000e+00
1.450000000000000000e+02 5.629600000000000160e-01 -1.536575000000000024e+01 0.000000000000000000e+00
1.460000000000000000e+02 -4.224100000000000077e-01 -1.318631000000000064e+01 0.000000000000000000e+00
1.470000000000000000e+02 -9.769099999999999451e-01 -1.114016999999999946e+01 0.000000000000000000e+00
1.480000000000000000e+02 -1.557010000000000005e+00 -9.089150000000000063e+00 0.000000000000000000e+00
1.490000000000000000e+02 3.219400000000000039e-01 -7.447879999999999612e+00 0.000000000000000000e+00
1.500000000000000000e+02 -6.265399999999999858e-01 -5.498210000000000264e+00 0.000000000000000000e+00
1.510000000000000000e+02 -9.632199999999999651e-01 -2.407129999999999992e+00 0.000000000000000000e+00
1.520000000000000000e+02 -2.241999999999999896e-02 -3.647000000000000242e-01 0.000000000000000000e+00
1.530000000000000000e+02 -1.194730000000000070e+00 1.330419999999999936e+00 0.000000000000000000e+00
1.540000000000000000e+02 -4.270300000000000207e-01 3.271949999999999914e+00 0.000000000000000000e+00
1.550000000000000000e+02 4.432300000000000129e-01 5.168149999999999800e+00 0.000000000000000000e+00
1.560000000000000000e+02 -8.383500000000000396e-01 7.726849999999999774e+00 0.000000000000000000e+00
1.570000000000000000e+02 2.742200000000000193e-01 1.031052000000000035e+01 0.000000000000000000e+00
1.580000000000000000e+02 -1.312840000000000007e+00 1.164384000000000086e+01 0.000000000000000000e+00
1.590000000000000000e+02 -9.455299999999999816e-01 1.390628000000000064e+01 0.000000000000000000e+00
1.600000000000000000e+02 -4.660299999999999998e-01 1.596537000000000006e+01 0.000000000000000000e+00
1.610000000000000000e+02 -9.897000000000000242e-01 1.965018999999999849e+01 0.000000000000000000e+00
1.620000000000000000e+02 -1.851350000000000051e+00 -2.058060000000000045e+01 0.000000000000000000e+00
1.630000000000000000e+02 2.031099999999999905e+00 -1.686599000000000004e+01 0.000000000000000000e+00
1.640000000000000000e+02 1.706550000000000011e+00 -1.351548999999999978e+01 0.000000000000000000e+00
1.650000000000000000e+02 1.159019999999999939e+00 -1.153209999999999980e+01 0.000000000000000000e+00
1.660000000000000000e+02 5.077500000000000346e-01 -9.494369999999999976e+00 0.000000000000000000e+00
1.670000000000000000e+02 1.437449999999999894e+00 -5.647669999999999746e+00 0.000000000000000000e+00
1.680000000000000000e+02 5.892399999999999860e-01 -3.763759999999999994e+00 0.000000000000000000e+00
1.690000000000000000e+02 1.407259999999999955e+00 -1.844959999999999933e+00 0.000000000000000000e+00
1.700000000000000000e+02 2.255599999999999827e+00 6.242999999999999938e-02 0.000000000000000000e+00
1.710000000000000000e+02 9.047199999999999687e-01 1.620400000000000063e+00 0.000000000000000000e+00
1.720000000000000000e+02 1.748860000000000081e+00 3.528560000000000141e+00 0.000000000000000000e+00
1.730000000000000000e+02 2.473590000000000177e+00 5.476210000000000022e+00 0.000000000000000000e+00
1.740000000000000000e+02 1.197410000000000085e+00 7.100699999999999790e+00 0.000000000000000000e+00
1.750000000000000000e+02 1.920260000000000078e+00 9.022800000000000153e+00 0.000000000000000000e+00
1.760000000000000000e+02 2.337540000000000173e+00 1.105066000000000059e+01 0.000000000000000000e+00
1.770000000000000000e+02 6.485199999999999854e-01 1.235359000000000052e+01 0.000000000000000000e+00
1.780000000000000000e+02 1.221300000000000052e+00 1.454649000000000036e+01 0.000000000000000000e+00
1.790000000000000000e+02 1.162460000000000049e+00 1.885135999999999967e+01 0.000000000000000000e+00
1.800000000000000000e+02 3.964830000000000076e+00 -1.893533000000000044e+01 0.000000000000000000e+00
1.810000000000000000e+02 3.098390000000000200e+00 -1.508214000000000077e+01 0.000000000000000000e+00
1.820000000000000000e+02 3.820689999999999920e+00 -1.308394999999999975e+01 0.000000000000000000e+00
1.830000000000000000e+02 4.286990000000000300e+00 -1.106561999999999912e+01 0.000000000000000000e+00
1.840000000000000000e+02 2.531260000000000066e+00 -9.922629999999999839e+00 0.000000000000000000e+00
1.850000000000000000e+02 2.453980000000000050e+00 -7.824729999999999741e+00 0.000000000000000000e+00
1.860000000000000000e+02 3.504620000000000068e+00 -5.446489999999999831e+00 0.000000000000000000e+00
1.870000000000000000e+02 2.634659999999999780e+00 -3.511200000000000099e+00 0.000000000000000000e+00
1.880000000000000000e+02 3.483359999999999790e+00 -1.591310000000000002e+00 0.000000000000000000e+00
1.890000000000000000e+02 3.132480000000000153e+00 1.955610000000000070e+00 0.000000000000000000e+00
1.900000000000000000e+02 3.847550000000000026e+00 3.888729999999999798e+00 0.000000000000000000e+00
1.910000000000000000e+02 4.591179999999999595e+00 5.823900000000000077e+00 0.000000000000000000e+00
1.920000000000000000e+02 3.242010000000000058e+00 7.429610000000000269e+00 0.000000000000000000e+00
1.930000000000000000e+02 3.917349999999999888e+00 9.523910000000000764e+00 0.000000000000000000e+00
1.940000000000000000e+02 4.347129999999999939e+00 1.161646999999999963e+01 0.000000000000000000e+00
1.950000000000000000e+02 2.751469999999999860e+00 1.313840000000000074e+01 0.000000000000000000e+00
1.960000000000000000e+02 3.214129999999999932e+00 1.536131999999999920e+01 0.000000000000000000e+00
1.970000000000000000e+02 1.500639999999999974e+00 1.674042000000000030e+01 0.000000000000000000e+00
1.980000000000000000e+02 4.235109999999999708e+00 -1.686696999999999846e+01 0.000000000000000000e+00
1.990000000000000000e+02 5.202090000000000103e+00 -1.473630999999999958e+01 0.000000000000000000e+00
2.000000000000000000e+02 5.806180000000000341e+00 -1.250963999999999920e+01 0.000000000000000000e+00
2.010000000000000000e+02 6.247110000000000163e+00 -9.992160000000000153e+00 0.000000000000000000e+00
2.020000000000000000e+02 4.381660000000000110e+00 -8.998310000000000031e+00 0.000000000000000000e+00
2.030000000000000000e+02 4.885760000000000325e+00 -6.994089999999999918e+00 0.000000000000000000e+00
2.040000000000000000e+02 4.761879999999999669e+00 -3.211110000000000131e+00 0.000000000000000000e+00
2.050000000000000000e+02 5.671700000000000408e+00 -1.363439999999999985e+00 0.000000000000000000e+00
2.060000000000000000e+02 6.491609999999999658e+00 6.483400000000000274e-01 0.000000000000000000e+00
2.070000000000000000e+02 4.400210000000000399e+00 2.633199999999999985e-01 0.000000000000000000e+00
2.080000000000000000e+02 5.206719999999999793e+00 2.264040000000000052e+00 0.000000000000000000e+00
2.090000000000000000e+02 5.917959999999999887e+00 4.232459999999999667e+00 0.000000000000000000e+00
2.100000000000000000e+02 5.278209999999999624e+00 7.812439999999999607e+00 0.000000000000000000e+00
2.110000000000000000e+02 5.987989999999999924e+00 9.904659999999999798e+00 0.000000000000000000e+00
2.120000000000000000e+02 6.423390000000000377e+00 1.195777000000000001e+01 0.000000000000000000e+00
2.130000000000000000e+02 4.758180000000000298e+00 1.371114000000000033e+01 0.000000000000000000e+00
2.140000000000000000e+02 5.430240000000000400e+00 1.569488999999999912e+01 0.000000000000000000e+00
2.150000000000000000e+02 3.463750000000000107e+00 1.754908999999999963e+01 0.000000000000000000e+00
2.160000000000000000e+02 6.200569999999999915e+00 -1.844012999999999991e+01 0.000000000000000000e+00
2.170000000000000000e+02 6.503599999999999604e+00 -1.637615999999999872e+01 0.000000000000000000e+00
2.180000000000000000e+02 7.167379999999999640e+00 -1.409970999999999997e+01 0.000000000000000000e+00
2.190000000000000000e+02 7.650820000000000398e+00 -1.156713000000000058e+01 0.000000000000000000e+00
2.200000000000000000e+02 6.763090000000000046e+00 -7.910739999999999661e+00 0.000000000000000000e+00
2.210000000000000000e+02 5.746599999999999930e+00 -5.023469999999999658e+00 0.000000000000000000e+00
2.220000000000000000e+02 7.799430000000000085e+00 -5.241319999999999979e+00 0.000000000000000000e+00
2.230000000000000000e+02 6.900549999999999962e+00 -3.072919999999999874e+00 0.000000000000000000e+00
2.240000000000000000e+02 7.759490000000000443e+00 -1.077499999999999902e+00 0.000000000000000000e+00
2.250000000000000000e+02 8.600479999999999237e+00 1.003230000000000066e+00 0.000000000000000000e+00
2.260000000000000000e+02 7.245160000000000267e+00 2.594329999999999803e+00 0.000000000000000000e+00
2.270000000000000000e+02 7.967050000000000409e+00 4.591549999999999798e+00 0.000000000000000000e+00
2.280000000000000000e+02 6.644190000000000040e+00 6.260510000000000019e+00 0.000000000000000000e+00
2.290000000000000000e+02 7.306390000000000384e+00 8.291029999999999234e+00 0.000000000000000000e+00
2.300000000000000000e+02 8.128729999999999123e+00 1.023433999999999955e+01 0.000000000000000000e+00
2.310000000000000000e+02 8.698650000000000659e+00 1.221437000000000062e+01 0.000000000000000000e+00
2.320000000000000000e+02 6.886140000000000150e+00 1.396411999999999942e+01 0.000000000000000000e+00
2.330000000000000000e+02 7.417069999999999830e+00 1.664480000000000004e+01 0.000000000000000000e+00
2.340000000000000000e+02 8.230499999999999261e+00 -1.759207999999999927e+01 0.000000000000000000e+00
2.350000000000000000e+02 8.910579999999999501e+00 -1.554265999999999970e+01 0.000000000000000000e+00
2.360000000000000000e+02 9.093220000000000525e+00 -1.304682000000000031e+01 0.000000000000000000e+00
2.370000000000000000e+02 9.613920000000000243e+00 -1.090365000000000073e+01 0.000000000000000000e+00
2.380000000000000000e+02 8.253249999999999531e+00 -9.354139999999999233e+00 0.000000000000000000e+00
2.390000000000000000e+02 8.711990000000000123e+00 -7.135119999999999685e+00 0.000000000000000000e+00
2.400000000000000000e+02 9.832969999999999544e+00 -4.736849999999999561e+00 0.000000000000000000e+00
2.410000000000000000e+02 8.958119999999999195e+00 -2.828699999999999992e+00 0.000000000000000000e+00
2.420000000000000000e+02 9.826729999999999521e+00 -8.414099999999999913e-01 0.000000000000000000e+00
2.430000000000000000e+02 1.075464999999999982e+01 1.324359999999999982e+00 0.000000000000000000e+00
2.440000000000000000e+02 9.278439999999999799e+00 2.985289999999999999e+00 0.000000000000000000e+00
2.450000000000000000e+02 1.009548999999999985e+01 4.893279999999999852e+00 0.000000000000000000e+00
2.460000000000000000e+02 8.726589999999999847e+00 6.567739999999999689e+00 0.000000000000000000e+00
2.470000000000000000e+02 9.476559999999999206e+00 8.614810000000000301e+00 0.000000000000000000e+00
2.480000000000000000e+02 1.020332999999999934e+01 1.060298000000000052e+01 0.000000000000000000e+00
2.490000000000000000e+02 1.053508000000000067e+01 1.317966999999999977e+01 0.000000000000000000e+00
2.500000000000000000e+02 8.896620000000000417e+00 1.452542000000000044e+01 0.000000000000000000e+00
2.510000000000000000e+02 6.467410000000000103e+00 1.847840000000000060e+01 0.000000000000000000e+00
2.520000000000000000e+02 1.042850999999999928e+01 -1.694836000000000098e+01 0.000000000000000000e+00
2.530000000000000000e+02 1.066290000000000049e+01 -1.439464000000000077e+01 0.000000000000000000e+00
2.540000000000000000e+02 1.125351999999999997e+01 -1.228946000000000005e+01 0.000000000000000000e+00
2.550000000000000000e+02 1.167173000000000016e+01 -1.021297999999999995e+01 0.000000000000000000e+00
2.560000000000000000e+02 1.026530999999999949e+01 -8.599069999999999325e+00 0.000000000000000000e+00
2.570000000000000000e+02 1.098380000000000045e+01 -6.555069999999999730e+00 0.000000000000000000e+00
2.580000000000000000e+02 1.198380000000000045e+01 -4.417399999999999771e+00 0.000000000000000000e+00
2.590000000000000000e+02 1.113354999999999961e+01 -2.459859999999999935e+00 0.000000000000000000e+00
2.600000000000000000e+02 1.193868999999999936e+01 -5.467400000000000038e-01 0.000000000000000000e+00
2.610000000000000000e+02 1.284525000000000006e+01 1.330719999999999903e+00 0.000000000000000000e+00
2.620000000000000000e+02 1.160637999999999970e+01 3.257559999999999789e+00 0.000000000000000000e+00
2.630000000000000000e+02 1.230887000000000064e+01 5.291129999999999889e+00 0.000000000000000000e+00
2.640000000000000000e+02 1.292791000000000068e+01 7.298890000000000100e+00 0.000000000000000000e+00
2.650000000000000000e+02 1.088509999999999955e+01 6.847649999999999793e+00 0.000000000000000000e+00
2.660000000000000000e+02 1.158810000000000073e+01 8.914460000000000051e+00 0.000000000000000000e+00
2.670000000000000000e+02 1.229381000000000057e+01 1.089722000000000079e+01 0.000000000000000000e+00
2.680000000000000000e+02 1.091155999999999970e+01 1.528445999999999927e+01 0.000000000000000000e+00
2.690000000000000000e+02 9.506650000000000489e+00 1.683860999999999919e+01 0.000000000000000000e+00
2.700000000000000000e+02 1.232892000000000010e+01 -1.589931999999999945e+01 0.000000000000000000e+00
2.710000000000000000e+02 1.265326999999999913e+01 -1.383502999999999972e+01 0.000000000000000000e+00
2.720000000000000000e+02 1.350517999999999930e+01 -1.192182000000000031e+01 0.000000000000000000e+00
2.730000000000000000e+02 1.373860999999999954e+01 -9.709179999999999922e+00 0.000000000000000000e+00
2.740000000000000000e+02 1.240344999999999942e+01 -8.039649999999999963e+00 0.000000000000000000e+00
2.750000000000000000e+02 1.334839000000000020e+01 -6.032049999999999912e+00 0.000000000000000000e+00
2.760000000000000000e+02 1.396599999999999930e+01 -3.829429999999999890e+00 0.000000000000000000e+00
2.770000000000000000e+02 1.575609000000000037e+01 -2.785769999999999857e+00 0.000000000000000000e+00
2.780000000000000000e+02 1.379911000000000065e+01 -1.588319999999999954e+00 0.000000000000000000e+00
2.790000000000000000e+02 1.471035999999999966e+01 4.577200000000000157e-01 0.000000000000000000e+00
2.800000000000000000e+02 1.372713000000000072e+01 3.679660000000000153e+00 0.000000000000000000e+00
2.810000000000000000e+02 1.452299000000000007e+01 5.935670000000000002e+00 0.000000000000000000e+00
2.820000000000000000e+02 1.657528999999999897e+01 6.202639999999999709e+00 0.000000000000000000e+00
2.830000000000000000e+02 1.528991000000000078e+01 7.912580000000000169e+00 0.000000000000000000e+00
2.840000000000000000e+02 1.372115999999999936e+01 9.332720000000000127e+00 0.000000000000000000e+00
2.850000000000000000e+02 1.428932999999999964e+01 1.145315000000000083e+01 0.000000000000000000e+00
2.860000000000000000e+02 1.259975999999999985e+01 1.296462000000000003e+01 0.000000000000000000e+00
2.870000000000000000e+02 1.305283000000000015e+01 1.526797999999999966e+01 0.000000000000000000e+00
2.880000000000000000e+02 1.493406000000000056e+01 -1.366531999999999947e+01 0.000000000000000000e+00
2.890000000000000000e+02 1.553416999999999959e+01 -1.154635999999999996e+01 0.000000000000000000e+00
2.900000000000000000e+02 1.623980999999999852e+01 -9.493050000000000210e+00 0.000000000000000000e+00
2.910000000000000000e+02 1.721956000000000131e+01 -7.196780000000000399e+00 0.000000000000000000e+00
2.920000000000000000e+02 1.466417000000000037e+01 -7.830700000000000216e+00 0.000000000000000000e+00
2.930000000000000000e+02 1.530799000000000021e+01 -5.399060000000000414e+00 0.000000000000000000e+00
2.940000000000000000e+02 1.710488000000000142e+01 -4.345889999999999809e+00 0.000000000000000000e+00
2.950000000000000000e+02 1.816425999999999874e+01 -2.424580000000000179e+00 0.000000000000000000e+00
2.960000000000000000e+02 1.648491999999999891e+01 -8.123399999999999510e-01 0.000000000000000000e+00
2.970000000000000000e+02 1.818000999999999934e+01 6.332799999999999541e-01 0.000000000000000000e+00
2.980000000000000000e+02 1.561473999999999940e+01 2.812399999999999789e+00 0.000000000000000000e+00
2.990000000000000000e+02 1.783249999999999957e+01 2.895280000000000076e+00 0.000000000000000000e+00
