0.000000000000000000e+00 -1.213294999999999924e+01 -1.361856000000000044e+01 0.000000000000000000e+00
1.000000000000000000e+00 -1.650835000000000008e+01 -1.051535999999999937e+01 0.000000000000000000e+00
2.000000000000000000e+00 -1.759940999999999889e+01 -8.760149999999999437e+00 0.000000000000000000e+00
3.000000000000000000e+00 -1.547320999999999991e+01 -8.270350000000000534e+00 0.000000000000000000e+00
4.000000000000000000e+00 -1.654654999999999987e+01 -6.351700000000000124e+00 0.000000000000000000e+00
5.000000000000000000e+00 -1.809465000000000146e+01 -4.894759999999999778e+00 0.000000000000000000e+00
6.000000000000000000e+00 -1.676730999999999838e+01 -2.689259999999999984e+00 0.000000000000000000e+00
7.000000000000000000e+00 -1.777515999999999963e+01 -7.374000000000000554e-01 0.000000000000000000e+00
8.000000000000000000e+00 -1.883163000000000054e+01 -2.937349999999999905e+00 0.000000000000000000e+00
9.000000000000000000e+00 -1.809660999999999831e+01 2.712839999999999918e+00 0.000000000000000000e+00
1.000000000000000000e+01 -1.581221000000000032e+01 3.040039999999999853e+00 0.000000000000000000e+00
1.100000000000000000e+01 -1.705524000000000129e+01 4.724929999999999630e+00 0.000000000000000000e+00
1.200000000000000000e+01 -1.593753000000000064e+01 6.753910000000000302e+00 0.000000000000000000e+00
1.300000000000000000e+01 -1.799271999999999849e+01 6.729919999999999902e+00 0.000000000000000000e+00
1.400000000000000000e+01 -1.493248999999999960e+01 8.970169999999999533e+00 0.000000000000000000e+00
1.500000000000000000e+01 -1.701979000000000042e+01 8.633499999999999730e+00 0.000000000000000000e+00
1.600000000000000000e+01 -1.596904999999999930e+01 1.086514000000000024e+01 0.000000000000000000e+00
1.700000000000000000e+01 -1.516949999999999932e+01 1.281001999999999974e+01 0.000000000000000000e+00
1.800000000000000000e+01 -1.098072999999999944e+01 -1.543252000000000024e+01 0.000000000000000000e+00
1.900000000000000000e+01 -1.351210999999999984e+01 -1.199746000000000024e+01 0.000000000000000000e+00
2.000000000000000000e+01 -1.442305999999999955e+01 -1.011786000000000030e+01 0.000000000000000000e+00
2.100000000000000000e+01 -1.335885000000000034e+01 -8.220689999999999387e+00 0.000000000000000000e+00
2.200000000000000000e+01 -1.445234999999999914e+01 -6.273889999999999745e+00 0.000000000000000000e+00
2.300000000000000000e+01 -1.561429000000000045e+01 -4.418940000000000090e+00 0.000000000000000000e+00
2.400000000000000000e+01 -1.459294000000000047e+01 -2.608499999999999819e+00 0.000000000000000000e+00
2.500000000000000000e+01 -1.568223000000000056e+01 -7.144800000000000040e-01 0.000000000000000000e+00
2.600000000000000000e+01 -1.358905999999999992e+01 -6.376399999999999846e-01 0.000000000000000000e+00
2.700000000000000000e+01 -1.680048000000000030e+01 1.095159999999999911e+00 0.000000000000000000e+00
2.800000000000000000e+01 -1.472145000000000081e+01 1.249649999999999928e+00 0.000000000000000000e+00
2.900000000000000000e+01 -1.481185999999999936e+01 4.954240000000000421e+00 0.000000000000000000e+00
3.000000000000000000e+01 -1.389326999999999934e+01 7.015559999999999796e+00 0.000000000000000000e+00
3.100000000000000000e+01 -1.281884999999999941e+01 8.829420000000000712e+00 0.000000000000000000e+00
3.200000000000000000e+01 -1.388209999999999944e+01 1.080245000000000033e+01 0.000000000000000000e+00
3.300000000000000000e+01 -1.305341999999999913e+01 1.276171000000000078e+01 0.000000000000000000e+00
3.400000000000000000e+01 -1.194116000000000000e+01 1.462180000000000035e+01 0.000000000000000000e+00
3.500000000000000000e+01 -1.061265999999999998e+01 1.636307000000000045e+01 0.000000000000000000e+00
3.600000000000000000e+01 -8.615119999999999223e+00 -1.573893999999999949e+01 0.000000000000000000e+00
3.700000000000000000e+01 -9.801719999999999544e+00 -1.343252999999999986e+01 0.000000000000000000e+00
3.800000000000000000e+01 -1.218915999999999933e+01 -9.958460000000000534e+00 0.000000000000000000e+00
3.900000000000000000e+01 -1.121895999999999916e+01 -8.115550000000000708e+00 0.000000000000000000e+00
4.000000000000000000e+01 -1.238330000000000020e+01 -6.352190000000000225e+00 0.000000000000000000e+00
4.100000000000000000e+01 -1.354973999999999990e+01 -4.398670000000000080e+00 0.000000000000000000e+00
4.200000000000000000e+01 -1.129339000000000048e+01 -4.199580000000000091e+00 0.000000000000000000e+00
4.300000000000000000e+01 -1.248764000000000074e+01 -2.500039999999999818e+00 0.000000000000000000e+00
4.400000000000000000e+01 -1.151717999999999975e+01 -5.260099999999999776e-01 0.000000000000000000e+00
4.500000000000000000e+01 -1.259811000000000014e+01 1.391170000000000018e+00 0.000000000000000000e+00
4.600000000000000000e+01 -1.369679000000000002e+01 3.209880000000000067e+00 0.000000000000000000e+00
4.700000000000000000e+01 -1.269286999999999921e+01 5.117770000000000152e+00 0.000000000000000000e+00
4.800000000000000000e+01 -1.166822999999999944e+01 6.988870000000000360e+00 0.000000000000000000e+00
4.900000000000000000e+01 -1.065469000000000044e+01 8.910259999999999181e+00 0.000000000000000000e+00
5.000000000000000000e+01 -1.181900000000000084e+01 1.080246999999999957e+01 0.000000000000000000e+00
5.100000000000000000e+01 -1.091877000000000031e+01 1.269070999999999927e+01 0.000000000000000000e+00
5.200000000000000000e+01 -9.684530000000000527e+00 1.445857999999999954e+01 0.000000000000000000e+00
5.300000000000000000e+01 -8.494790000000000063e+00 1.636011999999999844e+01 0.000000000000000000e+00
5.400000000000000000e+01 -7.200739999999999696e+00 -1.734581999999999979e+01 0.000000000000000000e+00
5.500000000000000000e+01 -7.609930000000000305e+00 -1.339614000000000082e+01 0.000000000000000000e+00
5.600000000000000000e+01 -1.106816000000000066e+01 -1.171110000000000007e+01 0.000000000000000000e+00
5.700000000000000000e+01 -1.000582999999999956e+01 -9.842060000000000031e+00 0.000000000000000000e+00
5.800000000000000000e+01 -9.150270000000000792e+00 -7.791690000000000005e+00 0.000000000000000000e+00
5.900000000000000000e+01 -1.019583000000000084e+01 -5.959950000000000081e+00 0.000000000000000000e+00
6.000000000000000000e+01 -9.228369999999999962e+00 -4.111629999999999896e+00 0.000000000000000000e+00
6.100000000000000000e+01 -1.042242000000000068e+01 -2.286789999999999878e+00 0.000000000000000000e+00
6.200000000000000000e+01 -9.393280000000000740e+00 -4.308799999999999852e-01 0.000000000000000000e+00
6.300000000000000000e+01 -1.045603999999999978e+01 1.456320000000000059e+00 0.000000000000000000e+00
6.400000000000000000e+01 -1.154771000000000036e+01 3.217000000000000082e+00 0.000000000000000000e+00
6.500000000000000000e+01 -1.047926999999999964e+01 5.184319999999999595e+00 0.000000000000000000e+00
6.600000000000000000e+01 -9.506299999999999528e+00 7.057949999999999946e+00 0.000000000000000000e+00
6.700000000000000000e+01 -8.470169999999999533e+00 9.101119999999999877e+00 0.000000000000000000e+00
6.800000000000000000e+01 -9.641519999999999868e+00 1.097644000000000020e+01 0.000000000000000000e+00
6.900000000000000000e+01 -8.524029999999999774e+00 1.274386999999999937e+01 0.000000000000000000e+00
7.000000000000000000e+01 -7.447040000000000326e+00 1.455385000000000062e+01 0.000000000000000000e+00
7.100000000000000000e+01 -5.291960000000000441e+00 1.839593999999999951e+01 0.000000000000000000e+00
7.200000000000000000e+01 -4.009030000000000094e+00 -1.871647000000000105e+01 0.000000000000000000e+00
7.300000000000000000e+01 -6.437490000000000379e+00 -1.516807000000000016e+01 0.000000000000000000e+00
7.400000000000000000e+01 -8.822869999999999990e+00 -1.153472000000000008e+01 0.000000000000000000e+00
7.500000000000000000e+01 -7.880880000000000329e+00 -9.516610000000000014e+00 0.000000000000000000e+00
7.600000000000000000e+01 -6.962509999999999977e+00 -7.662650000000000183e+00 0.000000000000000000e+00
7.700000000000000000e+01 -8.069050000000000722e+00 -5.901640000000000441e+00 0.000000000000000000e+00
7.800000000000000000e+01 -7.166699999999999626e+00 -4.036579999999999835e+00 0.000000000000000000e+00
7.900000000000000000e+01 -8.280760000000000787e+00 -2.187749999999999861e+00 0.000000000000000000e+00
8.000000000000000000e+01 -7.228360000000000340e+00 -3.448800000000000199e-01 0.000000000000000000e+00
8.100000000000000000e+01 -8.354670000000000485e+00 1.415389999999999926e+00 0.000000000000000000e+00
8.200000000000000000e+01 -9.460319999999999396e+00 3.319840000000000124e+00 0.000000000000000000e+00
8.300000000000000000e+01 -8.379260000000000375e+00 5.282549999999999635e+00 0.000000000000000000e+00
8.400000000000000000e+01 -7.411850000000000271e+00 7.182330000000000325e+00 0.000000000000000000e+00
8.500000000000000000e+01 -6.364700000000000024e+00 9.012330000000000396e+00 0.000000000000000000e+00
8.600000000000000000e+01 -7.435130000000000017e+00 1.092596999999999952e+01 0.000000000000000000e+00
8.700000000000000000e+01 -6.376970000000000027e+00 1.275914000000000037e+01 0.000000000000000000e+00
8.800000000000000000e+01 -5.362849999999999895e+00 1.456541999999999959e+01 0.000000000000000000e+00
8.900000000000000000e+01 -6.435360000000000191e+00 1.655050999999999917e+01 0.000000000000000000e+00
9.000000000000000000e+01 -2.976599999999999802e-01 -2.046841999999999828e+01 0.000000000000000000e+00
9.100000000000000000e+01 -5.124159999999999826e+00 -1.689320000000000022e+01 0.000000000000000000e+00
9.200000000000000000e+01 -5.420910000000000117e+00 -1.326368000000000080e+01 0.000000000000000000e+00
9.300000000000000000e+01 -6.703210000000000335e+00 -1.137843999999999944e+01 0.000000000000000000e+00
9.400000000000000000e+01 -5.795289999999999608e+00 -9.496460000000000790e+00 0.000000000000000000e+00
9.500000000000000000e+01 -5.991509999999999891e+00 -5.741729999999999556e+00 0.000000000000000000e+00
9.600000000000000000e+01 -5.068229999999999791e+00 -3.878039999999999932e+00 0.000000000000000000e+00
9.700000000000000000e+01 -6.181510000000000282e+00 -2.134500000000000064e+00 0.000000000000000000e+00
9.800000000000000000e+01 -5.146969999999999601e+00 -2.285099999999999909e-01 0.000000000000000000e+00
9.900000000000000000e+01 -6.293549999999999756e+00 1.506159999999999943e+00 0.000000000000000000e+00
1.000000000000000000e+02 -7.356690000000000396e+00 3.266589999999999883e+00 0.000000000000000000e+00
1.010000000000000000e+02 -6.309280000000000221e+00 5.385430000000000383e+00 0.000000000000000000e+00
1.020000000000000000e+02 -5.332200000000000273e+00 7.199720000000000120e+00 0.000000000000000000e+00
1.030000000000000000e+02 -4.271840000000000082e+00 9.081350000000000477e+00 0.000000000000000000e+00
1.040000000000000000e+02 -5.312179999999999680e+00 1.087828999999999979e+01 0.000000000000000000e+00
1.050000000000000000e+02 -4.262760000000000105e+00 1.276445000000000007e+01 0.000000000000000000e+00
1.060000000000000000e+02 -4.194429999999999659e+00 1.647600999999999871e+01 0.000000000000000000e+00
1.070000000000000000e+02 -1.664250000000000007e+00 1.867749999999999844e+01 0.000000000000000000e+00
1.080000000000000000e+02 -1.859620000000000051e+00 -1.850228999999999857e+01 0.000000000000000000e+00
1.090000000000000000e+02 -4.306280000000000108e+00 -1.498700000000000010e+01 0.000000000000000000e+00
1.100000000000000000e+02 -3.368580000000000130e+00 -1.309618000000000038e+01 0.000000000000000000e+00
1.110000000000000000e+02 -4.581660000000000288e+00 -1.128926000000000052e+01 0.000000000000000000e+00
1.120000000000000000e+02 -3.693029999999999813e+00 -9.436289999999999623e+00 0.000000000000000000e+00
1.130000000000000000e+02 -4.843460000000000321e+00 -7.589360000000000106e+00 0.000000000000000000e+00
1.140000000000000000e+02 -3.908939999999999859e+00 -5.716999999999999638e+00 0.000000000000000000e+00
1.150000000000000000e+02 -4.000339999999999563e+00 -1.989849999999999897e+00 0.000000000000000000e+00
1.160000000000000000e+02 -3.093199999999999950e+00 -1.388800000000000034e-01 0.000000000000000000e+00
1.170000000000000000e+02 -4.248470000000000191e+00 1.678109999999999991e+00 0.000000000000000000e+00
1.180000000000000000e+02 -5.304450000000000109e+00 3.513490000000000002e+00 0.000000000000000000e+00
1.190000000000000000e+02 -4.222739999999999938e+00 5.389199999999999768e+00 0.000000000000000000e+00
1.200000000000000000e+02 -3.260600000000000165e+00 7.273220000000000240e+00 0.000000000000000000e+00
1.210000000000000000e+02 -2.150760000000000005e+00 9.104660000000000863e+00 0.000000000000000000e+00
1.220000000000000000e+02 -3.211259999999999781e+00 1.090221999999999980e+01 0.000000000000000000e+00
1.230000000000000000e+02 -2.161599999999999966e+00 1.276814000000000071e+01 0.000000000000000000e+00
1.240000000000000000e+02 -3.307090000000000085e+00 1.459491000000000049e+01 0.000000000000000000e+00
1.250000000000000000e+02 -2.002569999999999961e+00 1.649871999999999872e+01 0.000000000000000000e+00
1.260000000000000000e+02 3.117300000000000071e-01 -1.848740000000000094e+01 0.000000000000000000e+00
1.270000000000000000e+02 -2.992500000000000160e+00 -1.669673999999999836e+01 0.000000000000000000e+00
1.280000000000000000e+02 -2.169059999999999988e+00 -1.479612999999999978e+01 0.000000000000000000e+00
1.290000000000000000e+02 -2.492049999999999876e+00 -1.121917999999999971e+01 0.000000000000000000e+00
1.300000000000000000e+02 -1.632859999999999978e+00 -9.298209999999999198e+00 0.000000000000000000e+00
1.310000000000000000e+02 -2.771279999999999966e+00 -7.500359999999999694e+00 0.000000000000000000e+00
1.320000000000000000e+02 -1.700409999999999977e+00 -5.676750000000000185e+00 0.000000000000000000e+00
1.330000000000000000e+02 -3.005009999999999959e+00 -3.808730000000000171e+00 0.000000000000000000e+00
1.340000000000000000e+02 -1.917810000000000015e+00 -1.902039999999999953e+00 0.000000000000000000e+00
1.350000000000000000e+02 -2.180639999999999912e+00 1.737330000000000041e+00 0.000000000000000000e+00
1.360000000000000000e+02 -3.197430000000000216e+00 3.566539999999999822e+00 0.000000000000000000e+00
1.370000000000000000e+02 -1.104670000000000041e+00 3.521949999999999914e+00 0.000000000000000000e+00
1.380000000000000000e+02 -2.066009999999999902e+00 5.378949999999999676e+00 0.000000000000000000e+00
1.390000000000000000e+02 -1.136530000000000040e+00 7.240109999999999602e+00 0.000000000000000000e+00
1.400000000000000000e+02 -1.061890000000000001e+00 1.086552999999999969e+01 0.000000000000000000e+00
1.410000000000000000e+02 -1.114570000000000061e+00 1.458159999999999989e+01 0.000000000000000000e+00
1.420000000000000000e+02 2.730299999999999949e-01 1.795597000000000065e+01 0.000000000000000000e+00
1.430000000000000000e+02 1.189089999999999980e+00 1.979918999999999940e+01 0.000000000000000000e+00
1.440000000000000000e+02 -7.479500000000000037e-01 -1.669457999999999842e+01 0.000000000000000000e+00
1.450000000000000000e+02 -5.183000000000000107e-02 -1.475159000000000020e+01 0.000000000000000000e+00
1.460000000000000000e+02 -1.257050000000000001e+00 -1.292322000000000060e+01 0.000000000000000000e+00
1.470000000000000000e+02 -3.944799999999999973e-01 -1.104631000000000007e+01 0.000000000000000000e+00
1.480000000000000000e+02 4.426700000000000079e-01 -9.115959999999999397e+00 0.000000000000000000e+00
1.490000000000000000e+02 2.399270000000000014e+00 -8.073579999999999757e+00 0.000000000000000000e+00
1.500000000000000000e+02 3.210999999999999965e-02 -6.921669999999999767e+00 0.000000000000000000e+00
1.510000000000000000e+02 -9.018100000000000005e-01 -3.749890000000000168e+00 0.000000000000000000e+00
1.520000000000000000e+02 9.121599999999999708e-01 -2.787549999999999972e+00 0.000000000000000000e+00
1.530000000000000000e+02 -1.013039999999999941e+00 -8.659999999999999296e-03 0.000000000000000000e+00
1.540000000000000000e+02 5.641699999999999493e-01 1.433789999999999898e+00 0.000000000000000000e+00
1.550000000000000000e+02 1.503599999999999937e-01 5.507880000000000109e+00 0.000000000000000000e+00
1.560000000000000000e+02 9.648299999999999654e-01 7.448710000000000164e+00 0.000000000000000000e+00
1.570000000000000000e+02 6.098299999999999832e-01 9.558460000000000178e+00 0.000000000000000000e+00
1.580000000000000000e+02 8.665399999999999769e-01 1.162382000000000026e+01 0.000000000000000000e+00
1.590000000000000000e+02 7.948100000000000165e-01 1.371130999999999922e+01 0.000000000000000000e+00
1.600000000000000000e+02 5.733200000000000518e-01 1.581762999999999941e+01 0.000000000000000000e+00
1.610000000000000000e+02 2.338169999999999860e+00 1.722119999999999962e+01 0.000000000000000000e+00
1.620000000000000000e+02 2.094800000000000217e+00 -1.966635000000000133e+01 0.000000000000000000e+00
1.630000000000000000e+02 1.327709999999999946e+00 -1.630355000000000132e+01 0.000000000000000000e+00
1.640000000000000000e+02 1.993279999999999941e+00 -1.431831999999999994e+01 0.000000000000000000e+00
1.650000000000000000e+02 1.634730000000000016e+00 -1.223038000000000025e+01 0.000000000000000000e+00
1.660000000000000000e+02 2.180169999999999941e+00 -1.020512000000000086e+01 0.000000000000000000e+00
1.670000000000000000e+02 2.595670000000000144e+00 -6.016460000000000363e+00 0.000000000000000000e+00
1.680000000000000000e+02 7.710500000000000131e-01 -4.982440000000000424e+00 0.000000000000000000e+00
1.690000000000000000e+02 2.660670000000000091e+00 -3.876590000000000202e+00 0.000000000000000000e+00
1.700000000000000000e+02 2.733379999999999921e+00 -1.807060000000000111e+00 0.000000000000000000e+00
1.710000000000000000e+02 9.592100000000000071e-01 -7.204199999999999493e-01 0.000000000000000000e+00
1.720000000000000000e+02 1.002860000000000085e+00 3.485120000000000218e+00 0.000000000000000000e+00
1.730000000000000000e+02 2.862690000000000179e+00 4.423869999999999969e+00 0.000000000000000000e+00
1.740000000000000000e+02 2.825019999999999865e+00 6.472590000000000288e+00 0.000000000000000000e+00
1.750000000000000000e+02 2.737350000000000172e+00 8.573389999999999844e+00 0.000000000000000000e+00
1.760000000000000000e+02 2.709159999999999791e+00 1.068412000000000006e+01 0.000000000000000000e+00
1.770000000000000000e+02 2.641399999999999970e+00 1.275398999999999994e+01 0.000000000000000000e+00
1.780000000000000000e+02 2.534380000000000077e+00 1.491332000000000058e+01 0.000000000000000000e+00
1.790000000000000000e+02 4.451380000000000337e+00 1.827161999999999864e+01 0.000000000000000000e+00
1.800000000000000000e+02 3.121680000000000010e+00 -1.771074000000000126e+01 0.000000000000000000e+00
1.810000000000000000e+02 3.617500000000000160e+00 -1.562839999999999918e+01 0.000000000000000000e+00
1.820000000000000000e+02 3.943940000000000001e+00 -1.352806999999999960e+01 0.000000000000000000e+00
1.830000000000000000e+02 3.979760000000000186e+00 -1.143033999999999928e+01 0.000000000000000000e+00
1.840000000000000000e+02 4.069189999999999863e+00 -9.306190000000000850e+00 0.000000000000000000e+00
1.850000000000000000e+02 4.341190000000000104e+00 -7.157949999999999591e+00 0.000000000000000000e+00
1.860000000000000000e+02 4.414729999999999599e+00 -5.005379999999999718e+00 0.000000000000000000e+00
1.870000000000000000e+02 4.507839999999999847e+00 -2.937199999999999811e+00 0.000000000000000000e+00
1.880000000000000000e+02 4.681680000000000064e+00 -8.379100000000000437e-01 0.000000000000000000e+00
1.890000000000000000e+02 2.789930000000000021e+00 2.819900000000000184e-01 0.000000000000000000e+00
1.900000000000000000e+02 2.827310000000000212e+00 2.354629999999999779e+00 0.000000000000000000e+00
1.910000000000000000e+02 4.655100000000000016e+00 3.389040000000000052e+00 0.000000000000000000e+00
1.920000000000000000e+02 4.663030000000000008e+00 5.485870000000000246e+00 0.000000000000000000e+00
1.930000000000000000e+02 4.594730000000000203e+00 7.604809999999999626e+00 0.000000000000000000e+00
1.940000000000000000e+02 4.553779999999999717e+00 9.708149999999999835e+00 0.000000000000000000e+00
1.950000000000000000e+02 4.476250000000000284e+00 1.181483000000000061e+01 0.000000000000000000e+00
1.960000000000000000e+02 4.455000000000000071e+00 1.397716999999999921e+01 0.000000000000000000e+00
1.970000000000000000e+02 4.278340000000000032e+00 1.611830000000000140e+01 0.000000000000000000e+00
1.980000000000000000e+02 5.625320000000000320e+00 -1.711777999999999977e+01 0.000000000000000000e+00
1.990000000000000000e+02 5.640970000000000262e+00 -1.471230000000000082e+01 0.000000000000000000e+00
2.000000000000000000e+02 5.829399999999999693e+00 -1.265515000000000079e+01 0.000000000000000000e+00
2.010000000000000000e+02 5.831290000000000084e+00 -1.053509999999999991e+01 0.000000000000000000e+00
2.020000000000000000e+02 6.015369999999999884e+00 -8.396699999999999164e+00 0.000000000000000000e+00
2.030000000000000000e+02 6.261660000000000004e+00 -6.207620000000000360e+00 0.000000000000000000e+00
2.040000000000000000e+02 6.319840000000000124e+00 -4.059899999999999842e+00 0.000000000000000000e+00
2.050000000000000000e+02 6.413219999999999921e+00 -2.008270000000000000e+00 0.000000000000000000e+00
2.060000000000000000e+02 6.491189999999999571e+00 1.592399999999999927e-01 0.000000000000000000e+00
2.070000000000000000e+02 4.692870000000000097e+00 1.263710000000000111e+00 0.000000000000000000e+00
2.080000000000000000e+02 6.467690000000000161e+00 2.339339999999999975e+00 0.000000000000000000e+00
2.090000000000000000e+02 6.437990000000000101e+00 4.411480000000000068e+00 0.000000000000000000e+00
2.100000000000000000e+02 6.411699999999999733e+00 6.589140000000000441e+00 0.000000000000000000e+00
2.110000000000000000e+02 6.394269999999999676e+00 8.683519999999999683e+00 0.000000000000000000e+00
2.120000000000000000e+02 6.378479999999999706e+00 1.076177999999999990e+01 0.000000000000000000e+00
2.130000000000000000e+02 6.280389999999999695e+00 1.285276999999999958e+01 0.000000000000000000e+00
2.140000000000000000e+02 6.332539999999999836e+00 1.496856000000000009e+01 0.000000000000000000e+00
2.150000000000000000e+02 6.129030000000000200e+00 1.704098000000000113e+01 0.000000000000000000e+00
2.160000000000000000e+02 4.847100000000000186e+00 -1.907205000000000084e+01 0.000000000000000000e+00
2.170000000000000000e+02 7.417110000000000092e+00 -1.579068999999999967e+01 0.000000000000000000e+00
2.180000000000000000e+02 7.642089999999999606e+00 -1.368407999999999980e+01 0.000000000000000000e+00
2.190000000000000000e+02 7.627989999999999604e+00 -1.161322999999999972e+01 0.000000000000000000e+00
2.200000000000000000e+02 7.950179999999999580e+00 -9.570510000000000517e+00 0.000000000000000000e+00
2.210000000000000000e+02 7.904490000000000016e+00 -7.471140000000000114e+00 0.000000000000000000e+00
2.220000000000000000e+02 8.166470000000000340e+00 -5.280249999999999666e+00 0.000000000000000000e+00
2.230000000000000000e+02 8.194309999999999761e+00 -3.071559999999999846e+00 0.000000000000000000e+00
2.240000000000000000e+02 8.316890000000000782e+00 -8.390300000000000535e-01 0.000000000000000000e+00
2.250000000000000000e+02 8.293169999999999931e+00 1.344489999999999963e+00 0.000000000000000000e+00
2.260000000000000000e+02 8.259309999999999263e+00 3.416420000000000012e+00 0.000000000000000000e+00
2.270000000000000000e+02 1.010116999999999976e+01 4.538630000000000386e+00 0.000000000000000000e+00
2.280000000000000000e+02 8.226670000000000371e+00 5.524639999999999773e+00 0.000000000000000000e+00
2.290000000000000000e+02 8.357210000000000250e+00 7.654639999999999667e+00 0.000000000000000000e+00
2.300000000000000000e+02 8.200369999999999493e+00 9.716179999999999595e+00 0.000000000000000000e+00
2.310000000000000000e+02 8.207069999999999865e+00 1.178496999999999950e+01 0.000000000000000000e+00
2.320000000000000000e+02 8.189959999999999241e+00 1.391009999999999991e+01 0.000000000000000000e+00
2.330000000000000000e+02 8.310190000000000410e+00 1.596926999999999985e+01 0.000000000000000000e+00
2.340000000000000000e+02 9.224249999999999616e+00 -1.696135999999999910e+01 0.000000000000000000e+00
2.350000000000000000e+02 9.313340000000000174e+00 -1.488766999999999996e+01 0.000000000000000000e+00
2.360000000000000000e+02 9.469749999999999446e+00 -1.269586999999999932e+01 0.000000000000000000e+00
2.370000000000000000e+02 9.734909999999999286e+00 -1.062867999999999924e+01 0.000000000000000000e+00
2.380000000000000000e+02 9.772489999999999455e+00 -8.429140000000000299e+00 0.000000000000000000e+00
2.390000000000000000e+02 1.001285999999999987e+01 -6.282300000000000217e+00 0.000000000000000000e+00
2.400000000000000000e+02 9.962189999999999657e+00 -4.173770000000000202e+00 0.000000000000000000e+00
2.410000000000000000e+02 1.003299999999999947e+01 -1.983540000000000081e+00 0.000000000000000000e+00
2.420000000000000000e+02 1.017074999999999996e+01 1.340800000000000047e-01 0.000000000000000000e+00
2.430000000000000000e+02 1.010405000000000086e+01 2.420009999999999994e+00 0.000000000000000000e+00
2.440000000000000000e+02 1.192389999999999972e+01 3.424339999999999939e+00 0.000000000000000000e+00
2.450000000000000000e+02 1.202541000000000082e+01 5.584279999999999688e+00 0.000000000000000000e+00
2.460000000000000000e+02 1.020764999999999922e+01 6.671660000000000146e+00 0.000000000000000000e+00
2.470000000000000000e+02 1.009861000000000075e+01 8.763780000000000570e+00 0.000000000000000000e+00
2.480000000000000000e+02 1.007230999999999987e+01 1.084210999999999991e+01 0.000000000000000000e+00
2.490000000000000000e+02 1.016602999999999923e+01 1.298761000000000010e+01 0.000000000000000000e+00
2.500000000000000000e+02 1.039936999999999934e+01 1.535265000000000057e+01 0.000000000000000000e+00
2.510000000000000000e+02 6.523049999999999571e+00 1.917313000000000045e+01 0.000000000000000000e+00
2.520000000000000000e+02 1.119660000000000011e+01 -1.608211000000000013e+01 0.000000000000000000e+00
2.530000000000000000e+02 1.122666000000000075e+01 -1.393309999999999960e+01 0.000000000000000000e+00
2.540000000000000000e+02 1.156042000000000058e+01 -1.183310999999999957e+01 0.000000000000000000e+00
2.550000000000000000e+02 1.152216999999999913e+01 -9.592499999999999361e+00 0.000000000000000000e+00
2.560000000000000000e+02 1.169796000000000014e+01 -7.496640000000000192e+00 0.000000000000000000e+00
2.570000000000000000e+02 1.187612000000000023e+01 -5.319009999999999572e+00 0.000000000000000000e+00
2.580000000000000000e+02 1.176741999999999955e+01 -3.164350000000000218e+00 0.000000000000000000e+00
2.590000000000000000e+02 1.187201999999999913e+01 -1.054459999999999953e+00 0.000000000000000000e+00
2.600000000000000000e+02 1.196461000000000041e+01 1.327129999999999921e+00 0.000000000000000000e+00
2.610000000000000000e+02 1.394180000000000064e+01 2.246770000000000156e+00 0.000000000000000000e+00
2.620000000000000000e+02 1.563048000000000037e+01 3.498600000000000154e+00 0.000000000000000000e+00
2.630000000000000000e+02 1.380288000000000004e+01 4.445730000000000182e+00 0.000000000000000000e+00
2.640000000000000000e+02 1.382920999999999978e+01 6.630259999999999820e+00 0.000000000000000000e+00
2.650000000000000000e+02 1.207848000000000077e+01 7.746769999999999712e+00 0.000000000000000000e+00
2.660000000000000000e+02 1.188953000000000060e+01 9.818799999999999528e+00 0.000000000000000000e+00
2.670000000000000000e+02 1.193594000000000044e+01 1.189761999999999986e+01 0.000000000000000000e+00
2.680000000000000000e+02 1.213240000000000052e+01 1.403763999999999967e+01 0.000000000000000000e+00
2.690000000000000000e+02 8.273250000000000881e+00 1.807337000000000060e+01 0.000000000000000000e+00
2.700000000000000000e+02 1.308952999999999989e+01 -1.507808999999999955e+01 0.000000000000000000e+00
2.710000000000000000e+02 1.336988999999999983e+01 -1.300943999999999967e+01 0.000000000000000000e+00
2.720000000000000000e+02 1.335610999999999926e+01 -1.077487999999999957e+01 0.000000000000000000e+00
2.730000000000000000e+02 1.342121000000000031e+01 -8.688719999999999999e+00 0.000000000000000000e+00
2.740000000000000000e+02 1.358655000000000079e+01 -6.598819999999999908e+00 0.000000000000000000e+00
2.750000000000000000e+02 1.535219999999999985e+01 -5.441600000000000215e+00 0.000000000000000000e+00
2.760000000000000000e+02 1.365215000000000067e+01 -4.261910000000000309e+00 0.000000000000000000e+00
2.770000000000000000e+02 1.364827999999999975e+01 -2.129350000000000076e+00 0.000000000000000000e+00
2.780000000000000000e+02 1.376655000000000051e+01 -4.284999999999999920e-02 0.000000000000000000e+00
2.790000000000000000e+02 1.557504999999999917e+01 9.880499999999999838e-01 0.000000000000000000e+00
2.800000000000000000e+02 1.727128000000000085e+01 2.264679999999999804e+00 0.000000000000000000e+00
2.810000000000000000e+02 1.581930000000000014e+01 5.547310000000000407e+00 0.000000000000000000e+00
2.820000000000000000e+02 1.665737999999999985e+01 7.584830000000000183e+00 0.000000000000000000e+00
2.830000000000000000e+02 1.452654000000000067e+01 8.641870000000000829e+00 0.000000000000000000e+00
2.840000000000000000e+02 1.605207000000000050e+01 1.009592999999999918e+01 0.000000000000000000e+00
2.850000000000000000e+02 1.786072000000000060e+01 4.348989999999999689e+00 0.000000000000000000e+00
2.860000000000000000e+02 1.381558000000000064e+01 1.063277000000000072e+01 0.000000000000000000e+00
2.870000000000000000e+02 1.384286999999999956e+01 1.283126000000000033e+01 0.000000000000000000e+00
2.880000000000000000e+02 1.503049000000000035e+01 -1.431292000000000009e+01 0.000000000000000000e+00
2.890000000000000000e+02 1.532676999999999978e+01 -1.220612000000000030e+01 0.000000000000000000e+00
2.900000000000000000e+02 1.537711999999999968e+01 -9.986399999999999721e+00 0.000000000000000000e+00
2.910000000000000000e+02 1.726405000000000101e+01 -6.915580000000000283e+00 0.000000000000000000e+00
2.920000000000000000e+02 1.535228999999999999e+01 -7.753309999999999924e+00 0.000000000000000000e+00
2.930000000000000000e+02 1.725891999999999982e+01 -4.500230000000000175e+00 0.000000000000000000e+00
2.940000000000000000e+02 1.553730000000000011e+01 -3.337629999999999875e+00 0.000000000000000000e+00
2.950000000000000000e+02 1.551373000000000069e+01 -1.171620000000000106e+00 0.000000000000000000e+00
2.960000000000000000e+02 1.749481000000000108e+01 1.485799999999999899e-01 0.000000000000000000e+00
2.970000000000000000e+02 1.733108999999999966e+01 -2.203590000000000160e+00 0.000000000000000000e+00
2.980000000000000000e+02 1.926159000000000177e+01 -3.121849999999999792e+00 0.000000000000000000e+00
2.990000000000000000e+02 1.930180000000000007e+01 1.442730000000000068e+00 0.000000000000000000e+00
