0.000000000000000000e+00 -1.535881999999999969e+01 -1.534978000000000087e+01 0.000000000000000000e+00
1.000000000000000000e+00 -1.598551999999999929e+01 -1.334074999999999989e+01 0.000000000000000000e+00
2.000000000000000000e+00 -1.642566000000000059e+01 -1.122353000000000023e+01 0.000000000000000000e+00
3.000000000000000000e+00 -1.760803999999999903e+01 -9.083320000000000505e+00 0.000000000000000000e+00
4.000000000000000000e+00 -1.834281999999999968e+01 -7.148640000000000327e+00 0.000000000000000000e+00
5.000000000000000000e+00 -2.022601999999999833e+01 -6.206170000000000186e+00 0.000000000000000000e+00
6.000000000000000000e+00 -1.829701999999999984e+01 -4.049290000000000056e+00 0.000000000000000000e+00
7.000000000000000000e+00 -1.979983000000000004e+01 -2.511760000000000215e+00 0.000000000000000000e+00
8.000000000000000000e+00 -1.792509000000000086e+01 -1.622349999999999959e+00 0.000000000000000000e+00
9.000000000000000000e+00 -1.803668000000000049e+01 6.476499999999999480e-01 0.000000000000000000e+00
1.000000000000000000e+01 -1.957564999999999955e+01 2.624190000000000023e+00 0.000000000000000000e+00
1.100000000000000000e+01 -1.835982999999999876e+01 4.420759999999999579e+00 0.000000000000000000e+00
1.200000000000000000e+01 -1.739491999999999905e+01 6.446399999999999686e+00 0.000000000000000000e+00
1.300000000000000000e+01 -1.898307000000000144e+01 8.019090000000000273e+00 0.000000000000000000e+00
1.400000000000000000e+01 -1.667530999999999963e+01 8.383589999999999876e+00 0.000000000000000000e+00
1.500000000000000000e+01 -1.769354999999999833e+01 1.144569000000000081e+01 0.000000000000000000e+00
1.600000000000000000e+01 -1.701838000000000051e+01 1.342430000000000057e+01 0.000000000000000000e+00
1.700000000000000000e+01 -1.600327000000000055e+01 1.524967999999999968e+01 0.000000000000000000e+00
1.800000000000000000e+01 -1.338297999999999988e+01 -1.595604999999999940e+01 0.000000000000000000e+00
1.900000000000000000e+01 -1.390423000000000009e+01 -1.380747999999999998e+01 0.000000000000000000e+00
2.000000000000000000e+01 -1.434731000000000023e+01 -1.178124000000000038e+01 0.000000000000000000e+00
2.100000000000000000e+01 -1.542193999999999932e+01 -9.367409999999999570e+00 0.000000000000000000e+00
2.200000000000000000e+01 -1.623716999999999899e+01 -7.426800000000000068e+00 0.000000000000000000e+00
2.300000000000000000e+01 -1.674289999999999878e+01 -5.419190000000000396e+00 0.000000000000000000e+00
2.400000000000000000e+01 -1.486397999999999975e+01 -4.529670000000000307e+00 0.000000000000000000e+00
2.500000000000000000e+01 -1.638160999999999845e+01 -3.107559999999999878e+00 0.000000000000000000e+00
2.600000000000000000e+01 -1.592268999999999934e+01 -1.056249999999999911e+00 0.000000000000000000e+00
2.700000000000000000e+01 -1.582295000000000051e+01 1.046289999999999942e+00 0.000000000000000000e+00
2.800000000000000000e+01 -1.707775000000000176e+01 2.689550000000000107e+00 0.000000000000000000e+00
2.900000000000000000e+01 -1.623498000000000019e+01 4.694460000000000299e+00 0.000000000000000000e+00
3.000000000000000000e+01 -1.521507000000000076e+01 6.594359999999999999e+00 0.000000000000000000e+00
3.100000000000000000e+01 -1.432164999999999999e+01 8.586109999999999687e+00 0.000000000000000000e+00
3.200000000000000000e+01 -1.572911999999999999e+01 1.027105000000000068e+01 0.000000000000000000e+00
3.300000000000000000e+01 -1.505320000000000036e+01 1.220747000000000071e+01 0.000000000000000000e+00
3.400000000000000000e+01 -1.426088999999999984e+01 1.412348000000000070e+01 0.000000000000000000e+00
3.500000000000000000e+01 -1.419876000000000005e+01 1.630658999999999992e+01 0.000000000000000000e+00
3.600000000000000000e+01 -1.135654000000000075e+01 -1.648932999999999893e+01 0.000000000000000000e+00
3.700000000000000000e+01 -1.184920999999999935e+01 -1.448352000000000039e+01 0.000000000000000000e+00
3.800000000000000000e+01 -1.231800999999999924e+01 -1.246663999999999994e+01 0.000000000000000000e+00
3.900000000000000000e+01 -1.268233999999999995e+01 -1.038301000000000052e+01 0.000000000000000000e+00
4.000000000000000000e+01 -1.342797999999999981e+01 -8.444779999999999731e+00 0.000000000000000000e+00
4.100000000000000000e+01 -1.422207000000000043e+01 -6.484309999999999796e+00 0.000000000000000000e+00
4.200000000000000000e+01 -1.280582000000000065e+01 -4.824950000000000294e+00 0.000000000000000000e+00
4.300000000000000000e+01 -1.440174000000000021e+01 -2.511810000000000098e+00 0.000000000000000000e+00
4.400000000000000000e+01 -1.313795999999999964e+01 -7.377599999999999714e-01 0.000000000000000000e+00
4.500000000000000000e+01 -1.373315000000000019e+01 1.262250000000000094e+00 0.000000000000000000e+00
4.600000000000000000e+01 -1.473873000000000033e+01 3.120769999999999822e+00 0.000000000000000000e+00
4.700000000000000000e+01 -1.367918000000000056e+01 4.965440000000000076e+00 0.000000000000000000e+00
4.800000000000000000e+01 -1.306983999999999924e+01 6.950479999999999769e+00 0.000000000000000000e+00
4.900000000000000000e+01 -1.220495000000000019e+01 8.830989999999999895e+00 0.000000000000000000e+00
5.000000000000000000e+01 -1.353805000000000014e+01 1.050667999999999935e+01 0.000000000000000000e+00
5.100000000000000000e+01 -1.296195999999999948e+01 1.251506999999999969e+01 0.000000000000000000e+00
5.200000000000000000e+01 -1.221399000000000079e+01 1.466642000000000046e+01 0.000000000000000000e+00
5.300000000000000000e+01 -1.205755000000000088e+01 1.674472000000000094e+01 0.000000000000000000e+00
5.400000000000000000e+01 -9.333589999999999165e+00 -1.702537999999999840e+01 0.000000000000000000e+00
5.500000000000000000e+01 -9.814479999999999649e+00 -1.489601000000000042e+01 0.000000000000000000e+00
5.600000000000000000e+01 -1.020628999999999920e+01 -1.280959999999999965e+01 0.000000000000000000e+00
5.700000000000000000e+01 -1.051819000000000059e+01 -1.063277000000000072e+01 0.000000000000000000e+00
5.800000000000000000e+01 -1.126820000000000022e+01 -8.669959999999999667e+00 0.000000000000000000e+00
5.900000000000000000e+01 -1.216594000000000086e+01 -6.805329999999999657e+00 0.000000000000000000e+00
6.000000000000000000e+01 -1.066651000000000060e+01 -5.292360000000000397e+00 0.000000000000000000e+00
6.100000000000000000e+01 -1.227741999999999933e+01 -2.736040000000000028e+00 0.000000000000000000e+00
6.200000000000000000e+01 -1.102325000000000088e+01 -1.051369999999999916e+00 0.000000000000000000e+00
6.300000000000000000e+01 -1.153328999999999915e+01 1.095590000000000064e+00 0.000000000000000000e+00
6.400000000000000000e+01 -1.256282000000000032e+01 3.029290000000000038e+00 0.000000000000000000e+00
6.500000000000000000e+01 -1.163552999999999926e+01 5.310640000000000249e+00 0.000000000000000000e+00
6.600000000000000000e+01 -1.084520000000000017e+01 7.221400000000000041e+00 0.000000000000000000e+00
6.700000000000000000e+01 -1.014364999999999917e+01 9.237800000000000011e+00 0.000000000000000000e+00
6.800000000000000000e+01 -1.151920999999999928e+01 1.096549000000000085e+01 0.000000000000000000e+00
6.900000000000000000e+01 -1.069833000000000034e+01 1.304167999999999950e+01 0.000000000000000000e+00
7.000000000000000000e+01 -1.012597000000000058e+01 1.504761000000000060e+01 0.000000000000000000e+00
7.100000000000000000e+01 -9.919959999999999667e+00 1.719665000000000177e+01 0.000000000000000000e+00
7.200000000000000000e+01 -7.587740000000000151e+00 -1.828247999999999962e+01 0.000000000000000000e+00
7.300000000000000000e+01 -7.783489999999999576e+00 -1.560641999999999996e+01 0.000000000000000000e+00
7.400000000000000000e+01 -8.218019999999999214e+00 -1.340315000000000012e+01 0.000000000000000000e+00
7.500000000000000000e+01 -8.508050000000000779e+00 -1.126200000000000045e+01 0.000000000000000000e+00
7.600000000000000000e+01 -8.997799999999999798e+00 -9.196640000000000370e+00 0.000000000000000000e+00
7.700000000000000000e+01 -9.656589999999999563e+00 -7.105150000000000077e+00 0.000000000000000000e+00
7.800000000000000000e+01 -8.688309999999999533e+00 -4.419940000000000424e+00 0.000000000000000000e+00
7.900000000000000000e+01 -1.021385000000000076e+01 -2.957520000000000149e+00 0.000000000000000000e+00
8.000000000000000000e+01 -8.817199999999999704e+00 -3.012799999999999923e-01 0.000000000000000000e+00
8.100000000000000000e+01 -9.508399999999999963e+00 1.639070000000000027e+00 0.000000000000000000e+00
8.200000000000000000e+01 -1.051435000000000031e+01 3.483389999999999986e+00 0.000000000000000000e+00
8.300000000000000000e+01 -9.425259999999999749e+00 5.548869999999999969e+00 0.000000000000000000e+00
8.400000000000000000e+01 -8.619749999999999801e+00 7.655579999999999607e+00 0.000000000000000000e+00
8.500000000000000000e+01 -8.105740000000000833e+00 9.745680000000000121e+00 0.000000000000000000e+00
8.600000000000000000e+01 -9.387330000000000396e+00 1.142301999999999929e+01 0.000000000000000000e+00
8.700000000000000000e+01 -8.672409999999999286e+00 1.342279000000000089e+01 0.000000000000000000e+00
8.800000000000000000e+01 -8.156760000000000232e+00 1.571100999999999992e+01 0.000000000000000000e+00
8.900000000000000000e+01 -8.088580000000000325e+00 1.840489000000000175e+01 0.000000000000000000e+00
9.000000000000000000e+01 -5.592719999999999914e+00 -1.900453999999999866e+01 0.000000000000000000e+00
9.100000000000000000e+01 -5.964629999999999654e+00 -1.663391000000000020e+01 0.000000000000000000e+00
9.200000000000000000e+01 -6.233100000000000307e+00 -1.416033999999999970e+01 0.000000000000000000e+00
9.300000000000000000e+01 -6.565129999999999910e+00 -1.209473999999999982e+01 0.000000000000000000e+00
9.400000000000000000e+01 -6.842530000000000001e+00 -1.003593000000000046e+01 0.000000000000000000e+00
9.500000000000000000e+01 -7.386860000000000426e+00 -7.897140000000000271e+00 0.000000000000000000e+00
9.600000000000000000e+01 -7.155280000000000307e+00 -5.844100000000000072e+00 0.000000000000000000e+00
9.700000000000000000e+01 -8.197620000000000573e+00 -2.310709999999999820e+00 0.000000000000000000e+00
9.800000000000000000e+01 -6.800449999999999662e+00 -7.864100000000000534e-01 0.000000000000000000e+00
9.900000000000000000e+01 -7.365599999999999703e+00 1.616740000000000066e+00 0.000000000000000000e+00
1.000000000000000000e+02 -8.429059999999999775e+00 3.586090000000000000e+00 0.000000000000000000e+00
1.010000000000000000e+02 -6.422649999999999970e+00 4.090900000000000425e+00 0.000000000000000000e+00
1.020000000000000000e+02 -7.241749999999999687e+00 6.025350000000000428e+00 0.000000000000000000e+00
1.030000000000000000e+02 -5.981460000000000221e+00 1.000107999999999997e+01 0.000000000000000000e+00
1.040000000000000000e+02 -7.280820000000000292e+00 1.165358999999999945e+01 0.000000000000000000e+00
1.050000000000000000e+02 -6.633650000000000269e+00 1.417712000000000039e+01 0.000000000000000000e+00
1.060000000000000000e+02 -6.461870000000000225e+00 1.695248000000000133e+01 0.000000000000000000e+00
1.070000000000000000e+02 -6.229330000000000034e+00 1.933445000000000036e+01 0.000000000000000000e+00
1.080000000000000000e+02 -3.927239999999999842e+00 -1.744519000000000020e+01 0.000000000000000000e+00
1.090000000000000000e+02 -4.306390000000000384e+00 -1.535111000000000026e+01 0.000000000000000000e+00
1.100000000000000000e+02 -4.322960000000000136e+00 -1.318558999999999948e+01 0.000000000000000000e+00
1.110000000000000000e+02 -4.721930000000000405e+00 -1.115695000000000014e+01 0.000000000000000000e+00
1.120000000000000000e+02 -4.773979999999999890e+00 -9.039279999999999760e+00 0.000000000000000000e+00
1.130000000000000000e+02 -5.468189999999999884e+00 -7.099829999999999863e+00 0.000000000000000000e+00
1.140000000000000000e+02 -5.171909999999999563e+00 -5.057680000000000398e+00 0.000000000000000000e+00
1.150000000000000000e+02 -6.170440000000000147e+00 -3.105900000000000105e+00 0.000000000000000000e+00
1.160000000000000000e+02 -4.818310000000000315e+00 -1.361650000000000027e+00 0.000000000000000000e+00
1.170000000000000000e+02 -5.407750000000000057e+00 8.161100000000000021e-01 0.000000000000000000e+00
1.180000000000000000e+02 -4.774899999999999700e+00 2.783520000000000216e+00 0.000000000000000000e+00
1.190000000000000000e+02 -4.992280000000000051e+00 5.713669999999999582e+00 0.000000000000000000e+00
1.200000000000000000e+02 -6.321920000000000428e+00 7.933830000000000382e+00 0.000000000000000000e+00
1.210000000000000000e+02 -3.924459999999999837e+00 9.617810000000000414e+00 0.000000000000000000e+00
1.220000000000000000e+02 -5.250569999999999737e+00 1.195761000000000074e+01 0.000000000000000000e+00
1.230000000000000000e+02 -4.357350000000000279e+00 1.382365000000000066e+01 0.000000000000000000e+00
1.240000000000000000e+02 -4.647730000000000139e+00 1.587810999999999950e+01 0.000000000000000000e+00
1.250000000000000000e+02 -4.381850000000000023e+00 1.795834999999999937e+01 0.000000000000000000e+00
1.260000000000000000e+02 -3.191840000000000011e+00 -1.943184000000000111e+01 0.000000000000000000e+00
1.270000000000000000e+02 -2.159539999999999793e+00 -1.639997999999999934e+01 0.000000000000000000e+00
1.280000000000000000e+02 -2.528630000000000155e+00 -1.427338999999999913e+01 0.000000000000000000e+00
1.290000000000000000e+02 -2.664550000000000196e+00 -1.157905000000000051e+01 0.000000000000000000e+00
1.300000000000000000e+02 -2.753460000000000019e+00 -8.438710000000000377e+00 0.000000000000000000e+00
1.310000000000000000e+02 -3.488570000000000171e+00 -6.506240000000000023e+00 0.000000000000000000e+00
1.320000000000000000e+02 -2.219409999999999883e+00 -4.828050000000000175e+00 0.000000000000000000e+00
1.330000000000000000e+02 -3.884030000000000094e+00 -3.295659999999999812e+00 0.000000000000000000e+00
1.340000000000000000e+02 -2.749289999999999790e+00 -1.564969999999999972e+00 0.000000000000000000e+00
1.350000000000000000e+02 -3.396100000000000119e+00 4.065900000000000070e-01 0.000000000000000000e+00
1.360000000000000000e+02 -2.738269999999999982e+00 2.458870000000000111e+00 0.000000000000000000e+00
1.370000000000000000e+02 -3.163949999999999818e+00 4.606880000000000308e+00 0.000000000000000000e+00
1.380000000000000000e+02 -3.808050000000000157e+00 7.439449999999999896e+00 0.000000000000000000e+00
1.390000000000000000e+02 -1.913540000000000019e+00 1.028846000000000060e+01 0.000000000000000000e+00
1.400000000000000000e+02 -2.882579999999999920e+00 1.227965999999999980e+01 0.000000000000000000e+00
1.410000000000000000e+02 -2.330729999999999968e+00 1.442234000000000016e+01 0.000000000000000000e+00
1.420000000000000000e+02 -2.673449999999999882e+00 1.663564999999999827e+01 0.000000000000000000e+00
1.430000000000000000e+02 -2.290519999999999889e+00 1.875272000000000006e+01 0.000000000000000000e+00
1.440000000000000000e+02 -7.535699999999999621e-01 -1.829344000000000037e+01 0.000000000000000000e+00
1.450000000000000000e+02 -2.942000000000000171e-02 -1.603068999999999988e+01 0.000000000000000000e+00
1.460000000000000000e+02 -4.485899999999999888e-01 -1.400497000000000014e+01 0.000000000000000000e+00
1.470000000000000000e+02 -6.349799999999999889e-01 -1.189921999999999969e+01 0.000000000000000000e+00
1.480000000000000000e+02 -1.362510000000000110e+00 -9.963250000000000384e+00 0.000000000000000000e+00
1.490000000000000000e+02 -1.482999999999999943e-02 -8.414170000000000371e+00 0.000000000000000000e+00
1.500000000000000000e+02 -1.250860000000000083e+00 -6.712430000000000341e+00 0.000000000000000000e+00
1.510000000000000000e+02 -1.121119999999999894e+00 -2.902859999999999996e+00 0.000000000000000000e+00
1.520000000000000000e+02 -6.524699999999999944e-01 -7.848300000000000276e-01 0.000000000000000000e+00
1.530000000000000000e+02 -8.585700000000000554e-01 1.329739999999999922e+00 0.000000000000000000e+00
1.540000000000000000e+02 -1.209829999999999961e+00 3.907150000000000123e+00 0.000000000000000000e+00
1.550000000000000000e+02 -1.011200000000000099e+00 5.979350000000000165e+00 0.000000000000000000e+00
1.560000000000000000e+02 -1.753270000000000106e+00 8.126979999999999649e+00 0.000000000000000000e+00
1.570000000000000000e+02 9.155000000000000637e-02 9.709550000000000125e+00 0.000000000000000000e+00
1.580000000000000000e+02 -4.458099999999999841e-01 1.176221999999999923e+01 0.000000000000000000e+00
1.590000000000000000e+02 -2.955499999999999794e-01 1.381798000000000037e+01 0.000000000000000000e+00
1.600000000000000000e+02 -6.826400000000000245e-01 1.584872999999999976e+01 0.000000000000000000e+00
1.610000000000000000e+02 2.397799999999999931e-01 1.786144000000000176e+01 0.000000000000000000e+00
1.620000000000000000e+02 -3.917399999999999771e-01 -2.045477999999999952e+01 0.000000000000000000e+00
1.630000000000000000e+02 1.450809999999999933e+00 -1.762105000000000032e+01 0.000000000000000000e+00
1.640000000000000000e+02 1.702309999999999990e+00 -1.450938999999999979e+01 0.000000000000000000e+00
1.650000000000000000e+02 1.380679999999999907e+00 -1.239040999999999926e+01 0.000000000000000000e+00
1.660000000000000000e+02 8.151699999999999502e-01 -1.036294999999999966e+01 0.000000000000000000e+00
1.670000000000000000e+02 1.390949999999999909e+00 -6.807649999999999757e+00 0.000000000000000000e+00
1.680000000000000000e+02 -1.206900000000000056e-01 -4.710390000000000299e+00 0.000000000000000000e+00
1.690000000000000000e+02 1.090400000000000036e+00 -2.953699999999999992e+00 0.000000000000000000e+00
1.700000000000000000e+02 1.750259999999999927e+00 -1.001440000000000108e+00 0.000000000000000000e+00
1.710000000000000000e+02 2.042279999999999873e+00 1.115420000000000078e+00 0.000000000000000000e+00
1.720000000000000000e+02 6.786499999999999755e-01 2.786169999999999813e+00 0.000000000000000000e+00
1.730000000000000000e+02 1.167810000000000015e+00 5.176700000000000301e+00 0.000000000000000000e+00
1.740000000000000000e+02 4.088200000000000167e-01 7.567599999999999660e+00 0.000000000000000000e+00
1.750000000000000000e+02 2.012210000000000054e+00 8.938769999999999882e+00 0.000000000000000000e+00
1.760000000000000000e+02 1.621620000000000061e+00 1.109486000000000061e+01 0.000000000000000000e+00
1.770000000000000000e+02 1.703230000000000022e+00 1.317697000000000074e+01 0.000000000000000000e+00
1.780000000000000000e+02 1.314640000000000031e+00 1.520040000000000013e+01 0.000000000000000000e+00
1.790000000000000000e+02 1.821800000000000086e+00 1.928930000000000078e+01 0.000000000000000000e+00
1.800000000000000000e+02 2.986709999999999976e+00 -1.928513999999999839e+01 0.000000000000000000e+00
1.810000000000000000e+02 3.055489999999999817e+00 -1.615942000000000078e+01 0.000000000000000000e+00
1.820000000000000000e+02 3.324770000000000003e+00 -1.319556000000000040e+01 0.000000000000000000e+00
1.830000000000000000e+02 2.982549999999999812e+00 -1.086011000000000060e+01 0.000000000000000000e+00
1.840000000000000000e+02 2.194240000000000190e+00 -8.755530000000000257e+00 0.000000000000000000e+00
1.850000000000000000e+02 3.607429999999999914e+00 -6.403019999999999712e+00 0.000000000000000000e+00
1.860000000000000000e+02 2.177989999999999871e+00 -4.826349999999999696e+00 0.000000000000000000e+00
1.870000000000000000e+02 3.221359999999999779e+00 -3.010479999999999823e+00 0.000000000000000000e+00
1.880000000000000000e+02 3.948319999999999830e+00 -8.696099999999999941e-01 0.000000000000000000e+00
1.890000000000000000e+02 4.452510000000000190e+00 1.314189999999999969e+00 0.000000000000000000e+00
1.900000000000000000e+02 2.711269999999999847e+00 3.152870000000000061e+00 0.000000000000000000e+00
1.910000000000000000e+02 3.558510000000000062e+00 5.079390000000000072e+00 0.000000000000000000e+00
1.920000000000000000e+02 2.430849999999999955e+00 6.899269999999999570e+00 0.000000000000000000e+00
1.930000000000000000e+02 4.059000000000000163e+00 8.237130000000000507e+00 0.000000000000000000e+00
1.940000000000000000e+02 3.598259999999999792e+00 1.035051999999999950e+01 0.000000000000000000e+00
1.950000000000000000e+02 3.665000000000000036e+00 1.248319000000000045e+01 0.000000000000000000e+00
1.960000000000000000e+02 3.315879999999999939e+00 1.460600999999999949e+01 0.000000000000000000e+00
1.970000000000000000e+02 2.712250000000000050e+00 1.702071000000000112e+01 0.000000000000000000e+00
1.980000000000000000e+02 4.482639999999999958e+00 -1.774665999999999855e+01 0.000000000000000000e+00
1.990000000000000000e+02 4.830280000000000129e+00 -1.480579999999999963e+01 0.000000000000000000e+00
2.000000000000000000e+02 5.377430000000000376e+00 -1.277848999999999968e+01 0.000000000000000000e+00
2.010000000000000000e+02 5.079329999999999679e+00 -1.069388999999999967e+01 0.000000000000000000e+00
2.020000000000000000e+02 4.273170000000000357e+00 -8.649900000000000588e+00 0.000000000000000000e+00
2.030000000000000000e+02 5.677800000000000402e+00 -6.970729999999999649e+00 0.000000000000000000e+00
2.040000000000000000e+02 5.071900000000000297e+00 -4.787209999999999965e+00 0.000000000000000000e+00
2.050000000000000000e+02 5.256149999999999878e+00 -2.534699999999999953e+00 0.000000000000000000e+00
2.060000000000000000e+02 5.923510000000000275e+00 -1.337399999999999978e-01 0.000000000000000000e+00
2.070000000000000000e+02 6.557979999999999698e+00 2.019839999999999858e+00 0.000000000000000000e+00
2.080000000000000000e+02 4.872810000000000308e+00 3.416319999999999801e+00 0.000000000000000000e+00
2.090000000000000000e+02 6.425360000000000404e+00 4.810030000000000250e+00 0.000000000000000000e+00
2.100000000000000000e+02 5.249200000000000088e+00 6.525409999999999933e+00 0.000000000000000000e+00
2.110000000000000000e+02 5.611609999999999765e+00 9.642540000000000333e+00 0.000000000000000000e+00
2.120000000000000000e+02 5.574340000000000295e+00 1.172015000000000029e+01 0.000000000000000000e+00
2.130000000000000000e+02 5.386580000000000368e+00 1.384293000000000085e+01 0.000000000000000000e+00
2.140000000000000000e+02 4.808329999999999771e+00 1.614316000000000173e+01 0.000000000000000000e+00
2.150000000000000000e+02 3.985640000000000072e+00 1.880339000000000027e+01 0.000000000000000000e+00
2.160000000000000000e+02 6.100950000000000095e+00 -1.912336000000000169e+01 0.000000000000000000e+00
2.170000000000000000e+02 6.282409999999999606e+00 -1.643845999999999918e+01 0.000000000000000000e+00
2.180000000000000000e+02 6.890780000000000349e+00 -1.427863999999999933e+01 0.000000000000000000e+00
2.190000000000000000e+02 7.412189999999999834e+00 -1.227641999999999989e+01 0.000000000000000000e+00
2.200000000000000000e+02 6.298499999999999766e+00 -9.016149999999999665e+00 0.000000000000000000e+00
2.210000000000000000e+02 8.186040000000000205e+00 -8.069679999999999964e+00 0.000000000000000000e+00
2.220000000000000000e+02 7.595780000000000420e+00 -6.089319999999999844e+00 0.000000000000000000e+00
2.230000000000000000e+02 7.012789999999999857e+00 -4.099599999999999689e+00 0.000000000000000000e+00
2.240000000000000000e+02 7.295759999999999579e+00 -1.729090000000000016e+00 0.000000000000000000e+00
2.250000000000000000e+02 8.087989999999999569e+00 5.745999999999999996e-01 0.000000000000000000e+00
2.260000000000000000e+02 8.229979999999999407e+00 3.258109999999999840e+00 0.000000000000000000e+00
2.270000000000000000e+02 8.888009999999999522e+00 5.271899999999999586e+00 0.000000000000000000e+00
2.280000000000000000e+02 7.306659999999999933e+00 6.711719999999999686e+00 0.000000000000000000e+00
2.290000000000000000e+02 7.632150000000000212e+00 8.766719999999999402e+00 0.000000000000000000e+00
2.300000000000000000e+02 7.457989999999999675e+00 1.082516999999999996e+01 0.000000000000000000e+00
2.310000000000000000e+02 7.387240000000000251e+00 1.332315999999999967e+01 0.000000000000000000e+00
2.320000000000000000e+02 6.860979999999999634e+00 1.533449000000000062e+01 0.000000000000000000e+00
2.330000000000000000e+02 6.059510000000000396e+00 1.778161000000000058e+01 0.000000000000000000e+00
2.340000000000000000e+02 8.013859999999999317e+00 -1.782244000000000028e+01 0.000000000000000000e+00
2.350000000000000000e+02 8.434480000000000643e+00 -1.573967000000000027e+01 0.000000000000000000e+00
2.360000000000000000e+02 9.018779999999999575e+00 -1.368994000000000000e+01 0.000000000000000000e+00
2.370000000000000000e+02 9.608510000000000773e+00 -1.159472000000000058e+01 0.000000000000000000e+00
2.380000000000000000e+02 8.087930000000000064e+00 -1.016759000000000057e+01 0.000000000000000000e+00
2.390000000000000000e+02 1.008352999999999966e+01 -7.249939999999999607e+00 0.000000000000000000e+00
2.400000000000000000e+02 9.494699999999999918e+00 -5.246279999999999610e+00 0.000000000000000000e+00
2.410000000000000000e+02 9.226520000000000721e+00 -3.107279999999999820e+00 0.000000000000000000e+00
2.420000000000000000e+02 9.450910000000000366e+00 -1.036629999999999940e+00 0.000000000000000000e+00
2.430000000000000000e+02 1.013432000000000066e+01 9.489600000000000257e-01 0.000000000000000000e+00
2.440000000000000000e+02 1.035773000000000010e+01 3.732959999999999834e+00 0.000000000000000000e+00
2.450000000000000000e+02 1.090779000000000032e+01 5.845659999999999634e+00 0.000000000000000000e+00
2.460000000000000000e+02 9.370839999999999392e+00 7.337030000000000385e+00 0.000000000000000000e+00
2.470000000000000000e+02 9.689930000000000376e+00 9.444610000000000838e+00 0.000000000000000000e+00
2.480000000000000000e+02 9.439370000000000260e+00 1.150309000000000026e+01 0.000000000000000000e+00
2.490000000000000000e+02 9.491390000000000882e+00 1.363809000000000005e+01 0.000000000000000000e+00
2.500000000000000000e+02 8.965460000000000207e+00 1.565286000000000044e+01 0.000000000000000000e+00
2.510000000000000000e+02 8.241860000000000852e+00 1.773208999999999946e+01 0.000000000000000000e+00
2.520000000000000000e+02 1.011345999999999989e+01 -1.747792000000000101e+01 0.000000000000000000e+00
2.530000000000000000e+02 1.058661000000000030e+01 -1.529472999999999949e+01 0.000000000000000000e+00
2.540000000000000000e+02 1.125275000000000070e+01 -1.304003999999999941e+01 0.000000000000000000e+00
2.550000000000000000e+02 1.156555999999999962e+01 -1.094111000000000011e+01 0.000000000000000000e+00
2.560000000000000000e+02 1.000758000000000081e+01 -9.389639999999999986e+00 0.000000000000000000e+00
2.570000000000000000e+02 1.214414999999999978e+01 -6.830940000000000012e+00 0.000000000000000000e+00
2.580000000000000000e+02 1.171560000000000024e+01 -4.793790000000000440e+00 0.000000000000000000e+00
2.590000000000000000e+02 1.135699999999999932e+01 -2.631709999999999994e+00 0.000000000000000000e+00
2.600000000000000000e+02 1.162818000000000040e+01 -5.337300000000000377e-01 0.000000000000000000e+00
2.610000000000000000e+02 1.336795000000000044e+01 6.586400000000000032e-01 0.000000000000000000e+00
2.620000000000000000e+02 1.195895999999999937e+01 2.272009999999999863e+00 0.000000000000000000e+00
2.630000000000000000e+02 1.247649000000000008e+01 4.373800000000000132e+00 0.000000000000000000e+00
2.640000000000000000e+02 1.287851000000000035e+01 6.463280000000000136e+00 0.000000000000000000e+00
2.650000000000000000e+02 1.194059000000000026e+01 8.532320000000000348e+00 0.000000000000000000e+00
2.660000000000000000e+02 1.149299000000000071e+01 1.082776999999999923e+01 0.000000000000000000e+00
2.670000000000000000e+02 1.143660000000000032e+01 1.296496999999999922e+01 0.000000000000000000e+00
2.680000000000000000e+02 1.101248000000000005e+01 1.510183999999999926e+01 0.000000000000000000e+00
2.690000000000000000e+02 1.043482999999999983e+01 1.710919000000000167e+01 0.000000000000000000e+00
2.700000000000000000e+02 1.223431000000000068e+01 -1.666413999999999973e+01 0.000000000000000000e+00
2.710000000000000000e+02 1.273503000000000007e+01 -1.464058999999999955e+01 0.000000000000000000e+00
2.720000000000000000e+02 1.323333000000000048e+01 -1.240493999999999986e+01 0.000000000000000000e+00
2.730000000000000000e+02 1.370770000000000088e+01 -1.036251999999999995e+01 0.000000000000000000e+00
2.740000000000000000e+02 1.203581999999999930e+01 -8.903750000000000497e+00 0.000000000000000000e+00
2.750000000000000000e+02 1.390507999999999988e+01 -7.950380000000000003e+00 0.000000000000000000e+00
2.760000000000000000e+02 1.397023000000000081e+01 -5.867099999999999760e+00 0.000000000000000000e+00
2.770000000000000000e+02 1.333586000000000027e+01 -3.492910000000000181e+00 0.000000000000000000e+00
2.780000000000000000e+02 1.370911000000000080e+01 -1.428709999999999924e+00 0.000000000000000000e+00
2.790000000000000000e+02 1.553484000000000087e+01 1.317639999999999922e+00 0.000000000000000000e+00
2.800000000000000000e+02 1.397891000000000084e+01 2.709760000000000169e+00 0.000000000000000000e+00
2.810000000000000000e+02 1.454701999999999984e+01 4.735850000000000115e+00 0.000000000000000000e+00
2.820000000000000000e+02 1.560214999999999996e+01 6.702729999999999855e+00 0.000000000000000000e+00
2.830000000000000000e+02 1.414146999999999998e+01 8.167870000000000630e+00 0.000000000000000000e+00
2.840000000000000000e+02 1.346687999999999974e+01 1.016433999999999926e+01 0.000000000000000000e+00
2.850000000000000000e+02 1.406429999999999936e+01 1.232926999999999929e+01 0.000000000000000000e+00
2.860000000000000000e+02 1.303839999999999932e+01 1.425125000000000064e+01 0.000000000000000000e+00
2.870000000000000000e+02 1.250042000000000009e+01 1.659074999999999989e+01 0.000000000000000000e+00
2.880000000000000000e+02 1.481281000000000070e+01 -1.470458999999999961e+01 0.000000000000000000e+00
2.890000000000000000e+02 1.542528000000000077e+01 -1.265995999999999988e+01 0.000000000000000000e+00
2.900000000000000000e+02 1.685324999999999918e+01 -1.103508000000000067e+01 0.000000000000000000e+00
2.910000000000000000e+02 1.824199000000000126e+01 -9.269439999999999458e+00 0.000000000000000000e+00
2.920000000000000000e+02 1.554116999999999926e+01 -9.288999999999999702e+00 0.000000000000000000e+00
2.930000000000000000e+02 1.673225000000000051e+01 -7.382810000000000095e+00 0.000000000000000000e+00
2.940000000000000000e+02 1.603500000000000014e+01 -5.092979999999999841e+00 0.000000000000000000e+00
2.950000000000000000e+02 1.546974999999999945e+01 -3.068499999999999783e+00 0.000000000000000000e+00
2.960000000000000000e+02 1.571547999999999945e+01 -9.383099999999999774e-01 0.000000000000000000e+00
2.970000000000000000e+02 1.758566000000000074e+01 7.710999999999999799e-02 0.000000000000000000e+00
2.980000000000000000e+02 1.706023000000000067e+01 2.717569999999999819e+00 0.000000000000000000e+00
2.990000000000000000e+02 1.734851000000000099e+01 5.398570000000000313e+00 0.000000000000000000e+00
