0.000000000000000000e+00 -1.528462999999999994e+01 -1.574478000000000044e+01 0.000000000000000000e+00
1.000000000000000000e+00 -1.583965000000000067e+01 -1.363091000000000008e+01 0.000000000000000000e+00
2.000000000000000000e+00 -1.689205000000000112e+01 -1.184300999999999959e+01 0.000000000000000000e+00
3.000000000000000000e+00 -1.720516999999999896e+01 -9.759520000000000195e+00 0.000000000000000000e+00
4.000000000000000000e+00 -1.812180999999999997e+01 -7.879139999999999588e+00 0.000000000000000000e+00
5.000000000000000000e+00 -1.881690000000000040e+01 -5.489209999999999923e+00 0.000000000000000000e+00
6.000000000000000000e+00 -1.732958999999999961e+01 -4.054719999999999658e+00 0.000000000000000000e+00
7.000000000000000000e+00 -1.946170000000000044e+01 -3.042310000000000070e+00 0.000000000000000000e+00
8.000000000000000000e+00 -1.785126999999999953e+01 -1.717430000000000012e+00 0.000000000000000000e+00
9.000000000000000000e+00 -1.855947000000000102e+01 6.285500000000000531e-01 0.000000000000000000e+00
1.000000000000000000e+01 -1.984607000000000099e+01 2.417600000000000193e+00 0.000000000000000000e+00
1.100000000000000000e+01 -1.881608999999999909e+01 4.355100000000000193e+00 0.000000000000000000e+00
1.200000000000000000e+01 -1.776073999999999842e+01 6.331570000000000142e+00 0.000000000000000000e+00
1.300000000000000000e+01 -1.971974000000000160e+01 8.032769999999999300e+00 0.000000000000000000e+00
1.400000000000000000e+01 -1.700120000000000076e+01 8.405609999999999360e+00 0.000000000000000000e+00
1.500000000000000000e+01 -1.848557999999999879e+01 9.851879999999999526e+00 0.000000000000000000e+00
1.600000000000000000e+01 -1.734185000000000088e+01 1.316774000000000022e+01 0.000000000000000000e+00
1.700000000000000000e+01 -1.651616999999999891e+01 1.513973999999999975e+01 0.000000000000000000e+00
1.800000000000000000e+01 -1.328622999999999976e+01 -1.626592000000000127e+01 0.000000000000000000e+00
1.900000000000000000e+01 -1.380635000000000012e+01 -1.424043999999999954e+01 0.000000000000000000e+00
2.000000000000000000e+01 -1.431272000000000055e+01 -1.214555000000000007e+01 0.000000000000000000e+00
2.100000000000000000e+01 -1.493804000000000087e+01 -1.019051999999999936e+01 0.000000000000000000e+00
2.200000000000000000e+01 -1.576890999999999998e+01 -8.052110000000000767e+00 0.000000000000000000e+00
2.300000000000000000e+01 -1.686663000000000068e+01 -6.210650000000000226e+00 0.000000000000000000e+00
2.400000000000000000e+01 -1.528220999999999918e+01 -4.759459999999999802e+00 0.000000000000000000e+00
2.500000000000000000e+01 -1.565019000000000027e+01 -2.729999999999999982e+00 0.000000000000000000e+00
2.600000000000000000e+01 -1.511955999999999989e+01 -7.332999999999999519e-01 0.000000000000000000e+00
2.700000000000000000e+01 -1.646769000000000105e+01 8.964400000000000146e-01 0.000000000000000000e+00
2.800000000000000000e+01 -1.757091000000000136e+01 2.697999999999999954e+00 0.000000000000000000e+00
2.900000000000000000e+01 -1.664083000000000112e+01 4.606150000000000411e+00 0.000000000000000000e+00
3.000000000000000000e+01 -1.570325000000000060e+01 6.484519999999999840e+00 0.000000000000000000e+00
3.100000000000000000e+01 -1.494635000000000069e+01 8.626160000000000494e+00 0.000000000000000000e+00
3.200000000000000000e+01 -1.645618999999999943e+01 1.060657999999999923e+01 0.000000000000000000e+00
3.300000000000000000e+01 -1.527730000000000032e+01 1.237866999999999962e+01 0.000000000000000000e+00
3.400000000000000000e+01 -1.448745000000000083e+01 1.435891999999999946e+01 0.000000000000000000e+00
3.500000000000000000e+01 -1.359543999999999997e+01 1.623513000000000162e+01 0.000000000000000000e+00
3.600000000000000000e+01 -1.118629999999999924e+01 -1.672550999999999988e+01 0.000000000000000000e+00
3.700000000000000000e+01 -1.169644000000000084e+01 -1.471555000000000035e+01 0.000000000000000000e+00
3.800000000000000000e+01 -1.226796000000000042e+01 -1.257417000000000051e+01 0.000000000000000000e+00
3.900000000000000000e+01 -1.280377999999999972e+01 -1.048638000000000048e+01 0.000000000000000000e+00
4.000000000000000000e+01 -1.348967999999999989e+01 -8.542030000000000456e+00 0.000000000000000000e+00
4.100000000000000000e+01 -1.417586000000000013e+01 -6.595850000000000435e+00 0.000000000000000000e+00
4.200000000000000000e+01 -1.286719000000000079e+01 -4.950450000000000017e+00 0.000000000000000000e+00
4.300000000000000000e+01 -1.355752999999999986e+01 -3.013199999999999878e+00 0.000000000000000000e+00
4.400000000000000000e+01 -1.266759000000000057e+01 -1.118910000000000071e+00 0.000000000000000000e+00
4.500000000000000000e+01 -1.420054000000000016e+01 1.152369999999999894e+00 0.000000000000000000e+00
4.600000000000000000e+01 -1.535019999999999918e+01 2.878449999999999953e+00 0.000000000000000000e+00
4.700000000000000000e+01 -1.427852000000000032e+01 4.744500000000000384e+00 0.000000000000000000e+00
4.800000000000000000e+01 -1.353054999999999986e+01 6.828800000000000203e+00 0.000000000000000000e+00
4.900000000000000000e+01 -1.270829999999999949e+01 8.732749999999999346e+00 0.000000000000000000e+00
5.000000000000000000e+01 -1.412440999999999924e+01 1.058624999999999972e+01 0.000000000000000000e+00
5.100000000000000000e+01 -1.321645000000000003e+01 1.247320000000000029e+01 0.000000000000000000e+00
5.200000000000000000e+01 -1.238527999999999984e+01 1.451938999999999957e+01 0.000000000000000000e+00
5.300000000000000000e+01 -1.155870999999999960e+01 1.675409000000000148e+01 0.000000000000000000e+00
5.400000000000000000e+01 -9.462889999999999802e+00 -1.788953000000000060e+01 0.000000000000000000e+00
5.500000000000000000e+01 -9.687730000000000175e+00 -1.524211000000000027e+01 0.000000000000000000e+00
5.600000000000000000e+01 -1.021698999999999913e+01 -1.316018000000000043e+01 0.000000000000000000e+00
5.700000000000000000e+01 -1.077177999999999969e+01 -1.106212000000000018e+01 0.000000000000000000e+00
5.800000000000000000e+01 -1.113211000000000084e+01 -8.786469999999999558e+00 0.000000000000000000e+00
5.900000000000000000e+01 -1.203096999999999994e+01 -6.844750000000000334e+00 0.000000000000000000e+00
6.000000000000000000e+01 -1.073246999999999929e+01 -5.132119999999999571e+00 0.000000000000000000e+00
6.100000000000000000e+01 -1.146649999999999991e+01 -2.972290000000000099e+00 0.000000000000000000e+00
6.200000000000000000e+01 -1.062406000000000006e+01 -5.690899999999999848e-01 0.000000000000000000e+00
6.300000000000000000e+01 -1.210064000000000028e+01 1.102079999999999949e+00 0.000000000000000000e+00
6.400000000000000000e+01 -1.276898000000000089e+01 3.101010000000000044e+00 0.000000000000000000e+00
6.500000000000000000e+01 -1.226127999999999929e+01 5.176560000000000272e+00 0.000000000000000000e+00
6.600000000000000000e+01 -1.135732999999999926e+01 7.129620000000000068e+00 0.000000000000000000e+00
6.700000000000000000e+01 -1.064352000000000054e+01 9.124119999999999564e+00 0.000000000000000000e+00
6.800000000000000000e+01 -1.202425000000000033e+01 1.068544999999999945e+01 0.000000000000000000e+00
6.900000000000000000e+01 -1.114414000000000016e+01 1.287311000000000050e+01 0.000000000000000000e+00
7.000000000000000000e+01 -1.026041999999999987e+01 1.491797000000000040e+01 0.000000000000000000e+00
7.100000000000000000e+01 -9.302020000000000621e+00 1.680252000000000123e+01 0.000000000000000000e+00
7.200000000000000000e+01 -6.395360000000000156e+00 -1.830454999999999899e+01 0.000000000000000000e+00
7.300000000000000000e+01 -7.721350000000000158e+00 -1.605211999999999861e+01 0.000000000000000000e+00
7.400000000000000000e+01 -8.094070000000000320e+00 -1.366769999999999996e+01 0.000000000000000000e+00
7.500000000000000000e+01 -8.756360000000000809e+00 -1.165811000000000064e+01 0.000000000000000000e+00
7.600000000000000000e+01 -9.257419999999999760e+00 -9.643019999999999925e+00 0.000000000000000000e+00
7.700000000000000000e+01 -9.795349999999999113e+00 -7.212180000000000035e+00 0.000000000000000000e+00
7.800000000000000000e+01 -8.803739999999999455e+00 -4.409779999999999589e+00 0.000000000000000000e+00
7.900000000000000000e+01 -9.496190000000000353e+00 -2.395900000000000141e+00 0.000000000000000000e+00
8.000000000000000000e+01 -8.602550000000000807e+00 3.373999999999999916e-02 0.000000000000000000e+00
8.100000000000000000e+01 -1.008017000000000074e+01 1.541169999999999929e+00 0.000000000000000000e+00
8.200000000000000000e+01 -1.067820999999999998e+01 3.518909999999999982e+00 0.000000000000000000e+00
8.300000000000000000e+01 -8.539149999999999352e+00 4.048899999999999721e+00 0.000000000000000000e+00
8.400000000000000000e+01 -9.919409999999999172e+00 5.622539999999999871e+00 0.000000000000000000e+00
8.500000000000000000e+01 -8.482029999999999959e+00 9.437400000000000233e+00 0.000000000000000000e+00
8.600000000000000000e+01 -9.844699999999999562e+00 1.116895000000000060e+01 0.000000000000000000e+00
8.700000000000000000e+01 -8.938000000000000611e+00 1.307984000000000080e+01 0.000000000000000000e+00
8.800000000000000000e+01 -8.034269999999999357e+00 1.501838000000000051e+01 0.000000000000000000e+00
8.900000000000000000e+01 -7.645669999999999966e+00 1.804056999999999888e+01 0.000000000000000000e+00
9.000000000000000000e+01 -6.627539999999999765e+00 -2.051050000000000040e+01 0.000000000000000000e+00
9.100000000000000000e+01 -5.278030000000000221e+00 -1.646971999999999881e+01 0.000000000000000000e+00
9.200000000000000000e+01 -6.077280000000000015e+00 -1.439315999999999995e+01 0.000000000000000000e+00
9.300000000000000000e+01 -6.566889999999999894e+00 -1.227787000000000006e+01 0.000000000000000000e+00
9.400000000000000000e+01 -7.048519999999999897e+00 -1.027502999999999922e+01 0.000000000000000000e+00
9.500000000000000000e+01 -7.696410000000000196e+00 -8.292439999999999145e+00 0.000000000000000000e+00
9.600000000000000000e+01 -7.773970000000000269e+00 -6.229070000000000107e+00 0.000000000000000000e+00
9.700000000000000000e+01 -6.647389999999999688e+00 -4.438749999999999751e+00 0.000000000000000000e+00
9.800000000000000000e+01 -7.209539999999999615e+00 -2.071169999999999956e+00 0.000000000000000000e+00
9.900000000000000000e+01 -6.448629999999999640e+00 4.697399999999999909e-01 0.000000000000000000e+00
1.000000000000000000e+02 -7.871410000000000018e+00 2.080239999999999867e+00 0.000000000000000000e+00
1.010000000000000000e+02 -6.970509999999999984e+00 5.396080000000000432e+00 0.000000000000000000e+00
1.020000000000000000e+02 -8.231320000000000192e+00 7.218280000000000030e+00 0.000000000000000000e+00
1.030000000000000000e+02 -6.387620000000000076e+00 9.599199999999999733e+00 0.000000000000000000e+00
1.040000000000000000e+02 -7.601499999999999702e+00 1.139775000000000027e+01 0.000000000000000000e+00
1.050000000000000000e+02 -6.721599999999999575e+00 1.335880000000000045e+01 0.000000000000000000e+00
1.060000000000000000e+02 -6.301689999999999792e+00 1.613103999999999871e+01 0.000000000000000000e+00
1.070000000000000000e+02 -6.194969999999999644e+00 1.979674999999999940e+01 0.000000000000000000e+00
1.080000000000000000e+02 -4.419710000000000250e+00 -1.891452999999999918e+01 0.000000000000000000e+00
1.090000000000000000e+02 -4.012959999999999638e+00 -1.484182000000000023e+01 0.000000000000000000e+00
1.100000000000000000e+02 -4.456870000000000331e+00 -1.278617000000000026e+01 0.000000000000000000e+00
1.110000000000000000e+02 -4.969369999999999621e+00 -1.054876999999999931e+01 0.000000000000000000e+00
1.120000000000000000e+02 -5.563749999999999751e+00 -8.564809999999999590e+00 0.000000000000000000e+00
1.130000000000000000e+02 -5.702460000000000306e+00 -6.322259999999999991e+00 0.000000000000000000e+00
1.140000000000000000e+02 -3.643650000000000055e+00 -6.788199999999999790e+00 0.000000000000000000e+00
1.150000000000000000e+02 -4.363599999999999923e+00 -4.736320000000000086e+00 0.000000000000000000e+00
1.160000000000000000e+02 -5.290540000000000020e+00 -2.852590000000000181e+00 0.000000000000000000e+00
1.170000000000000000e+02 -4.725990000000000357e+00 -8.582199999999999829e-01 0.000000000000000000e+00
1.180000000000000000e+02 -5.882159999999999833e+00 2.983220000000000205e+00 0.000000000000000000e+00
1.190000000000000000e+02 -4.927450000000000330e+00 4.914290000000000269e+00 0.000000000000000000e+00
1.200000000000000000e+02 -6.020019999999999705e+00 7.413820000000000299e+00 0.000000000000000000e+00
1.210000000000000000e+02 -4.280249999999999666e+00 9.934440000000000381e+00 0.000000000000000000e+00
1.220000000000000000e+02 -5.481090000000000018e+00 1.161827000000000076e+01 0.000000000000000000e+00
1.230000000000000000e+02 -3.561150000000000038e+00 1.245625000000000071e+01 0.000000000000000000e+00
1.240000000000000000e+02 -4.894319999999999560e+00 1.450695999999999941e+01 0.000000000000000000e+00
1.250000000000000000e+02 -5.183749999999999858e+00 1.792906999999999940e+01 0.000000000000000000e+00
1.260000000000000000e+02 -2.308050000000000157e+00 -1.898305999999999827e+01 0.000000000000000000e+00
1.270000000000000000e+02 -3.242509999999999781e+00 -1.697256000000000142e+01 0.000000000000000000e+00
1.280000000000000000e+02 -2.350299999999999834e+00 -1.338087999999999944e+01 0.000000000000000000e+00
1.290000000000000000e+02 -3.009040000000000159e+00 -1.128673000000000037e+01 0.000000000000000000e+00
1.300000000000000000e+02 -3.398629999999999818e+00 -9.141750000000000043e+00 0.000000000000000000e+00
1.310000000000000000e+02 -1.654519999999999991e+00 -7.556930000000000369e+00 0.000000000000000000e+00
1.320000000000000000e+02 -2.197080000000000144e+00 -4.767450000000000188e+00 0.000000000000000000e+00
1.330000000000000000e+02 -3.178310000000000191e+00 -2.902429999999999843e+00 0.000000000000000000e+00
1.340000000000000000e+02 -2.648849999999999927e+00 -8.338299999999999601e-01 0.000000000000000000e+00
1.350000000000000000e+02 -4.499620000000000175e+00 1.232690000000000063e+00 0.000000000000000000e+00
1.360000000000000000e+02 -3.719180000000000152e+00 3.178990000000000204e+00 0.000000000000000000e+00
1.370000000000000000e+02 -2.601729999999999876e+00 4.903830000000000133e+00 0.000000000000000000e+00
1.380000000000000000e+02 -3.979610000000000092e+00 6.760040000000000049e+00 0.000000000000000000e+00
1.390000000000000000e+02 -2.771069999999999922e+00 8.510719999999999175e+00 0.000000000000000000e+00
1.400000000000000000e+02 -2.223390000000000200e+00 1.070257999999999932e+01 0.000000000000000000e+00
1.410000000000000000e+02 -2.647959999999999869e+00 1.441281999999999996e+01 0.000000000000000000e+00
1.420000000000000000e+02 -3.672460000000000058e+00 1.622882999999999853e+01 0.000000000000000000e+00
1.430000000000000000e+02 -2.933809999999999807e+00 1.836210000000000164e+01 0.000000000000000000e+00
1.440000000000000000e+02 -1.042370000000000019e+00 -1.729470999999999847e+01 0.000000000000000000e+00
1.450000000000000000e+02 -1.807690000000000019e+00 -1.537302000000000035e+01 0.000000000000000000e+00
1.460000000000000000e+02 -2.223199999999999898e-01 -1.387597000000000058e+01 0.000000000000000000e+00
1.470000000000000000e+02 -9.450199999999999712e-01 -1.182981000000000016e+01 0.000000000000000000e+00
1.480000000000000000e+02 -1.137350000000000083e+00 -9.663349999999999440e+00 0.000000000000000000e+00
1.490000000000000000e+02 3.647199999999999886e-01 -8.172940000000000538e+00 0.000000000000000000e+00
1.500000000000000000e+02 -3.309000000000000274e-01 -5.915460000000000385e+00 0.000000000000000000e+00
1.510000000000000000e+02 -9.193599999999999550e-01 -2.885740000000000194e+00 0.000000000000000000e+00
1.520000000000000000e+02 -5.869900000000000118e-01 -7.528299999999999992e-01 0.000000000000000000e+00
1.530000000000000000e+02 -2.445770000000000000e+00 1.334870000000000001e+00 0.000000000000000000e+00
1.540000000000000000e+02 -1.413640000000000008e+00 3.147419999999999884e+00 0.000000000000000000e+00
1.550000000000000000e+02 -3.579200000000000159e-01 4.956559999999999633e+00 0.000000000000000000e+00
1.560000000000000000e+02 -1.527600000000000069e+00 6.786120000000000374e+00 0.000000000000000000e+00
1.570000000000000000e+02 -6.915700000000000180e-01 9.308550000000000324e+00 0.000000000000000000e+00
1.580000000000000000e+02 -1.502439999999999998e+00 1.263681000000000054e+01 0.000000000000000000e+00
1.590000000000000000e+02 -5.015300000000000313e-01 1.443768999999999991e+01 0.000000000000000000e+00
1.600000000000000000e+02 -1.475260000000000016e+00 1.650972000000000151e+01 0.000000000000000000e+00
1.610000000000000000e+02 5.009000000000000258e-02 1.825900000000000034e+01 0.000000000000000000e+00
1.620000000000000000e+02 3.190700000000000203e-01 -1.968555999999999884e+01 0.000000000000000000e+00
1.630000000000000000e+02 1.238550000000000040e+00 -1.782103999999999999e+01 0.000000000000000000e+00
1.640000000000000000e+02 4.531200000000000228e-01 -1.582310000000000016e+01 0.000000000000000000e+00
1.650000000000000000e+02 1.150079999999999991e+00 -1.230804000000000009e+01 0.000000000000000000e+00
1.660000000000000000e+02 8.485200000000000520e-01 -1.026746999999999943e+01 0.000000000000000000e+00
1.670000000000000000e+02 1.672469999999999901e+00 -6.481010000000000382e+00 0.000000000000000000e+00
1.680000000000000000e+02 8.444599999999999884e-01 -4.169019999999999726e+00 0.000000000000000000e+00
1.690000000000000000e+02 1.336999999999999966e+00 -2.138049999999999784e+00 0.000000000000000000e+00
1.700000000000000000e+02 1.359320000000000084e+00 7.208000000000000518e-02 0.000000000000000000e+00
1.710000000000000000e+02 -1.242499999999999993e-01 1.517069999999999919e+00 0.000000000000000000e+00
1.720000000000000000e+02 9.839999999999999858e-01 3.328440000000000065e+00 0.000000000000000000e+00
1.730000000000000000e+02 1.738350000000000062e+00 5.274339999999999584e+00 0.000000000000000000e+00
1.740000000000000000e+02 5.156500000000000528e-01 7.073520000000000252e+00 0.000000000000000000e+00
1.750000000000000000e+02 1.471530000000000005e+00 9.245549999999999713e+00 0.000000000000000000e+00
1.760000000000000000e+02 2.173799999999999899e-01 1.136632999999999960e+01 0.000000000000000000e+00
1.770000000000000000e+02 1.181959999999999900e+00 1.319366999999999912e+01 0.000000000000000000e+00
1.780000000000000000e+02 5.794000000000000261e-01 1.625509999999999877e+01 0.000000000000000000e+00
1.790000000000000000e+02 1.805320000000000036e+00 1.933806999999999832e+01 0.000000000000000000e+00
1.800000000000000000e+02 3.831119999999999859e+00 -1.954296000000000078e+01 0.000000000000000000e+00
1.810000000000000000e+02 2.558230000000000004e+00 -1.616893999999999920e+01 0.000000000000000000e+00
1.820000000000000000e+02 2.798029999999999795e+00 -1.380669999999999931e+01 0.000000000000000000e+00
1.830000000000000000e+02 3.169200000000000017e+00 -1.156662000000000035e+01 0.000000000000000000e+00
1.840000000000000000e+02 2.699489999999999945e+00 -9.182740000000000791e+00 0.000000000000000000e+00
1.850000000000000000e+02 3.612019999999999786e+00 -7.265500000000000291e+00 0.000000000000000000e+00
1.860000000000000000e+02 3.092810000000000059e+00 -4.972100000000000186e+00 0.000000000000000000e+00
1.870000000000000000e+02 3.506990000000000052e+00 -2.940059999999999896e+00 0.000000000000000000e+00
1.880000000000000000e+02 3.207800000000000207e+00 -8.343500000000000361e-01 0.000000000000000000e+00
1.890000000000000000e+02 3.169570000000000221e+00 1.280030000000000001e+00 0.000000000000000000e+00
1.900000000000000000e+02 3.606619999999999937e+00 3.298160000000000203e+00 0.000000000000000000e+00
1.910000000000000000e+02 3.792689999999999895e+00 5.635299999999999976e+00 0.000000000000000000e+00
1.920000000000000000e+02 2.579320000000000057e+00 7.513869999999999827e+00 0.000000000000000000e+00
1.930000000000000000e+02 3.578879999999999839e+00 9.511680000000000135e+00 0.000000000000000000e+00
1.940000000000000000e+02 2.313460000000000072e+00 1.118740000000000023e+01 0.000000000000000000e+00
1.950000000000000000e+02 3.294029999999999792e+00 1.307196000000000069e+01 0.000000000000000000e+00
1.960000000000000000e+02 2.379440000000000222e+00 1.520550000000000068e+01 0.000000000000000000e+00
1.970000000000000000e+02 2.581690000000000040e+00 1.732768000000000086e+01 0.000000000000000000e+00
1.980000000000000000e+02 4.247959999999999958e+00 -1.749305000000000021e+01 0.000000000000000000e+00
1.990000000000000000e+02 4.695149999999999935e+00 -1.522749999999999915e+01 0.000000000000000000e+00
2.000000000000000000e+02 4.729499999999999815e+00 -1.307482000000000077e+01 0.000000000000000000e+00
2.010000000000000000e+02 5.191699999999999982e+00 -1.104945000000000022e+01 0.000000000000000000e+00
2.020000000000000000e+02 4.776720000000000077e+00 -9.032840000000000202e+00 0.000000000000000000e+00
2.030000000000000000e+02 5.665499999999999758e+00 -6.938559999999999839e+00 0.000000000000000000e+00
2.040000000000000000e+02 5.586179999999999701e+00 -4.820149999999999935e+00 0.000000000000000000e+00
2.050000000000000000e+02 5.570199999999999818e+00 -2.645189999999999930e+00 0.000000000000000000e+00
2.060000000000000000e+02 5.280079999999999885e+00 -5.945000000000000284e-01 0.000000000000000000e+00
2.070000000000000000e+02 5.217039999999999900e+00 1.714490000000000069e+00 0.000000000000000000e+00
2.080000000000000000e+02 5.870219999999999771e+00 3.665989999999999860e+00 0.000000000000000000e+00
2.090000000000000000e+02 6.006479999999999819e+00 5.950309999999999988e+00 0.000000000000000000e+00
2.100000000000000000e+02 4.658839999999999648e+00 7.552679999999999616e+00 0.000000000000000000e+00
2.110000000000000000e+02 5.828590000000000160e+00 9.799360000000000070e+00 0.000000000000000000e+00
2.120000000000000000e+02 4.955259999999999998e+00 1.185754999999999981e+01 0.000000000000000000e+00
2.130000000000000000e+02 5.080420000000000158e+00 1.410928999999999967e+01 0.000000000000000000e+00
2.140000000000000000e+02 4.316690000000000360e+00 1.605074000000000112e+01 0.000000000000000000e+00
2.150000000000000000e+02 4.059599999999999653e+00 1.894550999999999874e+01 0.000000000000000000e+00
2.160000000000000000e+02 6.384330000000000283e+00 -1.767989000000000033e+01 0.000000000000000000e+00
2.170000000000000000e+02 6.831789999999999807e+00 -1.556837999999999944e+01 0.000000000000000000e+00
2.180000000000000000e+02 6.795519999999999783e+00 -1.341248000000000040e+01 0.000000000000000000e+00
2.190000000000000000e+02 7.234829999999999650e+00 -1.139653000000000027e+01 0.000000000000000000e+00
2.200000000000000000e+02 6.826690000000000147e+00 -9.279339999999999478e+00 0.000000000000000000e+00
2.210000000000000000e+02 8.217999999999999972e+00 -7.745149999999999757e+00 0.000000000000000000e+00
2.220000000000000000e+02 7.530870000000000175e+00 -5.715239999999999654e+00 0.000000000000000000e+00
2.230000000000000000e+02 7.378429999999999822e+00 -3.626949999999999896e+00 0.000000000000000000e+00
2.240000000000000000e+02 7.337049999999999628e+00 -1.450939999999999896e+00 0.000000000000000000e+00
2.250000000000000000e+02 6.983249999999999957e+00 6.196599999999999886e-01 0.000000000000000000e+00
2.260000000000000000e+02 7.637540000000000440e+00 2.596600000000000019e+00 0.000000000000000000e+00
2.270000000000000000e+02 7.707029999999999603e+00 4.716380000000000017e+00 0.000000000000000000e+00
2.280000000000000000e+02 6.711829999999999963e+00 7.927109999999999879e+00 0.000000000000000000e+00
2.290000000000000000e+02 7.983690000000000175e+00 9.594939999999999358e+00 0.000000000000000000e+00
2.300000000000000000e+02 7.263349999999999973e+00 1.157107000000000063e+01 0.000000000000000000e+00
2.310000000000000000e+02 7.147669999999999746e+00 1.373442999999999969e+01 0.000000000000000000e+00
2.320000000000000000e+02 6.400360000000000049e+00 1.574019999999999975e+01 0.000000000000000000e+00
2.330000000000000000e+02 5.832939999999999792e+00 1.772742999999999824e+01 0.000000000000000000e+00
2.340000000000000000e+02 8.852439999999999642e+00 -1.856741999999999848e+01 0.000000000000000000e+00
2.350000000000000000e+02 8.974030000000000840e+00 -1.644539999999999935e+01 0.000000000000000000e+00
2.360000000000000000e+02 8.635600000000000165e+00 -1.442395999999999923e+01 0.000000000000000000e+00
2.370000000000000000e+02 9.268919999999999604e+00 -1.189652000000000065e+01 0.000000000000000000e+00
2.380000000000000000e+02 8.836370000000000502e+00 -9.751630000000000464e+00 0.000000000000000000e+00
2.390000000000000000e+02 9.936659999999999826e+00 -6.546409999999999840e+00 0.000000000000000000e+00
2.400000000000000000e+02 9.277839999999999421e+00 -4.492770000000000152e+00 0.000000000000000000e+00
2.410000000000000000e+02 9.364520000000000621e+00 -2.234700000000000131e+00 0.000000000000000000e+00
2.420000000000000000e+02 9.093159999999999243e+00 3.009899999999999798e-01 0.000000000000000000e+00
2.430000000000000000e+02 1.077016000000000062e+01 1.569090000000000096e+00 0.000000000000000000e+00
2.440000000000000000e+02 9.694490000000000052e+00 3.354060000000000041e+00 0.000000000000000000e+00
2.450000000000000000e+02 9.737180000000000391e+00 5.511409999999999698e+00 0.000000000000000000e+00
2.460000000000000000e+02 8.780559999999999476e+00 7.420399999999999885e+00 0.000000000000000000e+00
2.470000000000000000e+02 1.014953000000000038e+01 9.150940000000000296e+00 0.000000000000000000e+00
2.480000000000000000e+02 9.713879999999999626e+00 1.123226999999999975e+01 0.000000000000000000e+00
2.490000000000000000e+02 9.236789999999999168e+00 1.339347000000000065e+01 0.000000000000000000e+00
2.500000000000000000e+02 8.594939999999999358e+00 1.556656000000000084e+01 0.000000000000000000e+00
2.510000000000000000e+02 7.949329999999999785e+00 1.758264000000000138e+01 0.000000000000000000e+00
2.520000000000000000e+02 1.089154000000000089e+01 -1.749176999999999893e+01 0.000000000000000000e+00
2.530000000000000000e+02 1.086196999999999946e+01 -1.533778000000000041e+01 0.000000000000000000e+00
2.540000000000000000e+02 1.082474000000000025e+01 -1.326784999999999926e+01 0.000000000000000000e+00
2.550000000000000000e+02 1.097991000000000028e+01 -1.060534999999999961e+01 0.000000000000000000e+00
2.560000000000000000e+02 1.057267000000000046e+01 -8.522190000000000154e+00 0.000000000000000000e+00
2.570000000000000000e+02 1.201035000000000075e+01 -7.009050000000000225e+00 0.000000000000000000e+00
2.580000000000000000e+02 1.141289000000000087e+01 -5.012260000000000382e+00 0.000000000000000000e+00
2.590000000000000000e+02 1.193164999999999942e+01 -2.826130000000000031e+00 0.000000000000000000e+00
2.600000000000000000e+02 1.124033999999999978e+01 -8.693999999999999506e-01 0.000000000000000000e+00
2.610000000000000000e+02 1.268995999999999924e+01 7.564600000000000213e-01 0.000000000000000000e+00
2.620000000000000000e+02 1.271053000000000033e+01 3.287490000000000023e+00 0.000000000000000000e+00
2.630000000000000000e+02 1.178919999999999924e+01 5.178580000000000183e+00 0.000000000000000000e+00
2.640000000000000000e+02 1.104876999999999931e+01 7.228110000000000035e+00 0.000000000000000000e+00
2.650000000000000000e+02 1.241952999999999996e+01 8.803160000000000096e+00 0.000000000000000000e+00
2.660000000000000000e+02 1.235267999999999944e+01 1.089991000000000021e+01 0.000000000000000000e+00
2.670000000000000000e+02 1.130428000000000033e+01 1.279540000000000077e+01 0.000000000000000000e+00
2.680000000000000000e+02 1.073079000000000072e+01 1.488926999999999978e+01 0.000000000000000000e+00
2.690000000000000000e+02 1.066180999999999912e+01 1.728537999999999997e+01 0.000000000000000000e+00
2.700000000000000000e+02 1.274224000000000068e+01 -1.631263999999999825e+01 0.000000000000000000e+00
2.710000000000000000e+02 1.274741999999999997e+01 -1.414805999999999919e+01 0.000000000000000000e+00
2.720000000000000000e+02 1.251177999999999990e+01 -1.198573999999999984e+01 0.000000000000000000e+00
2.730000000000000000e+02 1.417694999999999972e+01 -1.077205000000000013e+01 0.000000000000000000e+00
2.740000000000000000e+02 1.261575000000000024e+01 -9.320529999999999760e+00 0.000000000000000000e+00
2.750000000000000000e+02 1.395083999999999946e+01 -7.753250000000000419e+00 0.000000000000000000e+00
2.760000000000000000e+02 1.380644999999999989e+01 -5.650170000000000137e+00 0.000000000000000000e+00
2.770000000000000000e+02 1.414817999999999998e+01 -3.345060000000000144e+00 0.000000000000000000e+00
2.780000000000000000e+02 1.331330999999999953e+01 -1.256590000000000096e+00 0.000000000000000000e+00
2.790000000000000000e+02 1.471906000000000070e+01 1.131150000000000100e+00 0.000000000000000000e+00
2.800000000000000000e+02 1.495580999999999960e+01 3.392419999999999991e+00 0.000000000000000000e+00
2.810000000000000000e+02 1.391168000000000049e+01 5.174220000000000041e+00 0.000000000000000000e+00
2.820000000000000000e+02 1.602767000000000053e+01 6.564289999999999736e+00 0.000000000000000000e+00
2.830000000000000000e+02 1.392937000000000047e+01 7.398229999999999862e+00 0.000000000000000000e+00
2.840000000000000000e+02 1.433146999999999949e+01 9.672309999999999519e+00 0.000000000000000000e+00
2.850000000000000000e+02 1.452976999999999919e+01 1.263133000000000017e+01 0.000000000000000000e+00
2.860000000000000000e+02 1.307183000000000028e+01 1.411988000000000021e+01 0.000000000000000000e+00
2.870000000000000000e+02 1.239761000000000024e+01 1.610583000000000098e+01 0.000000000000000000e+00
2.880000000000000000e+02 1.477462000000000053e+01 -1.535449999999999982e+01 0.000000000000000000e+00
2.890000000000000000e+02 1.457374000000000080e+01 -1.314827000000000012e+01 0.000000000000000000e+00
2.900000000000000000e+02 1.628210999999999942e+01 -1.200555999999999912e+01 0.000000000000000000e+00
2.910000000000000000e+02 1.762160000000000082e+01 -1.018518000000000079e+01 0.000000000000000000e+00
2.920000000000000000e+02 1.553627000000000002e+01 -9.213879999999999626e+00 0.000000000000000000e+00
2.930000000000000000e+02 1.679645000000000010e+01 -7.233050000000000423e+00 0.000000000000000000e+00
2.940000000000000000e+02 1.597963000000000022e+01 -5.193719999999999892e+00 0.000000000000000000e+00
2.950000000000000000e+02 1.626107999999999976e+01 -3.069040000000000212e+00 0.000000000000000000e+00
2.960000000000000000e+02 1.602079000000000164e+01 -5.333799999999999653e-01 0.000000000000000000e+00
2.970000000000000000e+02 1.799848000000000070e+01 9.804000000000000214e-02 0.000000000000000000e+00
2.980000000000000000e+02 1.667719999999999914e+01 2.007120000000000015e+00 0.000000000000000000e+00
2.990000000000000000e+02 1.686746000000000123e+01 4.615520000000000067e+00 0.000000000000000000e+00
