0.000000000000000000e+00 -1.204726999999999926e+01 -1.453256000000000014e+01 0.000000000000000000e+00
1.000000000000000000e+00 -1.331209999999999916e+01 -1.285774999999999935e+01 0.000000000000000000e+00
2.000000000000000000e+00 -1.713122999999999863e+01 -7.852999999999999758e+00 0.000000000000000000e+00
3.000000000000000000e+00 -1.868630999999999887e+01 -6.201450000000000351e+00 0.000000000000000000e+00
4.000000000000000000e+00 -1.938588999999999984e+01 -2.934299999999999908e+00 0.000000000000000000e+00
5.000000000000000000e+00 -1.750197000000000003e+01 -4.094649999999999679e+00 0.000000000000000000e+00
6.000000000000000000e+00 -1.796460000000000079e+01 -4.542999999999999816e-01 0.000000000000000000e+00
7.000000000000000000e+00 -1.660516000000000147e+01 -2.223780000000000090e+00 0.000000000000000000e+00
8.000000000000000000e+00 -1.945869000000000071e+01 9.966199999999999504e-01 0.000000000000000000e+00
9.000000000000000000e+00 -1.716215000000000046e+01 1.478779999999999983e+00 0.000000000000000000e+00
1.000000000000000000e+01 -1.868437000000000126e+01 3.188460000000000072e+00 0.000000000000000000e+00
1.100000000000000000e+01 -1.770580999999999960e+01 5.018779999999999575e+00 0.000000000000000000e+00
1.200000000000000000e+01 -1.568438000000000088e+01 5.382249999999999979e+00 0.000000000000000000e+00
1.300000000000000000e+01 -1.480927999999999933e+01 7.260720000000000063e+00 0.000000000000000000e+00
1.400000000000000000e+01 -1.688701000000000008e+01 7.205599999999999561e+00 0.000000000000000000e+00
1.500000000000000000e+01 -1.630148000000000152e+01 9.198479999999999990e+00 0.000000000000000000e+00
1.600000000000000000e+01 -1.538490000000000002e+01 1.107330999999999932e+01 0.000000000000000000e+00
1.700000000000000000e+01 -1.455530000000000079e+01 1.317104999999999926e+01 0.000000000000000000e+00
1.800000000000000000e+01 -9.554840000000000444e+00 -1.471447000000000038e+01 0.000000000000000000e+00
1.900000000000000000e+01 -1.461739999999999995e+01 -1.123808000000000007e+01 0.000000000000000000e+00
2.000000000000000000e+01 -1.586138000000000048e+01 -9.515670000000000073e+00 0.000000000000000000e+00
2.100000000000000000e+01 -1.496110000000000007e+01 -7.561469999999999914e+00 0.000000000000000000e+00
2.200000000000000000e+01 -1.626619000000000170e+01 -5.838009999999999700e+00 0.000000000000000000e+00
2.300000000000000000e+01 -1.416342000000000034e+01 -5.643830000000000346e+00 0.000000000000000000e+00
2.400000000000000000e+01 -1.541718999999999973e+01 -3.931150000000000144e+00 0.000000000000000000e+00
2.500000000000000000e+01 -1.453955000000000020e+01 -1.931950000000000056e+00 0.000000000000000000e+00
2.600000000000000000e+01 -1.580672000000000033e+01 -2.408800000000000108e-01 0.000000000000000000e+00
2.700000000000000000e+01 -1.507327000000000083e+01 1.754170000000000007e+00 0.000000000000000000e+00
2.800000000000000000e+01 -1.639459000000000088e+01 3.408339999999999925e+00 0.000000000000000000e+00
2.900000000000000000e+01 -1.428078000000000003e+01 3.753960000000000186e+00 0.000000000000000000e+00
3.000000000000000000e+01 -1.350140000000000029e+01 5.648520000000000429e+00 0.000000000000000000e+00
3.100000000000000000e+01 -1.267609999999999992e+01 7.638020000000000032e+00 0.000000000000000000e+00
3.200000000000000000e+01 -1.404251000000000005e+01 9.269840000000000302e+00 0.000000000000000000e+00
3.300000000000000000e+01 -1.330213000000000001e+01 1.132705999999999946e+01 0.000000000000000000e+00
3.400000000000000000e+01 -1.245679999999999943e+01 1.325322000000000067e+01 0.000000000000000000e+00
3.500000000000000000e+01 -1.170429999999999993e+01 1.518627000000000038e+01 0.000000000000000000e+00
3.600000000000000000e+01 -8.192579999999999529e+00 -1.636903999999999826e+01 0.000000000000000000e+00
3.700000000000000000e+01 -1.116829000000000072e+01 -1.261233999999999966e+01 0.000000000000000000e+00
3.800000000000000000e+01 -1.246429999999999971e+01 -1.093787000000000020e+01 0.000000000000000000e+00
3.900000000000000000e+01 -1.367257000000000033e+01 -9.222279999999999589e+00 0.000000000000000000e+00
4.000000000000000000e+01 -1.277363000000000071e+01 -7.316720000000000113e+00 0.000000000000000000e+00
4.100000000000000000e+01 -1.197017999999999915e+01 -5.315940000000000332e+00 0.000000000000000000e+00
4.200000000000000000e+01 -1.328262999999999927e+01 -3.601539999999999964e+00 0.000000000000000000e+00
4.300000000000000000e+01 -1.247090000000000032e+01 -1.614349999999999952e+00 0.000000000000000000e+00
4.400000000000000000e+01 -1.373109999999999964e+01 8.884000000000000230e-02 0.000000000000000000e+00
4.500000000000000000e+01 -1.166804999999999914e+01 3.299099999999999810e-01 0.000000000000000000e+00
4.600000000000000000e+01 -1.292407000000000039e+01 2.036659999999999915e+00 0.000000000000000000e+00
4.700000000000000000e+01 -1.216132999999999953e+01 3.954849999999999977e+00 0.000000000000000000e+00
4.800000000000000000e+01 -1.139703000000000088e+01 5.915670000000000428e+00 0.000000000000000000e+00
4.900000000000000000e+01 -1.052753000000000050e+01 7.955339999999999634e+00 0.000000000000000000e+00
5.000000000000000000e+01 -1.197911999999999999e+01 9.597500000000000142e+00 0.000000000000000000e+00
5.100000000000000000e+01 -1.122302000000000000e+01 1.155508000000000024e+01 0.000000000000000000e+00
5.200000000000000000e+01 -1.038211000000000084e+01 1.346193000000000062e+01 0.000000000000000000e+00
5.300000000000000000e+01 -9.603450000000000486e+00 1.541474000000000011e+01 0.000000000000000000e+00
5.400000000000000000e+01 -6.785820000000000185e+00 -1.791167000000000087e+01 0.000000000000000000e+00
5.500000000000000000e+01 -7.391210000000000058e+00 -1.422794999999999987e+01 0.000000000000000000e+00
5.600000000000000000e+01 -9.080690000000000595e+00 -1.268671999999999933e+01 0.000000000000000000e+00
5.700000000000000000e+01 -1.159473999999999982e+01 -9.029009999999999536e+00 0.000000000000000000e+00
5.800000000000000000e+01 -1.068786000000000058e+01 -6.975740000000000052e+00 0.000000000000000000e+00
5.900000000000000000e+01 -9.925250000000000128e+00 -4.999979999999999869e+00 0.000000000000000000e+00
6.000000000000000000e+01 -1.121645999999999965e+01 -3.277629999999999821e+00 0.000000000000000000e+00
6.100000000000000000e+01 -9.147339999999999804e+00 -3.031400000000000095e+00 0.000000000000000000e+00
6.200000000000000000e+01 -1.041491000000000078e+01 -1.357809999999999961e+00 0.000000000000000000e+00
6.300000000000000000e+01 -9.606600000000000250e+00 6.037099999999999689e-01 0.000000000000000000e+00
6.400000000000000000e+01 -8.750600000000000378e+00 2.540360000000000174e+00 0.000000000000000000e+00
6.500000000000000000e+01 -1.085472999999999999e+01 2.261169999999999902e+00 0.000000000000000000e+00
6.600000000000000000e+01 -1.006372000000000000e+01 4.338280000000000136e+00 0.000000000000000000e+00
6.700000000000000000e+01 -9.309100000000000819e+00 6.285790000000000433e+00 0.000000000000000000e+00
6.800000000000000000e+01 -9.855919999999999348e+00 9.911789999999999878e+00 0.000000000000000000e+00
6.900000000000000000e+01 -9.090230000000000032e+00 1.183206000000000024e+01 0.000000000000000000e+00
7.000000000000000000e+01 -8.219649999999999679e+00 1.387340999999999980e+01 0.000000000000000000e+00
7.100000000000000000e+01 -7.528349999999999653e+00 1.587396000000000029e+01 0.000000000000000000e+00
7.200000000000000000e+01 -5.007590000000000430e+00 -1.894039000000000073e+01 0.000000000000000000e+00
7.300000000000000000e+01 -5.599680000000000213e+00 -1.596602999999999994e+01 0.000000000000000000e+00
7.400000000000000000e+01 -7.002699999999999925e+00 -1.214451999999999998e+01 0.000000000000000000e+00
7.500000000000000000e+01 -1.031508999999999965e+01 -1.070762999999999998e+01 0.000000000000000000e+00
7.600000000000000000e+01 -9.422390000000000043e+00 -8.655609999999999360e+00 0.000000000000000000e+00
7.700000000000000000e+01 -8.642889999999999517e+00 -6.641130000000000422e+00 0.000000000000000000e+00
7.800000000000000000e+01 -7.869830000000000325e+00 -4.694960000000000022e+00 0.000000000000000000e+00
7.900000000000000000e+01 -7.012690000000000090e+00 -2.821499999999999897e+00 0.000000000000000000e+00
8.000000000000000000e+01 -8.217090000000000671e+00 -1.092260000000000009e+00 0.000000000000000000e+00
8.100000000000000000e+01 -7.460709999999999731e+00 8.660400000000000320e-01 0.000000000000000000e+00
8.200000000000000000e+01 -6.700770000000000337e+00 2.831669999999999909e+00 0.000000000000000000e+00
8.300000000000000000e+01 -8.003439999999999444e+00 4.508009999999999629e+00 0.000000000000000000e+00
8.400000000000000000e+01 -7.139219999999999899e+00 6.530100000000000016e+00 0.000000000000000000e+00
8.500000000000000000e+01 -8.431390000000000384e+00 8.150969999999999160e+00 0.000000000000000000e+00
8.600000000000000000e+01 -7.677929999999999922e+00 1.013953000000000060e+01 0.000000000000000000e+00
8.700000000000000000e+01 -7.032320000000000348e+00 1.213103000000000087e+01 0.000000000000000000e+00
8.800000000000000000e+01 -6.164089999999999847e+00 1.409686999999999912e+01 0.000000000000000000e+00
8.900000000000000000e+01 -5.448439999999999728e+00 1.605677999999999983e+01 0.000000000000000000e+00
9.000000000000000000e+01 -3.782379999999999853e+00 -1.697935000000000016e+01 0.000000000000000000e+00
9.100000000000000000e+01 -5.276760000000000339e+00 -1.376365000000000016e+01 0.000000000000000000e+00
9.200000000000000000e+01 -4.925259999999999749e+00 -1.168549999999999933e+01 0.000000000000000000e+00
9.300000000000000000e+01 -8.211690000000000822e+00 -1.036223999999999990e+01 0.000000000000000000e+00
9.400000000000000000e+01 -7.338560000000000194e+00 -8.296390000000000597e+00 0.000000000000000000e+00
9.500000000000000000e+01 -6.511709999999999887e+00 -6.378829999999999778e+00 0.000000000000000000e+00
9.600000000000000000e+01 -5.727759999999999962e+00 -4.474929999999999630e+00 0.000000000000000000e+00
9.700000000000000000e+01 -4.979569999999999830e+00 -2.490289999999999893e+00 0.000000000000000000e+00
9.800000000000000000e+01 -6.124970000000000248e+00 -7.556399999999999784e-01 0.000000000000000000e+00
9.900000000000000000e+01 -5.309309999999999974e+00 1.153489999999999904e+00 0.000000000000000000e+00
1.000000000000000000e+02 -4.634420000000000428e+00 3.099559999999999871e+00 0.000000000000000000e+00
1.010000000000000000e+02 -5.961570000000000036e+00 4.793330000000000091e+00 0.000000000000000000e+00
1.020000000000000000e+02 -5.065210000000000434e+00 6.801219999999999821e+00 0.000000000000000000e+00
1.030000000000000000e+02 -6.273060000000000080e+00 8.471239999999999881e+00 0.000000000000000000e+00
1.040000000000000000e+02 -5.583289999999999864e+00 1.049269999999999925e+01 0.000000000000000000e+00
1.050000000000000000e+02 -4.880589999999999762e+00 1.246293000000000006e+01 0.000000000000000000e+00
1.060000000000000000e+02 -4.010329999999999728e+00 1.454681000000000068e+01 0.000000000000000000e+00
1.070000000000000000e+02 -4.511029999999999873e+00 1.822813999999999979e+01 0.000000000000000000e+00
1.080000000000000000e+02 -2.630650000000000155e+00 -2.000146000000000157e+01 0.000000000000000000e+00
1.090000000000000000e+02 -1.545889999999999986e+00 -1.599573999999999963e+01 0.000000000000000000e+00
1.100000000000000000e+02 -3.487169999999999881e+00 -1.492365000000000030e+01 0.000000000000000000e+00
1.110000000000000000e+02 -3.182650000000000201e+00 -1.285712999999999973e+01 0.000000000000000000e+00
1.120000000000000000e+02 -6.078549999999999898e+00 -9.931559999999999278e+00 0.000000000000000000e+00
1.130000000000000000e+02 -5.190140000000000420e+00 -7.978170000000000428e+00 0.000000000000000000e+00
1.140000000000000000e+02 -3.848539999999999850e+00 -6.279469999999999885e+00 0.000000000000000000e+00
1.150000000000000000e+02 -3.672260000000000080e+00 -4.227979999999999627e+00 0.000000000000000000e+00
1.160000000000000000e+02 -2.907929999999999904e+00 -2.293969999999999843e+00 0.000000000000000000e+00
1.170000000000000000e+02 -4.063649999999999984e+00 -4.847099999999999742e-01 0.000000000000000000e+00
1.180000000000000000e+02 -3.257319999999999993e+00 1.485689999999999955e+00 0.000000000000000000e+00
1.190000000000000000e+02 -3.715079999999999938e+00 4.982680000000000220e+00 0.000000000000000000e+00
1.200000000000000000e+02 -3.001110000000000166e+00 6.926260000000000083e+00 0.000000000000000000e+00
1.210000000000000000e+02 -4.189899999999999736e+00 8.846270000000000522e+00 0.000000000000000000e+00
1.220000000000000000e+02 -3.512179999999999858e+00 1.083666000000000018e+01 0.000000000000000000e+00
1.230000000000000000e+02 -2.818560000000000176e+00 1.285680999999999941e+01 0.000000000000000000e+00
1.240000000000000000e+02 -3.362159999999999815e+00 1.652267000000000152e+01 0.000000000000000000e+00
1.250000000000000000e+02 -1.793840000000000101e+00 1.790766999999999953e+01 0.000000000000000000e+00
1.260000000000000000e+02 -5.100000000000000366e-03 -1.967671999999999954e+01 0.000000000000000000e+00
1.270000000000000000e+02 -1.942479999999999984e+00 -1.806750999999999863e+01 0.000000000000000000e+00
1.280000000000000000e+02 -1.314179999999999904e+00 -1.389803000000000033e+01 0.000000000000000000e+00
1.290000000000000000e+02 -1.376619999999999955e+00 -1.164306000000000019e+01 0.000000000000000000e+00
1.300000000000000000e+02 -3.432560000000000056e+00 -1.025594000000000072e+01 0.000000000000000000e+00
1.310000000000000000e+02 -3.092350000000000154e+00 -8.203070000000000306e+00 0.000000000000000000e+00
1.320000000000000000e+02 -1.853089999999999904e+00 -5.344430000000000014e+00 0.000000000000000000e+00
1.330000000000000000e+02 -1.160690000000000000e+00 -3.389619999999999855e+00 0.000000000000000000e+00
1.340000000000000000e+02 -1.232799999999999896e+00 -1.061299999999999910e+00 0.000000000000000000e+00
1.350000000000000000e+02 -1.212069999999999981e+00 1.110780000000000101e+00 0.000000000000000000e+00
1.360000000000000000e+02 -1.986760000000000081e+00 3.194139999999999979e+00 0.000000000000000000e+00
1.370000000000000000e+02 -1.607259999999999911e+00 5.268489999999999895e+00 0.000000000000000000e+00
1.380000000000000000e+02 -9.922900000000000054e-01 7.466330000000000133e+00 0.000000000000000000e+00
1.390000000000000000e+02 -2.061449999999999783e+00 9.278460000000000818e+00 0.000000000000000000e+00
1.400000000000000000e+02 -1.209140000000000104e+00 1.138273000000000046e+01 0.000000000000000000e+00
1.410000000000000000e+02 -9.238899999999999890e-01 1.368576000000000015e+01 0.000000000000000000e+00
1.420000000000000000e+02 -1.428879999999999928e+00 1.569893000000000072e+01 0.000000000000000000e+00
1.430000000000000000e+02 -4.444000000000000034e-02 1.945468999999999937e+01 0.000000000000000000e+00
1.440000000000000000e+02 1.482799999999999951e-01 -1.736831000000000103e+01 0.000000000000000000e+00
1.450000000000000000e+02 4.169800000000000173e-01 -1.506494000000000000e+01 0.000000000000000000e+00
1.460000000000000000e+02 4.094400000000000261e-01 -1.273469000000000051e+01 0.000000000000000000e+00
1.470000000000000000e+02 4.226900000000000102e-01 -1.064156999999999975e+01 0.000000000000000000e+00
1.480000000000000000e+02 -1.403180000000000094e+00 -9.547879999999999256e+00 0.000000000000000000e+00
1.490000000000000000e+02 -1.185689999999999911e+00 -7.290709999999999802e+00 0.000000000000000000e+00
1.500000000000000000e+02 6.911699999999999511e-01 -4.292259999999999742e+00 0.000000000000000000e+00
1.510000000000000000e+02 5.642700000000000493e-01 -2.208369999999999944e+00 0.000000000000000000e+00
1.520000000000000000e+02 5.727900000000000214e-01 -4.189999999999999974e-02 0.000000000000000000e+00
1.530000000000000000e+02 6.149799999999999711e-01 2.082199999999999829e+00 0.000000000000000000e+00
1.540000000000000000e+02 2.466899999999999926e-01 4.176870000000000083e+00 0.000000000000000000e+00
1.550000000000000000e+02 6.856700000000000017e-01 6.219100000000000072e+00 0.000000000000000000e+00
1.560000000000000000e+02 8.642600000000000282e-01 8.402839999999999421e+00 0.000000000000000000e+00
1.570000000000000000e+02 7.556000000000000494e-01 1.048731000000000080e+01 0.000000000000000000e+00
1.580000000000000000e+02 8.678200000000000358e-01 1.255274999999999963e+01 0.000000000000000000e+00
1.590000000000000000e+02 7.066099999999999604e-01 1.506277000000000044e+01 0.000000000000000000e+00
1.600000000000000000e+02 1.898100000000000065e-01 1.716848999999999847e+01 0.000000000000000000e+00
1.610000000000000000e+02 2.610160000000000036e+00 1.999949000000000154e+01 0.000000000000000000e+00
1.620000000000000000e+02 2.267840000000000078e+00 -1.851670000000000016e+01 0.000000000000000000e+00
1.630000000000000000e+02 2.020779999999999799e+00 -1.636364000000000019e+01 0.000000000000000000e+00
1.640000000000000000e+02 2.182189999999999852e+00 -1.382160000000000011e+01 0.000000000000000000e+00
1.650000000000000000e+02 2.271959999999999980e+00 -1.176898000000000089e+01 0.000000000000000000e+00
1.660000000000000000e+02 2.245750000000000135e+00 -9.655829999999999913e+00 0.000000000000000000e+00
1.670000000000000000e+02 5.408100000000000129e-01 -8.492670000000000385e+00 0.000000000000000000e+00
1.680000000000000000e+02 6.772000000000000242e-01 -6.388139999999999930e+00 0.000000000000000000e+00
1.690000000000000000e+02 2.477739999999999831e+00 -3.194080000000000030e+00 0.000000000000000000e+00
1.700000000000000000e+02 2.390390000000000015e+00 -1.111860000000000070e+00 0.000000000000000000e+00
1.710000000000000000e+02 2.444929999999999826e+00 9.620999999999999552e-01 0.000000000000000000e+00
1.720000000000000000e+02 2.529910000000000103e+00 3.068659999999999943e+00 0.000000000000000000e+00
1.730000000000000000e+02 2.501790000000000180e+00 5.140530000000000044e+00 0.000000000000000000e+00
1.740000000000000000e+02 2.552230000000000221e+00 7.213879999999999626e+00 0.000000000000000000e+00
1.750000000000000000e+02 2.661470000000000002e+00 9.400679999999999481e+00 0.000000000000000000e+00
1.760000000000000000e+02 2.680579999999999963e+00 1.147457999999999956e+01 0.000000000000000000e+00
1.770000000000000000e+02 2.616109999999999935e+00 1.366183999999999976e+01 0.000000000000000000e+00
1.780000000000000000e+02 2.703329999999999789e+00 1.577834000000000003e+01 0.000000000000000000e+00
1.790000000000000000e+02 2.569840000000000124e+00 1.791158000000000072e+01 0.000000000000000000e+00
1.800000000000000000e+02 4.115899999999999892e+00 -1.728109999999999857e+01 0.000000000000000000e+00
1.810000000000000000e+02 4.065830000000000055e+00 -1.507756000000000007e+01 0.000000000000000000e+00
1.820000000000000000e+02 4.073249999999999815e+00 -1.282371000000000016e+01 0.000000000000000000e+00
1.830000000000000000e+02 4.110050000000000203e+00 -1.075689000000000028e+01 0.000000000000000000e+00
1.840000000000000000e+02 4.189000000000000057e+00 -8.657819999999999183e+00 0.000000000000000000e+00
1.850000000000000000e+02 2.425850000000000062e+00 -7.478110000000000035e+00 0.000000000000000000e+00
1.860000000000000000e+02 2.507039999999999935e+00 -5.376890000000000391e+00 0.000000000000000000e+00
1.870000000000000000e+02 4.274029999999999774e+00 -2.160169999999999924e+00 0.000000000000000000e+00
1.880000000000000000e+02 4.334030000000000271e+00 -9.531000000000000583e-02 0.000000000000000000e+00
1.890000000000000000e+02 6.168669999999999654e+00 8.852600000000000469e-01 0.000000000000000000e+00
1.900000000000000000e+02 4.347550000000000026e+00 2.085749999999999993e+00 0.000000000000000000e+00
1.910000000000000000e+02 4.347949999999999982e+00 4.151539999999999786e+00 0.000000000000000000e+00
1.920000000000000000e+02 4.458820000000000228e+00 6.243439999999999657e+00 0.000000000000000000e+00
1.930000000000000000e+02 4.586030000000000051e+00 8.389310000000000045e+00 0.000000000000000000e+00
1.940000000000000000e+02 4.490400000000000169e+00 1.044915999999999912e+01 0.000000000000000000e+00
1.950000000000000000e+02 4.487230000000000274e+00 1.255707999999999913e+01 0.000000000000000000e+00
1.960000000000000000e+02 4.497270000000000323e+00 1.465466999999999942e+01 0.000000000000000000e+00
1.970000000000000000e+02 4.592970000000000219e+00 1.683686000000000149e+01 0.000000000000000000e+00
1.980000000000000000e+02 5.980080000000000062e+00 -1.633534999999999826e+01 0.000000000000000000e+00
1.990000000000000000e+02 5.883370000000000211e+00 -1.393777000000000044e+01 0.000000000000000000e+00
2.000000000000000000e+02 5.945479999999999876e+00 -1.179696000000000033e+01 0.000000000000000000e+00
2.010000000000000000e+02 5.987619999999999720e+00 -9.715650000000000119e+00 0.000000000000000000e+00
2.020000000000000000e+02 6.033129999999999882e+00 -7.583339999999999748e+00 0.000000000000000000e+00
2.030000000000000000e+02 4.260169999999999568e+00 -6.507139999999999702e+00 0.000000000000000000e+00
2.040000000000000000e+02 6.097070000000000434e+00 -5.431210000000000093e+00 0.000000000000000000e+00
2.050000000000000000e+02 4.263180000000000192e+00 -4.245219999999999771e+00 0.000000000000000000e+00
2.060000000000000000e+02 6.104619999999999713e+00 -1.178190000000000071e+00 0.000000000000000000e+00
2.070000000000000000e+02 8.017530000000000712e+00 1.923519999999999897e+00 0.000000000000000000e+00
2.080000000000000000e+02 6.208990000000000009e+00 3.041450000000000209e+00 0.000000000000000000e+00
2.090000000000000000e+02 6.221930000000000405e+00 5.139140000000000263e+00 0.000000000000000000e+00
2.100000000000000000e+02 6.295989999999999753e+00 7.213169999999999860e+00 0.000000000000000000e+00
2.110000000000000000e+02 6.451660000000000394e+00 9.354739999999999611e+00 0.000000000000000000e+00
2.120000000000000000e+02 6.277190000000000047e+00 1.152814000000000050e+01 0.000000000000000000e+00
2.130000000000000000e+02 6.430830000000000268e+00 1.360805000000000042e+01 0.000000000000000000e+00
2.140000000000000000e+02 6.482490000000000308e+00 1.573859000000000030e+01 0.000000000000000000e+00
2.150000000000000000e+02 5.215139999999999887e+00 1.886280999999999963e+01 0.000000000000000000e+00
2.160000000000000000e+02 4.698010000000000019e+00 -1.963164000000000087e+01 0.000000000000000000e+00
2.170000000000000000e+02 7.741579999999999906e+00 -1.512961999999999918e+01 0.000000000000000000e+00
2.180000000000000000e+02 7.831260000000000332e+00 -1.297672999999999988e+01 0.000000000000000000e+00
2.190000000000000000e+02 7.779110000000000191e+00 -1.084214000000000055e+01 0.000000000000000000e+00
2.200000000000000000e+02 7.794019999999999726e+00 -8.746489999999999654e+00 0.000000000000000000e+00
2.210000000000000000e+02 7.885799999999999699e+00 -6.567260000000000097e+00 0.000000000000000000e+00
2.220000000000000000e+02 7.887979999999999769e+00 -4.410879999999999690e+00 0.000000000000000000e+00
2.230000000000000000e+02 6.130160000000000053e+00 -3.321699999999999875e+00 0.000000000000000000e+00
2.240000000000000000e+02 7.937999999999999723e+00 -2.214420000000000055e+00 0.000000000000000000e+00
2.250000000000000000e+02 7.958479999999999777e+00 -1.456699999999999939e-01 0.000000000000000000e+00
2.260000000000000000e+02 8.012679999999999580e+00 4.042270000000000252e+00 0.000000000000000000e+00
2.270000000000000000e+02 8.075340000000000629e+00 6.129780000000000229e+00 0.000000000000000000e+00
2.280000000000000000e+02 9.971259999999999124e+00 7.132360000000000255e+00 0.000000000000000000e+00
2.290000000000000000e+02 8.196450000000000458e+00 8.221289999999999765e+00 0.000000000000000000e+00
2.300000000000000000e+02 8.288159999999999528e+00 1.027943999999999924e+01 0.000000000000000000e+00
2.310000000000000000e+02 8.141489999999999227e+00 1.241588999999999920e+01 0.000000000000000000e+00
2.320000000000000000e+02 8.255969999999999587e+00 1.467234999999999978e+01 0.000000000000000000e+00
2.330000000000000000e+02 7.040449999999999875e+00 1.773313999999999879e+01 0.000000000000000000e+00
2.340000000000000000e+02 6.390500000000000291e+00 -1.839040999999999926e+01 0.000000000000000000e+00
2.350000000000000000e+02 9.696580000000000865e+00 -1.399090999999999951e+01 0.000000000000000000e+00
2.360000000000000000e+02 9.583449999999999136e+00 -1.186580999999999975e+01 0.000000000000000000e+00
2.370000000000000000e+02 9.639469999999999317e+00 -9.800950000000000273e+00 0.000000000000000000e+00
2.380000000000000000e+02 9.647999999999999687e+00 -7.710320000000000285e+00 0.000000000000000000e+00
2.390000000000000000e+02 9.673049999999999926e+00 -5.527420000000000222e+00 0.000000000000000000e+00
2.400000000000000000e+02 9.676729999999999166e+00 -3.363820000000000032e+00 0.000000000000000000e+00
2.410000000000000000e+02 1.155465000000000053e+01 -2.302550000000000097e+00 0.000000000000000000e+00
2.420000000000000000e+02 9.798500000000000654e+00 -1.197710000000000052e+00 0.000000000000000000e+00
2.430000000000000000e+02 9.794399999999999551e+00 8.645899999999999697e-01 0.000000000000000000e+00
2.440000000000000000e+02 9.958849999999999980e+00 3.005170000000000119e+00 0.000000000000000000e+00
2.450000000000000000e+02 9.909739999999999327e+00 5.066539999999999822e+00 0.000000000000000000e+00
2.460000000000000000e+02 1.179362000000000066e+01 6.158409999999999940e+00 0.000000000000000000e+00
2.470000000000000000e+02 1.194635000000000069e+01 8.232760000000000744e+00 0.000000000000000000e+00
2.480000000000000000e+02 1.013353999999999999e+01 9.295479999999999521e+00 0.000000000000000000e+00
2.490000000000000000e+02 1.002809000000000061e+01 1.142068000000000083e+01 0.000000000000000000e+00
2.500000000000000000e+02 1.012022999999999939e+01 1.351947999999999972e+01 0.000000000000000000e+00
2.510000000000000000e+02 1.044139000000000017e+01 1.612697000000000003e+01 0.000000000000000000e+00
2.520000000000000000e+02 9.813980000000000814e+00 -1.610958000000000112e+01 0.000000000000000000e+00
2.530000000000000000e+02 1.161281999999999925e+01 -1.306853000000000087e+01 0.000000000000000000e+00
2.540000000000000000e+02 1.153294999999999959e+01 -1.084773999999999994e+01 0.000000000000000000e+00
2.550000000000000000e+02 1.153561000000000014e+01 -8.740069999999999339e+00 0.000000000000000000e+00
2.560000000000000000e+02 1.143215999999999966e+01 -6.588149999999999729e+00 0.000000000000000000e+00
2.570000000000000000e+02 1.144045000000000023e+01 -4.415300000000000225e+00 0.000000000000000000e+00
2.580000000000000000e+02 1.330424999999999969e+01 -3.438740000000000130e+00 0.000000000000000000e+00
2.590000000000000000e+02 1.344813000000000081e+01 -1.372749999999999915e+00 0.000000000000000000e+00
2.600000000000000000e+02 1.157902999999999949e+01 -1.705800000000000094e-01 0.000000000000000000e+00
2.610000000000000000e+02 1.184402000000000044e+01 1.975209999999999910e+00 0.000000000000000000e+00
2.620000000000000000e+02 1.372273999999999994e+01 3.184909999999999908e+00 0.000000000000000000e+00
2.630000000000000000e+02 1.178748000000000040e+01 4.070030000000000037e+00 0.000000000000000000e+00
2.640000000000000000e+02 1.368338999999999928e+01 5.280479999999999841e+00 0.000000000000000000e+00
2.650000000000000000e+02 1.380414000000000030e+01 7.352870000000000239e+00 0.000000000000000000e+00
2.660000000000000000e+02 1.383689000000000036e+01 9.583809999999999718e+00 0.000000000000000000e+00
2.670000000000000000e+02 1.195547000000000004e+01 1.050977999999999923e+01 0.000000000000000000e+00
2.680000000000000000e+02 1.208411000000000080e+01 1.256827000000000005e+01 0.000000000000000000e+00
2.690000000000000000e+02 1.199563000000000024e+01 1.477734000000000059e+01 0.000000000000000000e+00
2.700000000000000000e+02 1.166336000000000084e+01 -1.517146999999999935e+01 0.000000000000000000e+00
2.710000000000000000e+02 1.331877000000000066e+01 -1.188246000000000002e+01 0.000000000000000000e+00
2.720000000000000000e+02 1.338864000000000054e+01 -9.758459999999999468e+00 0.000000000000000000e+00
2.730000000000000000e+02 1.536628999999999934e+01 -8.697559999999999292e+00 0.000000000000000000e+00
2.740000000000000000e+02 1.326646000000000036e+01 -7.603580000000000005e+00 0.000000000000000000e+00
2.750000000000000000e+02 1.323512000000000022e+01 -5.515979999999999883e+00 0.000000000000000000e+00
2.760000000000000000e+02 1.517045000000000066e+01 -4.440820000000000434e+00 0.000000000000000000e+00
2.770000000000000000e+02 1.533187999999999995e+01 -2.309250000000000025e+00 0.000000000000000000e+00
2.780000000000000000e+02 1.534934999999999938e+01 -2.289599999999999969e-01 0.000000000000000000e+00
2.790000000000000000e+02 1.356832999999999956e+01 8.057100000000000373e-01 0.000000000000000000e+00
2.800000000000000000e+02 1.541877000000000031e+01 2.002800000000000136e+00 0.000000000000000000e+00
2.810000000000000000e+02 1.552172999999999981e+01 4.317669999999999675e+00 0.000000000000000000e+00
2.820000000000000000e+02 1.744689999999999941e+01 5.315210000000000434e+00 0.000000000000000000e+00
2.830000000000000000e+02 1.564048000000000016e+01 6.384739999999999860e+00 0.000000000000000000e+00
2.840000000000000000e+02 1.743589000000000055e+01 7.420469999999999899e+00 0.000000000000000000e+00
2.850000000000000000e+02 1.563451000000000057e+01 8.471629999999999328e+00 0.000000000000000000e+00
2.860000000000000000e+02 1.574220000000000041e+01 1.056757999999999953e+01 0.000000000000000000e+00
2.870000000000000000e+02 1.403434999999999988e+01 1.180640000000000001e+01 0.000000000000000000e+00
2.880000000000000000e+02 1.356877000000000066e+01 -1.414362999999999992e+01 0.000000000000000000e+00
2.890000000000000000e+02 1.514174000000000042e+01 -1.092942000000000036e+01 0.000000000000000000e+00
2.900000000000000000e+02 1.712471999999999994e+01 -7.565690000000000026e+00 0.000000000000000000e+00
2.910000000000000000e+02 1.888682000000000016e+01 -4.518799999999999706e+00 0.000000000000000000e+00
2.920000000000000000e+02 1.515253000000000050e+01 -6.581940000000000346e+00 0.000000000000000000e+00
2.930000000000000000e+02 1.695943000000000112e+01 -5.507579999999999920e+00 0.000000000000000000e+00
2.940000000000000000e+02 1.714145999999999859e+01 -3.426050000000000040e+00 0.000000000000000000e+00
2.950000000000000000e+02 1.716247999999999863e+01 -1.213510000000000089e+00 0.000000000000000000e+00
2.960000000000000000e+02 1.924548000000000059e+01 -1.453610000000000069e+00 0.000000000000000000e+00
2.970000000000000000e+02 1.718241000000000085e+01 8.615000000000000435e-01 0.000000000000000000e+00
2.980000000000000000e+02 1.914241000000000170e+01 1.517889999999999961e+00 0.000000000000000000e+00
2.990000000000000000e+02 1.729195999999999955e+01 3.049389999999999823e+00 0.000000000000000000e+00
