0.000000000000000000e+00 -1.465911999999999971e+01 -1.226318000000000019e+01 0.000000000000000000e+00
1.000000000000000000e+00 -1.508596000000000004e+01 -1.006066000000000038e+01 0.000000000000000000e+00
2.000000000000000000e+00 -1.733461000000000141e+01 -9.339489999999999625e+00 0.000000000000000000e+00
3.000000000000000000e+00 -1.547714999999999996e+01 -7.988959999999999617e+00 0.000000000000000000e+00
4.000000000000000000e+00 -1.740464000000000055e+01 -6.970259999999999678e+00 0.000000000000000000e+00
5.000000000000000000e+00 -1.967442000000000135e+01 -1.991910000000000069e+00 0.000000000000000000e+00
6.000000000000000000e+00 -1.731727000000000061e+01 -4.846040000000000347e+00 0.000000000000000000e+00
7.000000000000000000e+00 -1.775692000000000093e+01 2.168660000000000032e+00 0.000000000000000000e+00
8.000000000000000000e+00 -1.762494999999999834e+01 -2.701200000000000045e+00 0.000000000000000000e+00
9.000000000000000000e+00 -1.803301000000000087e+01 -4.916599999999999859e-01 0.000000000000000000e+00
1.000000000000000000e+01 -1.879329999999999856e+01 4.050480000000000302e+00 0.000000000000000000e+00
1.100000000000000000e+01 -1.609756000000000142e+01 3.684909999999999908e+00 0.000000000000000000e+00
1.200000000000000000e+01 -1.546129999999999960e+01 6.104479999999999684e+00 0.000000000000000000e+00
1.300000000000000000e+01 -1.771135999999999910e+01 5.827840000000000131e+00 0.000000000000000000e+00
1.400000000000000000e+01 -1.672803000000000040e+01 7.768810000000000215e+00 0.000000000000000000e+00
1.500000000000000000e+01 -1.605357000000000056e+01 9.777229999999999421e+00 0.000000000000000000e+00
1.600000000000000000e+01 -1.534063000000000088e+01 1.180457000000000001e+01 0.000000000000000000e+00
1.700000000000000000e+01 -1.429940999999999995e+01 1.364481999999999928e+01 0.000000000000000000e+00
1.800000000000000000e+01 -1.250491000000000064e+01 -1.519258999999999915e+01 0.000000000000000000e+00
1.900000000000000000e+01 -1.262316000000000038e+01 -1.300348999999999933e+01 0.000000000000000000e+00
2.000000000000000000e+01 -1.304721999999999937e+01 -1.069156000000000084e+01 0.000000000000000000e+00
2.100000000000000000e+01 -1.352314999999999934e+01 -8.683960000000000790e+00 0.000000000000000000e+00
2.200000000000000000e+01 -1.356671000000000049e+01 -6.580000000000000071e+00 0.000000000000000000e+00
2.300000000000000000e+01 -1.545214999999999961e+01 -5.717159999999999798e+00 0.000000000000000000e+00
2.400000000000000000e+01 -1.381414000000000009e+01 -4.407720000000000304e+00 0.000000000000000000e+00
2.500000000000000000e+01 -1.571015000000000050e+01 -3.494169999999999998e+00 0.000000000000000000e+00
2.600000000000000000e+01 -1.597611000000000026e+01 -1.384810000000000096e+00 0.000000000000000000e+00
2.700000000000000000e+01 -1.618149999999999977e+01 7.512799999999999478e-01 0.000000000000000000e+00
2.800000000000000000e+01 -1.445847999999999978e+01 2.031800000000000050e+00 0.000000000000000000e+00
2.900000000000000000e+01 -1.414038000000000039e+01 4.506310000000000038e+00 0.000000000000000000e+00
3.000000000000000000e+01 -1.310106999999999999e+01 6.576609999999999623e+00 0.000000000000000000e+00
3.100000000000000000e+01 -1.243004999999999960e+01 8.563399999999999679e+00 0.000000000000000000e+00
3.200000000000000000e+01 -1.462959999999999994e+01 8.211479999999999890e+00 0.000000000000000000e+00
3.300000000000000000e+01 -1.380495999999999945e+01 1.015755000000000052e+01 0.000000000000000000e+00
3.400000000000000000e+01 -1.288885999999999932e+01 1.200469000000000008e+01 0.000000000000000000e+00
3.500000000000000000e+01 -1.225970000000000049e+01 1.399288999999999916e+01 0.000000000000000000e+00
3.600000000000000000e+01 -1.027969000000000044e+01 -1.590531999999999968e+01 0.000000000000000000e+00
3.700000000000000000e+01 -1.067816999999999972e+01 -1.376060000000000016e+01 0.000000000000000000e+00
3.800000000000000000e+01 -1.101999999999999957e+01 -1.159239999999999959e+01 0.000000000000000000e+00
3.900000000000000000e+01 -1.129002000000000017e+01 -9.456250000000000711e+00 0.000000000000000000e+00
4.000000000000000000e+01 -1.148847999999999914e+01 -7.375659999999999883e+00 0.000000000000000000e+00
4.100000000000000000e+01 -1.178625000000000078e+01 -5.290090000000000181e+00 0.000000000000000000e+00
4.200000000000000000e+01 -1.210092999999999996e+01 -3.115759999999999863e+00 0.000000000000000000e+00
4.300000000000000000e+01 -1.406006000000000000e+01 -2.221089999999999787e+00 0.000000000000000000e+00
4.400000000000000000e+01 -1.430058000000000007e+01 -1.736800000000000010e-01 0.000000000000000000e+00
4.500000000000000000e+01 -1.260805000000000042e+01 1.001840000000000064e+00 0.000000000000000000e+00
4.600000000000000000e+01 -1.241084999999999994e+01 3.100769999999999804e+00 0.000000000000000000e+00
4.700000000000000000e+01 -1.155556999999999945e+01 5.029320000000000235e+00 0.000000000000000000e+00
4.800000000000000000e+01 -1.093191000000000024e+01 7.013580000000000148e+00 0.000000000000000000e+00
4.900000000000000000e+01 -1.007315999999999967e+01 8.933899999999999508e+00 0.000000000000000000e+00
5.000000000000000000e+01 -1.141436000000000028e+01 1.052225999999999928e+01 0.000000000000000000e+00
5.100000000000000000e+01 -1.082496000000000080e+01 1.251197999999999944e+01 0.000000000000000000e+00
5.200000000000000000e+01 -1.015295000000000059e+01 1.448230000000000040e+01 0.000000000000000000e+00
5.300000000000000000e+01 -7.383149999999999658e+00 1.701410999999999873e+01 0.000000000000000000e+00
5.400000000000000000e+01 -8.374079999999999302e+00 -1.675190999999999875e+01 0.000000000000000000e+00
5.500000000000000000e+01 -8.670820000000000860e+00 -1.457292999999999950e+01 0.000000000000000000e+00
5.600000000000000000e+01 -9.105380000000000251e+00 -1.239521000000000051e+01 0.000000000000000000e+00
5.700000000000000000e+01 -9.366770000000000707e+00 -1.027289000000000030e+01 0.000000000000000000e+00
5.800000000000000000e+01 -9.537789999999999324e+00 -8.197789999999999466e+00 0.000000000000000000e+00
5.900000000000000000e+01 -9.855339999999999989e+00 -6.070179999999999687e+00 0.000000000000000000e+00
6.000000000000000000e+01 -1.012847000000000008e+01 -3.960999999999999854e+00 0.000000000000000000e+00
6.100000000000000000e+01 -1.042413999999999952e+01 -1.910779999999999923e+00 0.000000000000000000e+00
6.200000000000000000e+01 -1.232975000000000065e+01 -1.055560000000000054e+00 0.000000000000000000e+00
6.300000000000000000e+01 -9.030310000000000059e+00 1.563590000000000035e+00 0.000000000000000000e+00
6.400000000000000000e+01 -1.034440000000000026e+01 3.160590000000000011e+00 0.000000000000000000e+00
6.500000000000000000e+01 -9.521179999999999310e+00 5.403889999999999638e+00 0.000000000000000000e+00
6.600000000000000000e+01 -8.772790000000000532e+00 7.344890000000000363e+00 0.000000000000000000e+00
6.700000000000000000e+01 -8.034739999999999327e+00 9.297399999999999665e+00 0.000000000000000000e+00
6.800000000000000000e+01 -9.393370000000000886e+00 1.091428999999999938e+01 0.000000000000000000e+00
6.900000000000000000e+01 -8.719780000000000086e+00 1.293210999999999977e+01 0.000000000000000000e+00
7.000000000000000000e+01 -8.156700000000000728e+00 1.501402999999999999e+01 0.000000000000000000e+00
7.100000000000000000e+01 -5.118339999999999890e+00 1.934628999999999976e+01 0.000000000000000000e+00
7.200000000000000000e+01 -6.321600000000000108e+00 -1.744745999999999952e+01 0.000000000000000000e+00
7.300000000000000000e+01 -6.676770000000000316e+00 -1.522780000000000022e+01 0.000000000000000000e+00
7.400000000000000000e+01 -7.040540000000000020e+00 -1.319285999999999959e+01 0.000000000000000000e+00
7.500000000000000000e+01 -7.407560000000000144e+00 -1.113132000000000055e+01 0.000000000000000000e+00
7.600000000000000000e+01 -7.591000000000000192e+00 -9.070270000000000721e+00 0.000000000000000000e+00
7.700000000000000000e+01 -7.850909999999999833e+00 -6.851079999999999615e+00 0.000000000000000000e+00
7.800000000000000000e+01 -8.168490000000000251e+00 -4.804079999999999906e+00 0.000000000000000000e+00
7.900000000000000000e+01 -8.487819999999999254e+00 -2.694519999999999804e+00 0.000000000000000000e+00
8.000000000000000000e+01 -1.065645999999999916e+01 1.405000000000000138e-01 0.000000000000000000e+00
8.100000000000000000e+01 -8.696360000000000312e+00 -4.956400000000000250e-01 0.000000000000000000e+00
8.200000000000000000e+01 -8.292479999999999407e+00 3.660239999999999938e+00 0.000000000000000000e+00
8.300000000000000000e+01 -7.493249999999999744e+00 5.731349999999999945e+00 0.000000000000000000e+00
8.400000000000000000e+01 -6.683930000000000149e+00 7.675980000000000025e+00 0.000000000000000000e+00
8.500000000000000000e+01 -5.979219999999999757e+00 9.657539999999999125e+00 0.000000000000000000e+00
8.600000000000000000e+01 -7.356049999999999756e+00 1.134872999999999976e+01 0.000000000000000000e+00
8.700000000000000000e+01 -6.608500000000000263e+00 1.326745000000000019e+01 0.000000000000000000e+00
8.800000000000000000e+01 -5.916170000000000151e+00 1.526740999999999993e+01 0.000000000000000000e+00
8.900000000000000000e+01 -5.152779999999999916e+00 1.719808000000000092e+01 0.000000000000000000e+00
9.000000000000000000e+01 -4.480999999999999872e+00 -1.842372999999999905e+01 0.000000000000000000e+00
9.100000000000000000e+01 -4.737090000000000245e+00 -1.609888000000000119e+01 0.000000000000000000e+00
9.200000000000000000e+01 -4.955429999999999779e+00 -1.397636999999999929e+01 0.000000000000000000e+00
9.300000000000000000e+01 -5.429210000000000313e+00 -1.190052000000000021e+01 0.000000000000000000e+00
9.400000000000000000e+01 -5.520170000000000243e+00 -9.830109999999999459e+00 0.000000000000000000e+00
9.500000000000000000e+01 -5.941550000000000331e+00 -7.717780000000000307e+00 0.000000000000000000e+00
9.600000000000000000e+01 -6.234009999999999607e+00 -5.516029999999999767e+00 0.000000000000000000e+00
9.700000000000000000e+01 -6.433139999999999858e+00 -3.410590000000000011e+00 0.000000000000000000e+00
9.800000000000000000e+01 -6.776440000000000019e+00 -1.364819999999999922e+00 0.000000000000000000e+00
9.900000000000000000e+01 -5.617930000000000312e+00 4.134800000000000142e-01 0.000000000000000000e+00
1.000000000000000000e+02 -6.924080000000000013e+00 2.078120000000000189e+00 0.000000000000000000e+00
1.010000000000000000e+02 -6.222690000000000055e+00 4.024420000000000108e+00 0.000000000000000000e+00
1.020000000000000000e+02 -5.404620000000000424e+00 6.066349999999999909e+00 0.000000000000000000e+00
1.030000000000000000e+02 -4.643909999999999982e+00 8.035450000000000870e+00 0.000000000000000000e+00
1.040000000000000000e+02 -5.270209999999999617e+00 1.161954000000000065e+01 0.000000000000000000e+00
1.050000000000000000e+02 -4.549690000000000012e+00 1.361847000000000030e+01 0.000000000000000000e+00
1.060000000000000000e+02 -3.799420000000000019e+00 1.560576000000000008e+01 0.000000000000000000e+00
1.070000000000000000e+02 -2.963779999999999859e+00 1.752262999999999948e+01 0.000000000000000000e+00
1.080000000000000000e+02 -2.842670000000000030e+00 -1.695165000000000077e+01 0.000000000000000000e+00
1.090000000000000000e+02 -2.932739999999999903e+00 -1.487954000000000043e+01 0.000000000000000000e+00
1.100000000000000000e+02 -3.322309999999999874e+00 -1.273282000000000025e+01 0.000000000000000000e+00
1.110000000000000000e+02 -3.605929999999999858e+00 -1.066830999999999996e+01 0.000000000000000000e+00
1.120000000000000000e+02 -2.052970000000000184e+00 -9.243439999999999657e+00 0.000000000000000000e+00
1.130000000000000000e+02 -3.969500000000000028e+00 -8.458470000000000155e+00 0.000000000000000000e+00
1.140000000000000000e+02 -4.287889999999999979e+00 -6.272300000000000431e+00 0.000000000000000000e+00
1.150000000000000000e+02 -4.504929999999999879e+00 -4.196670000000000122e+00 0.000000000000000000e+00
1.160000000000000000e+02 -4.647579999999999600e+00 -1.522410000000000041e+00 0.000000000000000000e+00
1.170000000000000000e+02 -3.515359999999999818e+00 5.345299999999999496e-01 0.000000000000000000e+00
1.180000000000000000e+02 -4.839220000000000077e+00 2.353250000000000064e+00 0.000000000000000000e+00
1.190000000000000000e+02 -4.075350000000000250e+00 4.375399999999999956e+00 0.000000000000000000e+00
1.200000000000000000e+02 -3.310449999999999893e+00 6.316300000000000026e+00 0.000000000000000000e+00
1.210000000000000000e+02 -2.550790000000000113e+00 8.276899999999999480e+00 0.000000000000000000e+00
1.220000000000000000e+02 -3.953030000000000044e+00 1.000282999999999944e+01 0.000000000000000000e+00
1.230000000000000000e+02 -3.148699999999999832e+00 1.194133000000000067e+01 0.000000000000000000e+00
1.240000000000000000e+02 -2.393310000000000048e+00 1.388242999999999938e+01 0.000000000000000000e+00
1.250000000000000000e+02 -8.256000000000000005e-01 1.799623000000000062e+01 0.000000000000000000e+00
1.260000000000000000e+02 -1.359359999999999902e+00 -1.989101000000000141e+01 0.000000000000000000e+00
1.270000000000000000e+02 -1.010520000000000085e+00 -1.568682000000000087e+01 0.000000000000000000e+00
1.280000000000000000e+02 -1.289570000000000105e+00 -1.361367000000000083e+01 0.000000000000000000e+00
1.290000000000000000e+02 -1.670739999999999892e+00 -1.139889999999999937e+01 0.000000000000000000e+00
1.300000000000000000e+02 -3.709100000000000175e-01 -7.863179999999999836e+00 0.000000000000000000e+00
1.310000000000000000e+02 -2.364380000000000148e+00 -7.110820000000000363e+00 0.000000000000000000e+00
1.320000000000000000e+02 -2.561549999999999994e+00 -5.039679999999999715e+00 0.000000000000000000e+00
1.330000000000000000e+02 -2.829289999999999861e+00 -2.994790000000000063e+00 0.000000000000000000e+00
1.340000000000000000e+02 -2.061100000000000154e+00 -1.028480000000000061e+00 0.000000000000000000e+00
1.350000000000000000e+02 -1.396160000000000068e+00 1.020899999999999919e+00 0.000000000000000000e+00
1.360000000000000000e+02 -2.772889999999999855e+00 2.651629999999999932e+00 0.000000000000000000e+00
1.370000000000000000e+02 -1.969549999999999912e+00 4.667290000000000383e+00 0.000000000000000000e+00
1.380000000000000000e+02 -1.263220000000000010e+00 6.669509999999999827e+00 0.000000000000000000e+00
1.390000000000000000e+02 -4.741000000000000214e-01 8.631180000000000518e+00 0.000000000000000000e+00
1.400000000000000000e+02 -1.832580000000000098e+00 1.029002999999999979e+01 0.000000000000000000e+00
1.410000000000000000e+02 -1.095739999999999936e+00 1.223886000000000074e+01 0.000000000000000000e+00
1.420000000000000000e+02 -1.586789999999999923e+00 1.596352000000000082e+01 0.000000000000000000e+00
1.430000000000000000e+02 -3.015050000000000008e+00 1.984706999999999866e+01 0.000000000000000000e+00
1.440000000000000000e+02 -8.033799999999999830e-01 -1.779821000000000097e+01 0.000000000000000000e+00
1.450000000000000000e+02 9.462199999999999500e-01 -1.650307000000000102e+01 0.000000000000000000e+00
1.460000000000000000e+02 6.382999999999999785e-01 -1.442727999999999966e+01 0.000000000000000000e+00
1.470000000000000000e+02 3.501000000000000223e-01 -1.229043000000000063e+01 0.000000000000000000e+00
1.480000000000000000e+02 -4.635000000000000231e-02 -1.010331000000000046e+01 0.000000000000000000e+00
1.490000000000000000e+02 -6.122100000000000319e-01 -5.819449999999999790e+00 0.000000000000000000e+00
1.500000000000000000e+02 -8.820799999999999752e-01 -3.756209999999999827e+00 0.000000000000000000e+00
1.510000000000000000e+02 -3.429999999999999716e-02 -5.603399999999999492e-01 0.000000000000000000e+00
1.520000000000000000e+02 2.389909999999999979e+00 -1.148509999999999920e+00 0.000000000000000000e+00
1.530000000000000000e+02 6.444199999999999928e-01 1.400400000000000089e+00 0.000000000000000000e+00
1.540000000000000000e+02 -7.317700000000000315e-01 2.990720000000000045e+00 0.000000000000000000e+00
1.550000000000000000e+02 9.149999999999999800e-02 4.937549999999999883e+00 0.000000000000000000e+00
1.560000000000000000e+02 8.161199999999999566e-01 6.956120000000000303e+00 0.000000000000000000e+00
1.570000000000000000e+02 1.604570000000000052e+00 8.895860000000000767e+00 0.000000000000000000e+00
1.580000000000000000e+02 3.168599999999999750e-01 1.059648999999999930e+01 0.000000000000000000e+00
1.590000000000000000e+02 -3.083500000000000130e-01 1.433728999999999942e+01 0.000000000000000000e+00
1.600000000000000000e+02 6.016299999999999981e-01 1.634215999999999980e+01 0.000000000000000000e+00
1.610000000000000000e+02 1.336840000000000028e+00 1.836939999999999884e+01 0.000000000000000000e+00
1.620000000000000000e+02 1.384949999999999903e+00 -1.857282000000000011e+01 0.000000000000000000e+00
1.630000000000000000e+02 2.602689999999999948e+00 -1.509206999999999965e+01 0.000000000000000000e+00
1.640000000000000000e+02 2.294779999999999820e+00 -1.305123000000000033e+01 0.000000000000000000e+00
1.650000000000000000e+02 1.964089999999999892e+00 -1.082483000000000040e+01 0.000000000000000000e+00
1.660000000000000000e+02 1.525770000000000071e+00 -8.750360000000000582e+00 0.000000000000000000e+00
1.670000000000000000e+02 1.307809999999999917e+00 -6.646049999999999791e+00 0.000000000000000000e+00
1.680000000000000000e+02 1.041539999999999910e+00 -4.511280000000000179e+00 0.000000000000000000e+00
1.690000000000000000e+02 8.019199999999999662e-01 -2.450320000000000054e+00 0.000000000000000000e+00
1.700000000000000000e+02 4.069029999999999703e+00 1.172399999999999970e-01 0.000000000000000000e+00
1.710000000000000000e+02 2.695219999999999949e+00 1.724429999999999907e+00 0.000000000000000000e+00
1.720000000000000000e+02 1.425969999999999960e+00 3.365530000000000133e+00 0.000000000000000000e+00
1.730000000000000000e+02 2.173319999999999919e+00 5.330309999999999881e+00 0.000000000000000000e+00
1.740000000000000000e+02 2.974079999999999835e+00 7.286760000000000126e+00 0.000000000000000000e+00
1.750000000000000000e+02 3.664079999999999782e+00 9.311939999999999884e+00 0.000000000000000000e+00
1.760000000000000000e+02 2.437419999999999920e+00 1.098911000000000016e+01 0.000000000000000000e+00
1.770000000000000000e+02 9.679200000000000026e-01 1.256692999999999927e+01 0.000000000000000000e+00
1.780000000000000000e+02 1.771519999999999984e+00 1.463842999999999961e+01 0.000000000000000000e+00
1.790000000000000000e+02 -1.555799999999999961e-01 2.003184999999999860e+01 0.000000000000000000e+00
1.800000000000000000e+02 3.077519999999999811e+00 -1.723983000000000132e+01 0.000000000000000000e+00
1.810000000000000000e+02 4.705610000000000070e+00 -1.590577000000000041e+01 0.000000000000000000e+00
1.820000000000000000e+02 4.297159999999999869e+00 -1.374089000000000027e+01 0.000000000000000000e+00
1.830000000000000000e+02 4.012380000000000280e+00 -1.162331999999999965e+01 0.000000000000000000e+00
1.840000000000000000e+02 3.567200000000000149e+00 -9.499670000000000059e+00 0.000000000000000000e+00
1.850000000000000000e+02 3.339080000000000048e+00 -7.334130000000000038e+00 0.000000000000000000e+00
1.860000000000000000e+02 3.004869999999999930e+00 -5.299619999999999997e+00 0.000000000000000000e+00
1.870000000000000000e+02 2.741019999999999790e+00 -3.254000000000000004e+00 0.000000000000000000e+00
1.880000000000000000e+02 4.371260000000000367e+00 -1.970970000000000111e+00 0.000000000000000000e+00
1.890000000000000000e+02 4.770760000000000112e+00 2.085100000000000176e+00 0.000000000000000000e+00
1.900000000000000000e+02 3.463220000000000187e+00 3.694780000000000175e+00 0.000000000000000000e+00
1.910000000000000000e+02 4.259019999999999584e+00 5.609849999999999781e+00 0.000000000000000000e+00
1.920000000000000000e+02 5.026069999999999816e+00 7.625009999999999621e+00 0.000000000000000000e+00
1.930000000000000000e+02 4.523550000000000182e+00 1.132367999999999952e+01 0.000000000000000000e+00
1.940000000000000000e+02 3.167640000000000011e+00 1.308830999999999989e+01 0.000000000000000000e+00
1.950000000000000000e+02 3.941660000000000164e+00 1.503982000000000063e+01 0.000000000000000000e+00
1.960000000000000000e+02 2.714599999999999902e+00 1.669245000000000090e+01 0.000000000000000000e+00
1.970000000000000000e+02 3.786129999999999995e+00 1.906626999999999938e+01 0.000000000000000000e+00
1.980000000000000000e+02 5.230749999999999567e+00 -1.801875000000000071e+01 0.000000000000000000e+00
1.990000000000000000e+02 6.234740000000000393e+00 -1.445152999999999999e+01 0.000000000000000000e+00
2.000000000000000000e+02 5.930839999999999890e+00 -1.237738000000000049e+01 0.000000000000000000e+00
2.010000000000000000e+02 5.687070000000000292e+00 -1.027269000000000077e+01 0.000000000000000000e+00
2.020000000000000000e+02 5.284620000000000317e+00 -8.195800000000000196e+00 0.000000000000000000e+00
2.030000000000000000e+02 5.050559999999999938e+00 -6.144070000000000142e+00 0.000000000000000000e+00
2.040000000000000000e+02 4.641829999999999679e+00 -4.038289999999999935e+00 0.000000000000000000e+00
2.050000000000000000e+02 6.287149999999999572e+00 -2.745109999999999939e+00 0.000000000000000000e+00
2.060000000000000000e+02 6.235899999999999999e+00 1.807999999999999885e-02 0.000000000000000000e+00
2.070000000000000000e+02 6.874480000000000146e+00 2.404739999999999878e+00 0.000000000000000000e+00
2.080000000000000000e+02 5.545040000000000191e+00 3.993250000000000188e+00 0.000000000000000000e+00
2.090000000000000000e+02 6.345460000000000100e+00 5.992379999999999818e+00 0.000000000000000000e+00
2.100000000000000000e+02 7.074530000000000207e+00 7.965110000000000134e+00 0.000000000000000000e+00
2.110000000000000000e+02 5.807579999999999742e+00 9.626789999999999736e+00 0.000000000000000000e+00
2.120000000000000000e+02 6.592539999999999623e+00 1.166541999999999923e+01 0.000000000000000000e+00
2.130000000000000000e+02 5.241839999999999833e+00 1.330611000000000033e+01 0.000000000000000000e+00
2.140000000000000000e+02 6.044019999999999726e+00 1.538775000000000048e+01 0.000000000000000000e+00
2.150000000000000000e+02 4.922579999999999956e+00 1.713663000000000025e+01 0.000000000000000000e+00
2.160000000000000000e+02 6.706279999999999575e+00 -1.657141999999999982e+01 0.000000000000000000e+00
2.170000000000000000e+02 8.386850000000000804e+00 -1.531034000000000006e+01 0.000000000000000000e+00
2.180000000000000000e+02 7.904869999999999841e+00 -1.322148999999999930e+01 0.000000000000000000e+00
2.190000000000000000e+02 7.645089999999999719e+00 -1.105880999999999936e+01 0.000000000000000000e+00
2.200000000000000000e+02 7.381499999999999950e+00 -8.983249999999999957e+00 0.000000000000000000e+00
2.210000000000000000e+02 7.022420000000000329e+00 -6.872469999999999857e+00 0.000000000000000000e+00
2.220000000000000000e+02 6.645990000000000286e+00 -4.833319999999999617e+00 0.000000000000000000e+00
2.230000000000000000e+02 8.283239999999999270e+00 -3.373369999999999980e+00 0.000000000000000000e+00
2.240000000000000000e+02 7.802349999999999675e+00 -1.343429999999999902e+00 0.000000000000000000e+00
2.250000000000000000e+02 8.203440000000000509e+00 7.357200000000000406e-01 0.000000000000000000e+00
2.260000000000000000e+02 9.070890000000000342e+00 2.867469999999999963e+00 0.000000000000000000e+00
2.270000000000000000e+02 7.686390000000000278e+00 4.419839999999999769e+00 0.000000000000000000e+00
2.280000000000000000e+02 8.505280000000000840e+00 6.418420000000000236e+00 0.000000000000000000e+00
2.290000000000000000e+02 9.304180000000000561e+00 8.320280000000000342e+00 0.000000000000000000e+00
2.300000000000000000e+02 7.915370000000000239e+00 9.858320000000000860e+00 0.000000000000000000e+00
2.310000000000000000e+02 8.708009999999999806e+00 1.186816999999999922e+01 0.000000000000000000e+00
2.320000000000000000e+02 7.283470000000000333e+00 1.369438000000000066e+01 0.000000000000000000e+00
2.330000000000000000e+02 7.254570000000000185e+00 1.746197000000000088e+01 0.000000000000000000e+00
2.340000000000000000e+02 1.037250000000000050e+01 -1.627355000000000018e+01 0.000000000000000000e+00
2.350000000000000000e+02 9.923590000000000799e+00 -1.391161999999999921e+01 0.000000000000000000e+00
2.360000000000000000e+02 9.638149999999999551e+00 -1.180390000000000050e+01 0.000000000000000000e+00
2.370000000000000000e+02 9.359690000000000509e+00 -9.575309999999999988e+00 0.000000000000000000e+00
2.380000000000000000e+02 8.999510000000000787e+00 -7.530529999999999724e+00 0.000000000000000000e+00
2.390000000000000000e+02 8.627660000000000551e+00 -5.501389999999999780e+00 0.000000000000000000e+00
2.400000000000000000e+02 1.026229000000000013e+01 -4.001149999999999984e+00 0.000000000000000000e+00
2.410000000000000000e+02 9.876459999999999795e+00 -1.836419999999999941e+00 0.000000000000000000e+00
2.420000000000000000e+02 1.027650000000000041e+01 1.147180000000000089e+00 0.000000000000000000e+00
2.430000000000000000e+02 1.119614999999999938e+01 3.084490000000000176e+00 0.000000000000000000e+00
2.440000000000000000e+02 1.198628000000000071e+01 5.033970000000000056e+00 0.000000000000000000e+00
2.450000000000000000e+02 9.852619999999999933e+00 4.767249999999999766e+00 0.000000000000000000e+00
2.460000000000000000e+02 1.062852999999999959e+01 6.693830000000000169e+00 0.000000000000000000e+00
2.470000000000000000e+02 1.144663000000000075e+01 8.603479999999999350e+00 0.000000000000000000e+00
2.480000000000000000e+02 1.001821999999999946e+01 1.025262999999999991e+01 0.000000000000000000e+00
2.490000000000000000e+02 1.081225000000000058e+01 1.224505000000000088e+01 0.000000000000000000e+00
2.500000000000000000e+02 8.106859999999999289e+00 1.558831999999999951e+01 0.000000000000000000e+00
2.510000000000000000e+02 1.025589000000000084e+01 1.594663000000000075e+01 0.000000000000000000e+00
2.520000000000000000e+02 1.215563000000000038e+01 -1.463903999999999961e+01 0.000000000000000000e+00
2.530000000000000000e+02 1.162570999999999977e+01 -1.252962999999999916e+01 0.000000000000000000e+00
2.540000000000000000e+02 1.129607000000000028e+01 -1.028991000000000078e+01 0.000000000000000000e+00
2.550000000000000000e+02 1.312780000000000058e+01 -9.125049999999999883e+00 0.000000000000000000e+00
2.560000000000000000e+02 1.097694000000000081e+01 -8.221890000000000143e+00 0.000000000000000000e+00
2.570000000000000000e+02 1.062054999999999971e+01 -6.132929999999999993e+00 0.000000000000000000e+00
2.580000000000000000e+02 1.223188000000000031e+01 -4.668879999999999697e+00 0.000000000000000000e+00
2.590000000000000000e+02 1.187942999999999927e+01 -2.610259999999999803e+00 0.000000000000000000e+00
2.600000000000000000e+02 1.361716999999999977e+01 -5.341200000000000392e-01 0.000000000000000000e+00
2.610000000000000000e+02 1.149849000000000032e+01 -5.179799999999999960e-01 0.000000000000000000e+00
2.620000000000000000e+02 1.330671000000000070e+01 3.266430000000000167e+00 0.000000000000000000e+00
2.630000000000000000e+02 1.275172000000000061e+01 7.012430000000000163e+00 0.000000000000000000e+00
2.640000000000000000e+02 1.484468999999999994e+01 7.203750000000000320e+00 0.000000000000000000e+00
2.650000000000000000e+02 1.356398000000000081e+01 8.933009999999999451e+00 0.000000000000000000e+00
2.660000000000000000e+02 1.426164999999999949e+01 1.110796999999999990e+01 0.000000000000000000e+00
2.670000000000000000e+02 1.210233999999999988e+01 1.057077999999999918e+01 0.000000000000000000e+00
2.680000000000000000e+02 1.292573999999999934e+01 1.279472999999999949e+01 0.000000000000000000e+00
2.690000000000000000e+02 9.473689999999999500e+00 1.388903999999999961e+01 0.000000000000000000e+00
2.700000000000000000e+02 1.379672000000000054e+01 -1.328622999999999976e+01 0.000000000000000000e+00
2.710000000000000000e+02 1.340252000000000088e+01 -1.121523999999999965e+01 0.000000000000000000e+00
2.720000000000000000e+02 1.525320999999999927e+01 -9.802839999999999776e+00 0.000000000000000000e+00
2.730000000000000000e+02 1.460016000000000069e+01 -7.590849999999999653e+00 0.000000000000000000e+00
2.740000000000000000e+02 1.265619000000000050e+01 -6.713460000000000427e+00 0.000000000000000000e+00
2.750000000000000000e+02 1.432996999999999943e+01 -5.439820000000000100e+00 0.000000000000000000e+00
2.760000000000000000e+02 1.595557999999999943e+01 -4.069989999999999775e+00 0.000000000000000000e+00
2.770000000000000000e+02 1.384716000000000058e+01 -3.368739999999999846e+00 0.000000000000000000e+00
2.780000000000000000e+02 1.617974999999999852e+01 4.062999999999999945e-02 0.000000000000000000e+00
2.790000000000000000e+02 1.240241999999999933e+01 1.395899999999999919e+00 0.000000000000000000e+00
2.800000000000000000e+02 1.456470000000000020e+01 1.443459999999999965e+00 0.000000000000000000e+00
2.810000000000000000e+02 1.410740000000000016e+01 5.186779999999999724e+00 0.000000000000000000e+00
2.820000000000000000e+02 1.542862000000000045e+01 3.484849999999999781e+00 0.000000000000000000e+00
2.830000000000000000e+02 1.620656999999999925e+01 5.560430000000000206e+00 0.000000000000000000e+00
2.840000000000000000e+02 1.563916000000000039e+01 9.147380000000000067e+00 0.000000000000000000e+00
2.850000000000000000e+02 1.721424999999999983e+01 7.790119999999999933e+00 0.000000000000000000e+00
2.860000000000000000e+02 1.668353000000000108e+01 1.096936000000000000e+01 0.000000000000000000e+00
2.870000000000000000e+02 1.153157000000000032e+01 1.432390000000000008e+01 0.000000000000000000e+00
2.880000000000000000e+02 1.534342000000000006e+01 -1.190706999999999915e+01 0.000000000000000000e+00
2.890000000000000000e+02 1.671359999999999957e+01 -8.348489999999999966e+00 0.000000000000000000e+00
2.900000000000000000e+02 1.860911000000000115e+01 -6.814630000000000187e+00 0.000000000000000000e+00
2.910000000000000000e+02 1.796965000000000146e+01 -4.570249999999999702e+00 0.000000000000000000e+00
2.920000000000000000e+02 1.638870999999999967e+01 -6.188080000000000247e+00 0.000000000000000000e+00
2.930000000000000000e+02 1.737116999999999933e+01 -2.494250000000000078e+00 0.000000000000000000e+00
2.940000000000000000e+02 1.831231999999999971e+01 -4.752600000000000158e-01 0.000000000000000000e+00
2.950000000000000000e+02 1.535854999999999926e+01 -1.912779999999999925e+00 0.000000000000000000e+00
2.960000000000000000e+02 1.961780999999999864e+01 -3.147619999999999862e+00 0.000000000000000000e+00
2.970000000000000000e+02 1.686703999999999937e+01 1.976860000000000062e+00 0.000000000000000000e+00
2.980000000000000000e+02 1.894405000000000072e+01 1.875879999999999992e+00 0.000000000000000000e+00
2.990000000000000000e+02 1.766030999999999906e+01 3.978530000000000122e+00 0.000000000000000000e+00
