0.000000000000000000e+00 -1.447258000000000067e+01 -1.524700999999999951e+01 0.000000000000000000e+00
1.000000000000000000e+00 -1.496921999999999997e+01 -1.321138000000000012e+01 0.000000000000000000e+00
2.000000000000000000e+00 -1.536555000000000071e+01 -1.114287000000000027e+01 0.000000000000000000e+00
3.000000000000000000e+00 -1.608808000000000149e+01 -9.095309999999999562e+00 0.000000000000000000e+00
4.000000000000000000e+00 -1.633996000000000137e+01 -6.959489999999999732e+00 0.000000000000000000e+00
5.000000000000000000e+00 -1.894523999999999830e+01 -5.601530000000000342e+00 0.000000000000000000e+00
6.000000000000000000e+00 -1.688561999999999941e+01 -4.908019999999999605e+00 0.000000000000000000e+00
7.000000000000000000e+00 -1.736856999999999829e+01 -2.433339999999999836e+00 0.000000000000000000e+00
8.000000000000000000e+00 -1.848151999999999973e+01 -6.108200000000000296e-01 0.000000000000000000e+00
9.000000000000000000e+00 -2.001922000000000068e+01 8.297999999999999821e-01 0.000000000000000000e+00
1.000000000000000000e+01 -1.816060999999999837e+01 4.443920000000000314e+00 0.000000000000000000e+00
1.100000000000000000e+01 -1.651823999999999870e+01 3.182329999999999881e+00 0.000000000000000000e+00
1.200000000000000000e+01 -1.653949000000000069e+01 5.786749999999999616e+00 0.000000000000000000e+00
1.300000000000000000e+01 -1.822513000000000005e+01 7.056569999999999787e+00 0.000000000000000000e+00
1.400000000000000000e+01 -1.640662000000000020e+01 8.148289999999999367e+00 0.000000000000000000e+00
1.500000000000000000e+01 -1.641150999999999982e+01 1.064780999999999977e+01 0.000000000000000000e+00
1.600000000000000000e+01 -1.568379999999999974e+01 1.283094999999999963e+01 0.000000000000000000e+00
1.700000000000000000e+01 -1.496082000000000001e+01 1.476556000000000068e+01 0.000000000000000000e+00
1.800000000000000000e+01 -1.236021999999999998e+01 -1.586781000000000041e+01 0.000000000000000000e+00
1.900000000000000000e+01 -1.280516000000000076e+01 -1.383999999999999986e+01 0.000000000000000000e+00
2.000000000000000000e+01 -1.331544000000000061e+01 -1.183244000000000007e+01 0.000000000000000000e+00
2.100000000000000000e+01 -1.380072999999999972e+01 -9.742020000000000124e+00 0.000000000000000000e+00
2.200000000000000000e+01 -1.433215000000000039e+01 -7.642929999999999779e+00 0.000000000000000000e+00
2.300000000000000000e+01 -1.477061999999999919e+01 -5.561320000000000263e+00 0.000000000000000000e+00
2.400000000000000000e+01 -1.327183999999999919e+01 -4.009299999999999642e+00 0.000000000000000000e+00
2.500000000000000000e+01 -1.520627999999999957e+01 -3.277330000000000076e+00 0.000000000000000000e+00
2.600000000000000000e+01 -1.565254999999999974e+01 -1.206579999999999986e+00 0.000000000000000000e+00
2.700000000000000000e+01 -1.615538000000000096e+01 9.321599999999999886e-01 0.000000000000000000e+00
2.800000000000000000e+01 -1.811288000000000054e+01 1.753379999999999939e+00 0.000000000000000000e+00
2.900000000000000000e+01 -1.456901000000000046e+01 2.261699999999999822e+00 0.000000000000000000e+00
3.000000000000000000e+01 -1.491070000000000029e+01 4.513799999999999812e+00 0.000000000000000000e+00
3.100000000000000000e+01 -1.473503999999999969e+01 6.917410000000000281e+00 0.000000000000000000e+00
3.200000000000000000e+01 -1.462154999999999916e+01 9.352009999999999934e+00 0.000000000000000000e+00
3.300000000000000000e+01 -1.410300999999999938e+01 1.151216999999999935e+01 0.000000000000000000e+00
3.400000000000000000e+01 -1.334360000000000035e+01 1.346651999999999916e+01 0.000000000000000000e+00
3.500000000000000000e+01 -1.298900000000000077e+01 1.560754000000000019e+01 0.000000000000000000e+00
3.600000000000000000e+01 -1.042731000000000030e+01 -1.662156999999999840e+01 0.000000000000000000e+00
3.700000000000000000e+01 -1.078569000000000067e+01 -1.445768999999999949e+01 0.000000000000000000e+00
3.800000000000000000e+01 -1.128889999999999993e+01 -1.234038999999999930e+01 0.000000000000000000e+00
3.900000000000000000e+01 -1.175056999999999974e+01 -1.030225000000000080e+01 0.000000000000000000e+00
4.000000000000000000e+01 -1.226694999999999958e+01 -8.263059999999999405e+00 0.000000000000000000e+00
4.100000000000000000e+01 -1.279987000000000030e+01 -6.219940000000000246e+00 0.000000000000000000e+00
4.200000000000000000e+01 -1.124672999999999945e+01 -4.700859999999999594e+00 0.000000000000000000e+00
4.300000000000000000e+01 -1.167134000000000071e+01 -2.520300000000000207e+00 0.000000000000000000e+00
4.400000000000000000e+01 -1.366563999999999979e+01 -1.893159999999999954e+00 0.000000000000000000e+00
4.500000000000000000e+01 -1.407970000000000077e+01 1.902399999999999924e-01 0.000000000000000000e+00
4.600000000000000000e+01 -1.233305000000000007e+01 1.618249999999999966e+00 0.000000000000000000e+00
4.700000000000000000e+01 -1.272578000000000031e+01 3.638240000000000141e+00 0.000000000000000000e+00
4.800000000000000000e+01 -1.297495999999999938e+01 5.779390000000000249e+00 0.000000000000000000e+00
4.900000000000000000e+01 -1.299302999999999919e+01 8.032579999999999387e+00 0.000000000000000000e+00
5.000000000000000000e+01 -1.252270000000000039e+01 1.013012999999999941e+01 0.000000000000000000e+00
5.100000000000000000e+01 -1.178279999999999994e+01 1.209519000000000055e+01 0.000000000000000000e+00
5.200000000000000000e+01 -1.130957000000000079e+01 1.419871000000000016e+01 0.000000000000000000e+00
5.300000000000000000e+01 -1.104208000000000034e+01 1.648820999999999870e+01 0.000000000000000000e+00
5.400000000000000000e+01 -7.928379999999999761e+00 -1.757317000000000107e+01 0.000000000000000000e+00
5.500000000000000000e+01 -8.673880000000000479e+00 -1.511354000000000042e+01 0.000000000000000000e+00
5.600000000000000000e+01 -9.242739999999999512e+00 -1.298521000000000036e+01 0.000000000000000000e+00
5.700000000000000000e+01 -9.710720000000000240e+00 -1.093990999999999936e+01 0.000000000000000000e+00
5.800000000000000000e+01 -1.020565999999999995e+01 -8.875429999999999708e+00 0.000000000000000000e+00
5.900000000000000000e+01 -1.064228999999999914e+01 -6.815229999999999677e+00 0.000000000000000000e+00
6.000000000000000000e+01 -9.096140000000000114e+00 -5.370230000000000281e+00 0.000000000000000000e+00
6.100000000000000000e+01 -9.635880000000000223e+00 -3.378880000000000106e+00 0.000000000000000000e+00
6.200000000000000000e+01 -1.211794000000000082e+01 -4.895599999999999952e-01 0.000000000000000000e+00
6.300000000000000000e+01 -1.041535000000000011e+01 7.358200000000000296e-01 0.000000000000000000e+00
6.400000000000000000e+01 -1.066277999999999970e+01 2.821270000000000167e+00 0.000000000000000000e+00
6.500000000000000000e+01 -1.104265999999999970e+01 4.860339999999999883e+00 0.000000000000000000e+00
6.600000000000000000e+01 -1.123011999999999944e+01 6.907490000000000130e+00 0.000000000000000000e+00
6.700000000000000000e+01 -1.075107999999999997e+01 8.936329999999999885e+00 0.000000000000000000e+00
6.800000000000000000e+01 -1.008052999999999955e+01 1.089155000000000051e+01 0.000000000000000000e+00
6.900000000000000000e+01 -9.657170000000000698e+00 1.291628000000000043e+01 0.000000000000000000e+00
7.000000000000000000e+01 -9.329409999999999314e+00 1.501458000000000048e+01 0.000000000000000000e+00
7.100000000000000000e+01 -7.435679999999999623e+00 1.778630000000000067e+01 0.000000000000000000e+00
7.200000000000000000e+01 -6.565109999999999779e+00 -1.575769999999999982e+01 0.000000000000000000e+00
7.300000000000000000e+01 -7.194440000000000168e+00 -1.362252999999999936e+01 0.000000000000000000e+00
7.400000000000000000e+01 -7.694989999999999775e+00 -1.158736999999999995e+01 0.000000000000000000e+00
7.500000000000000000e+01 -8.166619999999999990e+00 -9.472350000000000492e+00 0.000000000000000000e+00
7.600000000000000000e+01 -8.645200000000000884e+00 -7.401159999999999961e+00 0.000000000000000000e+00
7.700000000000000000e+01 -7.086929999999999730e+00 -5.967900000000000205e+00 0.000000000000000000e+00
7.800000000000000000e+01 -7.521060000000000301e+00 -3.941479999999999873e+00 0.000000000000000000e+00
7.900000000000000000e+01 -7.998960000000000292e+00 -1.924460000000000059e+00 0.000000000000000000e+00
8.000000000000000000e+01 -9.988699999999999690e+00 -1.307090000000000085e+00 0.000000000000000000e+00
8.100000000000000000e+01 -8.424709999999999255e+00 1.197499999999999953e-01 0.000000000000000000e+00
8.200000000000000000e+01 -8.691169999999999618e+00 2.218550000000000022e+00 0.000000000000000000e+00
8.300000000000000000e+01 -9.047209999999999752e+00 4.366030000000000300e+00 0.000000000000000000e+00
8.400000000000000000e+01 -9.168169999999999931e+00 7.249830000000000219e+00 0.000000000000000000e+00
8.500000000000000000e+01 -8.612389999999999546e+00 9.436859999999999360e+00 0.000000000000000000e+00
8.600000000000000000e+01 -8.073100000000000165e+00 1.146854000000000084e+01 0.000000000000000000e+00
8.700000000000000000e+01 -7.617429999999999701e+00 1.350982999999999912e+01 0.000000000000000000e+00
8.800000000000000000e+01 -7.319169999999999732e+00 1.559946000000000055e+01 0.000000000000000000e+00
8.900000000000000000e+01 -4.905569999999999986e+00 1.839957000000000065e+01 0.000000000000000000e+00
9.000000000000000000e+01 -4.756210000000000271e+00 -1.693682000000000087e+01 0.000000000000000000e+00
9.100000000000000000e+01 -5.165939999999999976e+00 -1.422871999999999915e+01 0.000000000000000000e+00
9.200000000000000000e+01 -5.631479999999999819e+00 -1.221260999999999974e+01 0.000000000000000000e+00
9.300000000000000000e+01 -6.182109999999999772e+00 -1.017983000000000082e+01 0.000000000000000000e+00
9.400000000000000000e+01 -6.609230000000000160e+00 -8.041230000000000544e+00 0.000000000000000000e+00
9.500000000000000000e+01 -5.089339999999999975e+00 -6.637839999999999741e+00 0.000000000000000000e+00
9.600000000000000000e+01 -5.527129999999999654e+00 -4.583319999999999617e+00 0.000000000000000000e+00
9.700000000000000000e+01 -5.926969999999999850e+00 -2.534100000000000019e+00 0.000000000000000000e+00
9.800000000000000000e+01 -6.447530000000000427e+00 -5.097899999999999654e-01 0.000000000000000000e+00
9.900000000000000000e+01 -6.582819999999999894e+00 2.362760000000000193e+00 0.000000000000000000e+00
1.000000000000000000e+02 -6.102999999999999758e+00 4.420609999999999928e+00 0.000000000000000000e+00
1.010000000000000000e+02 -7.606180000000000163e+00 5.864020000000000010e+00 0.000000000000000000e+00
1.020000000000000000e+02 -7.085560000000000080e+00 7.905689999999999884e+00 0.000000000000000000e+00
1.030000000000000000e+02 -6.572350000000000136e+00 9.944850000000000634e+00 0.000000000000000000e+00
1.040000000000000000e+02 -6.069700000000000095e+00 1.208918000000000070e+01 0.000000000000000000e+00
1.050000000000000000e+02 -5.647739999999999760e+00 1.414784000000000042e+01 0.000000000000000000e+00
1.060000000000000000e+02 -5.368960000000000399e+00 1.630676000000000059e+01 0.000000000000000000e+00
1.070000000000000000e+02 -2.831609999999999960e+00 1.893198999999999899e+01 0.000000000000000000e+00
1.080000000000000000e+02 -3.750109999999999832e+00 -1.893390000000000128e+01 0.000000000000000000e+00
1.090000000000000000e+02 -3.188039999999999985e+00 -1.504587000000000074e+01 0.000000000000000000e+00
1.100000000000000000e+02 -3.610370000000000079e+00 -1.277539999999999942e+01 0.000000000000000000e+00
1.110000000000000000e+02 -4.132920000000000371e+00 -1.077688000000000024e+01 0.000000000000000000e+00
1.120000000000000000e+02 -4.645069999999999588e+00 -8.752810000000000201e+00 0.000000000000000000e+00
1.130000000000000000e+02 -3.119240000000000013e+00 -7.340980000000000061e+00 0.000000000000000000e+00
1.140000000000000000e+02 -3.567730000000000068e+00 -5.226619999999999600e+00 0.000000000000000000e+00
1.150000000000000000e+02 -3.949460000000000193e+00 -3.145690000000000097e+00 0.000000000000000000e+00
1.160000000000000000e+02 -4.398419999999999774e+00 -1.060499999999999998e+00 0.000000000000000000e+00
1.170000000000000000e+02 -5.008210000000000051e+00 9.911900000000000155e-01 0.000000000000000000e+00
1.180000000000000000e+02 -4.600369999999999848e+00 3.009659999999999780e+00 0.000000000000000000e+00
1.190000000000000000e+02 -4.006179999999999630e+00 5.000040000000000262e+00 0.000000000000000000e+00
1.200000000000000000e+02 -5.577149999999999608e+00 6.457740000000000258e+00 0.000000000000000000e+00
1.210000000000000000e+02 -5.097179999999999822e+00 8.463910000000000267e+00 0.000000000000000000e+00
1.220000000000000000e+02 -4.618599999999999817e+00 1.059562999999999988e+01 0.000000000000000000e+00
1.230000000000000000e+02 -4.054199999999999804e+00 1.259106000000000058e+01 0.000000000000000000e+00
1.240000000000000000e+02 -3.666790000000000216e+00 1.475440000000000040e+01 0.000000000000000000e+00
1.250000000000000000e+02 -3.190719999999999779e+00 1.689198000000000022e+01 0.000000000000000000e+00
1.260000000000000000e+02 -1.206439999999999957e+00 -1.908295999999999992e+01 0.000000000000000000e+00
1.270000000000000000e+02 -2.562780000000000058e+00 -1.710370999999999952e+01 0.000000000000000000e+00
1.280000000000000000e+02 -1.658090000000000064e+00 -1.352759999999999962e+01 0.000000000000000000e+00
1.290000000000000000e+02 -2.621830000000000105e+00 -9.377810000000000201e+00 0.000000000000000000e+00
1.300000000000000000e+02 -1.080109999999999904e+00 -7.922769999999999868e+00 0.000000000000000000e+00
1.310000000000000000e+02 -1.565450000000000008e+00 -5.898460000000000036e+00 0.000000000000000000e+00
1.320000000000000000e+02 -2.000420000000000087e+00 -3.844090000000000007e+00 0.000000000000000000e+00
1.330000000000000000e+02 -2.376920000000000144e+00 -1.776049999999999907e+00 0.000000000000000000e+00
1.340000000000000000e+02 -1.421459999999999946e+00 5.516000000000000070e-02 0.000000000000000000e+00
1.350000000000000000e+02 -2.976890000000000036e+00 1.502669999999999950e+00 0.000000000000000000e+00
1.360000000000000000e+02 -2.534889999999999866e+00 3.554730000000000167e+00 0.000000000000000000e+00
1.370000000000000000e+02 -2.020360000000000156e+00 5.655969999999999942e+00 0.000000000000000000e+00
1.380000000000000000e+02 -3.480300000000000171e+00 7.139789999999999637e+00 0.000000000000000000e+00
1.390000000000000000e+02 -3.107829999999999870e+00 9.165179999999999438e+00 0.000000000000000000e+00
1.400000000000000000e+02 -2.549999999999999822e+00 1.116460000000000008e+01 0.000000000000000000e+00
1.410000000000000000e+02 -1.997519999999999962e+00 1.323864999999999981e+01 0.000000000000000000e+00
1.420000000000000000e+02 -1.534189999999999943e+00 1.539216000000000051e+01 0.000000000000000000e+00
1.430000000000000000e+02 -1.199580000000000091e+00 1.742774000000000001e+01 0.000000000000000000e+00
1.440000000000000000e+02 -7.150000000000000105e-03 -1.737856999999999985e+01 0.000000000000000000e+00
1.450000000000000000e+02 -1.133590000000000098e+00 -1.557060000000000066e+01 0.000000000000000000e+00
1.460000000000000000e+02 9.818999999999999950e-02 -1.197977999999999987e+01 0.000000000000000000e+00
1.470000000000000000e+02 -2.034139999999999837e+00 -1.141882999999999981e+01 0.000000000000000000e+00
1.480000000000000000e+02 -5.782399999999999762e-01 -9.937789999999999679e+00 0.000000000000000000e+00
1.490000000000000000e+02 5.270899999999999475e-01 -6.576270000000000060e+00 0.000000000000000000e+00
1.500000000000000000e+02 9.578000000000000402e-02 -4.472979999999999734e+00 0.000000000000000000e+00
1.510000000000000000e+02 4.533000000000000224e-02 -1.421210000000000084e+00 0.000000000000000000e+00
1.520000000000000000e+02 5.685299999999999798e-01 6.278099999999999792e-01 0.000000000000000000e+00
1.530000000000000000e+02 1.020070000000000032e+00 2.669420000000000126e+00 0.000000000000000000e+00
1.540000000000000000e+02 -9.859400000000000386e-01 2.114279999999999937e+00 0.000000000000000000e+00
1.550000000000000000e+02 -5.526499999999999746e-01 4.218619999999999592e+00 0.000000000000000000e+00
1.560000000000000000e+02 -1.444160000000000110e+00 7.696670000000000122e+00 0.000000000000000000e+00
1.570000000000000000e+02 -9.795399999999999663e-01 9.707290000000000418e+00 0.000000000000000000e+00
1.580000000000000000e+02 -4.850200000000000067e-01 1.179419000000000040e+01 0.000000000000000000e+00
1.590000000000000000e+02 4.309999999999999595e-03 1.398799999999999955e+01 0.000000000000000000e+00
1.600000000000000000e+02 5.441899999999999515e-01 1.623342999999999847e+01 0.000000000000000000e+00
1.610000000000000000e+02 -2.619799999999999907e-01 1.927489999999999881e+01 0.000000000000000000e+00
1.620000000000000000e+02 1.166130000000000111e+00 -1.913436000000000092e+01 0.000000000000000000e+00
1.630000000000000000e+02 1.498340000000000005e+00 -1.577337999999999951e+01 0.000000000000000000e+00
1.640000000000000000e+02 3.479200000000000070e-01 -1.403677000000000064e+01 0.000000000000000000e+00
1.650000000000000000e+02 1.456609999999999960e+00 -1.036530999999999914e+01 0.000000000000000000e+00
1.660000000000000000e+02 1.916800000000000059e+00 -8.370079999999999742e+00 0.000000000000000000e+00
1.670000000000000000e+02 2.602430000000000021e+00 -6.313559999999999839e+00 0.000000000000000000e+00
1.680000000000000000e+02 3.056540000000000035e+00 -4.275619999999999976e+00 0.000000000000000000e+00
1.690000000000000000e+02 1.489249999999999963e+00 -2.887199999999999989e+00 0.000000000000000000e+00
1.700000000000000000e+02 2.071909999999999918e+00 -8.080199999999999605e-01 0.000000000000000000e+00
1.710000000000000000e+02 2.541319999999999801e+00 1.275579999999999936e+00 0.000000000000000000e+00
1.720000000000000000e+02 3.052630000000000177e+00 3.303980000000000139e+00 0.000000000000000000e+00
1.730000000000000000e+02 1.493219999999999992e+00 4.728220000000000312e+00 0.000000000000000000e+00
1.740000000000000000e+02 2.069999999999999965e-02 6.217699999999999783e+00 0.000000000000000000e+00
1.750000000000000000e+02 5.688999999999999613e-01 8.269149999999999778e+00 0.000000000000000000e+00
1.760000000000000000e+02 1.076640000000000041e+00 1.029673999999999978e+01 0.000000000000000000e+00
1.770000000000000000e+02 1.592889999999999917e+00 1.232206000000000046e+01 0.000000000000000000e+00
1.780000000000000000e+02 2.114370000000000083e+00 1.433549999999999969e+01 0.000000000000000000e+00
1.790000000000000000e+02 3.808279999999999887e+00 1.996506000000000114e+01 0.000000000000000000e+00
1.800000000000000000e+02 4.741419999999999746e+00 -1.940938999999999837e+01 0.000000000000000000e+00
1.810000000000000000e+02 2.402559999999999807e+00 -1.391239999999999988e+01 0.000000000000000000e+00
1.820000000000000000e+02 2.952290000000000081e+00 -1.184127999999999936e+01 0.000000000000000000e+00
1.830000000000000000e+02 3.460789999999999811e+00 -9.787800000000000722e+00 0.000000000000000000e+00
1.840000000000000000e+02 4.046909999999999563e+00 -7.788660000000000139e+00 0.000000000000000000e+00
1.850000000000000000e+02 4.621030000000000193e+00 -5.749460000000000015e+00 0.000000000000000000e+00
1.860000000000000000e+02 5.176090000000000302e+00 -3.718919999999999781e+00 0.000000000000000000e+00
1.870000000000000000e+02 3.553770000000000095e+00 -2.256250000000000089e+00 0.000000000000000000e+00
1.880000000000000000e+02 4.044159999999999755e+00 -1.900900000000000090e-01 0.000000000000000000e+00
1.890000000000000000e+02 4.526930000000000121e+00 1.839820000000000011e+00 0.000000000000000000e+00
1.900000000000000000e+02 5.097559999999999647e+00 3.869810000000000194e+00 0.000000000000000000e+00
1.910000000000000000e+02 3.606590000000000185e+00 5.295279999999999987e+00 0.000000000000000000e+00
1.920000000000000000e+02 2.096029999999999838e+00 6.719249999999999723e+00 0.000000000000000000e+00
1.930000000000000000e+02 2.671149999999999913e+00 8.836169999999999192e+00 0.000000000000000000e+00
1.940000000000000000e+02 3.150430000000000064e+00 1.094797999999999938e+01 0.000000000000000000e+00
1.950000000000000000e+02 3.811690000000000023e+00 1.296086000000000027e+01 0.000000000000000000e+00
1.960000000000000000e+02 2.753690000000000193e+00 1.640215999999999852e+01 0.000000000000000000e+00
1.970000000000000000e+02 2.226560000000000095e+00 1.849421999999999855e+01 0.000000000000000000e+00
1.980000000000000000e+02 2.958489999999999842e+00 -1.725421000000000049e+01 0.000000000000000000e+00
1.990000000000000000e+02 3.916189999999999838e+00 -1.541485999999999912e+01 0.000000000000000000e+00
2.000000000000000000e+02 4.396779999999999688e+00 -1.335188999999999915e+01 0.000000000000000000e+00
2.010000000000000000e+02 4.963499999999999801e+00 -1.133717000000000041e+01 0.000000000000000000e+00
2.020000000000000000e+02 5.502469999999999750e+00 -9.314239999999999853e+00 0.000000000000000000e+00
2.030000000000000000e+02 6.102089999999999570e+00 -7.302369999999999806e+00 0.000000000000000000e+00
2.040000000000000000e+02 6.640159999999999840e+00 -5.268060000000000187e+00 0.000000000000000000e+00
2.050000000000000000e+02 5.584380000000000344e+00 -1.615240000000000009e+00 0.000000000000000000e+00
2.060000000000000000e+02 7.676840000000000330e+00 -1.159459999999999935e+00 0.000000000000000000e+00
2.070000000000000000e+02 6.073319999999999830e+00 4.109400000000000275e-01 0.000000000000000000e+00
2.080000000000000000e+02 6.646589999999999776e+00 2.448819999999999997e+00 0.000000000000000000e+00
2.090000000000000000e+02 5.597649999999999793e+00 5.885790000000000077e+00 0.000000000000000000e+00
2.100000000000000000e+02 4.111180000000000057e+00 7.338040000000000340e+00 0.000000000000000000e+00
2.110000000000000000e+02 4.670160000000000089e+00 9.429059999999999775e+00 0.000000000000000000e+00
2.120000000000000000e+02 5.907919999999999838e+00 1.343160999999999916e+01 0.000000000000000000e+00
2.130000000000000000e+02 4.467229999999999812e+00 1.494294000000000011e+01 0.000000000000000000e+00
2.140000000000000000e+02 5.869869999999999699e+00 1.650814000000000092e+01 0.000000000000000000e+00
2.150000000000000000e+02 4.260679999999999801e+00 1.784955000000000069e+01 0.000000000000000000e+00
2.160000000000000000e+02 5.261269999999999669e+00 -1.708744000000000085e+01 0.000000000000000000e+00
2.170000000000000000e+02 6.098239999999999661e+00 -1.493051999999999957e+01 0.000000000000000000e+00
2.180000000000000000e+02 6.454080000000000261e+00 -1.280181999999999931e+01 0.000000000000000000e+00
2.190000000000000000e+02 6.994979999999999976e+00 -1.075141999999999953e+01 0.000000000000000000e+00
2.200000000000000000e+02 7.622899999999999565e+00 -8.734069999999999112e+00 0.000000000000000000e+00
2.210000000000000000e+02 8.128230000000000288e+00 -6.714760000000000062e+00 0.000000000000000000e+00
2.220000000000000000e+02 8.655269999999999797e+00 -4.704369999999999941e+00 0.000000000000000000e+00
2.230000000000000000e+02 7.179009999999999891e+00 -3.216400000000000148e+00 0.000000000000000000e+00
2.240000000000000000e+02 9.661709999999999354e+00 -4.993000000000000216e-01 0.000000000000000000e+00
2.250000000000000000e+02 8.172040000000000859e+00 9.637599999999999500e-01 0.000000000000000000e+00
2.260000000000000000e+02 8.626360000000000028e+00 3.007839999999999847e+00 0.000000000000000000e+00
2.270000000000000000e+02 7.160840000000000316e+00 4.496529999999999916e+00 0.000000000000000000e+00
2.280000000000000000e+02 7.627869999999999706e+00 6.501929999999999765e+00 0.000000000000000000e+00
2.290000000000000000e+02 6.755130000000000301e+00 8.560719999999999885e+00 0.000000000000000000e+00
2.300000000000000000e+02 5.345819999999999794e+00 1.142883999999999922e+01 0.000000000000000000e+00
2.310000000000000000e+02 7.647630000000000372e+00 1.203131999999999913e+01 0.000000000000000000e+00
2.320000000000000000e+02 7.627390000000000114e+00 1.507372999999999941e+01 0.000000000000000000e+00
2.330000000000000000e+02 6.263410000000000366e+00 1.859987999999999886e+01 0.000000000000000000e+00
2.340000000000000000e+02 6.876089999999999591e+00 -1.844961999999999946e+01 0.000000000000000000e+00
2.350000000000000000e+02 7.563089999999999868e+00 -1.647763000000000133e+01 0.000000000000000000e+00
2.360000000000000000e+02 8.074439999999999173e+00 -1.428800999999999988e+01 0.000000000000000000e+00
2.370000000000000000e+02 9.067949999999999733e+00 -1.024098000000000042e+01 0.000000000000000000e+00
2.380000000000000000e+02 9.655450000000000088e+00 -8.187950000000000728e+00 0.000000000000000000e+00
2.390000000000000000e+02 1.018673000000000073e+01 -6.194410000000000416e+00 0.000000000000000000e+00
2.400000000000000000e+02 1.064193999999999996e+01 -4.148570000000000313e+00 0.000000000000000000e+00
2.410000000000000000e+02 9.187699999999999534e+00 -2.564979999999999816e+00 0.000000000000000000e+00
2.420000000000000000e+02 1.165757999999999939e+01 9.772999999999999743e-02 0.000000000000000000e+00
2.430000000000000000e+02 1.019185000000000052e+01 1.669950000000000045e+00 0.000000000000000000e+00
2.440000000000000000e+02 1.048800999999999917e+01 3.906000000000000139e+00 0.000000000000000000e+00
2.450000000000000000e+02 9.719969999999999999e+00 5.885530000000000150e+00 0.000000000000000000e+00
2.460000000000000000e+02 1.116067999999999927e+01 7.628400000000000070e+00 0.000000000000000000e+00
2.470000000000000000e+02 9.023389999999999134e+00 8.031280000000000641e+00 0.000000000000000000e+00
2.480000000000000000e+02 8.351480000000000459e+00 1.005005000000000059e+01 0.000000000000000000e+00
2.490000000000000000e+02 9.811999999999999389e+00 1.162808000000000064e+01 0.000000000000000000e+00
2.500000000000000000e+02 9.119339999999999336e+00 1.357695000000000007e+01 0.000000000000000000e+00
2.510000000000000000e+02 7.864580000000000126e+00 1.725349999999999895e+01 0.000000000000000000e+00
2.520000000000000000e+02 9.210089999999999222e+00 -1.782591000000000037e+01 0.000000000000000000e+00
2.530000000000000000e+02 9.779790000000000205e+00 -1.584552000000000049e+01 0.000000000000000000e+00
2.540000000000000000e+02 8.628130000000000521e+00 -1.225122000000000000e+01 0.000000000000000000e+00
2.550000000000000000e+02 1.115279999999999916e+01 -9.653290000000000148e+00 0.000000000000000000e+00
2.560000000000000000e+02 1.166193999999999953e+01 -7.625099999999999767e+00 0.000000000000000000e+00
2.570000000000000000e+02 1.220036999999999949e+01 -5.563130000000000130e+00 0.000000000000000000e+00
2.580000000000000000e+02 1.266574999999999918e+01 -3.482340000000000213e+00 0.000000000000000000e+00
2.590000000000000000e+02 1.116700999999999944e+01 -1.971929999999999961e+00 0.000000000000000000e+00
2.600000000000000000e+02 1.317263999999999946e+01 -1.305460000000000065e+00 0.000000000000000000e+00
2.610000000000000000e+02 1.320270000000000010e+01 1.555010000000000003e+00 0.000000000000000000e+00
2.620000000000000000e+02 1.255962000000000067e+01 3.523600000000000065e+00 0.000000000000000000e+00
2.630000000000000000e+02 1.185807999999999929e+01 5.458380000000000010e+00 0.000000000000000000e+00
2.640000000000000000e+02 1.321935000000000038e+01 7.153830000000000133e+00 0.000000000000000000e+00
2.650000000000000000e+02 1.267458000000000062e+01 9.182700000000000529e+00 0.000000000000000000e+00
2.660000000000000000e+02 1.049966000000000044e+01 9.629049999999999443e+00 0.000000000000000000e+00
2.670000000000000000e+02 1.207550999999999952e+01 1.119145999999999930e+01 0.000000000000000000e+00
2.680000000000000000e+02 1.140035999999999916e+01 1.316067999999999927e+01 0.000000000000000000e+00
2.690000000000000000e+02 9.667839999999999989e+00 1.610152000000000072e+01 0.000000000000000000e+00
2.700000000000000000e+02 1.183198999999999934e+01 -1.515114999999999945e+01 0.000000000000000000e+00
2.710000000000000000e+02 1.011120999999999981e+01 -1.379964999999999975e+01 0.000000000000000000e+00
2.720000000000000000e+02 1.073770000000000024e+01 -1.181793000000000049e+01 0.000000000000000000e+00
2.730000000000000000e+02 1.329556999999999967e+01 -9.129640000000000200e+00 0.000000000000000000e+00
2.740000000000000000e+02 1.374310000000000009e+01 -7.065000000000000391e+00 0.000000000000000000e+00
2.750000000000000000e+02 1.568110000000000070e+01 -6.334800000000000431e+00 0.000000000000000000e+00
2.760000000000000000e+02 1.415934999999999988e+01 -4.914760000000000240e+00 0.000000000000000000e+00
2.770000000000000000e+02 1.469452000000000069e+01 -2.918089999999999851e+00 0.000000000000000000e+00
2.780000000000000000e+02 1.524713999999999992e+01 -9.327199999999999935e-01 0.000000000000000000e+00
2.790000000000000000e+02 1.531652000000000058e+01 1.136849999999999916e+00 0.000000000000000000e+00
2.800000000000000000e+02 1.474309000000000047e+01 3.117049999999999876e+00 0.000000000000000000e+00
2.810000000000000000e+02 1.389644000000000013e+01 5.125740000000000407e+00 0.000000000000000000e+00
2.820000000000000000e+02 1.607852000000000103e+01 7.146449999999999747e+00 0.000000000000000000e+00
2.830000000000000000e+02 1.482789999999999964e+01 8.780780000000000030e+00 0.000000000000000000e+00
2.840000000000000000e+02 1.410350000000000037e+01 1.071218999999999966e+01 0.000000000000000000e+00
2.850000000000000000e+02 1.570945000000000036e+01 1.201868999999999943e+01 0.000000000000000000e+00
2.860000000000000000e+02 1.365540999999999983e+01 1.282891000000000048e+01 0.000000000000000000e+00
2.870000000000000000e+02 1.174675000000000047e+01 1.530753999999999948e+01 0.000000000000000000e+00
2.880000000000000000e+02 1.248653999999999975e+01 -1.320224999999999937e+01 0.000000000000000000e+00
2.890000000000000000e+02 1.272115999999999936e+01 -1.111134000000000022e+01 0.000000000000000000e+00
2.900000000000000000e+02 1.473440000000000083e+01 -1.060186999999999991e+01 0.000000000000000000e+00
2.910000000000000000e+02 1.541785999999999923e+01 -8.507110000000000838e+00 0.000000000000000000e+00
2.920000000000000000e+02 1.759264999999999901e+01 -7.310909999999999798e+00 0.000000000000000000e+00
2.930000000000000000e+02 1.670310999999999879e+01 -4.529580000000000162e+00 0.000000000000000000e+00
2.940000000000000000e+02 1.876552999999999827e+01 -3.163640000000000008e+00 0.000000000000000000e+00
2.950000000000000000e+02 1.683683999999999870e+01 -2.396619999999999973e+00 0.000000000000000000e+00
2.960000000000000000e+02 1.852545999999999893e+01 -1.031139999999999946e+00 0.000000000000000000e+00
2.970000000000000000e+02 1.741373000000000104e+01 7.679500000000000215e-01 0.000000000000000000e+00
2.980000000000000000e+02 1.690874000000000166e+01 2.775520000000000209e+00 0.000000000000000000e+00
2.990000000000000000e+02 1.623430000000000106e+01 4.882799999999999585e+00 0.000000000000000000e+00
