0.000000000000000000e+00 -1.327743000000000073e+01 -1.366793000000000013e+01 0.000000000000000000e+00
1.000000000000000000e+00 -1.493302000000000085e+01 -1.216163000000000061e+01 0.000000000000000000e+00
2.000000000000000000e+00 -1.628819000000000017e+01 -9.861649999999999139e+00 0.000000000000000000e+00
3.000000000000000000e+00 -1.770641000000000176e+01 -7.713860000000000383e+00 0.000000000000000000e+00
4.000000000000000000e+00 -1.885330000000000084e+01 -5.813909999999999911e+00 0.000000000000000000e+00
5.000000000000000000e+00 -1.787192999999999898e+01 -3.970709999999999962e+00 0.000000000000000000e+00
6.000000000000000000e+00 -1.912237999999999971e+01 -2.086329999999999796e+00 0.000000000000000000e+00
7.000000000000000000e+00 -1.701688000000000045e+01 -2.036420000000000119e+00 0.000000000000000000e+00
8.000000000000000000e+00 -1.795093999999999923e+01 -1.409799999999999942e-01 0.000000000000000000e+00
9.000000000000000000e+00 -1.682539999999999836e+01 1.661140000000000061e+00 0.000000000000000000e+00
1.000000000000000000e+01 -1.893053000000000097e+01 1.744990000000000041e+00 0.000000000000000000e+00
1.100000000000000000e+01 -2.037327000000000155e+01 3.362740000000000062e+00 0.000000000000000000e+00
1.200000000000000000e+01 -1.897372000000000014e+01 5.297150000000000247e+00 0.000000000000000000e+00
1.300000000000000000e+01 -1.690756000000000014e+01 5.359790000000000276e+00 0.000000000000000000e+00
1.400000000000000000e+01 -1.803409999999999869e+01 7.192770000000000330e+00 0.000000000000000000e+00
1.500000000000000000e+01 -1.700150999999999968e+01 9.193179999999999907e+00 0.000000000000000000e+00
1.600000000000000000e+01 -1.602620999999999896e+01 1.102657999999999916e+01 0.000000000000000000e+00
1.700000000000000000e+01 -1.254378999999999955e+01 1.289283000000000001e+01 0.000000000000000000e+00
1.800000000000000000e+01 -1.125952999999999982e+01 -1.476859999999999928e+01 0.000000000000000000e+00
1.900000000000000000e+01 -1.292408999999999963e+01 -1.154914999999999914e+01 0.000000000000000000e+00
2.000000000000000000e+01 -1.396779000000000082e+01 -9.693039999999999878e+00 0.000000000000000000e+00
2.100000000000000000e+01 -1.558236999999999917e+01 -7.724680000000000213e+00 0.000000000000000000e+00
2.200000000000000000e+01 -1.679291999999999874e+01 -5.822709999999999830e+00 0.000000000000000000e+00
2.300000000000000000e+01 -1.461936000000000035e+01 -5.758359999999999701e+00 0.000000000000000000e+00
2.400000000000000000e+01 -1.571678999999999959e+01 -3.911379999999999857e+00 0.000000000000000000e+00
2.500000000000000000e+01 -1.481509999999999927e+01 -2.046009999999999884e+00 0.000000000000000000e+00
2.600000000000000000e+01 -1.588644000000000034e+01 -2.247500000000000053e-01 0.000000000000000000e+00
2.700000000000000000e+01 -1.472625999999999991e+01 1.611750000000000016e+00 0.000000000000000000e+00
2.800000000000000000e+01 -1.580297999999999981e+01 3.500649999999999817e+00 0.000000000000000000e+00
2.900000000000000000e+01 -1.787719999999999843e+01 3.514499999999999957e+00 0.000000000000000000e+00
3.000000000000000000e+01 -1.473422000000000054e+01 5.428309999999999746e+00 0.000000000000000000e+00
3.100000000000000000e+01 -1.590130000000000088e+01 7.242840000000000167e+00 0.000000000000000000e+00
3.200000000000000000e+01 -1.486772999999999989e+01 9.026360000000000383e+00 0.000000000000000000e+00
3.300000000000000000e+01 -1.260856000000000066e+01 9.110400000000000276e+00 0.000000000000000000e+00
3.400000000000000000e+01 -1.388302999999999976e+01 1.115339999999999954e+01 0.000000000000000000e+00
3.500000000000000000e+01 -1.147921999999999976e+01 1.468524999999999991e+01 0.000000000000000000e+00
3.600000000000000000e+01 -9.481529999999999347e+00 -1.583023000000000025e+01 0.000000000000000000e+00
3.700000000000000000e+01 -1.119037999999999933e+01 -1.267905000000000015e+01 0.000000000000000000e+00
3.800000000000000000e+01 -1.155469000000000079e+01 -9.981930000000000192e+00 0.000000000000000000e+00
3.900000000000000000e+01 -1.138209999999999944e+01 -7.914469999999999672e+00 0.000000000000000000e+00
4.000000000000000000e+01 -1.347641999999999918e+01 -7.665849999999999831e+00 0.000000000000000000e+00
4.100000000000000000e+01 -1.246977000000000046e+01 -5.752270000000000216e+00 0.000000000000000000e+00
4.200000000000000000e+01 -1.354810999999999943e+01 -3.968570000000000153e+00 0.000000000000000000e+00
4.300000000000000000e+01 -1.254231000000000051e+01 -2.124680000000000124e+00 0.000000000000000000e+00
4.400000000000000000e+01 -1.367960000000000065e+01 -2.415899999999999992e-01 0.000000000000000000e+00
4.500000000000000000e+01 -1.265468000000000082e+01 1.655180000000000096e+00 0.000000000000000000e+00
4.600000000000000000e+01 -1.371136000000000088e+01 3.553500000000000103e+00 0.000000000000000000e+00
4.700000000000000000e+01 -1.263611000000000040e+01 5.347480000000000011e+00 0.000000000000000000e+00
4.800000000000000000e+01 -1.369750999999999941e+01 7.274510000000000254e+00 0.000000000000000000e+00
4.900000000000000000e+01 -1.161463000000000001e+01 7.175309999999999633e+00 0.000000000000000000e+00
5.000000000000000000e+01 -1.054534999999999911e+01 8.991469999999999629e+00 0.000000000000000000e+00
5.100000000000000000e+01 -1.152102000000000004e+01 1.085740999999999978e+01 0.000000000000000000e+00
5.200000000000000000e+01 -1.043050999999999995e+01 1.268157000000000068e+01 0.000000000000000000e+00
5.300000000000000000e+01 -1.042042000000000002e+01 1.652513000000000076e+01 0.000000000000000000e+00
5.400000000000000000e+01 -7.664089999999999847e+00 -1.688644000000000034e+01 0.000000000000000000e+00
5.500000000000000000e+01 -9.387990000000000279e+00 -1.376734000000000080e+01 0.000000000000000000e+00
5.600000000000000000e+01 -9.371199999999999974e+00 -1.166169999999999973e+01 0.000000000000000000e+00
5.700000000000000000e+01 -9.505950000000000344e+00 -9.491160000000000707e+00 0.000000000000000000e+00
5.800000000000000000e+01 -9.289350000000000662e+00 -7.415560000000000151e+00 0.000000000000000000e+00
5.900000000000000000e+01 -1.035078999999999994e+01 -5.646700000000000053e+00 0.000000000000000000e+00
6.000000000000000000e+01 -1.146035999999999966e+01 -3.915160000000000196e+00 0.000000000000000000e+00
6.100000000000000000e+01 -1.044871999999999979e+01 -2.018339999999999801e+00 0.000000000000000000e+00
6.200000000000000000e+01 -1.159117999999999959e+01 -1.718399999999999928e-01 0.000000000000000000e+00
6.300000000000000000e+01 -1.056048000000000009e+01 1.640099999999999891e+00 0.000000000000000000e+00
6.400000000000000000e+01 -9.495570000000000732e+00 3.445819999999999883e+00 0.000000000000000000e+00
6.500000000000000000e+01 -1.160971999999999937e+01 3.464799999999999880e+00 0.000000000000000000e+00
6.600000000000000000e+01 -1.049029999999999951e+01 5.253680000000000128e+00 0.000000000000000000e+00
6.700000000000000000e+01 -9.383829999999999671e+00 7.073500000000000121e+00 0.000000000000000000e+00
6.800000000000000000e+01 -9.405939999999999301e+00 1.087954000000000043e+01 0.000000000000000000e+00
6.900000000000000000e+01 -8.370570000000000732e+00 1.268319999999999936e+01 0.000000000000000000e+00
7.000000000000000000e+01 -9.237830000000000652e+00 1.466411000000000087e+01 0.000000000000000000e+00
7.100000000000000000e+01 -8.989750000000000796e+00 1.814121000000000095e+01 0.000000000000000000e+00
7.200000000000000000e+01 -5.589590000000000281e+00 -1.823787000000000091e+01 0.000000000000000000e+00
7.300000000000000000e+01 -7.539909999999999890e+00 -1.472331999999999930e+01 0.000000000000000000e+00
7.400000000000000000e+01 -7.562619999999999898e+00 -1.264358999999999966e+01 0.000000000000000000e+00
7.500000000000000000e+01 -7.646950000000000358e+00 -1.046027999999999913e+01 0.000000000000000000e+00
7.600000000000000000e+01 -7.467889999999999695e+00 -8.397510000000000474e+00 0.000000000000000000e+00
7.700000000000000000e+01 -7.818579999999999863e+00 -5.810089999999999755e+00 0.000000000000000000e+00
7.800000000000000000e+01 -9.379849999999999355e+00 -3.807389999999999830e+00 0.000000000000000000e+00
7.900000000000000000e+01 -8.387309999999999377e+00 -1.936469999999999914e+00 0.000000000000000000e+00
8.000000000000000000e+01 -9.488540000000000418e+00 -1.782100000000000073e-01 0.000000000000000000e+00
8.100000000000000000e+01 -8.431350000000000122e+00 1.677349999999999897e+00 0.000000000000000000e+00
8.200000000000000000e+01 -7.284159999999999968e+00 3.397200000000000220e+00 0.000000000000000000e+00
8.300000000000000000e+01 -8.309260000000000090e+00 5.306449999999999889e+00 0.000000000000000000e+00
8.400000000000000000e+01 -7.282499999999999751e+00 7.093589999999999840e+00 0.000000000000000000e+00
8.500000000000000000e+01 -8.413809999999999789e+00 8.992290000000000560e+00 0.000000000000000000e+00
8.600000000000000000e+01 -6.295160000000000089e+00 8.964209999999999567e+00 0.000000000000000000e+00
8.700000000000000000e+01 -7.039150000000000240e+00 1.094665999999999961e+01 0.000000000000000000e+00
8.800000000000000000e+01 -7.121380000000000265e+00 1.432938000000000045e+01 0.000000000000000000e+00
8.900000000000000000e+01 -7.753919999999999924e+00 1.647369000000000128e+01 0.000000000000000000e+00
9.000000000000000000e+01 -5.723379999999999690e+00 -1.574783000000000044e+01 0.000000000000000000e+00
9.100000000000000000e+01 -5.710449999999999804e+00 -1.362646999999999942e+01 0.000000000000000000e+00
9.200000000000000000e+01 -5.712850000000000428e+00 -1.151348999999999911e+01 0.000000000000000000e+00
9.300000000000000000e+01 -5.620149999999999757e+00 -9.411870000000000402e+00 0.000000000000000000e+00
9.400000000000000000e+01 -5.734539999999999971e+00 -7.269350000000000200e+00 0.000000000000000000e+00
9.500000000000000000e+01 -5.792080000000000339e+00 -5.187429999999999986e+00 0.000000000000000000e+00
9.600000000000000000e+01 -7.311429999999999652e+00 -3.762719999999999843e+00 0.000000000000000000e+00
9.700000000000000000e+01 -6.198649999999999771e+00 -1.934809999999999919e+00 0.000000000000000000e+00
9.800000000000000000e+01 -7.289950000000000152e+00 -1.739199999999999913e-01 0.000000000000000000e+00
9.900000000000000000e+01 -6.200789999999999580e+00 1.633310000000000040e+00 0.000000000000000000e+00
1.000000000000000000e+02 -5.183469999999999800e+00 3.509659999999999780e+00 0.000000000000000000e+00
1.010000000000000000e+02 -6.233360000000000234e+00 5.296859999999999680e+00 0.000000000000000000e+00
1.020000000000000000e+02 -5.211680000000000312e+00 7.098969999999999558e+00 0.000000000000000000e+00
1.030000000000000000e+02 -4.231609999999999872e+00 8.984030000000000626e+00 0.000000000000000000e+00
1.040000000000000000e+02 -4.995160000000000267e+00 1.130772999999999939e+01 0.000000000000000000e+00
1.050000000000000000e+02 -5.210440000000000182e+00 1.340435000000000088e+01 0.000000000000000000e+00
1.060000000000000000e+02 -5.527260000000000062e+00 1.572860999999999976e+01 0.000000000000000000e+00
1.070000000000000000e+02 -4.307769999999999655e+00 1.893818999999999875e+01 0.000000000000000000e+00
1.080000000000000000e+02 -3.885339999999999794e+00 -1.681296999999999997e+01 0.000000000000000000e+00
1.090000000000000000e+02 -3.763739999999999863e+00 -1.471348000000000056e+01 0.000000000000000000e+00
1.100000000000000000e+02 -3.889419999999999877e+00 -1.253973000000000049e+01 0.000000000000000000e+00
1.110000000000000000e+02 -3.843830000000000080e+00 -1.048680000000000057e+01 0.000000000000000000e+00
1.120000000000000000e+02 -3.899070000000000036e+00 -8.254519999999999413e+00 0.000000000000000000e+00
1.130000000000000000e+02 -3.976269999999999971e+00 -6.189490000000000158e+00 0.000000000000000000e+00
1.140000000000000000e+02 -4.040700000000000180e+00 -4.023360000000000269e+00 0.000000000000000000e+00
1.150000000000000000e+02 -4.108380000000000365e+00 -1.931580000000000075e+00 0.000000000000000000e+00
1.160000000000000000e+02 -5.124760000000000204e+00 -1.456899999999999862e-01 0.000000000000000000e+00
1.170000000000000000e+02 -4.027809999999999668e+00 1.724660000000000082e+00 0.000000000000000000e+00
1.180000000000000000e+02 -3.042120000000000157e+00 3.549929999999999808e+00 0.000000000000000000e+00
1.190000000000000000e+02 -4.134490000000000443e+00 5.335639999999999716e+00 0.000000000000000000e+00
1.200000000000000000e+02 -3.132740000000000080e+00 7.223690000000000389e+00 0.000000000000000000e+00
1.210000000000000000e+02 -2.816790000000000127e+00 1.049876000000000076e+01 0.000000000000000000e+00
1.220000000000000000e+02 -3.276909999999999989e+00 1.252670999999999957e+01 0.000000000000000000e+00
1.230000000000000000e+02 -3.627130000000000187e+00 1.479503000000000057e+01 0.000000000000000000e+00
1.240000000000000000e+02 -3.788390000000000146e+00 1.685351999999999961e+01 0.000000000000000000e+00
1.250000000000000000e+02 -5.978900000000000325e+00 1.773945000000000149e+01 0.000000000000000000e+00
1.260000000000000000e+02 -2.129410000000000025e+00 -1.807045000000000101e+01 0.000000000000000000e+00
1.270000000000000000e+02 -1.855639999999999956e+00 -1.586561999999999983e+01 0.000000000000000000e+00
1.280000000000000000e+02 -1.883580000000000032e+00 -1.375979000000000063e+01 0.000000000000000000e+00
1.290000000000000000e+02 -2.017329999999999846e+00 -1.153698999999999941e+01 0.000000000000000000e+00
1.300000000000000000e+02 -2.068610000000000060e+00 -9.268069999999999808e+00 0.000000000000000000e+00
1.310000000000000000e+02 -2.106619999999999937e+00 -7.195070000000000299e+00 0.000000000000000000e+00
1.320000000000000000e+02 -2.195120000000000182e+00 -5.137240000000000251e+00 0.000000000000000000e+00
1.330000000000000000e+02 -2.256170000000000009e+00 -2.985489999999999977e+00 0.000000000000000000e+00
1.340000000000000000e+02 -2.544659999999999922e+00 -4.180599999999999872e-01 0.000000000000000000e+00
1.350000000000000000e+02 -1.790440000000000031e+00 1.835790000000000033e+00 0.000000000000000000e+00
1.360000000000000000e+02 -8.330400000000000027e-01 3.779770000000000074e+00 0.000000000000000000e+00
1.370000000000000000e+02 -2.024560000000000137e+00 5.463250000000000384e+00 0.000000000000000000e+00
1.380000000000000000e+02 -1.084529999999999994e+00 7.374620000000000175e+00 0.000000000000000000e+00
1.390000000000000000e+02 -9.428400000000000114e-01 9.505399999999999849e+00 0.000000000000000000e+00
1.400000000000000000e+02 -1.238669999999999938e+00 1.184942000000000029e+01 0.000000000000000000e+00
1.410000000000000000e+02 -1.656029999999999891e+00 1.389422000000000068e+01 0.000000000000000000e+00
1.420000000000000000e+02 -1.782899999999999929e+00 1.613156999999999996e+01 0.000000000000000000e+00
1.430000000000000000e+02 -2.065449999999999786e+00 1.823879000000000161e+01 0.000000000000000000e+00
1.440000000000000000e+02 1.578799999999999926e-01 -1.688644000000000034e+01 0.000000000000000000e+00
1.450000000000000000e+02 1.057600000000000068e-01 -1.478278000000000070e+01 0.000000000000000000e+00
1.460000000000000000e+02 -1.785700000000000065e-01 -1.258085999999999949e+01 0.000000000000000000e+00
1.470000000000000000e+02 1.597210000000000019e+00 -1.142347999999999963e+01 0.000000000000000000e+00
1.480000000000000000e+02 -2.583599999999999786e-01 -1.044190000000000040e+01 0.000000000000000000e+00
1.490000000000000000e+02 -2.849900000000000211e-01 -8.211220000000000852e+00 0.000000000000000000e+00
1.500000000000000000e+02 -2.531300000000000217e-01 -6.129430000000000156e+00 0.000000000000000000e+00
1.510000000000000000e+02 -3.203599999999999781e-01 -4.002519999999999634e+00 0.000000000000000000e+00
1.520000000000000000e+02 -4.738299999999999734e-01 -1.913650000000000073e+00 0.000000000000000000e+00
1.530000000000000000e+02 -5.398699999999999610e-01 1.678699999999999914e-01 0.000000000000000000e+00
1.540000000000000000e+02 3.410400000000000098e-01 2.039829999999999810e+00 0.000000000000000000e+00
1.550000000000000000e+02 4.651000000000000273e-02 5.649000000000000021e+00 0.000000000000000000e+00
1.560000000000000000e+02 8.403000000000000469e-01 8.271770000000000067e+00 0.000000000000000000e+00
1.570000000000000000e+02 6.694099999999999495e-01 1.083544999999999980e+01 0.000000000000000000e+00
1.580000000000000000e+02 5.835700000000000331e-01 1.294041999999999959e+01 0.000000000000000000e+00
1.590000000000000000e+02 2.058800000000000074e-01 1.502441999999999922e+01 0.000000000000000000e+00
1.600000000000000000e+02 1.367599999999999927e-01 1.723153999999999897e+01 0.000000000000000000e+00
1.610000000000000000e+02 -4.319700000000000206e-01 1.957775000000000176e+01 0.000000000000000000e+00
1.620000000000000000e+02 -1.401100000000000123e-01 -1.904203000000000046e+01 0.000000000000000000e+00
1.630000000000000000e+02 1.922469999999999901e+00 -1.583638999999999974e+01 0.000000000000000000e+00
1.640000000000000000e+02 1.732820000000000027e+00 -1.350558000000000014e+01 0.000000000000000000e+00
1.650000000000000000e+02 3.499849999999999905e+00 -1.234629999999999939e+01 0.000000000000000000e+00
1.660000000000000000e+02 1.518529999999999935e+00 -9.225300000000000722e+00 0.000000000000000000e+00
1.670000000000000000e+02 1.643110000000000070e+00 -7.088499999999999801e+00 0.000000000000000000e+00
1.680000000000000000e+02 1.612610000000000099e+00 -4.963960000000000150e+00 0.000000000000000000e+00
1.690000000000000000e+02 1.441789999999999905e+00 -2.888930000000000220e+00 0.000000000000000000e+00
1.700000000000000000e+02 1.283479999999999954e+00 -8.155700000000000172e-01 0.000000000000000000e+00
1.710000000000000000e+02 2.217150000000000176e+00 1.016350000000000087e+00 0.000000000000000000e+00
1.720000000000000000e+02 1.245479999999999920e+00 3.936110000000000220e+00 0.000000000000000000e+00
1.730000000000000000e+02 2.104080000000000172e+00 5.827429999999999666e+00 0.000000000000000000e+00
1.740000000000000000e+02 2.848679999999999879e+00 7.743970000000000020e+00 0.000000000000000000e+00
1.750000000000000000e+02 2.516099999999999781e+00 9.871829999999999217e+00 0.000000000000000000e+00
1.760000000000000000e+02 2.477020000000000000e+00 1.193157000000000068e+01 0.000000000000000000e+00
1.770000000000000000e+02 2.351199999999999957e+00 1.405831000000000053e+01 0.000000000000000000e+00
1.780000000000000000e+02 1.970439999999999969e+00 1.613590999999999909e+01 0.000000000000000000e+00
1.790000000000000000e+02 1.784289999999999932e+00 1.865148999999999901e+01 0.000000000000000000e+00
1.800000000000000000e+02 2.430120000000000058e+00 -2.029326999999999970e+01 0.000000000000000000e+00
1.810000000000000000e+02 2.015870000000000051e+00 -1.795788999999999902e+01 0.000000000000000000e+00
1.820000000000000000e+02 3.558030000000000026e+00 -1.452053000000000083e+01 0.000000000000000000e+00
1.830000000000000000e+02 3.343690000000000051e+00 -1.020767000000000024e+01 0.000000000000000000e+00
1.840000000000000000e+02 3.550899999999999945e+00 -8.152749999999999275e+00 0.000000000000000000e+00
1.850000000000000000e+02 3.434870000000000090e+00 -6.025140000000000384e+00 0.000000000000000000e+00
1.860000000000000000e+02 3.325229999999999908e+00 -3.811819999999999986e+00 0.000000000000000000e+00
1.870000000000000000e+02 3.198609999999999953e+00 -1.657589999999999897e+00 0.000000000000000000e+00
1.880000000000000000e+02 4.202060000000000350e+00 1.553200000000000136e-01 0.000000000000000000e+00
1.890000000000000000e+02 5.038879999999999804e+00 2.046060000000000212e+00 0.000000000000000000e+00
1.900000000000000000e+02 3.155229999999999979e+00 2.943189999999999973e+00 0.000000000000000000e+00
1.910000000000000000e+02 3.937240000000000073e+00 4.859230000000000160e+00 0.000000000000000000e+00
1.920000000000000000e+02 4.768410000000000259e+00 6.765729999999999578e+00 0.000000000000000000e+00
1.930000000000000000e+02 4.515769999999999840e+00 8.997210000000000818e+00 0.000000000000000000e+00
1.940000000000000000e+02 4.334990000000000343e+00 1.104390000000000072e+01 0.000000000000000000e+00
1.950000000000000000e+02 4.262699999999999712e+00 1.322465000000000046e+01 0.000000000000000000e+00
1.960000000000000000e+02 4.259319999999999773e+00 1.531530000000000058e+01 0.000000000000000000e+00
1.970000000000000000e+02 3.762579999999999814e+00 1.732883999999999958e+01 0.000000000000000000e+00
1.980000000000000000e+02 4.034559999999999924e+00 -1.896990999999999872e+01 0.000000000000000000e+00
1.990000000000000000e+02 3.818599999999999994e+00 -1.670974000000000004e+01 0.000000000000000000e+00
2.000000000000000000e+02 5.348690000000000389e+00 -1.340947000000000067e+01 0.000000000000000000e+00
2.010000000000000000e+02 5.296389999999999709e+00 -1.129461000000000048e+01 0.000000000000000000e+00
2.020000000000000000e+02 5.300740000000000229e+00 -6.970909999999999940e+00 0.000000000000000000e+00
2.030000000000000000e+02 5.157099999999999795e+00 -4.854379999999999917e+00 0.000000000000000000e+00
2.040000000000000000e+02 6.628379999999999939e+00 -3.373800000000000132e+00 0.000000000000000000e+00
2.050000000000000000e+02 5.422100000000000364e+00 -1.543439999999999923e+00 0.000000000000000000e+00
2.060000000000000000e+02 6.259769999999999612e+00 3.590900000000000203e-01 0.000000000000000000e+00
2.070000000000000000e+02 7.145800000000000374e+00 2.324949999999999850e+00 0.000000000000000000e+00
2.080000000000000000e+02 5.809650000000000425e+00 3.995559999999999778e+00 0.000000000000000000e+00
2.090000000000000000e+02 6.681630000000000180e+00 5.925259999999999749e+00 0.000000000000000000e+00
2.100000000000000000e+02 6.407020000000000159e+00 8.136799999999999145e+00 0.000000000000000000e+00
2.110000000000000000e+02 6.261940000000000062e+00 1.020928999999999931e+01 0.000000000000000000e+00
2.120000000000000000e+02 6.132399999999999629e+00 1.228317000000000014e+01 0.000000000000000000e+00
2.130000000000000000e+02 6.133680000000000021e+00 1.443083999999999989e+01 0.000000000000000000e+00
2.140000000000000000e+02 5.784740000000000215e+00 1.680104000000000042e+01 0.000000000000000000e+00
2.150000000000000000e+02 5.199040000000000106e+00 1.915052999999999983e+01 0.000000000000000000e+00
2.160000000000000000e+02 6.790320000000000356e+00 -1.950112000000000023e+01 0.000000000000000000e+00
2.170000000000000000e+02 5.543429999999999858e+00 -1.555336999999999925e+01 0.000000000000000000e+00
2.180000000000000000e+02 7.120580000000000354e+00 -1.232399999999999984e+01 0.000000000000000000e+00
2.190000000000000000e+02 7.219339999999999868e+00 -1.017059000000000069e+01 0.000000000000000000e+00
2.200000000000000000e+02 5.414360000000000284e+00 -9.163190000000000168e+00 0.000000000000000000e+00
2.210000000000000000e+02 7.349669999999999703e+00 -7.229059999999999597e+00 0.000000000000000000e+00
2.220000000000000000e+02 7.845449999999999591e+00 -5.230209999999999582e+00 0.000000000000000000e+00
2.230000000000000000e+02 8.718349999999999156e+00 -3.034219999999999917e+00 0.000000000000000000e+00
2.240000000000000000e+02 7.560319999999999929e+00 -1.333210000000000006e+00 0.000000000000000000e+00
2.250000000000000000e+02 8.317970000000000752e+00 5.860300000000000509e-01 0.000000000000000000e+00
2.260000000000000000e+02 9.248829999999999885e+00 2.592029999999999834e+00 0.000000000000000000e+00
2.270000000000000000e+02 7.947989999999999888e+00 4.283179999999999765e+00 0.000000000000000000e+00
2.280000000000000000e+02 8.849220000000000752e+00 6.174769999999999648e+00 0.000000000000000000e+00
2.290000000000000000e+02 8.121869999999999479e+00 9.313719999999999999e+00 0.000000000000000000e+00
2.300000000000000000e+02 8.059309999999999974e+00 1.140043999999999969e+01 0.000000000000000000e+00
2.310000000000000000e+02 8.007089999999999819e+00 1.348077999999999932e+01 0.000000000000000000e+00
2.320000000000000000e+02 7.955969999999999764e+00 1.588664999999999949e+01 0.000000000000000000e+00
2.330000000000000000e+02 7.715700000000000003e+00 1.823498000000000019e+01 0.000000000000000000e+00
2.340000000000000000e+02 5.772829999999999906e+00 -1.759750000000000014e+01 0.000000000000000000e+00
2.350000000000000000e+02 7.900019999999999598e+00 -1.432457999999999920e+01 0.000000000000000000e+00
2.360000000000000000e+02 9.204829999999999401e+00 -1.228749999999999964e+01 0.000000000000000000e+00
2.370000000000000000e+02 1.006995000000000040e+01 -1.041549000000000014e+01 0.000000000000000000e+00
2.380000000000000000e+02 8.838329999999999131e+00 -8.697530000000000427e+00 0.000000000000000000e+00
2.390000000000000000e+02 9.417619999999999436e+00 -6.654320000000000235e+00 0.000000000000000000e+00
2.400000000000000000e+02 1.005991000000000035e+01 -4.696460000000000079e+00 0.000000000000000000e+00
2.410000000000000000e+02 1.085192999999999941e+01 -2.715619999999999923e+00 0.000000000000000000e+00
2.420000000000000000e+02 9.626490000000000435e+00 -1.043390000000000040e+00 0.000000000000000000e+00
2.430000000000000000e+02 1.044201999999999941e+01 8.950200000000000378e-01 0.000000000000000000e+00
2.440000000000000000e+02 1.139579999999999949e+01 2.849680000000000213e+00 0.000000000000000000e+00
2.450000000000000000e+02 1.008313000000000059e+01 4.500539999999999985e+00 0.000000000000000000e+00
2.460000000000000000e+02 1.101964000000000077e+01 6.397529999999999717e+00 0.000000000000000000e+00
2.470000000000000000e+02 9.815889999999999560e+00 8.095029999999999504e+00 0.000000000000000000e+00
2.480000000000000000e+02 9.937839999999999563e+00 1.034273999999999916e+01 0.000000000000000000e+00
2.490000000000000000e+02 9.864739999999999398e+00 1.247428000000000026e+01 0.000000000000000000e+00
2.500000000000000000e+02 9.708980000000000388e+00 1.466117000000000026e+01 0.000000000000000000e+00
2.510000000000000000e+02 9.854530000000000456e+00 1.674934999999999974e+01 0.000000000000000000e+00
2.520000000000000000e+02 7.856020000000000003e+00 -1.648749000000000109e+01 0.000000000000000000e+00
2.530000000000000000e+02 1.011175000000000068e+01 -1.424851999999999919e+01 0.000000000000000000e+00
2.540000000000000000e+02 1.135750999999999955e+01 -1.223962000000000039e+01 0.000000000000000000e+00
2.550000000000000000e+02 1.211567999999999934e+01 -1.011091000000000051e+01 0.000000000000000000e+00
2.560000000000000000e+02 1.088954000000000022e+01 -8.434549999999999770e+00 0.000000000000000000e+00
2.570000000000000000e+02 1.145947999999999922e+01 -6.450599999999999667e+00 0.000000000000000000e+00
2.580000000000000000e+02 1.212866000000000000e+01 -4.497950000000000337e+00 0.000000000000000000e+00
2.590000000000000000e+02 1.291754000000000069e+01 -2.577749999999999986e+00 0.000000000000000000e+00
2.600000000000000000e+02 1.170162000000000013e+01 -8.373399999999999732e-01 0.000000000000000000e+00
2.610000000000000000e+02 1.253114000000000061e+01 1.082019999999999982e+00 0.000000000000000000e+00
2.620000000000000000e+02 1.346162999999999954e+01 2.964379999999999793e+00 0.000000000000000000e+00
2.630000000000000000e+02 1.223503999999999969e+01 4.742280000000000051e+00 0.000000000000000000e+00
2.640000000000000000e+02 1.441886000000000045e+01 4.783870000000000289e+00 0.000000000000000000e+00
2.650000000000000000e+02 1.327088999999999963e+01 6.550889999999999880e+00 0.000000000000000000e+00
2.660000000000000000e+02 1.186613999999999969e+01 8.506389999999999674e+00 0.000000000000000000e+00
2.670000000000000000e+02 1.214825000000000088e+01 1.082882000000000033e+01 0.000000000000000000e+00
2.680000000000000000e+02 1.168933999999999962e+01 1.380563000000000073e+01 0.000000000000000000e+00
2.690000000000000000e+02 1.185553999999999952e+01 1.602905000000000157e+01 0.000000000000000000e+00
2.700000000000000000e+02 9.941280000000000783e+00 -1.632176000000000116e+01 0.000000000000000000e+00
2.710000000000000000e+02 1.310729000000000077e+01 -1.376651000000000025e+01 0.000000000000000000e+00
2.720000000000000000e+02 1.341543000000000063e+01 -1.172498000000000040e+01 0.000000000000000000e+00
2.730000000000000000e+02 1.437331000000000003e+01 -9.850139999999999674e+00 0.000000000000000000e+00
2.740000000000000000e+02 1.296634000000000064e+01 -8.230700000000000571e+00 0.000000000000000000e+00
2.750000000000000000e+02 1.350625999999999927e+01 -6.123969999999999914e+00 0.000000000000000000e+00
2.760000000000000000e+02 1.428979999999999961e+01 -4.183370000000000033e+00 0.000000000000000000e+00
2.770000000000000000e+02 1.526626000000000083e+01 -2.281250000000000000e+00 0.000000000000000000e+00
2.780000000000000000e+02 1.396700000000000053e+01 -6.329000000000000181e-01 0.000000000000000000e+00
2.790000000000000000e+02 1.472273999999999994e+01 1.306780000000000053e+00 0.000000000000000000e+00
2.800000000000000000e+02 1.570777999999999963e+01 3.140709999999999891e+00 0.000000000000000000e+00
2.810000000000000000e+02 1.655084000000000088e+01 5.296840000000000437e+00 0.000000000000000000e+00
2.820000000000000000e+02 1.734759000000000029e+01 8.119979999999999976e+00 0.000000000000000000e+00
2.830000000000000000e+02 1.534304000000000023e+01 7.041629999999999612e+00 0.000000000000000000e+00
2.840000000000000000e+02 1.407095999999999947e+01 8.724360000000000781e+00 0.000000000000000000e+00
2.850000000000000000e+02 1.602373000000000047e+01 9.711980000000000501e+00 0.000000000000000000e+00
2.860000000000000000e+02 1.428165000000000084e+01 1.084074000000000026e+01 0.000000000000000000e+00
2.870000000000000000e+02 1.366658999999999935e+01 1.296873000000000076e+01 0.000000000000000000e+00
2.880000000000000000e+02 1.182662999999999975e+01 -1.540436000000000050e+01 0.000000000000000000e+00
2.890000000000000000e+02 1.666208999999999918e+01 -9.240529999999999688e+00 0.000000000000000000e+00
2.900000000000000000e+02 1.729492000000000118e+01 -7.210499999999999687e+00 0.000000000000000000e+00
2.910000000000000000e+02 1.823979999999999890e+01 -5.359630000000000116e+00 0.000000000000000000e+00
2.920000000000000000e+02 1.505530000000000079e+01 -7.906100000000000350e+00 0.000000000000000000e+00
2.930000000000000000e+02 1.568174999999999919e+01 -5.874509999999999899e+00 0.000000000000000000e+00
2.940000000000000000e+02 1.652292999999999878e+01 -3.918899999999999828e+00 0.000000000000000000e+00
2.950000000000000000e+02 1.750073000000000079e+01 -2.113539999999999974e+00 0.000000000000000000e+00
2.960000000000000000e+02 1.627665999999999968e+01 -4.239700000000000135e-01 0.000000000000000000e+00
2.970000000000000000e+02 1.744782000000000011e+01 1.649699999999999944e+00 0.000000000000000000e+00
2.980000000000000000e+02 1.843840000000000146e+01 -2.227899999999999880e-01 0.000000000000000000e+00
2.990000000000000000e+02 1.807232000000000127e+01 3.864799999999999791e+00 0.000000000000000000e+00
