0.000000000000000000e+00 -1.503375999999999912e+01 -1.490363999999999933e+01 0.000000000000000000e+00
1.000000000000000000e+00 -1.572385000000000055e+01 -1.295955999999999975e+01 0.000000000000000000e+00
2.000000000000000000e+00 -1.654633000000000109e+01 -1.103500999999999976e+01 0.000000000000000000e+00
3.000000000000000000e+00 -1.710235000000000127e+01 -9.041760000000000019e+00 0.000000000000000000e+00
4.000000000000000000e+00 -1.809380000000000166e+01 -7.217030000000000278e+00 0.000000000000000000e+00
5.000000000000000000e+00 -1.876296999999999926e+01 -5.227369999999999628e+00 0.000000000000000000e+00
6.000000000000000000e+00 -1.797638999999999854e+01 -3.313730000000000064e+00 0.000000000000000000e+00
7.000000000000000000e+00 -1.850316000000000116e+01 -1.292450000000000099e+00 0.000000000000000000e+00
8.000000000000000000e+00 -1.751483999999999952e+01 5.453099999999999614e-01 0.000000000000000000e+00
9.000000000000000000e+00 -2.062102000000000146e+01 -7.731000000000000094e-01 0.000000000000000000e+00
1.000000000000000000e+01 -1.912182999999999922e+01 1.888519999999999976e+00 0.000000000000000000e+00
1.100000000000000000e+01 -1.826062999999999903e+01 4.465510000000000090e+00 0.000000000000000000e+00
1.200000000000000000e+01 -1.712047000000000097e+01 6.244869999999999699e+00 0.000000000000000000e+00
1.300000000000000000e+01 -1.956906999999999996e+01 6.251369999999999649e+00 0.000000000000000000e+00
1.400000000000000000e+01 -1.851134000000000057e+01 8.022880000000000678e+00 0.000000000000000000e+00
1.500000000000000000e+01 -1.768333000000000155e+01 1.005837999999999965e+01 0.000000000000000000e+00
1.600000000000000000e+01 -1.688060000000000116e+01 1.211588000000000065e+01 0.000000000000000000e+00
1.700000000000000000e+01 -1.515776999999999930e+01 1.411529999999999951e+01 0.000000000000000000e+00
1.800000000000000000e+01 -1.297363000000000000e+01 -1.559867999999999988e+01 0.000000000000000000e+00
1.900000000000000000e+01 -1.345294999999999952e+01 -1.354950999999999972e+01 0.000000000000000000e+00
2.000000000000000000e+01 -1.412593999999999994e+01 -1.152819000000000038e+01 0.000000000000000000e+00
2.100000000000000000e+01 -1.499131999999999998e+01 -9.618470000000000297e+00 0.000000000000000000e+00
2.200000000000000000e+01 -1.595419000000000054e+01 -7.064199999999999591e+00 0.000000000000000000e+00
2.300000000000000000e+01 -1.663878000000000057e+01 -5.045869999999999855e+00 0.000000000000000000e+00
2.400000000000000000e+01 -1.500768000000000058e+01 -3.640210000000000168e+00 0.000000000000000000e+00
2.500000000000000000e+01 -1.642460000000000164e+01 -1.503800000000000026e+00 0.000000000000000000e+00
2.600000000000000000e+01 -1.442084000000000010e+01 -8.849299999999999944e-01 0.000000000000000000e+00
2.700000000000000000e+01 -1.541605000000000025e+01 9.724000000000000421e-01 0.000000000000000000e+00
2.800000000000000000e+01 -1.683293000000000106e+01 2.592229999999999812e+00 0.000000000000000000e+00
2.900000000000000000e+01 -1.580762999999999963e+01 4.646569999999999645e+00 0.000000000000000000e+00
3.000000000000000000e+01 -1.500254999999999939e+01 6.632979999999999876e+00 0.000000000000000000e+00
3.100000000000000000e+01 -1.406269999999999953e+01 8.501549999999999940e+00 0.000000000000000000e+00
3.200000000000000000e+01 -1.637482999999999933e+01 8.262079999999999202e+00 0.000000000000000000e+00
3.300000000000000000e+01 -1.556046000000000085e+01 1.019172000000000011e+01 0.000000000000000000e+00
3.400000000000000000e+01 -1.472682000000000002e+01 1.208520000000000039e+01 0.000000000000000000e+00
3.500000000000000000e+01 -1.349017000000000088e+01 1.585321000000000069e+01 0.000000000000000000e+00
3.600000000000000000e+01 -1.062512000000000079e+01 -1.637696000000000041e+01 0.000000000000000000e+00
3.700000000000000000e+01 -1.143027000000000015e+01 -1.406382999999999939e+01 0.000000000000000000e+00
3.800000000000000000e+01 -1.205794999999999995e+01 -1.195961999999999925e+01 0.000000000000000000e+00
3.900000000000000000e+01 -1.272621000000000002e+01 -9.564510000000000289e+00 0.000000000000000000e+00
4.000000000000000000e+01 -1.401538000000000039e+01 -7.788739999999999775e+00 0.000000000000000000e+00
4.100000000000000000e+01 -1.433891000000000027e+01 -5.657799999999999940e+00 0.000000000000000000e+00
4.200000000000000000e+01 -1.251121999999999979e+01 -4.637349999999999639e+00 0.000000000000000000e+00
4.300000000000000000e+01 -1.316419999999999924e+01 -2.667609999999999815e+00 0.000000000000000000e+00
4.400000000000000000e+01 -1.236809000000000047e+01 -7.356300000000000061e-01 0.000000000000000000e+00
4.500000000000000000e+01 -1.334267999999999965e+01 1.213689999999999936e+00 0.000000000000000000e+00
4.600000000000000000e+01 -1.465025999999999939e+01 2.937129999999999797e+00 0.000000000000000000e+00
4.700000000000000000e+01 -1.368967999999999918e+01 4.866249999999999964e+00 0.000000000000000000e+00
4.800000000000000000e+01 -1.291614000000000040e+01 6.778030000000000221e+00 0.000000000000000000e+00
4.900000000000000000e+01 -1.205819999999999936e+01 8.919660000000000366e+00 0.000000000000000000e+00
5.000000000000000000e+01 -1.331865999999999950e+01 1.057843000000000089e+01 0.000000000000000000e+00
5.100000000000000000e+01 -1.267562000000000033e+01 1.257086999999999932e+01 0.000000000000000000e+00
5.200000000000000000e+01 -1.188583999999999996e+01 1.451507999999999932e+01 0.000000000000000000e+00
5.300000000000000000e+01 -1.148212999999999973e+01 1.654386999999999830e+01 0.000000000000000000e+00
5.400000000000000000e+01 -8.626709999999999212e+00 -1.745896000000000114e+01 0.000000000000000000e+00
5.500000000000000000e+01 -9.333000000000000185e+00 -1.460965000000000025e+01 0.000000000000000000e+00
5.600000000000000000e+01 -1.003580000000000005e+01 -1.247533999999999921e+01 0.000000000000000000e+00
5.700000000000000000e+01 -1.073484000000000016e+01 -1.035036000000000023e+01 0.000000000000000000e+00
5.800000000000000000e+01 -1.074596000000000018e+01 -8.216689999999999827e+00 0.000000000000000000e+00
5.900000000000000000e+01 -1.215769000000000055e+01 -6.716779999999999973e+00 0.000000000000000000e+00
6.000000000000000000e+01 -1.044355999999999973e+01 -5.536550000000000082e+00 0.000000000000000000e+00
6.100000000000000000e+01 -1.079182999999999915e+01 -3.347490000000000077e+00 0.000000000000000000e+00
6.200000000000000000e+01 -1.037327999999999939e+01 -1.257810000000000095e+00 0.000000000000000000e+00
6.300000000000000000e+01 -1.098030999999999935e+01 9.957899999999999530e-01 0.000000000000000000e+00
6.400000000000000000e+01 -1.253326000000000029e+01 3.118619999999999948e+00 0.000000000000000000e+00
6.500000000000000000e+01 -1.159375000000000000e+01 5.037919999999999732e+00 0.000000000000000000e+00
6.600000000000000000e+01 -1.073038000000000025e+01 7.324449999999999683e+00 0.000000000000000000e+00
6.700000000000000000e+01 -9.947720000000000340e+00 9.243090000000000472e+00 0.000000000000000000e+00
6.800000000000000000e+01 -1.126496999999999993e+01 1.085021000000000058e+01 0.000000000000000000e+00
6.900000000000000000e+01 -1.057748999999999917e+01 1.286503000000000085e+01 0.000000000000000000e+00
7.000000000000000000e+01 -9.800800000000000622e+00 1.496118000000000059e+01 0.000000000000000000e+00
7.100000000000000000e+01 -9.287129999999999441e+00 1.711990000000000123e+01 0.000000000000000000e+00
7.200000000000000000e+01 -6.192989999999999995e+00 -1.879686999999999841e+01 0.000000000000000000e+00
7.300000000000000000e+01 -7.570299999999999585e+00 -1.566461999999999932e+01 0.000000000000000000e+00
7.400000000000000000e+01 -8.003080000000000638e+00 -1.290318000000000076e+01 0.000000000000000000e+00
7.500000000000000000e+01 -8.665940000000000865e+00 -1.091704999999999970e+01 0.000000000000000000e+00
7.600000000000000000e+01 -8.763059999999999405e+00 -8.871460000000000790e+00 0.000000000000000000e+00
7.700000000000000000e+01 -8.702740000000000364e+00 -6.711020000000000429e+00 0.000000000000000000e+00
7.800000000000000000e+01 -8.645440000000000680e+00 -4.479300000000000281e+00 0.000000000000000000e+00
7.900000000000000000e+01 -8.595380000000000464e+00 -2.386260000000000048e+00 0.000000000000000000e+00
8.000000000000000000e+01 -8.523820000000000618e+00 -3.148599999999999732e-01 0.000000000000000000e+00
8.100000000000000000e+01 -8.666349999999999554e+00 1.872169999999999890e+00 0.000000000000000000e+00
8.200000000000000000e+01 -1.039738999999999969e+01 3.348679999999999879e+00 0.000000000000000000e+00
8.300000000000000000e+01 -8.393779999999999575e+00 3.940059999999999896e+00 0.000000000000000000e+00
8.400000000000000000e+01 -9.618399999999999395e+00 5.595659999999999634e+00 0.000000000000000000e+00
8.500000000000000000e+01 -8.554249999999999687e+00 7.577939999999999898e+00 0.000000000000000000e+00
8.600000000000000000e+01 -9.242139999999999134e+00 1.125084000000000017e+01 0.000000000000000000e+00
8.700000000000000000e+01 -8.528280000000000527e+00 1.323423999999999978e+01 0.000000000000000000e+00
8.800000000000000000e+01 -7.569440000000000168e+00 1.554491999999999940e+01 0.000000000000000000e+00
8.900000000000000000e+01 -7.096210000000000129e+00 1.754697000000000173e+01 0.000000000000000000e+00
9.000000000000000000e+01 -4.371129999999999960e+00 -1.991828999999999894e+01 0.000000000000000000e+00
9.100000000000000000e+01 -5.805460000000000065e+00 -1.676404000000000138e+01 0.000000000000000000e+00
9.200000000000000000e+01 -6.224239999999999995e+00 -1.399798999999999971e+01 0.000000000000000000e+00
9.300000000000000000e+01 -6.130219999999999558e+00 -1.189025999999999961e+01 0.000000000000000000e+00
9.400000000000000000e+01 -6.841029999999999944e+00 -9.961499999999999133e+00 0.000000000000000000e+00
9.500000000000000000e+01 -6.919249999999999901e+00 -7.801179999999999559e+00 0.000000000000000000e+00
9.600000000000000000e+01 -6.925270000000000259e+00 -5.647459999999999702e+00 0.000000000000000000e+00
9.700000000000000000e+01 -6.696380000000000443e+00 -3.494860000000000078e+00 0.000000000000000000e+00
9.800000000000000000e+01 -6.723340000000000316e+00 -1.437810000000000032e+00 0.000000000000000000e+00
9.900000000000000000e+01 -6.679190000000000182e+00 6.691799999999999971e-01 0.000000000000000000e+00
1.000000000000000000e+02 -6.678659999999999819e+00 2.741369999999999862e+00 0.000000000000000000e+00
1.010000000000000000e+02 -5.136149999999999771e+00 4.095909999999999940e+00 0.000000000000000000e+00
1.020000000000000000e+02 -7.392929999999999779e+00 5.758219999999999672e+00 0.000000000000000000e+00
1.030000000000000000e+02 -7.840959999999999930e+00 9.652160000000000295e+00 0.000000000000000000e+00
1.040000000000000000e+02 -7.187800000000000189e+00 1.164785999999999966e+01 0.000000000000000000e+00
1.050000000000000000e+02 -6.504959999999999631e+00 1.365367999999999959e+01 0.000000000000000000e+00
1.060000000000000000e+02 -5.500750000000000028e+00 1.587372000000000050e+01 0.000000000000000000e+00
1.070000000000000000e+02 -3.536439999999999806e+00 1.972256000000000142e+01 0.000000000000000000e+00
1.080000000000000000e+02 -4.049290000000000056e+00 -1.785873000000000133e+01 0.000000000000000000e+00
1.090000000000000000e+02 -4.505390000000000228e+00 -1.513673999999999964e+01 0.000000000000000000e+00
1.100000000000000000e+02 -4.401270000000000238e+00 -1.304575999999999958e+01 0.000000000000000000e+00
1.110000000000000000e+02 -4.329250000000000043e+00 -1.080948000000000064e+01 0.000000000000000000e+00
1.120000000000000000e+02 -5.112129999999999619e+00 -8.830030000000000712e+00 0.000000000000000000e+00
1.130000000000000000e+02 -5.023439999999999905e+00 -6.747460000000000235e+00 0.000000000000000000e+00
1.140000000000000000e+02 -3.183250000000000135e+00 -5.745499999999999829e+00 0.000000000000000000e+00
1.150000000000000000e+02 -4.947980000000000267e+00 -4.670090000000000074e+00 0.000000000000000000e+00
1.160000000000000000e+02 -4.881549999999999834e+00 -2.460230000000000139e+00 0.000000000000000000e+00
1.170000000000000000e+02 -4.893019999999999925e+00 -3.748900000000000010e-01 0.000000000000000000e+00
1.180000000000000000e+02 -4.836009999999999920e+00 1.708739999999999926e+00 0.000000000000000000e+00
1.190000000000000000e+02 -5.277260000000000062e+00 6.317420000000000258e+00 0.000000000000000000e+00
1.200000000000000000e+02 -6.531930000000000014e+00 8.052429999999999310e+00 0.000000000000000000e+00
1.210000000000000000e+02 -4.434599999999999653e+00 8.488939999999999486e+00 0.000000000000000000e+00
1.220000000000000000e+02 -5.754190000000000360e+00 1.011347999999999914e+01 0.000000000000000000e+00
1.230000000000000000e+02 -5.101580000000000226e+00 1.206577000000000055e+01 0.000000000000000000e+00
1.240000000000000000e+02 -4.351409999999999556e+00 1.408043999999999940e+01 0.000000000000000000e+00
1.250000000000000000e+02 -4.882690000000000197e+00 1.787840999999999880e+01 0.000000000000000000e+00
1.260000000000000000e+02 -1.122200000000000086e+00 -1.984729000000000099e+01 0.000000000000000000e+00
1.270000000000000000e+02 -2.693579999999999863e+00 -1.627486999999999995e+01 0.000000000000000000e+00
1.280000000000000000e+02 -2.617410000000000014e+00 -1.412063999999999986e+01 0.000000000000000000e+00
1.290000000000000000e+02 -2.449990000000000112e+00 -1.204106999999999950e+01 0.000000000000000000e+00
1.300000000000000000e+02 -2.317790000000000017e+00 -9.975830000000000197e+00 0.000000000000000000e+00
1.310000000000000000e+02 -3.185389999999999944e+00 -8.026030000000000442e+00 0.000000000000000000e+00
1.320000000000000000e+02 -1.305050000000000043e+00 -4.749189999999999579e+00 0.000000000000000000e+00
1.330000000000000000e+02 -3.061580000000000190e+00 -3.548090000000000188e+00 0.000000000000000000e+00
1.340000000000000000e+02 -3.080519999999999925e+00 -1.398789999999999978e+00 0.000000000000000000e+00
1.350000000000000000e+02 -3.030600000000000183e+00 6.614299999999999624e-01 0.000000000000000000e+00
1.360000000000000000e+02 -3.041220000000000034e+00 2.718090000000000117e+00 0.000000000000000000e+00
1.370000000000000000e+02 -3.190090000000000092e+00 4.769779999999999909e+00 0.000000000000000000e+00
1.380000000000000000e+02 -3.124550000000000161e+00 6.876210000000000377e+00 0.000000000000000000e+00
1.390000000000000000e+02 -2.301480000000000192e+00 8.788370000000000459e+00 0.000000000000000000e+00
1.400000000000000000e+02 -3.539169999999999927e+00 1.044314999999999927e+01 0.000000000000000000e+00
1.410000000000000000e+02 -2.919729999999999936e+00 1.242695999999999934e+01 0.000000000000000000e+00
1.420000000000000000e+02 -3.291399999999999881e+00 1.632977999999999952e+01 0.000000000000000000e+00
1.430000000000000000e+02 -2.203809999999999825e+00 1.813984999999999914e+01 0.000000000000000000e+00
1.440000000000000000e+02 -1.174700000000000077e+00 -1.776023999999999958e+01 0.000000000000000000e+00
1.450000000000000000e+02 -8.639700000000000157e-01 -1.520428000000000068e+01 0.000000000000000000e+00
1.460000000000000000e+02 -6.727100000000000302e-01 -1.311935000000000073e+01 0.000000000000000000e+00
1.470000000000000000e+02 -5.200900000000000523e-01 -1.103913000000000011e+01 0.000000000000000000e+00
1.480000000000000000e+02 -4.026699999999999724e-01 -8.954449999999999577e+00 0.000000000000000000e+00
1.490000000000000000e+02 1.364999999999999991e+00 -7.904379999999999740e+00 0.000000000000000000e+00
1.500000000000000000e+02 -1.257519999999999971e+00 -6.903730000000000366e+00 0.000000000000000000e+00
1.510000000000000000e+02 -1.222480000000000011e+00 -2.518400000000000194e+00 0.000000000000000000e+00
1.520000000000000000e+02 -1.153469999999999995e+00 -3.807699999999999974e-01 0.000000000000000000e+00
1.530000000000000000e+02 -1.145550000000000068e+00 1.767379999999999951e+00 0.000000000000000000e+00
1.540000000000000000e+02 -1.285139999999999949e+00 3.841639999999999944e+00 0.000000000000000000e+00
1.550000000000000000e+02 1.021800000000000069e-01 5.360529999999999795e+00 0.000000000000000000e+00
1.560000000000000000e+02 -1.000869999999999926e+00 7.093280000000000030e+00 0.000000000000000000e+00
1.570000000000000000e+02 -2.139699999999999935e-01 9.107490000000000308e+00 0.000000000000000000e+00
1.580000000000000000e+02 -1.392910000000000093e+00 1.087911000000000072e+01 0.000000000000000000e+00
1.590000000000000000e+02 -8.000099999999999989e-01 1.288485999999999976e+01 0.000000000000000000e+00
1.600000000000000000e+02 -2.298309999999999853e+00 1.442126000000000019e+01 0.000000000000000000e+00
1.610000000000000000e+02 -1.053029999999999911e+00 1.616270000000000095e+01 0.000000000000000000e+00
1.620000000000000000e+02 9.060399999999999565e-01 -1.889755999999999858e+01 0.000000000000000000e+00
1.630000000000000000e+02 6.692000000000000171e-01 -1.662884000000000029e+01 0.000000000000000000e+00
1.640000000000000000e+02 1.072729999999999961e+00 -1.430269999999999975e+01 0.000000000000000000e+00
1.650000000000000000e+02 1.209449999999999914e+00 -1.221284999999999954e+01 0.000000000000000000e+00
1.660000000000000000e+02 1.338610000000000078e+00 -1.007935999999999943e+01 0.000000000000000000e+00
1.670000000000000000e+02 4.957099999999999840e-01 -5.812170000000000059e+00 0.000000000000000000e+00
1.680000000000000000e+02 5.947999999999999954e-01 -3.556659999999999933e+00 0.000000000000000000e+00
1.690000000000000000e+02 2.489230000000000054e+00 -2.703710000000000058e+00 0.000000000000000000e+00
1.700000000000000000e+02 6.877900000000000125e-01 -1.484129999999999949e+00 0.000000000000000000e+00
1.710000000000000000e+02 6.341299999999999715e-01 6.835499999999999909e-01 0.000000000000000000e+00
1.720000000000000000e+02 6.452900000000000302e-01 2.821219999999999839e+00 0.000000000000000000e+00
1.730000000000000000e+02 2.170059999999999878e+00 5.419059999999999988e+00 0.000000000000000000e+00
1.740000000000000000e+02 1.070680000000000076e+00 7.179590000000000138e+00 0.000000000000000000e+00
1.750000000000000000e+02 1.848519999999999941e+00 9.156850000000000378e+00 0.000000000000000000e+00
1.760000000000000000e+02 6.929199999999999804e-01 1.106856999999999935e+01 0.000000000000000000e+00
1.770000000000000000e+02 1.673829999999999929e+00 1.293984999999999985e+01 0.000000000000000000e+00
1.780000000000000000e+02 4.253799999999999804e-01 1.469933999999999941e+01 0.000000000000000000e+00
1.790000000000000000e+02 7.356999999999999651e-02 1.815315999999999974e+01 0.000000000000000000e+00
1.800000000000000000e+02 2.568439999999999834e+00 -1.757543000000000077e+01 0.000000000000000000e+00
1.810000000000000000e+02 2.756969999999999921e+00 -1.550647999999999982e+01 0.000000000000000000e+00
1.820000000000000000e+02 2.958429999999999893e+00 -1.338138000000000005e+01 0.000000000000000000e+00
1.830000000000000000e+02 3.048439999999999817e+00 -1.122664999999999935e+01 0.000000000000000000e+00
1.840000000000000000e+02 3.184940000000000104e+00 -9.024599999999999511e+00 0.000000000000000000e+00
1.850000000000000000e+02 3.230900000000000105e+00 -6.673329999999999984e+00 0.000000000000000000e+00
1.860000000000000000e+02 2.289079999999999782e+00 -4.788210000000000299e+00 0.000000000000000000e+00
1.870000000000000000e+02 4.666920000000000179e+00 -2.559019999999999850e+00 0.000000000000000000e+00
1.880000000000000000e+02 3.391500000000000181e+00 -8.286599999999999522e-01 0.000000000000000000e+00
1.890000000000000000e+02 2.694939999999999891e+00 1.148749999999999938e+00 0.000000000000000000e+00
1.900000000000000000e+02 2.671390000000000153e+00 3.367649999999999810e+00 0.000000000000000000e+00
1.910000000000000000e+02 4.241249999999999964e+00 5.478040000000000020e+00 0.000000000000000000e+00
1.920000000000000000e+02 3.172130000000000116e+00 7.256140000000000256e+00 0.000000000000000000e+00
1.930000000000000000e+02 3.936669999999999892e+00 9.180149999999999366e+00 0.000000000000000000e+00
1.940000000000000000e+02 2.800660000000000149e+00 1.099306999999999945e+01 0.000000000000000000e+00
1.950000000000000000e+02 3.853079999999999838e+00 1.293756999999999913e+01 0.000000000000000000e+00
1.960000000000000000e+02 2.636670000000000069e+00 1.476931000000000083e+01 0.000000000000000000e+00
1.970000000000000000e+02 1.543350000000000000e+00 1.657047000000000025e+01 0.000000000000000000e+00
1.980000000000000000e+02 4.594789999999999708e+00 -1.697394999999999854e+01 0.000000000000000000e+00
1.990000000000000000e+02 4.657890000000000086e+00 -1.468070999999999948e+01 0.000000000000000000e+00
2.000000000000000000e+02 4.819340000000000401e+00 -1.238400999999999996e+01 0.000000000000000000e+00
2.010000000000000000e+02 5.032479999999999620e+00 -1.030959000000000003e+01 0.000000000000000000e+00
2.020000000000000000e+02 5.111780000000000435e+00 -8.016970000000000596e+00 0.000000000000000000e+00
2.030000000000000000e+02 5.907569999999999766e+00 -5.990330000000000155e+00 0.000000000000000000e+00
2.040000000000000000e+02 4.342220000000000191e+00 -4.604720000000000368e+00 0.000000000000000000e+00
2.050000000000000000e+02 5.483819999999999695e+00 -6.527600000000000069e-01 0.000000000000000000e+00
2.060000000000000000e+02 7.200210000000000221e+00 5.281299999999999883e-01 0.000000000000000000e+00
2.070000000000000000e+02 4.936980000000000146e+00 1.356060000000000043e+00 0.000000000000000000e+00
2.080000000000000000e+02 4.771840000000000082e+00 3.411989999999999856e+00 0.000000000000000000e+00
2.090000000000000000e+02 6.254439999999999777e+00 4.829959999999999809e+00 0.000000000000000000e+00
2.100000000000000000e+02 5.644309999999999938e+00 7.111139999999999795e+00 0.000000000000000000e+00
2.110000000000000000e+02 5.997690000000000410e+00 9.193580000000000751e+00 0.000000000000000000e+00
2.120000000000000000e+02 4.957309999999999661e+00 1.098980000000000068e+01 0.000000000000000000e+00
2.130000000000000000e+02 4.729420000000000179e+00 1.486660000000000004e+01 0.000000000000000000e+00
2.140000000000000000e+02 3.724180000000000046e+00 1.669299000000000177e+01 0.000000000000000000e+00
2.150000000000000000e+02 4.146230000000000082e+00 1.871624999999999872e+01 0.000000000000000000e+00
2.160000000000000000e+02 5.936560000000000059e+00 -1.876175999999999888e+01 0.000000000000000000e+00
2.170000000000000000e+02 6.460210000000000008e+00 -1.585919999999999952e+01 0.000000000000000000e+00
2.180000000000000000e+02 6.495090000000000252e+00 -1.376750000000000007e+01 0.000000000000000000e+00
2.190000000000000000e+02 6.780219999999999914e+00 -1.166868999999999978e+01 0.000000000000000000e+00
2.200000000000000000e+02 6.998330000000000162e+00 -9.485170000000000101e+00 0.000000000000000000e+00
2.210000000000000000e+02 7.429520000000000124e+00 -7.400689999999999991e+00 0.000000000000000000e+00
2.220000000000000000e+02 7.890259999999999607e+00 -5.281480000000000175e+00 0.000000000000000000e+00
2.230000000000000000e+02 6.360229999999999606e+00 -3.775650000000000173e+00 0.000000000000000000e+00
2.240000000000000000e+02 7.207099999999999618e+00 -1.822330000000000005e+00 0.000000000000000000e+00
2.250000000000000000e+02 8.772710000000000008e+00 1.847599999999999909e+00 0.000000000000000000e+00
2.260000000000000000e+02 6.800659999999999705e+00 2.557160000000000100e+00 0.000000000000000000e+00
2.270000000000000000e+02 8.380079999999999529e+00 3.888199999999999878e+00 0.000000000000000000e+00
2.280000000000000000e+02 7.865669999999999717e+00 6.182940000000000325e+00 0.000000000000000000e+00
2.290000000000000000e+02 7.915560000000000151e+00 8.330249999999999488e+00 0.000000000000000000e+00
2.300000000000000000e+02 7.600850000000000328e+00 1.055935999999999986e+01 0.000000000000000000e+00
2.310000000000000000e+02 6.145059999999999967e+00 1.267728999999999928e+01 0.000000000000000000e+00
2.320000000000000000e+02 6.828310000000000102e+00 1.462158999999999942e+01 0.000000000000000000e+00
2.330000000000000000e+02 6.073380000000000223e+00 1.654220000000000113e+01 0.000000000000000000e+00
2.340000000000000000e+02 7.748599999999999710e+00 -1.752721999999999980e+01 0.000000000000000000e+00
2.350000000000000000e+02 8.335060000000000358e+00 -1.496681000000000061e+01 0.000000000000000000e+00
2.360000000000000000e+02 8.501279999999999504e+00 -1.285684000000000005e+01 0.000000000000000000e+00
2.370000000000000000e+02 8.670749999999999957e+00 -1.077336000000000027e+01 0.000000000000000000e+00
2.380000000000000000e+02 9.048659999999999926e+00 -8.735519999999999285e+00 0.000000000000000000e+00
2.390000000000000000e+02 9.455109999999999459e+00 -6.633779999999999788e+00 0.000000000000000000e+00
2.400000000000000000e+02 1.003908000000000023e+01 -4.652219999999999800e+00 0.000000000000000000e+00
2.410000000000000000e+02 9.024729999999999919e+00 -2.817550000000000221e+00 0.000000000000000000e+00
2.420000000000000000e+02 9.268430000000000391e+00 -3.636199999999999988e-01 0.000000000000000000e+00
2.430000000000000000e+02 1.093826999999999927e+01 9.826700000000000434e-01 0.000000000000000000e+00
2.440000000000000000e+02 1.043321000000000076e+01 3.072579999999999867e+00 0.000000000000000000e+00
2.450000000000000000e+02 9.982670000000000599e+00 5.180329999999999657e+00 0.000000000000000000e+00
2.460000000000000000e+02 9.831269999999999953e+00 7.430769999999999875e+00 0.000000000000000000e+00
2.470000000000000000e+02 9.519280000000000186e+00 9.705579999999999430e+00 0.000000000000000000e+00
2.480000000000000000e+02 9.281700000000000728e+00 1.179125999999999941e+01 0.000000000000000000e+00
2.490000000000000000e+02 8.902559999999999363e+00 1.385909000000000013e+01 0.000000000000000000e+00
2.500000000000000000e+02 8.513960000000000861e+00 1.591137999999999941e+01 0.000000000000000000e+00
2.510000000000000000e+02 7.966039999999999566e+00 1.854196999999999917e+01 0.000000000000000000e+00
2.520000000000000000e+02 9.857359999999999900e+00 -1.653984000000000165e+01 0.000000000000000000e+00
2.530000000000000000e+02 1.037548999999999921e+01 -1.435543000000000013e+01 0.000000000000000000e+00
2.540000000000000000e+02 1.053292000000000073e+01 -1.218939999999999912e+01 0.000000000000000000e+00
2.550000000000000000e+02 1.068718999999999930e+01 -1.009980000000000011e+01 0.000000000000000000e+00
2.560000000000000000e+02 1.110810000000000031e+01 -8.028950000000000031e+00 0.000000000000000000e+00
2.570000000000000000e+02 1.164169000000000054e+01 -6.003870000000000040e+00 0.000000000000000000e+00
2.580000000000000000e+02 1.252448000000000050e+01 -4.138119999999999798e+00 0.000000000000000000e+00
2.590000000000000000e+02 1.116660000000000075e+01 -2.579629999999999868e+00 0.000000000000000000e+00
2.600000000000000000e+02 1.222085000000000043e+01 -6.329299999999999926e-01 0.000000000000000000e+00
2.610000000000000000e+02 1.315828999999999915e+01 1.610030000000000072e+00 0.000000000000000000e+00
2.620000000000000000e+02 1.220956999999999937e+01 4.125820000000000043e+00 0.000000000000000000e+00
2.630000000000000000e+02 1.361777999999999977e+01 5.627640000000000420e+00 0.000000000000000000e+00
2.640000000000000000e+02 1.176476000000000077e+01 6.507469999999999644e+00 0.000000000000000000e+00
2.650000000000000000e+02 1.141202000000000005e+01 8.804109999999999658e+00 0.000000000000000000e+00
2.660000000000000000e+02 1.135549999999999926e+01 1.108549000000000007e+01 0.000000000000000000e+00
2.670000000000000000e+02 1.105621000000000009e+01 1.318154000000000003e+01 0.000000000000000000e+00
2.680000000000000000e+02 1.058426000000000045e+01 1.525623000000000040e+01 0.000000000000000000e+00
2.690000000000000000e+02 9.830289999999999750e+00 1.755903999999999954e+01 0.000000000000000000e+00
2.700000000000000000e+02 1.219312000000000040e+01 -1.548521999999999998e+01 0.000000000000000000e+00
2.710000000000000000e+02 1.249103999999999992e+01 -1.307813999999999943e+01 0.000000000000000000e+00
2.720000000000000000e+02 1.259570000000000078e+01 -1.099285000000000068e+01 0.000000000000000000e+00
2.730000000000000000e+02 1.441094000000000008e+01 -9.884850000000000136e+00 0.000000000000000000e+00
2.740000000000000000e+02 1.325624999999999964e+01 -7.984639999999999738e+00 0.000000000000000000e+00
2.750000000000000000e+02 1.370641999999999960e+01 -5.910239999999999938e+00 0.000000000000000000e+00
2.760000000000000000e+02 1.470449999999999946e+01 -4.099050000000000082e+00 0.000000000000000000e+00
2.770000000000000000e+02 1.347841999999999985e+01 -2.298669999999999991e+00 0.000000000000000000e+00
2.780000000000000000e+02 1.436750999999999934e+01 -3.235899999999999888e-01 0.000000000000000000e+00
2.790000000000000000e+02 1.521500999999999948e+01 1.626409999999999911e+00 0.000000000000000000e+00
2.800000000000000000e+02 1.431489000000000011e+01 3.688940000000000108e+00 0.000000000000000000e+00
2.810000000000000000e+02 1.573649999999999949e+01 5.794459999999999944e+00 0.000000000000000000e+00
2.820000000000000000e+02 1.555147000000000013e+01 7.890240000000000364e+00 0.000000000000000000e+00
2.830000000000000000e+02 1.345552999999999955e+01 7.957930000000000170e+00 0.000000000000000000e+00
2.840000000000000000e+02 1.318135999999999974e+01 1.007754000000000083e+01 0.000000000000000000e+00
2.850000000000000000e+02 1.513152999999999970e+01 1.124127999999999972e+01 0.000000000000000000e+00
2.860000000000000000e+02 1.322230000000000061e+01 1.222124999999999950e+01 0.000000000000000000e+00
2.870000000000000000e+02 1.290318000000000076e+01 1.431609000000000087e+01 0.000000000000000000e+00
2.880000000000000000e+02 1.430915000000000070e+01 -1.435571999999999981e+01 0.000000000000000000e+00
2.890000000000000000e+02 1.451008000000000031e+01 -1.224989000000000061e+01 0.000000000000000000e+00
2.900000000000000000e+02 1.628699999999999903e+01 -1.114316999999999958e+01 0.000000000000000000e+00
2.910000000000000000e+02 1.728576999999999941e+01 -9.154230000000000089e+00 0.000000000000000000e+00
2.920000000000000000e+02 1.534483999999999959e+01 -7.930329999999999657e+00 0.000000000000000000e+00
2.930000000000000000e+02 1.622306999999999988e+01 -5.956500000000000128e+00 0.000000000000000000e+00
2.940000000000000000e+02 1.723608000000000118e+01 -3.893990000000000062e+00 0.000000000000000000e+00
2.950000000000000000e+02 1.575131000000000014e+01 -2.170110000000000205e+00 0.000000000000000000e+00
2.960000000000000000e+02 1.693494000000000099e+01 -3.864600000000000257e-01 0.000000000000000000e+00
2.970000000000000000e+02 1.778107999999999933e+01 2.068200000000000038e+00 0.000000000000000000e+00
2.980000000000000000e+02 1.646342999999999890e+01 3.860479999999999912e+00 0.000000000000000000e+00
2.990000000000000000e+02 1.769247000000000014e+01 6.825499999999999901e+00 0.000000000000000000e+00
