0.000000000000000000e+00 -1.212612000000000023e+01 -1.380453999999999937e+01 0.000000000000000000e+00
1.000000000000000000e+00 -1.366863999999999990e+01 -1.227852999999999994e+01 0.000000000000000000e+00
2.000000000000000000e+00 -1.514615000000000045e+01 -1.065066000000000024e+01 0.000000000000000000e+00
3.000000000000000000e+00 -1.686323000000000150e+01 -9.323349999999999582e+00 0.000000000000000000e+00
4.000000000000000000e+00 -1.834496000000000038e+01 -6.094660000000000188e+00 0.000000000000000000e+00
5.000000000000000000e+00 -1.900552000000000064e+01 -2.056630000000000180e+00 0.000000000000000000e+00
6.000000000000000000e+00 -1.736447000000000074e+01 -3.595610000000000195e+00 0.000000000000000000e+00
7.000000000000000000e+00 -2.025334000000000145e+01 1.064410000000000078e+00 0.000000000000000000e+00
8.000000000000000000e+00 -1.845758000000000010e+01 -4.508000000000000201e-02 0.000000000000000000e+00
9.000000000000000000e+00 -1.817126999999999981e+01 2.007779999999999898e+00 0.000000000000000000e+00
1.000000000000000000e+01 -1.605655000000000143e+01 2.798909999999999787e+00 0.000000000000000000e+00
1.100000000000000000e+01 -1.859037000000000006e+01 4.254959999999999631e+00 0.000000000000000000e+00
1.200000000000000000e+01 -1.509064000000000050e+01 6.885080000000000311e+00 0.000000000000000000e+00
1.300000000000000000e+01 -1.751180000000000092e+01 6.082799999999999763e+00 0.000000000000000000e+00
1.400000000000000000e+01 -1.687847000000000008e+01 8.276830000000000354e+00 0.000000000000000000e+00
1.500000000000000000e+01 -1.640245000000000175e+01 1.028508000000000067e+01 0.000000000000000000e+00
1.600000000000000000e+01 -1.366834000000000060e+01 1.333543000000000056e+01 0.000000000000000000e+00
1.700000000000000000e+01 -1.124943000000000026e+01 1.586199000000000048e+01 0.000000000000000000e+00
1.800000000000000000e+01 -1.054939000000000071e+01 -1.532823999999999920e+01 0.000000000000000000e+00
1.900000000000000000e+01 -1.162476000000000020e+01 -1.163936999999999955e+01 0.000000000000000000e+00
2.000000000000000000e+01 -1.310384999999999955e+01 -1.009842000000000084e+01 0.000000000000000000e+00
2.100000000000000000e+01 -1.461386000000000074e+01 -8.613659999999999428e+00 0.000000000000000000e+00
2.200000000000000000e+01 -1.644028000000000134e+01 -7.199849999999999639e+00 0.000000000000000000e+00
2.300000000000000000e+01 -1.576786000000000065e+01 -4.996909999999999741e+00 0.000000000000000000e+00
2.400000000000000000e+01 -1.537166999999999994e+01 -2.915389999999999926e+00 0.000000000000000000e+00
2.500000000000000000e+01 -1.693102999999999980e+01 -1.458590000000000053e+00 0.000000000000000000e+00
2.600000000000000000e+01 -1.489944999999999986e+01 -7.942799999999999860e-01 0.000000000000000000e+00
2.700000000000000000e+01 -1.640365999999999858e+01 6.274999999999999467e-01 0.000000000000000000e+00
2.800000000000000000e+01 -1.403046999999999933e+01 3.474209999999999798e+00 0.000000000000000000e+00
2.900000000000000000e+01 -1.573203999999999958e+01 4.850259999999999572e+00 0.000000000000000000e+00
3.000000000000000000e+01 -1.348146999999999984e+01 5.467299999999999827e+00 0.000000000000000000e+00
3.100000000000000000e+01 -1.301764999999999972e+01 7.481359999999999566e+00 0.000000000000000000e+00
3.200000000000000000e+01 -1.470190999999999981e+01 9.021699999999999164e+00 0.000000000000000000e+00
3.300000000000000000e+01 -1.435631000000000057e+01 1.116783000000000037e+01 0.000000000000000000e+00
3.400000000000000000e+01 -1.159782000000000046e+01 1.379249000000000080e+01 0.000000000000000000e+00
3.500000000000000000e+01 -9.478790000000000049e+00 1.729766000000000048e+01 0.000000000000000000e+00
3.600000000000000000e+01 -9.290190000000000836e+00 -1.700628999999999991e+01 0.000000000000000000e+00
3.700000000000000000e+01 -1.003815999999999953e+01 -1.302391000000000076e+01 0.000000000000000000e+00
3.800000000000000000e+01 -1.110765999999999920e+01 -9.508200000000000429e+00 0.000000000000000000e+00
3.900000000000000000e+01 -1.257422000000000040e+01 -7.945879999999999832e+00 0.000000000000000000e+00
4.000000000000000000e+01 -1.431428999999999974e+01 -6.501590000000000202e+00 0.000000000000000000e+00
4.100000000000000000e+01 -1.380709000000000053e+01 -4.295729999999999826e+00 0.000000000000000000e+00
4.200000000000000000e+01 -1.182901000000000025e+01 -3.698869999999999880e+00 0.000000000000000000e+00
4.300000000000000000e+01 -1.334576999999999991e+01 -2.258669999999999956e+00 0.000000000000000000e+00
4.400000000000000000e+01 -1.290484000000000009e+01 -1.343000000000000027e-01 0.000000000000000000e+00
4.500000000000000000e+01 -1.446986000000000061e+01 1.374149999999999983e+00 0.000000000000000000e+00
4.600000000000000000e+01 -1.242812999999999946e+01 1.993339999999999890e+00 0.000000000000000000e+00
4.700000000000000000e+01 -1.192933999999999983e+01 3.988519999999999843e+00 0.000000000000000000e+00
4.800000000000000000e+01 -1.142944999999999922e+01 6.009290000000000020e+00 0.000000000000000000e+00
4.900000000000000000e+01 -1.103129999999999988e+01 8.183719999999999217e+00 0.000000000000000000e+00
5.000000000000000000e+01 -1.268328999999999951e+01 9.670009999999999550e+00 0.000000000000000000e+00
5.100000000000000000e+01 -1.210909999999999975e+01 1.174407000000000068e+01 0.000000000000000000e+00
5.200000000000000000e+01 -9.597749999999999559e+00 1.448124999999999929e+01 0.000000000000000000e+00
5.300000000000000000e+01 -6.710090000000000110e+00 1.702028999999999925e+01 0.000000000000000000e+00
5.400000000000000000e+01 -7.363839999999999719e+00 -1.830210999999999899e+01 0.000000000000000000e+00
5.500000000000000000e+01 -8.451570000000000249e+00 -1.436063000000000045e+01 0.000000000000000000e+00
5.600000000000000000e+01 -8.027290000000000703e+00 -1.228148999999999980e+01 0.000000000000000000e+00
5.700000000000000000e+01 -9.614689999999999515e+00 -1.095720000000000027e+01 0.000000000000000000e+00
5.800000000000000000e+01 -1.062617000000000012e+01 -7.222800000000000331e+00 0.000000000000000000e+00
5.900000000000000000e+01 -1.225351000000000035e+01 -5.841689999999999827e+00 0.000000000000000000e+00
6.000000000000000000e+01 -1.029748999999999981e+01 -5.158570000000000100e+00 0.000000000000000000e+00
6.100000000000000000e+01 -1.139511000000000074e+01 -1.582929999999999948e+00 0.000000000000000000e+00
6.200000000000000000e+01 -9.358750000000000568e+00 -8.991999999999999993e-01 0.000000000000000000e+00
6.300000000000000000e+01 -1.093113999999999919e+01 5.702000000000000401e-01 0.000000000000000000e+00
6.400000000000000000e+01 -1.030536999999999992e+01 2.618980000000000086e+00 0.000000000000000000e+00
6.500000000000000000e+01 -9.821339999999999293e+00 4.630770000000000053e+00 0.000000000000000000e+00
6.600000000000000000e+01 -9.478210000000000690e+00 6.688559999999999839e+00 0.000000000000000000e+00
6.700000000000000000e+01 -8.983589999999999520e+00 8.687139999999999418e+00 0.000000000000000000e+00
6.800000000000000000e+01 -1.055893000000000015e+01 1.022583000000000020e+01 0.000000000000000000e+00
6.900000000000000000e+01 -9.996320000000000761e+00 1.231195999999999913e+01 0.000000000000000000e+00
7.000000000000000000e+01 -7.539559999999999818e+00 1.507848000000000077e+01 0.000000000000000000e+00
7.100000000000000000e+01 -4.511639999999999873e+00 1.769427999999999912e+01 0.000000000000000000e+00
7.200000000000000000e+01 -5.376439999999999664e+00 -1.710098999999999947e+01 0.000000000000000000e+00
7.300000000000000000e+01 -7.032099999999999795e+00 -1.587279000000000018e+01 0.000000000000000000e+00
7.400000000000000000e+01 -6.474479999999999791e+00 -1.364442000000000021e+01 0.000000000000000000e+00
7.500000000000000000e+01 -7.601569999999999716e+00 -1.007000000000000028e+01 0.000000000000000000e+00
7.600000000000000000e+01 -9.037200000000000344e+00 -8.605050000000000310e+00 0.000000000000000000e+00
7.700000000000000000e+01 -8.651239999999999597e+00 -6.569020000000000081e+00 0.000000000000000000e+00
7.800000000000000000e+01 -8.318820000000000547e+00 -4.492239999999999789e+00 0.000000000000000000e+00
7.900000000000000000e+01 -9.827489999999999171e+00 -3.053599999999999870e+00 0.000000000000000000e+00
8.000000000000000000e+01 -7.759199999999999875e+00 -2.417069999999999830e+00 0.000000000000000000e+00
8.100000000000000000e+01 -8.892419999999999547e+00 1.111879999999999979e+00 0.000000000000000000e+00
8.200000000000000000e+01 -8.237330000000000041e+00 3.145700000000000163e+00 0.000000000000000000e+00
8.300000000000000000e+01 -7.753269999999999662e+00 5.160110000000000419e+00 0.000000000000000000e+00
8.400000000000000000e+01 -7.409659999999999691e+00 7.248960000000000292e+00 0.000000000000000000e+00
8.500000000000000000e+01 -7.002239999999999576e+00 9.293430000000000746e+00 0.000000000000000000e+00
8.600000000000000000e+01 -8.522970000000000823e+00 1.071461000000000041e+01 0.000000000000000000e+00
8.700000000000000000e+01 -7.992720000000000269e+00 1.289206000000000074e+01 0.000000000000000000e+00
8.800000000000000000e+01 -5.397179999999999644e+00 1.541929999999999978e+01 0.000000000000000000e+00
8.900000000000000000e+01 -3.256069999999999798e+00 1.955304999999999893e+01 0.000000000000000000e+00
9.000000000000000000e+01 -3.700320000000000054e+00 -1.870614000000000132e+01 0.000000000000000000e+00
9.100000000000000000e+01 -4.845989999999999576e+00 -1.507947000000000060e+01 0.000000000000000000e+00
9.200000000000000000e+01 -4.542799999999999727e+00 -1.293792000000000009e+01 0.000000000000000000e+00
9.300000000000000000e+01 -6.040779999999999816e+00 -1.143809000000000076e+01 0.000000000000000000e+00
9.400000000000000000e+01 -5.598200000000000287e+00 -9.401749999999999829e+00 0.000000000000000000e+00
9.500000000000000000e+01 -7.065129999999999910e+00 -7.928009999999999557e+00 0.000000000000000000e+00
9.600000000000000000e+01 -6.662550000000000416e+00 -5.897759999999999891e+00 0.000000000000000000e+00
9.700000000000000000e+01 -6.244559999999999889e+00 -3.847210000000000019e+00 0.000000000000000000e+00
9.800000000000000000e+01 -5.765679999999999694e+00 -1.796519999999999895e+00 0.000000000000000000e+00
9.900000000000000000e+01 -7.302979999999999805e+00 -4.033999999999999808e-01 0.000000000000000000e+00
1.000000000000000000e+02 -6.791970000000000063e+00 1.661289999999999933e+00 0.000000000000000000e+00
1.010000000000000000e+02 -6.172049999999999592e+00 3.655660000000000132e+00 0.000000000000000000e+00
1.020000000000000000e+02 -5.704699999999999882e+00 5.721949999999999648e+00 0.000000000000000000e+00
1.030000000000000000e+02 -5.419019999999999726e+00 7.834150000000000169e+00 0.000000000000000000e+00
1.040000000000000000e+02 -6.547710000000000363e+00 1.136621000000000059e+01 0.000000000000000000e+00
1.050000000000000000e+02 -5.982840000000000380e+00 1.345045999999999964e+01 0.000000000000000000e+00
1.060000000000000000e+02 -3.335179999999999811e+00 1.590596000000000032e+01 0.000000000000000000e+00
1.070000000000000000e+02 -1.075830000000000064e+00 1.969972999999999885e+01 0.000000000000000000e+00
1.080000000000000000e+02 -3.270750000000000046e+00 -1.655980999999999881e+01 0.000000000000000000e+00
1.090000000000000000e+02 -2.827339999999999964e+00 -1.454604999999999926e+01 0.000000000000000000e+00
1.100000000000000000e+02 -2.478990000000000027e+00 -1.245509999999999984e+01 0.000000000000000000e+00
1.110000000000000000e+02 -3.931890000000000107e+00 -1.086511999999999922e+01 0.000000000000000000e+00
1.120000000000000000e+02 -3.621459999999999901e+00 -8.816290000000000404e+00 0.000000000000000000e+00
1.130000000000000000e+02 -5.076050000000000395e+00 -7.318329999999999558e+00 0.000000000000000000e+00
1.140000000000000000e+02 -4.688180000000000014e+00 -5.222979999999999734e+00 0.000000000000000000e+00
1.150000000000000000e+02 -4.222730000000000317e+00 -3.164899999999999824e+00 0.000000000000000000e+00
1.160000000000000000e+02 -3.171460000000000168e+00 -4.176400000000000112e-01 0.000000000000000000e+00
1.170000000000000000e+02 -5.153769999999999740e+00 2.624000000000000221e-01 0.000000000000000000e+00
1.180000000000000000e+02 -4.443979999999999819e+00 2.199260000000000215e+00 0.000000000000000000e+00
1.190000000000000000e+02 -4.193670000000000009e+00 4.255650000000000155e+00 0.000000000000000000e+00
1.200000000000000000e+02 -3.713719999999999910e+00 6.288079999999999892e+00 0.000000000000000000e+00
1.210000000000000000e+02 -3.410109999999999975e+00 8.451700000000000657e+00 0.000000000000000000e+00
1.220000000000000000e+02 -5.016720000000000290e+00 9.885180000000000078e+00 0.000000000000000000e+00
1.230000000000000000e+02 -4.559389999999999610e+00 1.188601000000000063e+01 0.000000000000000000e+00
1.240000000000000000e+02 -3.575649999999999995e+00 1.374305000000000021e+01 0.000000000000000000e+00
1.250000000000000000e+02 -2.335949999999999971e+00 1.771707999999999927e+01 0.000000000000000000e+00
1.260000000000000000e+02 -1.627359999999999918e+00 -1.782798000000000016e+01 0.000000000000000000e+00
1.270000000000000000e+02 -1.024880000000000013e+00 -1.577594999999999992e+01 0.000000000000000000e+00
1.280000000000000000e+02 -6.776100000000000456e-01 -1.375036000000000058e+01 0.000000000000000000e+00
1.290000000000000000e+02 -1.937310000000000088e+00 -1.013505999999999929e+01 0.000000000000000000e+00
1.300000000000000000e+02 -1.414830000000000032e+00 -8.125780000000000669e+00 0.000000000000000000e+00
1.310000000000000000e+02 -3.038269999999999804e+00 -6.749329999999999607e+00 0.000000000000000000e+00
1.320000000000000000e+02 -2.446870000000000100e+00 -4.444950000000000401e+00 0.000000000000000000e+00
1.330000000000000000e+02 -2.302630000000000177e+00 -2.323399999999999910e+00 0.000000000000000000e+00
1.340000000000000000e+02 -9.421199999999999575e-01 -7.544100000000000250e-01 0.000000000000000000e+00
1.350000000000000000e+02 -1.784810000000000008e+00 1.142570000000000086e+00 0.000000000000000000e+00
1.360000000000000000e+02 -2.451919999999999877e+00 3.104629999999999779e+00 0.000000000000000000e+00
1.370000000000000000e+02 -1.437899999999999956e+00 4.960939999999999905e+00 0.000000000000000000e+00
1.380000000000000000e+02 -1.775400000000000089e+00 7.021010000000000417e+00 0.000000000000000000e+00
1.390000000000000000e+02 -3.011489999999999778e+00 1.053059999999999974e+01 0.000000000000000000e+00
1.400000000000000000e+02 -1.990560000000000107e+00 1.238918999999999926e+01 0.000000000000000000e+00
1.410000000000000000e+02 -5.821100000000000163e-01 1.402683999999999997e+01 0.000000000000000000e+00
1.420000000000000000e+02 -1.192050000000000054e+00 1.600112000000000023e+01 0.000000000000000000e+00
1.430000000000000000e+02 1.021699999999999969e-01 1.775644000000000133e+01 0.000000000000000000e+00
1.440000000000000000e+02 4.377599999999999825e-01 -1.731919999999999860e+01 0.000000000000000000e+00
1.450000000000000000e+02 1.428060000000000107e+00 -1.469355999999999973e+01 0.000000000000000000e+00
1.460000000000000000e+02 2.130450000000000177e+00 -1.069111999999999973e+01 0.000000000000000000e+00
1.470000000000000000e+02 -5.733300000000000063e-01 -1.168144000000000027e+01 0.000000000000000000e+00
1.480000000000000000e+02 9.890700000000000047e-01 -6.725789999999999935e+00 0.000000000000000000e+00
1.490000000000000000e+02 -1.086249999999999938e+00 -6.022820000000000285e+00 0.000000000000000000e+00
1.500000000000000000e+02 5.070900000000000407e-01 -4.696460000000000079e+00 0.000000000000000000e+00
1.510000000000000000e+02 -2.786899999999999933e-01 -2.782399999999999984e+00 0.000000000000000000e+00
1.520000000000000000e+02 1.116449999999999942e+00 -1.131420000000000092e+00 0.000000000000000000e+00
1.530000000000000000e+02 3.397000000000000020e-01 8.979200000000000514e-01 0.000000000000000000e+00
1.540000000000000000e+02 -3.847900000000000209e-01 2.904990000000000183e+00 0.000000000000000000e+00
1.550000000000000000e+02 1.006299999999999972e+00 4.423149999999999693e+00 0.000000000000000000e+00
1.560000000000000000e+02 2.836500000000000132e-01 6.473499999999999588e+00 0.000000000000000000e+00
1.570000000000000000e+02 -2.735699999999999799e-01 8.542960000000000775e+00 0.000000000000000000e+00
1.580000000000000000e+02 -9.271899999999999586e-01 1.051063000000000081e+01 0.000000000000000000e+00
1.590000000000000000e+02 3.342100000000000071e-01 1.217248999999999981e+01 0.000000000000000000e+00
1.600000000000000000e+02 8.893400000000000194e-01 1.577126999999999946e+01 0.000000000000000000e+00
1.610000000000000000e+02 2.176759999999999806e+00 1.743411000000000044e+01 0.000000000000000000e+00
1.620000000000000000e+02 -3.805000000000000049e-02 -1.940774000000000044e+01 0.000000000000000000e+00
1.630000000000000000e+02 2.758939999999999948e+00 -1.651454999999999984e+01 0.000000000000000000e+00
1.640000000000000000e+02 1.302070000000000061e+00 -1.258369000000000071e+01 0.000000000000000000e+00
1.650000000000000000e+02 1.487799999999999956e-01 -9.676859999999999573e+00 0.000000000000000000e+00
1.660000000000000000e+02 1.935319999999999929e+00 -8.630559999999999121e+00 0.000000000000000000e+00
1.670000000000000000e+02 3.317610000000000170e+00 -7.091039999999999566e+00 0.000000000000000000e+00
1.680000000000000000e+02 2.528059999999999974e+00 -5.124189999999999579e+00 0.000000000000000000e+00
1.690000000000000000e+02 1.879909999999999970e+00 -3.086930000000000174e+00 0.000000000000000000e+00
1.700000000000000000e+02 3.156270000000000131e+00 -1.426520000000000010e+00 0.000000000000000000e+00
1.710000000000000000e+02 2.480399999999999938e+00 5.282999999999999918e-01 0.000000000000000000e+00
1.720000000000000000e+02 1.793520000000000003e+00 2.479019999999999779e+00 0.000000000000000000e+00
1.730000000000000000e+02 3.153030000000000221e+00 4.150050000000000239e+00 0.000000000000000000e+00
1.740000000000000000e+02 2.486740000000000173e+00 6.106489999999999974e+00 0.000000000000000000e+00
1.750000000000000000e+02 1.754610000000000003e+00 8.128859999999999530e+00 0.000000000000000000e+00
1.760000000000000000e+02 1.114759999999999973e+00 1.015478000000000058e+01 0.000000000000000000e+00
1.770000000000000000e+02 1.706320000000000059e+00 1.380990000000000073e+01 0.000000000000000000e+00
1.780000000000000000e+02 2.941450000000000120e+00 1.551441999999999943e+01 0.000000000000000000e+00
1.790000000000000000e+02 1.258550000000000058e+00 1.951070999999999955e+01 0.000000000000000000e+00
1.800000000000000000e+02 2.130869999999999820e+00 -1.897445000000000093e+01 0.000000000000000000e+00
1.810000000000000000e+02 4.006999999999999673e+00 -1.470301000000000080e+01 0.000000000000000000e+00
1.820000000000000000e+02 3.425060000000000215e+00 -1.273015000000000008e+01 0.000000000000000000e+00
1.830000000000000000e+02 4.810950000000000060e+00 -1.118839000000000006e+01 0.000000000000000000e+00
1.840000000000000000e+02 3.944249999999999812e+00 -9.196939999999999671e+00 0.000000000000000000e+00
1.850000000000000000e+02 4.656480000000000175e+00 -5.481189999999999785e+00 0.000000000000000000e+00
1.860000000000000000e+02 3.956500000000000128e+00 -3.441279999999999895e+00 0.000000000000000000e+00
1.870000000000000000e+02 5.315730000000000288e+00 -1.879729999999999901e+00 0.000000000000000000e+00
1.880000000000000000e+02 4.584389999999999965e+00 9.729000000000000148e-02 0.000000000000000000e+00
1.890000000000000000e+02 3.887869999999999937e+00 2.121770000000000156e+00 0.000000000000000000e+00
1.900000000000000000e+02 5.271410000000000373e+00 3.764009999999999856e+00 0.000000000000000000e+00
1.910000000000000000e+02 4.528319999999999901e+00 5.736839999999999939e+00 0.000000000000000000e+00
1.920000000000000000e+02 3.809569999999999901e+00 7.715690000000000381e+00 0.000000000000000000e+00
1.930000000000000000e+02 3.135879999999999779e+00 9.703609999999999403e+00 0.000000000000000000e+00
1.940000000000000000e+02 2.452659999999999840e+00 1.179986000000000068e+01 0.000000000000000000e+00
1.950000000000000000e+02 3.737620000000000164e+00 1.343125999999999998e+01 0.000000000000000000e+00
1.960000000000000000e+02 4.436289999999999623e+00 1.705286999999999864e+01 0.000000000000000000e+00
1.970000000000000000e+02 3.673430000000000195e+00 1.910407999999999973e+01 0.000000000000000000e+00
1.980000000000000000e+02 4.750350000000000072e+00 -1.701679000000000030e+01 0.000000000000000000e+00
1.990000000000000000e+02 6.117099999999999760e+00 -1.528656999999999933e+01 0.000000000000000000e+00
2.000000000000000000e+02 5.522090000000000387e+00 -1.316449000000000069e+01 0.000000000000000000e+00
2.010000000000000000e+02 6.037379999999999747e+00 -9.452270000000000394e+00 0.000000000000000000e+00
2.020000000000000000e+02 5.419039999999999857e+00 -7.454290000000000305e+00 0.000000000000000000e+00
2.030000000000000000e+02 6.785890000000000200e+00 -5.813589999999999591e+00 0.000000000000000000e+00
2.040000000000000000e+02 6.090090000000000003e+00 -3.848079999999999945e+00 0.000000000000000000e+00
2.050000000000000000e+02 7.456529999999999880e+00 -2.253429999999999822e+00 0.000000000000000000e+00
2.060000000000000000e+02 6.728640000000000398e+00 -2.649699999999999833e-01 0.000000000000000000e+00
2.070000000000000000e+02 6.011250000000000426e+00 1.750860000000000083e+00 0.000000000000000000e+00
2.080000000000000000e+02 7.350539999999999630e+00 3.328129999999999811e+00 0.000000000000000000e+00
2.090000000000000000e+02 6.678519999999999790e+00 5.332040000000000113e+00 0.000000000000000000e+00
2.100000000000000000e+02 5.906250000000000000e+00 7.363260000000000360e+00 0.000000000000000000e+00
2.110000000000000000e+02 5.186350000000000016e+00 9.328329999999999345e+00 0.000000000000000000e+00
2.120000000000000000e+02 4.463420000000000165e+00 1.131255999999999950e+01 0.000000000000000000e+00
2.130000000000000000e+02 5.768670000000000186e+00 1.302647999999999939e+01 0.000000000000000000e+00
2.140000000000000000e+02 5.077040000000000219e+00 1.501512999999999920e+01 0.000000000000000000e+00
2.150000000000000000e+02 6.631009999999999849e+00 1.875383000000000067e+01 0.000000000000000000e+00
2.160000000000000000e+02 6.812649999999999650e+00 -1.731421999999999883e+01 0.000000000000000000e+00
2.170000000000000000e+02 7.576800000000000423e+00 -1.362936999999999976e+01 0.000000000000000000e+00
2.180000000000000000e+02 6.845489999999999853e+00 -1.148484000000000016e+01 0.000000000000000000e+00
2.190000000000000000e+02 8.238640000000000185e+00 -9.873480000000000700e+00 0.000000000000000000e+00
2.200000000000000000e+02 7.430930000000000035e+00 -7.877069999999999794e+00 0.000000000000000000e+00
2.210000000000000000e+02 8.877420000000000755e+00 -6.291730000000000267e+00 0.000000000000000000e+00
2.220000000000000000e+02 8.129770000000000607e+00 -4.222409999999999997e+00 0.000000000000000000e+00
2.230000000000000000e+02 9.576800000000000423e+00 -2.687250000000000139e+00 0.000000000000000000e+00
2.240000000000000000e+02 8.798249999999999460e+00 -5.732699999999999463e-01 0.000000000000000000e+00
2.250000000000000000e+02 8.120079999999999742e+00 1.364579999999999904e+00 0.000000000000000000e+00
2.260000000000000000e+02 9.447889999999999233e+00 3.000350000000000072e+00 0.000000000000000000e+00
2.270000000000000000e+02 8.726229999999999265e+00 4.937120000000000175e+00 0.000000000000000000e+00
2.280000000000000000e+02 7.964990000000000236e+00 7.055760000000000254e+00 0.000000000000000000e+00
2.290000000000000000e+02 7.214010000000000034e+00 8.988820000000000476e+00 0.000000000000000000e+00
2.300000000000000000e+02 6.626730000000000231e+00 1.106811000000000078e+01 0.000000000000000000e+00
2.310000000000000000e+02 7.943360000000000198e+00 1.274765999999999977e+01 0.000000000000000000e+00
2.320000000000000000e+02 7.358690000000000175e+00 1.475257000000000041e+01 0.000000000000000000e+00
2.330000000000000000e+02 6.466709999999999958e+00 1.662334999999999852e+01 0.000000000000000000e+00
2.340000000000000000e+02 5.414430000000000298e+00 -1.898103000000000051e+01 0.000000000000000000e+00
2.350000000000000000e+02 9.376150000000000873e+00 -1.757243000000000066e+01 0.000000000000000000e+00
2.360000000000000000e+02 8.163890000000000313e+00 -1.566300000000000026e+01 0.000000000000000000e+00
2.370000000000000000e+02 8.897949999999999804e+00 -1.187373999999999974e+01 0.000000000000000000e+00
2.380000000000000000e+02 9.600979999999999848e+00 -8.290250000000000341e+00 0.000000000000000000e+00
2.390000000000000000e+02 1.097361000000000075e+01 -6.648069999999999702e+00 0.000000000000000000e+00
2.400000000000000000e+02 1.019332999999999956e+01 -4.659510000000000041e+00 0.000000000000000000e+00
2.410000000000000000e+02 1.165071999999999974e+01 -3.076109999999999900e+00 0.000000000000000000e+00
2.420000000000000000e+02 1.085200999999999993e+01 -1.008809999999999985e+00 0.000000000000000000e+00
2.430000000000000000e+02 1.017915999999999954e+01 1.019910000000000094e+00 0.000000000000000000e+00
2.440000000000000000e+02 1.156255999999999950e+01 2.611650000000000027e+00 0.000000000000000000e+00
2.450000000000000000e+02 1.087805999999999962e+01 4.559260000000000090e+00 0.000000000000000000e+00
2.460000000000000000e+02 1.000590000000000046e+01 6.549080000000000013e+00 0.000000000000000000e+00
2.470000000000000000e+02 9.345670000000000144e+00 8.607580000000000453e+00 0.000000000000000000e+00
2.480000000000000000e+02 8.650909999999999656e+00 1.058539999999999992e+01 0.000000000000000000e+00
2.490000000000000000e+02 9.954069999999999752e+00 1.218041000000000018e+01 0.000000000000000000e+00
2.500000000000000000e+02 9.450509999999999522e+00 1.427630000000000088e+01 0.000000000000000000e+00
2.510000000000000000e+02 8.616460000000000008e+00 1.653075000000000117e+01 0.000000000000000000e+00
2.520000000000000000e+02 1.074822999999999951e+01 -1.596241999999999983e+01 0.000000000000000000e+00
2.530000000000000000e+02 9.785740000000000549e+00 -1.401730000000000054e+01 0.000000000000000000e+00
2.540000000000000000e+02 1.112087000000000003e+01 -1.244044000000000061e+01 0.000000000000000000e+00
2.550000000000000000e+02 1.028497999999999912e+01 -1.023713000000000051e+01 0.000000000000000000e+00
2.560000000000000000e+02 1.171072999999999986e+01 -8.651469999999999771e+00 0.000000000000000000e+00
2.570000000000000000e+02 1.312315000000000076e+01 -7.117399999999999949e+00 0.000000000000000000e+00
2.580000000000000000e+02 1.236951000000000001e+01 -5.084789999999999921e+00 0.000000000000000000e+00
2.590000000000000000e+02 1.373751000000000033e+01 -3.474969999999999892e+00 0.000000000000000000e+00
2.600000000000000000e+02 1.292948999999999948e+01 -1.341669999999999918e+00 0.000000000000000000e+00
2.610000000000000000e+02 1.229193000000000069e+01 6.315199999999999703e-01 0.000000000000000000e+00
2.620000000000000000e+02 1.363129999999999953e+01 2.293979999999999908e+00 0.000000000000000000e+00
2.630000000000000000e+02 1.298488000000000042e+01 4.301580000000000403e+00 0.000000000000000000e+00
2.640000000000000000e+02 1.220467999999999975e+01 6.301770000000000316e+00 0.000000000000000000e+00
2.650000000000000000e+02 1.144101999999999997e+01 8.236299999999999955e+00 0.000000000000000000e+00
2.660000000000000000e+02 1.070838999999999963e+01 1.020049999999999990e+01 0.000000000000000000e+00
2.670000000000000000e+02 1.202946999999999989e+01 1.189287000000000027e+01 0.000000000000000000e+00
2.680000000000000000e+02 1.150520999999999994e+01 1.405527999999999977e+01 0.000000000000000000e+00
2.690000000000000000e+02 1.062532000000000032e+01 1.596102999999999916e+01 0.000000000000000000e+00
2.700000000000000000e+02 1.214339000000000013e+01 -1.440830000000000055e+01 0.000000000000000000e+00
2.710000000000000000e+02 1.337721999999999944e+01 -1.271758999999999951e+01 0.000000000000000000e+00
2.720000000000000000e+02 1.238028000000000084e+01 -1.062057000000000073e+01 0.000000000000000000e+00
2.730000000000000000e+02 1.380316999999999972e+01 -9.100369999999999848e+00 0.000000000000000000e+00
2.740000000000000000e+02 1.516216999999999970e+01 -7.453289999999999971e+00 0.000000000000000000e+00
2.750000000000000000e+02 1.448259999999999970e+01 -5.496159999999999712e+00 0.000000000000000000e+00
2.760000000000000000e+02 1.588376000000000055e+01 -3.945870000000000211e+00 0.000000000000000000e+00
2.770000000000000000e+02 1.510139000000000031e+01 -1.710860000000000047e+00 0.000000000000000000e+00
2.780000000000000000e+02 1.647175999999999974e+01 -5.868000000000000299e-02 0.000000000000000000e+00
2.790000000000000000e+02 1.441413999999999973e+01 2.428400000000000003e-01 0.000000000000000000e+00
2.800000000000000000e+02 1.506880999999999915e+01 3.865920000000000023e+00 0.000000000000000000e+00
2.810000000000000000e+02 1.575206999999999979e+01 7.579729999999999634e+00 0.000000000000000000e+00
2.820000000000000000e+02 1.431934000000000040e+01 5.887369999999999770e+00 0.000000000000000000e+00
2.830000000000000000e+02 1.355217999999999989e+01 7.861290000000000333e+00 0.000000000000000000e+00
2.840000000000000000e+02 1.274691999999999936e+01 9.847920000000000229e+00 0.000000000000000000e+00
2.850000000000000000e+02 1.498244000000000042e+01 9.479839999999999378e+00 0.000000000000000000e+00
2.860000000000000000e+02 1.427988000000000035e+01 1.156448999999999927e+01 0.000000000000000000e+00
2.870000000000000000e+02 1.351673000000000080e+01 1.361032999999999937e+01 0.000000000000000000e+00
2.880000000000000000e+02 1.486936999999999998e+01 -1.125517999999999930e+01 0.000000000000000000e+00
2.890000000000000000e+02 1.596671000000000085e+01 -9.402260000000000062e+00 0.000000000000000000e+00
2.900000000000000000e+02 1.758754000000000062e+01 -8.020780000000000243e+00 0.000000000000000000e+00
2.910000000000000000e+02 1.810963999999999885e+01 -4.293269999999999698e+00 0.000000000000000000e+00
2.920000000000000000e+02 1.668127000000000137e+01 -5.879509999999999792e+00 0.000000000000000000e+00
2.930000000000000000e+02 1.946282000000000068e+01 -2.604680000000000106e+00 0.000000000000000000e+00
2.940000000000000000e+02 1.849467999999999890e+01 -5.404700000000000060e-01 0.000000000000000000e+00
2.950000000000000000e+02 1.718209999999999837e+01 -2.273649999999999949e+00 0.000000000000000000e+00
2.960000000000000000e+02 1.782312999999999903e+01 1.547919999999999963e+00 0.000000000000000000e+00
2.970000000000000000e+02 1.566555999999999926e+01 1.881259999999999932e+00 0.000000000000000000e+00
2.980000000000000000e+02 1.714581000000000088e+01 3.572789999999999910e+00 0.000000000000000000e+00
2.990000000000000000e+02 1.649245000000000161e+01 5.551169999999999938e+00 0.000000000000000000e+00
