0.000000000000000000e+00 -1.214175000000000004e+01 -1.358808999999999934e+01 0.000000000000000000e+00
1.000000000000000000e+00 -1.525137999999999927e+01 -1.248525000000000063e+01 0.000000000000000000e+00
2.000000000000000000e+00 -1.646865000000000023e+01 -1.010407000000000011e+01 0.000000000000000000e+00
3.000000000000000000e+00 -1.559797000000000011e+01 -8.207399999999999807e+00 0.000000000000000000e+00
4.000000000000000000e+00 -1.671792999999999907e+01 -6.459749999999999659e+00 0.000000000000000000e+00
5.000000000000000000e+00 -1.792175999999999902e+01 -4.740470000000000184e+00 0.000000000000000000e+00
6.000000000000000000e+00 -1.697439999999999927e+01 -2.726669999999999927e+00 0.000000000000000000e+00
7.000000000000000000e+00 -1.955912999999999968e+01 9.253900000000000459e-01 0.000000000000000000e+00
8.000000000000000000e+00 -1.813078000000000145e+01 -9.066999999999999504e-01 0.000000000000000000e+00
9.000000000000000000e+00 -1.829539000000000115e+01 2.971560000000000201e+00 0.000000000000000000e+00
1.000000000000000000e+01 -1.622997000000000156e+01 2.969139999999999890e+00 0.000000000000000000e+00
1.100000000000000000e+01 -1.719716000000000022e+01 4.806600000000000428e+00 0.000000000000000000e+00
1.200000000000000000e+01 -1.625840000000000174e+01 6.675440000000000040e+00 0.000000000000000000e+00
1.300000000000000000e+01 -1.835546000000000078e+01 6.571559999999999846e+00 0.000000000000000000e+00
1.400000000000000000e+01 -1.516700999999999944e+01 8.526289999999999480e+00 0.000000000000000000e+00
1.500000000000000000e+01 -1.729655999999999949e+01 8.509829999999999117e+00 0.000000000000000000e+00
1.600000000000000000e+01 -1.626831999999999923e+01 1.030748999999999960e+01 0.000000000000000000e+00
1.700000000000000000e+01 -1.514179000000000030e+01 1.222447000000000017e+01 0.000000000000000000e+00
1.800000000000000000e+01 -1.091239000000000026e+01 -1.527605999999999931e+01 0.000000000000000000e+00
1.900000000000000000e+01 -1.320997000000000021e+01 -1.179842000000000013e+01 0.000000000000000000e+00
2.000000000000000000e+01 -1.438036999999999921e+01 -9.974629999999999441e+00 0.000000000000000000e+00
2.100000000000000000e+01 -1.344040999999999997e+01 -8.148799999999999599e+00 0.000000000000000000e+00
2.200000000000000000e+01 -1.456570999999999927e+01 -6.384280000000000399e+00 0.000000000000000000e+00
2.300000000000000000e+01 -1.575882000000000005e+01 -4.626719999999999722e+00 0.000000000000000000e+00
2.400000000000000000e+01 -1.484042999999999957e+01 -2.485339999999999883e+00 0.000000000000000000e+00
2.500000000000000000e+01 -1.606537000000000148e+01 -5.874000000000000332e-01 0.000000000000000000e+00
2.600000000000000000e+01 -1.382496000000000080e+01 -6.498899999999999677e-01 0.000000000000000000e+00
2.700000000000000000e+01 -1.746833000000000169e+01 1.046170000000000044e+00 0.000000000000000000e+00
2.800000000000000000e+01 -1.501134000000000057e+01 1.208050000000000068e+00 0.000000000000000000e+00
2.900000000000000000e+01 -1.499230000000000018e+01 4.924459999999999837e+00 0.000000000000000000e+00
3.000000000000000000e+01 -1.398812999999999995e+01 6.743949999999999889e+00 0.000000000000000000e+00
3.100000000000000000e+01 -1.300469000000000008e+01 8.553789999999999338e+00 0.000000000000000000e+00
3.200000000000000000e+01 -1.416197000000000017e+01 1.038705999999999996e+01 0.000000000000000000e+00
3.300000000000000000e+01 -1.306203000000000003e+01 1.233474000000000004e+01 0.000000000000000000e+00
3.400000000000000000e+01 -1.209267000000000003e+01 1.419807999999999915e+01 0.000000000000000000e+00
3.500000000000000000e+01 -1.114825000000000088e+01 1.612205000000000155e+01 0.000000000000000000e+00
3.600000000000000000e+01 -8.265090000000000714e+00 -1.575675000000000026e+01 0.000000000000000000e+00
3.700000000000000000e+01 -9.740629999999999455e+00 -1.357550999999999952e+01 0.000000000000000000e+00
3.800000000000000000e+01 -1.232278999999999947e+01 -9.938489999999999824e+00 0.000000000000000000e+00
3.900000000000000000e+01 -1.136467999999999989e+01 -8.067980000000000373e+00 0.000000000000000000e+00
4.000000000000000000e+01 -1.246371000000000073e+01 -6.205499999999999794e+00 0.000000000000000000e+00
4.100000000000000000e+01 -1.362203000000000053e+01 -4.475019999999999776e+00 0.000000000000000000e+00
4.200000000000000000e+01 -1.155138999999999960e+01 -4.324939999999999785e+00 0.000000000000000000e+00
4.300000000000000000e+01 -1.271188000000000073e+01 -2.382509999999999906e+00 0.000000000000000000e+00
4.400000000000000000e+01 -1.169754000000000005e+01 -4.590199999999999836e-01 0.000000000000000000e+00
4.500000000000000000e+01 -1.288657000000000075e+01 1.333660000000000068e+00 0.000000000000000000e+00
4.600000000000000000e+01 -1.402473999999999954e+01 3.073020000000000085e+00 0.000000000000000000e+00
4.700000000000000000e+01 -1.292714999999999925e+01 4.867110000000000269e+00 0.000000000000000000e+00
4.800000000000000000e+01 -1.188139999999999930e+01 6.768340000000000245e+00 0.000000000000000000e+00
4.900000000000000000e+01 -1.093070999999999948e+01 8.700979999999999492e+00 0.000000000000000000e+00
5.000000000000000000e+01 -1.200459000000000032e+01 1.048062000000000005e+01 0.000000000000000000e+00
5.100000000000000000e+01 -1.093857999999999997e+01 1.245425999999999966e+01 0.000000000000000000e+00
5.200000000000000000e+01 -1.000534000000000034e+01 1.432841999999999949e+01 0.000000000000000000e+00
5.300000000000000000e+01 -8.965690000000000381e+00 1.612124000000000024e+01 0.000000000000000000e+00
5.400000000000000000e+01 -6.939840000000000231e+00 -1.737444999999999951e+01 0.000000000000000000e+00
5.500000000000000000e+01 -7.529469999999999885e+00 -1.362790000000000035e+01 0.000000000000000000e+00
5.600000000000000000e+01 -1.110033999999999921e+01 -1.179953000000000074e+01 0.000000000000000000e+00
5.700000000000000000e+01 -1.022579999999999956e+01 -9.820119999999999294e+00 0.000000000000000000e+00
5.800000000000000000e+01 -9.286070000000000491e+00 -7.939250000000000362e+00 0.000000000000000000e+00
5.900000000000000000e+01 -1.034122999999999948e+01 -6.139400000000000190e+00 0.000000000000000000e+00
6.000000000000000000e+01 -9.461850000000000094e+00 -4.258930000000000327e+00 0.000000000000000000e+00
6.100000000000000000e+01 -1.064031999999999911e+01 -2.336399999999999810e+00 0.000000000000000000e+00
6.200000000000000000e+01 -9.593740000000000379e+00 -4.621799999999999797e-01 0.000000000000000000e+00
6.300000000000000000e+01 -1.069467000000000034e+01 1.362409999999999899e+00 0.000000000000000000e+00
6.400000000000000000e+01 -1.181814999999999927e+01 3.089729999999999865e+00 0.000000000000000000e+00
6.500000000000000000e+01 -1.084445999999999977e+01 4.983850000000000335e+00 0.000000000000000000e+00
6.600000000000000000e+01 -9.819380000000000663e+00 6.873929999999999652e+00 0.000000000000000000e+00
6.700000000000000000e+01 -8.717200000000000060e+00 8.705859999999999488e+00 0.000000000000000000e+00
6.800000000000000000e+01 -9.867559999999999221e+00 1.050548000000000037e+01 0.000000000000000000e+00
6.900000000000000000e+01 -8.822680000000000078e+00 1.250910000000000011e+01 0.000000000000000000e+00
7.000000000000000000e+01 -7.784659999999999691e+00 1.439508000000000010e+01 0.000000000000000000e+00
7.100000000000000000e+01 -5.048499999999999766e+00 1.825966000000000022e+01 0.000000000000000000e+00
7.200000000000000000e+01 -4.780850000000000044e+00 -1.929517999999999844e+01 0.000000000000000000e+00
7.300000000000000000e+01 -6.216680000000000206e+00 -1.529607000000000028e+01 0.000000000000000000e+00
7.400000000000000000e+01 -8.979850000000000776e+00 -1.156856999999999935e+01 0.000000000000000000e+00
7.500000000000000000e+01 -8.066829999999999501e+00 -9.715450000000000585e+00 0.000000000000000000e+00
7.600000000000000000e+01 -6.997799999999999798e+00 -7.808819999999999872e+00 0.000000000000000000e+00
7.700000000000000000e+01 -8.237140000000000128e+00 -6.028260000000000396e+00 0.000000000000000000e+00
7.800000000000000000e+01 -7.379649999999999821e+00 -4.154560000000000031e+00 0.000000000000000000e+00
7.900000000000000000e+01 -8.500989999999999824e+00 -2.219100000000000072e+00 0.000000000000000000e+00
8.000000000000000000e+01 -7.533739999999999881e+00 -3.652000000000000246e-01 0.000000000000000000e+00
8.100000000000000000e+01 -8.620599999999999596e+00 1.448450000000000015e+00 0.000000000000000000e+00
8.200000000000000000e+01 -9.703319999999999723e+00 3.246449999999999836e+00 0.000000000000000000e+00
8.300000000000000000e+01 -8.651160000000000849e+00 5.106290000000000440e+00 0.000000000000000000e+00
8.400000000000000000e+01 -7.625860000000000305e+00 6.947949999999999626e+00 0.000000000000000000e+00
8.500000000000000000e+01 -6.629940000000000389e+00 8.800979999999999137e+00 0.000000000000000000e+00
8.600000000000000000e+01 -7.690629999999999633e+00 1.056343999999999994e+01 0.000000000000000000e+00
8.700000000000000000e+01 -6.701830000000000176e+00 1.244705000000000084e+01 0.000000000000000000e+00
8.800000000000000000e+01 -5.701679999999999637e+00 1.426370000000000005e+01 0.000000000000000000e+00
8.900000000000000000e+01 -6.858959999999999724e+00 1.629511000000000109e+01 0.000000000000000000e+00
9.000000000000000000e+01 -3.348899999999999988e+00 -2.083331000000000088e+01 0.000000000000000000e+00
9.100000000000000000e+01 -4.700940000000000119e+00 -1.703633999999999915e+01 0.000000000000000000e+00
9.200000000000000000e+01 -5.419109999999999872e+00 -1.331240000000000023e+01 0.000000000000000000e+00
9.300000000000000000e+01 -6.788079999999999892e+00 -1.165178000000000047e+01 0.000000000000000000e+00
9.400000000000000000e+01 -6.007880000000000109e+00 -9.727280000000000371e+00 0.000000000000000000e+00
9.500000000000000000e+01 -6.055500000000000327e+00 -5.977470000000000283e+00 0.000000000000000000e+00
9.600000000000000000e+01 -5.330180000000000362e+00 -3.993390000000000217e+00 0.000000000000000000e+00
9.700000000000000000e+01 -6.445009999999999906e+00 -2.166180000000000216e+00 0.000000000000000000e+00
9.800000000000000000e+01 -5.459710000000000285e+00 -2.857899999999999885e-01 0.000000000000000000e+00
9.900000000000000000e+01 -6.546579999999999622e+00 1.476199999999999957e+00 0.000000000000000000e+00
1.000000000000000000e+02 -7.562669999999999781e+00 3.347960000000000047e+00 0.000000000000000000e+00
1.010000000000000000e+02 -6.514680000000000248e+00 5.159010000000000318e+00 0.000000000000000000e+00
1.020000000000000000e+02 -5.538179999999999659e+00 7.018220000000000347e+00 0.000000000000000000e+00
1.030000000000000000e+02 -4.520349999999999646e+00 8.843550000000000466e+00 0.000000000000000000e+00
1.040000000000000000e+02 -5.618820000000000370e+00 1.064960999999999913e+01 0.000000000000000000e+00
1.050000000000000000e+02 -4.606630000000000003e+00 1.248375000000000057e+01 0.000000000000000000e+00
1.060000000000000000e+02 -4.657740000000000435e+00 1.617927999999999855e+01 0.000000000000000000e+00
1.070000000000000000e+02 -2.664880000000000138e+00 1.845204999999999984e+01 0.000000000000000000e+00
1.080000000000000000e+02 -2.482699999999999907e+00 -1.849239000000000033e+01 0.000000000000000000e+00
1.090000000000000000e+02 -4.073610000000000397e+00 -1.499539000000000044e+01 0.000000000000000000e+00
1.100000000000000000e+02 -3.368729999999999780e+00 -1.295495000000000019e+01 0.000000000000000000e+00
1.110000000000000000e+02 -4.652669999999999639e+00 -1.131855999999999973e+01 0.000000000000000000e+00
1.120000000000000000e+02 -3.718980000000000175e+00 -9.479150000000000631e+00 0.000000000000000000e+00
1.130000000000000000e+02 -4.886960000000000193e+00 -7.769120000000000026e+00 0.000000000000000000e+00
1.140000000000000000e+02 -3.905959999999999877e+00 -5.894020000000000259e+00 0.000000000000000000e+00
1.150000000000000000e+02 -4.336669999999999803e+00 -2.142459999999999809e+00 0.000000000000000000e+00
1.160000000000000000e+02 -3.318490000000000162e+00 -2.771100000000000230e-01 0.000000000000000000e+00
1.170000000000000000e+02 -4.357920000000000016e+00 1.503509999999999902e+00 0.000000000000000000e+00
1.180000000000000000e+02 -5.463969999999999771e+00 3.361479999999999801e+00 0.000000000000000000e+00
1.190000000000000000e+02 -4.450149999999999828e+00 5.246109999999999829e+00 0.000000000000000000e+00
1.200000000000000000e+02 -3.437320000000000153e+00 7.052690000000000126e+00 0.000000000000000000e+00
1.210000000000000000e+02 -2.440409999999999968e+00 8.915469999999999118e+00 0.000000000000000000e+00
1.220000000000000000e+02 -3.502580000000000027e+00 1.071945000000000014e+01 0.000000000000000000e+00
1.230000000000000000e+02 -2.472129999999999939e+00 1.254632999999999932e+01 0.000000000000000000e+00
1.240000000000000000e+02 -3.585329999999999906e+00 1.434196999999999989e+01 0.000000000000000000e+00
1.250000000000000000e+02 -2.371309999999999807e+00 1.633992999999999896e+01 0.000000000000000000e+00
1.260000000000000000e+02 -3.906499999999999972e-01 -1.960306999999999888e+01 0.000000000000000000e+00
1.270000000000000000e+02 -2.388259999999999827e+00 -1.632620999999999967e+01 0.000000000000000000e+00
1.280000000000000000e+02 -1.808140000000000081e+00 -1.435149999999999970e+01 0.000000000000000000e+00
1.290000000000000000e+02 -1.656230000000000091e+00 -1.175563999999999965e+01 0.000000000000000000e+00
1.300000000000000000e+02 -1.638169999999999904e+00 -9.641040000000000276e+00 0.000000000000000000e+00
1.310000000000000000e+02 -2.711269999999999847e+00 -7.646709999999999674e+00 0.000000000000000000e+00
1.320000000000000000e+02 -1.849720000000000031e+00 -5.764980000000000437e+00 0.000000000000000000e+00
1.330000000000000000e+02 -3.206890000000000018e+00 -3.909209999999999852e+00 0.000000000000000000e+00
1.340000000000000000e+02 -2.244520000000000071e+00 -2.074129999999999807e+00 0.000000000000000000e+00
1.350000000000000000e+02 -2.227020000000000000e+00 1.659790000000000099e+00 0.000000000000000000e+00
1.360000000000000000e+02 -3.389670000000000183e+00 3.443179999999999907e+00 0.000000000000000000e+00
1.370000000000000000e+02 -1.239679999999999893e+00 3.540900000000000158e+00 0.000000000000000000e+00
1.380000000000000000e+02 -2.372840000000000060e+00 5.292099999999999582e+00 0.000000000000000000e+00
1.390000000000000000e+02 -1.373299999999999965e+00 7.134590000000000209e+00 0.000000000000000000e+00
1.400000000000000000e+02 -1.402919999999999945e+00 1.075877000000000017e+01 0.000000000000000000e+00
1.410000000000000000e+02 -1.508809999999999985e+00 1.446744999999999948e+01 0.000000000000000000e+00
1.420000000000000000e+02 -2.204399999999999971e-01 1.783958000000000155e+01 0.000000000000000000e+00
1.430000000000000000e+02 1.826619999999999910e+00 1.910561999999999827e+01 0.000000000000000000e+00
1.440000000000000000e+02 -4.772899999999999920e-01 -1.744979000000000013e+01 0.000000000000000000e+00
1.450000000000000000e+02 4.966000000000000275e-02 -1.538058999999999976e+01 0.000000000000000000e+00
1.460000000000000000e+02 1.625800000000000023e-01 -1.319590999999999958e+01 0.000000000000000000e+00
1.470000000000000000e+02 3.444999999999999729e-01 -1.114663000000000004e+01 0.000000000000000000e+00
1.480000000000000000e+02 3.619200000000000195e-01 -9.018159999999999954e+00 0.000000000000000000e+00
1.490000000000000000e+02 2.267990000000000173e+00 -8.219160000000000466e+00 0.000000000000000000e+00
1.500000000000000000e+02 -1.644400000000000028e-01 -6.983810000000000073e+00 0.000000000000000000e+00
1.510000000000000000e+02 -1.089369999999999949e+00 -3.775770000000000071e+00 0.000000000000000000e+00
1.520000000000000000e+02 7.686600000000000099e-01 -2.875999999999999890e+00 0.000000000000000000e+00
1.530000000000000000e+02 -1.228669999999999929e+00 -1.603400000000000103e-01 0.000000000000000000e+00
1.540000000000000000e+02 4.758200000000000207e-01 1.267400000000000082e+00 0.000000000000000000e+00
1.550000000000000000e+02 2.992400000000000060e-01 5.306440000000000268e+00 0.000000000000000000e+00
1.560000000000000000e+02 7.198799999999999644e-01 7.364309999999999690e+00 0.000000000000000000e+00
1.570000000000000000e+02 6.880199999999999649e-01 9.467779999999999418e+00 0.000000000000000000e+00
1.580000000000000000e+02 5.798299999999999566e-01 1.153747000000000078e+01 0.000000000000000000e+00
1.590000000000000000e+02 3.727699999999999902e-01 1.358280000000000065e+01 0.000000000000000000e+00
1.600000000000000000e+02 1.628799999999999970e-01 1.576655000000000051e+01 0.000000000000000000e+00
1.610000000000000000e+02 2.057789999999999786e+00 1.700953000000000159e+01 0.000000000000000000e+00
1.620000000000000000e+02 1.707060000000000022e+00 -1.891967999999999961e+01 0.000000000000000000e+00
1.630000000000000000e+02 1.858619999999999939e+00 -1.677462999999999838e+01 0.000000000000000000e+00
1.640000000000000000e+02 1.950860000000000039e+00 -1.453236000000000061e+01 0.000000000000000000e+00
1.650000000000000000e+02 2.096789999999999932e+00 -1.237570999999999977e+01 0.000000000000000000e+00
1.660000000000000000e+02 2.238630000000000120e+00 -1.031128000000000000e+01 0.000000000000000000e+00
1.670000000000000000e+02 2.355389999999999873e+00 -6.135670000000000179e+00 0.000000000000000000e+00
1.680000000000000000e+02 6.081299999999999484e-01 -4.982840000000000380e+00 0.000000000000000000e+00
1.690000000000000000e+02 2.507309999999999928e+00 -4.030979999999999563e+00 0.000000000000000000e+00
1.700000000000000000e+02 2.631419999999999870e+00 -1.901569999999999983e+00 0.000000000000000000e+00
1.710000000000000000e+02 8.333000000000000407e-01 -8.175400000000000444e-01 0.000000000000000000e+00
1.720000000000000000e+02 8.126100000000000545e-01 3.297470000000000123e+00 0.000000000000000000e+00
1.730000000000000000e+02 2.629869999999999930e+00 4.327239999999999753e+00 0.000000000000000000e+00
1.740000000000000000e+02 2.594860000000000166e+00 6.414749999999999730e+00 0.000000000000000000e+00
1.750000000000000000e+02 2.541770000000000085e+00 8.507189999999999586e+00 0.000000000000000000e+00
1.760000000000000000e+02 2.450649999999999995e+00 1.060554999999999914e+01 0.000000000000000000e+00
1.770000000000000000e+02 2.280409999999999826e+00 1.278684999999999938e+01 0.000000000000000000e+00
1.780000000000000000e+02 2.187769999999999992e+00 1.488371000000000066e+01 0.000000000000000000e+00
1.790000000000000000e+02 3.888250000000000206e+00 1.820083999999999946e+01 0.000000000000000000e+00
1.800000000000000000e+02 3.639240000000000030e+00 -1.783817000000000164e+01 0.000000000000000000e+00
1.810000000000000000e+02 3.746249999999999858e+00 -1.567750000000000021e+01 0.000000000000000000e+00
1.820000000000000000e+02 3.944840000000000124e+00 -1.358125000000000071e+01 0.000000000000000000e+00
1.830000000000000000e+02 4.003269999999999662e+00 -1.145071000000000083e+01 0.000000000000000000e+00
1.840000000000000000e+02 4.137979999999999769e+00 -9.283480000000000842e+00 0.000000000000000000e+00
1.850000000000000000e+02 4.155710000000000015e+00 -7.163529999999999731e+00 0.000000000000000000e+00
1.860000000000000000e+02 4.360719999999999708e+00 -5.011440000000000339e+00 0.000000000000000000e+00
1.870000000000000000e+02 4.422410000000000174e+00 -2.945520000000000138e+00 0.000000000000000000e+00
1.880000000000000000e+02 4.475579999999999892e+00 -8.654399999999999871e-01 0.000000000000000000e+00
1.890000000000000000e+02 2.674479999999999968e+00 1.744300000000000017e-01 0.000000000000000000e+00
1.900000000000000000e+02 2.615779999999999994e+00 2.245249999999999968e+00 0.000000000000000000e+00
1.910000000000000000e+02 4.479960000000000164e+00 3.368030000000000079e+00 0.000000000000000000e+00
1.920000000000000000e+02 4.406139999999999723e+00 5.453319999999999723e+00 0.000000000000000000e+00
1.930000000000000000e+02 4.381509999999999572e+00 7.582779999999999632e+00 0.000000000000000000e+00
1.940000000000000000e+02 4.397780000000000022e+00 9.654230000000000089e+00 0.000000000000000000e+00
1.950000000000000000e+02 4.332819999999999894e+00 1.177195000000000036e+01 0.000000000000000000e+00
1.960000000000000000e+02 4.200070000000000192e+00 1.395651999999999937e+01 0.000000000000000000e+00
1.970000000000000000e+02 3.962190000000000101e+00 1.602233999999999980e+01 0.000000000000000000e+00
1.980000000000000000e+02 5.516180000000000305e+00 -1.691629000000000005e+01 0.000000000000000000e+00
1.990000000000000000e+02 5.743050000000000210e+00 -1.473790999999999940e+01 0.000000000000000000e+00
2.000000000000000000e+02 5.756680000000000241e+00 -1.256962000000000046e+01 0.000000000000000000e+00
2.010000000000000000e+02 5.846029999999999838e+00 -1.046180000000000021e+01 0.000000000000000000e+00
2.020000000000000000e+02 6.018709999999999560e+00 -8.235640000000000072e+00 0.000000000000000000e+00
2.030000000000000000e+02 6.073470000000000368e+00 -6.168910000000000338e+00 0.000000000000000000e+00
2.040000000000000000e+02 6.204519999999999591e+00 -4.052059999999999995e+00 0.000000000000000000e+00
2.050000000000000000e+02 6.305819999999999759e+00 -1.981989999999999919e+00 0.000000000000000000e+00
2.060000000000000000e+02 6.285219999999999807e+00 2.048699999999999966e-01 0.000000000000000000e+00
2.070000000000000000e+02 4.482660000000000089e+00 1.251870000000000038e+00 0.000000000000000000e+00
2.080000000000000000e+02 6.282639999999999780e+00 2.284740000000000215e+00 0.000000000000000000e+00
2.090000000000000000e+02 6.303209999999999980e+00 4.379710000000000214e+00 0.000000000000000000e+00
2.100000000000000000e+02 6.254269999999999996e+00 6.482059999999999711e+00 0.000000000000000000e+00
2.110000000000000000e+02 6.204229999999999912e+00 8.620609999999999218e+00 0.000000000000000000e+00
2.120000000000000000e+02 6.216680000000000206e+00 1.069420000000000037e+01 0.000000000000000000e+00
2.130000000000000000e+02 6.120029999999999859e+00 1.286292000000000080e+01 0.000000000000000000e+00
2.140000000000000000e+02 6.061429999999999652e+00 1.500262999999999991e+01 0.000000000000000000e+00
2.150000000000000000e+02 5.773130000000000095e+00 1.705895999999999901e+01 0.000000000000000000e+00
2.160000000000000000e+02 7.354910000000000281e+00 -1.796267999999999887e+01 0.000000000000000000e+00
2.170000000000000000e+02 7.495639999999999858e+00 -1.587828999999999979e+01 0.000000000000000000e+00
2.180000000000000000e+02 7.603869999999999685e+00 -1.366037999999999997e+01 0.000000000000000000e+00
2.190000000000000000e+02 7.591660000000000075e+00 -1.158075000000000010e+01 0.000000000000000000e+00
2.200000000000000000e+02 7.794489999999999696e+00 -9.412599999999999412e+00 0.000000000000000000e+00
2.210000000000000000e+02 7.984479999999999578e+00 -7.261050000000000004e+00 0.000000000000000000e+00
2.220000000000000000e+02 8.016980000000000217e+00 -5.108089999999999797e+00 0.000000000000000000e+00
2.230000000000000000e+02 8.083380000000000010e+00 -3.037209999999999965e+00 0.000000000000000000e+00
2.240000000000000000e+02 8.085919999999999774e+00 -8.666700000000000514e-01 0.000000000000000000e+00
2.250000000000000000e+02 8.082800000000000651e+00 1.221319999999999961e+00 0.000000000000000000e+00
2.260000000000000000e+02 8.112840000000000273e+00 3.292949999999999822e+00 0.000000000000000000e+00
2.270000000000000000e+02 9.920999999999999375e+00 4.534080000000000332e+00 0.000000000000000000e+00
2.280000000000000000e+02 8.067130000000000578e+00 5.468569999999999709e+00 0.000000000000000000e+00
2.290000000000000000e+02 8.085570000000000590e+00 7.602020000000000444e+00 0.000000000000000000e+00
2.300000000000000000e+02 8.017179999999999751e+00 9.677229999999999777e+00 0.000000000000000000e+00
2.310000000000000000e+02 7.984289999999999665e+00 1.193499000000000088e+01 0.000000000000000000e+00
2.320000000000000000e+02 7.992189999999999905e+00 1.400779999999999959e+01 0.000000000000000000e+00
2.330000000000000000e+02 7.877489999999999881e+00 1.615165999999999968e+01 0.000000000000000000e+00
2.340000000000000000e+02 9.334839999999999804e+00 -1.681410999999999945e+01 0.000000000000000000e+00
2.350000000000000000e+02 9.444229999999999237e+00 -1.465606000000000009e+01 0.000000000000000000e+00
2.360000000000000000e+02 9.606220000000000425e+00 -1.254682000000000031e+01 0.000000000000000000e+00
2.370000000000000000e+02 9.576790000000000802e+00 -1.047949000000000019e+01 0.000000000000000000e+00
2.380000000000000000e+02 9.694679999999999964e+00 -8.427559999999999718e+00 0.000000000000000000e+00
2.390000000000000000e+02 9.806670000000000442e+00 -6.201880000000000059e+00 0.000000000000000000e+00
2.400000000000000000e+02 9.841440000000000410e+00 -4.133029999999999760e+00 0.000000000000000000e+00
2.410000000000000000e+02 9.970230000000000814e+00 -2.005129999999999857e+00 0.000000000000000000e+00
2.420000000000000000e+02 9.971679999999999211e+00 1.934099999999999986e-01 0.000000000000000000e+00
2.430000000000000000e+02 9.998129999999999740e+00 2.350839999999999819e+00 0.000000000000000000e+00
2.440000000000000000e+02 1.182163000000000075e+01 3.353499999999999925e+00 0.000000000000000000e+00
2.450000000000000000e+02 1.185398999999999958e+01 5.566489999999999938e+00 0.000000000000000000e+00
2.460000000000000000e+02 9.918770000000000309e+00 6.604199999999999626e+00 0.000000000000000000e+00
2.470000000000000000e+02 9.888609999999999900e+00 8.687200000000000699e+00 0.000000000000000000e+00
2.480000000000000000e+02 9.814600000000000435e+00 1.080237999999999943e+01 0.000000000000000000e+00
2.490000000000000000e+02 9.777120000000000033e+00 1.296850000000000058e+01 0.000000000000000000e+00
2.500000000000000000e+02 9.814959999999999241e+00 1.510609999999999964e+01 0.000000000000000000e+00
2.510000000000000000e+02 8.208510000000000417e+00 1.884412999999999982e+01 0.000000000000000000e+00
2.520000000000000000e+02 1.118116999999999983e+01 -1.577462000000000053e+01 0.000000000000000000e+00
2.530000000000000000e+02 1.136378999999999984e+01 -1.366638999999999982e+01 0.000000000000000000e+00
2.540000000000000000e+02 1.140886000000000067e+01 -1.143817999999999913e+01 0.000000000000000000e+00
2.550000000000000000e+02 1.157213999999999920e+01 -9.319819999999999993e+00 0.000000000000000000e+00
2.560000000000000000e+02 1.162684999999999924e+01 -7.183139999999999858e+00 0.000000000000000000e+00
2.570000000000000000e+02 1.174013000000000062e+01 -4.992499999999999716e+00 0.000000000000000000e+00
2.580000000000000000e+02 1.185468000000000011e+01 -2.923740000000000006e+00 0.000000000000000000e+00
2.590000000000000000e+02 1.181198000000000015e+01 -8.097999999999999643e-01 0.000000000000000000e+00
2.600000000000000000e+02 1.180603999999999942e+01 1.272860000000000102e+00 0.000000000000000000e+00
2.610000000000000000e+02 1.372639999999999993e+01 2.392580000000000151e+00 0.000000000000000000e+00
2.620000000000000000e+02 1.557751000000000019e+01 3.388900000000000023e+00 0.000000000000000000e+00
2.630000000000000000e+02 1.375691999999999915e+01 4.488170000000000215e+00 0.000000000000000000e+00
2.640000000000000000e+02 1.369406999999999996e+01 6.674839999999999662e+00 0.000000000000000000e+00
2.650000000000000000e+02 1.180296000000000056e+01 7.686119999999999841e+00 0.000000000000000000e+00
2.660000000000000000e+02 1.169905999999999935e+01 9.746439999999999770e+00 0.000000000000000000e+00
2.670000000000000000e+02 1.158094000000000001e+01 1.184351999999999983e+01 0.000000000000000000e+00
2.680000000000000000e+02 1.186567999999999934e+01 1.433178999999999981e+01 0.000000000000000000e+00
2.690000000000000000e+02 9.784169999999999590e+00 1.741515000000000057e+01 0.000000000000000000e+00
2.700000000000000000e+02 1.318795000000000073e+01 -1.478260000000000041e+01 0.000000000000000000e+00
2.710000000000000000e+02 1.317360000000000042e+01 -1.262940000000000040e+01 0.000000000000000000e+00
2.720000000000000000e+02 1.328392999999999979e+01 -1.053914999999999935e+01 0.000000000000000000e+00
2.730000000000000000e+02 1.341628000000000043e+01 -8.362339999999999662e+00 0.000000000000000000e+00
2.740000000000000000e+02 1.357150999999999996e+01 -6.172519999999999563e+00 0.000000000000000000e+00
2.750000000000000000e+02 1.542265000000000086e+01 -5.210510000000000197e+00 0.000000000000000000e+00
2.760000000000000000e+02 1.361111000000000004e+01 -4.056119999999999948e+00 0.000000000000000000e+00
2.770000000000000000e+02 1.367914999999999992e+01 -1.901690000000000103e+00 0.000000000000000000e+00
2.780000000000000000e+02 1.362167999999999957e+01 1.997700000000000031e-01 0.000000000000000000e+00
2.790000000000000000e+02 1.545717999999999925e+01 1.282960000000000100e+00 0.000000000000000000e+00
2.800000000000000000e+02 1.753463999999999956e+01 2.617389999999999883e+00 0.000000000000000000e+00
2.810000000000000000e+02 1.554434999999999967e+01 5.579749999999999766e+00 0.000000000000000000e+00
2.820000000000000000e+02 1.545405000000000051e+01 7.868599999999999817e+00 0.000000000000000000e+00
2.830000000000000000e+02 1.362892000000000081e+01 8.964050000000000296e+00 0.000000000000000000e+00
2.840000000000000000e+02 1.547940000000000005e+01 1.003009999999999913e+01 0.000000000000000000e+00
2.850000000000000000e+02 1.729148999999999958e+01 6.857039999999999580e+00 0.000000000000000000e+00
2.860000000000000000e+02 1.360042999999999935e+01 1.102342999999999940e+01 0.000000000000000000e+00
2.870000000000000000e+02 1.370045000000000002e+01 1.324929999999999986e+01 0.000000000000000000e+00
2.880000000000000000e+02 1.497367999999999988e+01 -1.375080999999999953e+01 0.000000000000000000e+00
2.890000000000000000e+02 1.506593999999999944e+01 -1.158596999999999966e+01 0.000000000000000000e+00
2.900000000000000000e+02 1.541591000000000022e+01 -9.391130000000000422e+00 0.000000000000000000e+00
2.910000000000000000e+02 1.732443999999999917e+01 -6.643430000000000391e+00 0.000000000000000000e+00
2.920000000000000000e+02 1.536957999999999913e+01 -7.304190000000000182e+00 0.000000000000000000e+00
2.930000000000000000e+02 1.747562999999999889e+01 -4.202320000000000277e+00 0.000000000000000000e+00
2.940000000000000000e+02 1.569368000000000052e+01 -3.021889999999999965e+00 0.000000000000000000e+00
2.950000000000000000e+02 1.555669999999999931e+01 -8.116200000000000081e-01 0.000000000000000000e+00
2.960000000000000000e+02 1.742508000000000123e+01 4.253700000000000259e-01 0.000000000000000000e+00
2.970000000000000000e+02 1.747056999999999860e+01 -1.822580000000000089e+00 0.000000000000000000e+00
2.980000000000000000e+02 1.931850999999999985e+01 1.349390000000000089e+00 0.000000000000000000e+00
2.990000000000000000e+02 1.746527999999999992e+01 4.745960000000000178e+00 0.000000000000000000e+00
