0.000000000000000000e+00 -1.508230000000000004e+01 -1.591132999999999953e+01 0.000000000000000000e+00
1.000000000000000000e+00 -1.569191999999999965e+01 -1.361557999999999957e+01 0.000000000000000000e+00
2.000000000000000000e+00 -1.638006000000000029e+01 -1.163106999999999935e+01 0.000000000000000000e+00
3.000000000000000000e+00 -1.694919000000000153e+01 -9.577030000000000598e+00 0.000000000000000000e+00
4.000000000000000000e+00 -1.750207999999999942e+01 -7.504679999999999573e+00 0.000000000000000000e+00
5.000000000000000000e+00 -1.886196999999999946e+01 -5.898789999999999978e+00 0.000000000000000000e+00
6.000000000000000000e+00 -1.743225999999999942e+01 -3.814770000000000216e+00 0.000000000000000000e+00
7.000000000000000000e+00 -1.946837000000000018e+01 -2.579169999999999963e+00 0.000000000000000000e+00
8.000000000000000000e+00 -1.756980000000000075e+01 -1.657529999999999948e+00 0.000000000000000000e+00
9.000000000000000000e+00 -1.873039999999999949e+01 4.458400000000000141e-01 0.000000000000000000e+00
1.000000000000000000e+01 -1.733200000000000074e+01 2.140070000000000139e+00 0.000000000000000000e+00
1.100000000000000000e+01 -1.841504000000000119e+01 4.070879999999999832e+00 0.000000000000000000e+00
1.200000000000000000e+01 -1.712341999999999942e+01 6.363719999999999821e+00 0.000000000000000000e+00
1.300000000000000000e+01 -1.812289000000000172e+01 8.280419999999999447e+00 0.000000000000000000e+00
1.400000000000000000e+01 -1.592801000000000045e+01 8.239610000000000767e+00 0.000000000000000000e+00
1.500000000000000000e+01 -1.667341000000000051e+01 1.022480000000000011e+01 0.000000000000000000e+00
1.600000000000000000e+01 -1.543815000000000026e+01 1.193454999999999977e+01 0.000000000000000000e+00
1.700000000000000000e+01 -1.582817000000000007e+01 1.443393000000000015e+01 0.000000000000000000e+00
1.800000000000000000e+01 -1.303481999999999985e+01 -1.624336999999999875e+01 0.000000000000000000e+00
1.900000000000000000e+01 -1.364930999999999983e+01 -1.426764999999999972e+01 0.000000000000000000e+00
2.000000000000000000e+01 -1.429997999999999969e+01 -1.206268000000000029e+01 0.000000000000000000e+00
2.100000000000000000e+01 -1.483283999999999914e+01 -9.960630000000000095e+00 0.000000000000000000e+00
2.200000000000000000e+01 -1.543056999999999945e+01 -7.885379999999999612e+00 0.000000000000000000e+00
2.300000000000000000e+01 -1.636667999999999878e+01 -5.754529999999999923e+00 0.000000000000000000e+00
2.400000000000000000e+01 -1.486393999999999949e+01 -4.306849999999999845e+00 0.000000000000000000e+00
2.500000000000000000e+01 -1.558327000000000062e+01 -2.315100000000000158e+00 0.000000000000000000e+00
2.600000000000000000e+01 -1.428420999999999985e+01 -7.077200000000000157e-01 0.000000000000000000e+00
2.700000000000000000e+01 -1.631704999999999828e+01 3.799000000000000293e-02 0.000000000000000000e+00
2.800000000000000000e+01 -1.522630999999999979e+01 1.794859999999999900e+00 0.000000000000000000e+00
2.900000000000000000e+01 -1.623007000000000133e+01 4.265360000000000262e+00 0.000000000000000000e+00
3.000000000000000000e+01 -1.504981000000000080e+01 6.243100000000000094e+00 0.000000000000000000e+00
3.100000000000000000e+01 -1.368834000000000017e+01 7.827619999999999578e+00 0.000000000000000000e+00
3.200000000000000000e+01 -1.451083000000000034e+01 9.900159999999999627e+00 0.000000000000000000e+00
3.300000000000000000e+01 -1.322523999999999944e+01 1.155711999999999939e+01 0.000000000000000000e+00
3.400000000000000000e+01 -1.398485999999999940e+01 1.349438999999999922e+01 0.000000000000000000e+00
3.500000000000000000e+01 -1.352914999999999957e+01 1.558244000000000007e+01 0.000000000000000000e+00
3.600000000000000000e+01 -1.095930000000000071e+01 -1.663197999999999865e+01 0.000000000000000000e+00
3.700000000000000000e+01 -1.131880999999999915e+01 -1.459038999999999930e+01 0.000000000000000000e+00
3.800000000000000000e+01 -1.227768000000000015e+01 -1.268202999999999925e+01 0.000000000000000000e+00
3.900000000000000000e+01 -1.282382999999999917e+01 -1.051051000000000002e+01 0.000000000000000000e+00
4.000000000000000000e+01 -1.343227000000000082e+01 -8.410410000000000608e+00 0.000000000000000000e+00
4.100000000000000000e+01 -1.409684999999999988e+01 -6.221090000000000231e+00 0.000000000000000000e+00
4.200000000000000000e+01 -1.265920999999999985e+01 -4.729879999999999640e+00 0.000000000000000000e+00
4.300000000000000000e+01 -1.345306000000000068e+01 -2.749530000000000030e+00 0.000000000000000000e+00
4.400000000000000000e+01 -1.176693999999999996e+01 -1.490839999999999943e+00 0.000000000000000000e+00
4.500000000000000000e+01 -1.253965999999999958e+01 4.743499999999999939e-01 0.000000000000000000e+00
4.600000000000000000e+01 -1.326370000000000005e+01 2.396220000000000017e+00 0.000000000000000000e+00
4.700000000000000000e+01 -1.409293000000000085e+01 4.378040000000000376e+00 0.000000000000000000e+00
4.800000000000000000e+01 -1.270819000000000010e+01 6.000499999999999723e+00 0.000000000000000000e+00
4.900000000000000000e+01 -1.141093000000000046e+01 7.629050000000000331e+00 0.000000000000000000e+00
5.000000000000000000e+01 -1.232296000000000014e+01 9.486370000000000857e+00 0.000000000000000000e+00
5.100000000000000000e+01 -1.187514000000000003e+01 1.311490000000000045e+01 0.000000000000000000e+00
5.200000000000000000e+01 -1.147433000000000014e+01 1.515515000000000079e+01 0.000000000000000000e+00
5.300000000000000000e+01 -1.147456000000000031e+01 1.732312999999999903e+01 0.000000000000000000e+00
5.400000000000000000e+01 -8.476490000000000080e+00 -1.713271999999999906e+01 0.000000000000000000e+00
5.500000000000000000e+01 -9.212930000000000064e+00 -1.516244999999999976e+01 0.000000000000000000e+00
5.600000000000000000e+01 -9.899129999999999541e+00 -1.298146999999999984e+01 0.000000000000000000e+00
5.700000000000000000e+01 -1.069012999999999991e+01 -1.097170999999999985e+01 0.000000000000000000e+00
5.800000000000000000e+01 -1.142697000000000074e+01 -8.934519999999999129e+00 0.000000000000000000e+00
5.900000000000000000e+01 -1.201943999999999946e+01 -6.913499999999999979e+00 0.000000000000000000e+00
6.000000000000000000e+01 -1.054163999999999923e+01 -5.426940000000000097e+00 0.000000000000000000e+00
6.100000000000000000e+01 -1.100902999999999921e+01 -3.415919999999999845e+00 0.000000000000000000e+00
6.200000000000000000e+01 -9.670799999999999841e+00 -1.773730000000000029e+00 0.000000000000000000e+00
6.300000000000000000e+01 -1.040081999999999951e+01 1.635000000000000064e-01 0.000000000000000000e+00
6.400000000000000000e+01 -1.110646999999999984e+01 2.130050000000000221e+00 0.000000000000000000e+00
6.500000000000000000e+01 -1.199948000000000015e+01 4.044100000000000250e+00 0.000000000000000000e+00
6.600000000000000000e+01 -1.066639999999999944e+01 5.615459999999999674e+00 0.000000000000000000e+00
6.700000000000000000e+01 -1.013929000000000080e+01 9.259230000000000516e+00 0.000000000000000000e+00
6.800000000000000000e+01 -1.093082000000000065e+01 1.124840000000000018e+01 0.000000000000000000e+00
6.900000000000000000e+01 -9.733670000000000044e+00 1.295608999999999966e+01 0.000000000000000000e+00
7.000000000000000000e+01 -9.364589999999999748e+00 1.515240000000000009e+01 0.000000000000000000e+00
7.100000000000000000e+01 -9.303729999999999833e+00 1.719979999999999976e+01 0.000000000000000000e+00
7.200000000000000000e+01 -6.527099999999999902e+00 -1.792665999999999826e+01 0.000000000000000000e+00
7.300000000000000000e+01 -7.157289999999999708e+00 -1.545975999999999928e+01 0.000000000000000000e+00
7.400000000000000000e+01 -7.875440000000000218e+00 -1.347565999999999953e+01 0.000000000000000000e+00
7.500000000000000000e+01 -8.508070000000000022e+00 -1.142564999999999920e+01 0.000000000000000000e+00
7.600000000000000000e+01 -9.256040000000000489e+00 -9.393019999999999925e+00 0.000000000000000000e+00
7.700000000000000000e+01 -9.789289999999999381e+00 -7.385060000000000180e+00 0.000000000000000000e+00
7.800000000000000000e+01 -8.410320000000000462e+00 -5.750339999999999563e+00 0.000000000000000000e+00
7.900000000000000000e+01 -8.973599999999999355e+00 -3.741499999999999826e+00 0.000000000000000000e+00
8.000000000000000000e+01 -8.355420000000000513e+00 -1.811099999999999932e-01 0.000000000000000000e+00
8.100000000000000000e+01 -8.903000000000000469e+00 1.810189999999999966e+00 0.000000000000000000e+00
8.200000000000000000e+01 -9.752840000000000842e+00 3.703030000000000044e+00 0.000000000000000000e+00
8.300000000000000000e+01 -8.424279999999999546e+00 5.366640000000000299e+00 0.000000000000000000e+00
8.400000000000000000e+01 -9.338860000000000383e+00 7.252699999999999925e+00 0.000000000000000000e+00
8.500000000000000000e+01 -8.063439999999999941e+00 8.935269999999999158e+00 0.000000000000000000e+00
8.600000000000000000e+01 -8.217790000000000816e+00 1.151277999999999935e+01 0.000000000000000000e+00
8.700000000000000000e+01 -7.778870000000000395e+00 1.365047999999999995e+01 0.000000000000000000e+00
8.800000000000000000e+01 -7.372370000000000090e+00 1.593922000000000061e+01 0.000000000000000000e+00
8.900000000000000000e+01 -7.378219999999999779e+00 1.807827999999999946e+01 0.000000000000000000e+00
9.000000000000000000e+01 -5.286609999999999587e+00 -2.016823000000000121e+01 0.000000000000000000e+00
9.100000000000000000e+01 -5.061169999999999725e+00 -1.601873000000000147e+01 0.000000000000000000e+00
9.200000000000000000e+01 -5.707539999999999836e+00 -1.396208000000000027e+01 0.000000000000000000e+00
9.300000000000000000e+01 -6.413400000000000212e+00 -1.186144999999999960e+01 0.000000000000000000e+00
9.400000000000000000e+01 -7.146560000000000024e+00 -9.766560000000000130e+00 0.000000000000000000e+00
9.500000000000000000e+01 -7.727649999999999686e+00 -7.787720000000000198e+00 0.000000000000000000e+00
9.600000000000000000e+01 -6.953490000000000393e+00 -4.151110000000000078e+00 0.000000000000000000e+00
9.700000000000000000e+01 -7.583479999999999777e+00 -2.156709999999999905e+00 0.000000000000000000e+00
9.800000000000000000e+01 -6.290499999999999758e+00 -5.276699999999999724e-01 0.000000000000000000e+00
9.900000000000000000e+01 -6.847360000000000113e+00 1.502490000000000103e+00 0.000000000000000000e+00
1.000000000000000000e+02 -7.572370000000000267e+00 3.472640000000000171e+00 0.000000000000000000e+00
1.010000000000000000e+02 -6.318939999999999557e+00 5.109989999999999810e+00 0.000000000000000000e+00
1.020000000000000000e+02 -7.147599999999999731e+00 7.099610000000000198e+00 0.000000000000000000e+00
1.030000000000000000e+02 -6.476729999999999876e+00 1.038856999999999964e+01 0.000000000000000000e+00
1.040000000000000000e+02 -6.129739999999999966e+00 1.241756999999999955e+01 0.000000000000000000e+00
1.050000000000000000e+02 -5.817090000000000316e+00 1.455202000000000062e+01 0.000000000000000000e+00
1.060000000000000000e+02 -5.510889999999999844e+00 1.699632000000000076e+01 0.000000000000000000e+00
1.070000000000000000e+02 -4.698760000000000048e+00 1.928939000000000092e+01 0.000000000000000000e+00
1.080000000000000000e+02 -4.188109999999999999e+00 -1.790392999999999901e+01 0.000000000000000000e+00
1.090000000000000000e+02 -3.505339999999999900e+00 -1.439553000000000083e+01 0.000000000000000000e+00
1.100000000000000000e+02 -4.357750000000000234e+00 -1.230624000000000073e+01 0.000000000000000000e+00
1.110000000000000000e+02 -5.040320000000000356e+00 -1.018553999999999959e+01 0.000000000000000000e+00
1.120000000000000000e+02 -5.668169999999999931e+00 -8.186280000000000001e+00 0.000000000000000000e+00
1.130000000000000000e+02 -6.357619999999999827e+00 -6.164150000000000240e+00 0.000000000000000000e+00
1.140000000000000000e+02 -4.909370000000000012e+00 -4.487659999999999982e+00 0.000000000000000000e+00
1.150000000000000000e+02 -5.501249999999999751e+00 -2.432960000000000012e+00 0.000000000000000000e+00
1.160000000000000000e+02 -4.084810000000000052e+00 -8.812999999999999723e-01 0.000000000000000000e+00
1.170000000000000000e+02 -4.769809999999999661e+00 1.062769999999999992e+00 0.000000000000000000e+00
1.180000000000000000e+02 -5.386359999999999815e+00 3.179689999999999905e+00 0.000000000000000000e+00
1.190000000000000000e+02 -3.951239999999999863e+00 4.762839999999999741e+00 0.000000000000000000e+00
1.200000000000000000e+02 -4.745759999999999756e+00 6.662110000000000198e+00 0.000000000000000000e+00
1.210000000000000000e+02 -5.350959999999999717e+00 8.661239999999999384e+00 0.000000000000000000e+00
1.220000000000000000e+02 -4.362260000000000026e+00 1.046884000000000015e+01 0.000000000000000000e+00
1.230000000000000000e+02 -4.143460000000000143e+00 1.324652000000000029e+01 0.000000000000000000e+00
1.240000000000000000e+02 -3.860840000000000050e+00 1.535228999999999999e+01 0.000000000000000000e+00
1.250000000000000000e+02 -3.487210000000000143e+00 1.752597000000000094e+01 0.000000000000000000e+00
1.260000000000000000e+02 -2.091330000000000133e+00 -1.853918000000000177e+01 0.000000000000000000e+00
1.270000000000000000e+02 -2.675829999999999931e+00 -1.634937000000000040e+01 0.000000000000000000e+00
1.280000000000000000e+02 -2.195160000000000000e+00 -1.271912000000000020e+01 0.000000000000000000e+00
1.290000000000000000e+02 -2.963420000000000165e+00 -1.068097000000000030e+01 0.000000000000000000e+00
1.300000000000000000e+02 -3.651870000000000172e+00 -8.648960000000000647e+00 0.000000000000000000e+00
1.310000000000000000e+02 -4.248910000000000409e+00 -6.510270000000000223e+00 0.000000000000000000e+00
1.320000000000000000e+02 -2.788720000000000088e+00 -4.962069999999999759e+00 0.000000000000000000e+00
1.330000000000000000e+02 -3.467940000000000023e+00 -2.849660000000000082e+00 0.000000000000000000e+00
1.340000000000000000e+02 -2.034819999999999851e+00 -1.231700000000000017e+00 0.000000000000000000e+00
1.350000000000000000e+02 -2.710649999999999782e+00 7.517899999999999583e-01 0.000000000000000000e+00
1.360000000000000000e+02 -3.313709999999999933e+00 2.791560000000000041e+00 0.000000000000000000e+00
1.370000000000000000e+02 -1.865569999999999951e+00 4.444679999999999964e+00 0.000000000000000000e+00
1.380000000000000000e+02 -2.635909999999999975e+00 6.462089999999999890e+00 0.000000000000000000e+00
1.390000000000000000e+02 -2.991649999999999920e+00 8.889200000000000657e+00 0.000000000000000000e+00
1.400000000000000000e+02 -2.674370000000000136e+00 1.173079000000000072e+01 0.000000000000000000e+00
1.410000000000000000e+02 -2.019130000000000091e+00 1.369464999999999932e+01 0.000000000000000000e+00
1.420000000000000000e+02 -1.918350000000000000e+00 1.610660000000000025e+01 0.000000000000000000e+00
1.430000000000000000e+02 -1.628330000000000055e+00 1.841613999999999862e+01 0.000000000000000000e+00
1.440000000000000000e+02 -4.956699999999999995e-01 -1.696715999999999980e+01 0.000000000000000000e+00
1.450000000000000000e+02 -1.147929999999999895e+00 -1.495838999999999963e+01 0.000000000000000000e+00
1.460000000000000000e+02 -1.683199999999999974e-01 -1.310460999999999920e+01 0.000000000000000000e+00
1.470000000000000000e+02 -8.800900000000000389e-01 -1.108860999999999919e+01 0.000000000000000000e+00
1.480000000000000000e+02 -1.595920000000000005e+00 -9.091850000000000875e+00 0.000000000000000000e+00
1.490000000000000000e+02 -2.217159999999999798e+00 -6.953170000000000073e+00 0.000000000000000000e+00
1.500000000000000000e+02 -7.086000000000000076e-01 -5.308760000000000367e+00 0.000000000000000000e+00
1.510000000000000000e+02 -1.392320000000000002e+00 -3.305200000000000138e+00 0.000000000000000000e+00
1.520000000000000000e+02 -1.510000000000000057e-03 -1.673659999999999926e+00 0.000000000000000000e+00
1.530000000000000000e+02 -6.398800000000000043e-01 3.699799999999999756e-01 0.000000000000000000e+00
1.540000000000000000e+02 -1.252010000000000067e+00 2.387490000000000112e+00 0.000000000000000000e+00
1.550000000000000000e+02 1.878499999999999892e-01 3.877759999999999874e+00 0.000000000000000000e+00
1.560000000000000000e+02 -1.153860000000000108e+00 7.940680000000000405e+00 0.000000000000000000e+00
1.570000000000000000e+02 -1.220639999999999947e+00 1.009515999999999991e+01 0.000000000000000000e+00
1.580000000000000000e+02 -6.121999999999999664e-01 1.206237999999999921e+01 0.000000000000000000e+00
1.590000000000000000e+02 -1.661100000000000076e-01 1.489882000000000062e+01 0.000000000000000000e+00
1.600000000000000000e+02 1.987999999999999837e-02 1.699743000000000137e+01 0.000000000000000000e+00
1.610000000000000000e+02 6.084800000000000209e-01 1.914552000000000120e+01 0.000000000000000000e+00
1.620000000000000000e+02 6.024500000000000410e-01 -1.877205000000000013e+01 0.000000000000000000e+00
1.630000000000000000e+02 1.163780000000000037e+00 -1.566615999999999964e+01 0.000000000000000000e+00
1.640000000000000000e+02 1.845399999999999929e+00 -1.366735000000000078e+01 0.000000000000000000e+00
1.650000000000000000e+02 1.300419999999999909e+00 -1.157301999999999964e+01 0.000000000000000000e+00
1.660000000000000000e+02 5.040400000000000436e-01 -9.474230000000000373e+00 0.000000000000000000e+00
1.670000000000000000e+02 -1.833100000000000007e-01 -7.460709999999999731e+00 0.000000000000000000e+00
1.680000000000000000e+02 1.323129999999999917e+00 -5.807339999999999947e+00 0.000000000000000000e+00
1.690000000000000000e+02 6.445400000000000018e-01 -3.737800000000000011e+00 0.000000000000000000e+00
1.700000000000000000e+02 2.098840000000000039e+00 -2.172610000000000152e+00 0.000000000000000000e+00
1.710000000000000000e+02 1.434330000000000105e+00 -1.143099999999999949e-01 0.000000000000000000e+00
1.720000000000000000e+02 7.908300000000000329e-01 1.869860000000000078e+00 0.000000000000000000e+00
1.730000000000000000e+02 2.213979999999999837e+00 3.581780000000000186e+00 0.000000000000000000e+00
1.740000000000000000e+02 -3.927499999999999880e-01 5.974140000000000228e+00 0.000000000000000000e+00
1.750000000000000000e+02 1.175899999999999945e+00 8.232730000000000103e+00 0.000000000000000000e+00
1.760000000000000000e+02 1.018760000000000110e+00 1.059725000000000072e+01 0.000000000000000000e+00
1.770000000000000000e+02 1.086899999999999977e+00 1.326361999999999952e+01 0.000000000000000000e+00
1.780000000000000000e+02 1.780480000000000063e+00 1.568601999999999919e+01 0.000000000000000000e+00
1.790000000000000000e+02 2.561319999999999819e+00 2.005790000000000006e+01 0.000000000000000000e+00
1.800000000000000000e+02 2.622419999999999973e+00 -1.743712000000000018e+01 0.000000000000000000e+00
1.810000000000000000e+02 3.344390000000000196e+00 -1.547869000000000028e+01 0.000000000000000000e+00
1.820000000000000000e+02 3.355799999999999894e+00 -1.212584000000000017e+01 0.000000000000000000e+00
1.830000000000000000e+02 2.607709999999999972e+00 -9.925769999999999982e+00 0.000000000000000000e+00
1.840000000000000000e+02 1.922819999999999974e+00 -7.837819999999999787e+00 0.000000000000000000e+00
1.850000000000000000e+02 3.329140000000000210e+00 -6.298320000000000363e+00 0.000000000000000000e+00
1.860000000000000000e+02 2.665119999999999933e+00 -4.167570000000000441e+00 0.000000000000000000e+00
1.870000000000000000e+02 4.116810000000000080e+00 -2.599839999999999929e+00 0.000000000000000000e+00
1.880000000000000000e+02 3.500669999999999948e+00 -4.927000000000000268e-01 0.000000000000000000e+00
1.890000000000000000e+02 2.873310000000000031e+00 1.467109999999999914e+00 0.000000000000000000e+00
1.900000000000000000e+02 4.238570000000000171e+00 3.142790000000000195e+00 0.000000000000000000e+00
1.910000000000000000e+02 3.793449999999999989e+00 5.225749999999999673e+00 0.000000000000000000e+00
1.920000000000000000e+02 1.748930000000000096e+00 5.902569999999999872e+00 0.000000000000000000e+00
1.930000000000000000e+02 3.208450000000000024e+00 7.479879999999999640e+00 0.000000000000000000e+00
1.940000000000000000e+02 2.870070000000000121e+00 9.599940000000000140e+00 0.000000000000000000e+00
1.950000000000000000e+02 2.760009999999999852e+00 1.202730000000000032e+01 0.000000000000000000e+00
1.960000000000000000e+02 3.077469999999999928e+00 1.407693000000000083e+01 0.000000000000000000e+00
1.970000000000000000e+02 2.191009999999999902e+00 1.775856999999999886e+01 0.000000000000000000e+00
1.980000000000000000e+02 4.819799999999999862e+00 -1.694488000000000127e+01 0.000000000000000000e+00
1.990000000000000000e+02 5.162759999999999572e+00 -1.450078000000000067e+01 0.000000000000000000e+00
2.000000000000000000e+02 5.422270000000000145e+00 -1.237644000000000055e+01 0.000000000000000000e+00
2.010000000000000000e+02 4.611839999999999939e+00 -1.046765000000000079e+01 0.000000000000000000e+00
2.020000000000000000e+02 3.923560000000000159e+00 -8.324740000000000251e+00 0.000000000000000000e+00
2.030000000000000000e+02 5.409559999999999924e+00 -6.681720000000000326e+00 0.000000000000000000e+00
2.040000000000000000e+02 4.749119999999999564e+00 -4.618730000000000224e+00 0.000000000000000000e+00
2.050000000000000000e+02 6.183220000000000383e+00 -3.101539999999999964e+00 0.000000000000000000e+00
2.060000000000000000e+02 5.597170000000000201e+00 -9.467700000000000005e-01 0.000000000000000000e+00
2.070000000000000000e+02 4.908559999999999590e+00 1.078629999999999978e+00 0.000000000000000000e+00
2.080000000000000000e+02 6.451670000000000016e+00 2.702729999999999855e+00 0.000000000000000000e+00
2.090000000000000000e+02 5.812249999999999694e+00 4.671280000000000321e+00 0.000000000000000000e+00
2.100000000000000000e+02 5.315279999999999561e+00 6.772990000000000066e+00 0.000000000000000000e+00
2.110000000000000000e+02 4.810130000000000017e+00 8.778729999999999478e+00 0.000000000000000000e+00
2.120000000000000000e+02 4.491869999999999585e+00 1.091973999999999911e+01 0.000000000000000000e+00
2.130000000000000000e+02 4.883960000000000079e+00 1.298229000000000077e+01 0.000000000000000000e+00
2.140000000000000000e+02 3.911300000000000221e+00 1.600956000000000046e+01 0.000000000000000000e+00
2.150000000000000000e+02 4.154670000000000307e+00 1.865280999999999878e+01 0.000000000000000000e+00
2.160000000000000000e+02 4.209450000000000358e+00 -1.961261000000000010e+01 0.000000000000000000e+00
2.170000000000000000e+02 7.028870000000000395e+00 -1.571823000000000015e+01 0.000000000000000000e+00
2.180000000000000000e+02 7.175729999999999720e+00 -1.364094000000000051e+01 0.000000000000000000e+00
2.190000000000000000e+02 6.985030000000000072e+00 -1.097481999999999935e+01 0.000000000000000000e+00
2.200000000000000000e+02 6.063449999999999562e+00 -8.757529999999999148e+00 0.000000000000000000e+00
2.210000000000000000e+02 7.522059999999999746e+00 -7.216709999999999958e+00 0.000000000000000000e+00
2.220000000000000000e+02 6.772509999999999586e+00 -5.129669999999999952e+00 0.000000000000000000e+00
2.230000000000000000e+02 8.213829999999999742e+00 -3.577879999999999949e+00 0.000000000000000000e+00
2.240000000000000000e+02 7.667889999999999873e+00 -1.534810000000000008e+00 0.000000000000000000e+00
2.250000000000000000e+02 7.153990000000000293e+00 5.012900000000000134e-01 0.000000000000000000e+00
2.260000000000000000e+02 8.511860000000000426e+00 2.112870000000000026e+00 0.000000000000000000e+00
2.270000000000000000e+02 7.933469999999999800e+00 4.169660000000000366e+00 0.000000000000000000e+00
2.280000000000000000e+02 7.305509999999999948e+00 6.151279999999999859e+00 0.000000000000000000e+00
2.290000000000000000e+02 6.894639999999999880e+00 8.303319999999999368e+00 0.000000000000000000e+00
2.300000000000000000e+02 6.511800000000000033e+00 1.045262999999999920e+01 0.000000000000000000e+00
2.310000000000000000e+02 6.976609999999999978e+00 1.246250000000000036e+01 0.000000000000000000e+00
2.320000000000000000e+02 5.703039999999999665e+00 1.489760000000000062e+01 0.000000000000000000e+00
2.330000000000000000e+02 5.769879999999999676e+00 1.699153000000000091e+01 0.000000000000000000e+00
2.340000000000000000e+02 6.821139999999999759e+00 -1.782081000000000159e+01 0.000000000000000000e+00
2.350000000000000000e+02 9.012370000000000658e+00 -1.490901000000000032e+01 0.000000000000000000e+00
2.360000000000000000e+02 8.801080000000000680e+00 -1.231212999999999980e+01 0.000000000000000000e+00
2.370000000000000000e+02 9.813449999999999562e+00 -1.035052999999999912e+01 0.000000000000000000e+00
2.380000000000000000e+02 8.080170000000000741e+00 -9.219500000000000028e+00 0.000000000000000000e+00
2.390000000000000000e+02 8.882979999999999876e+00 -5.673960000000000115e+00 0.000000000000000000e+00
2.400000000000000000e+02 1.032057000000000002e+01 -4.163850000000000051e+00 0.000000000000000000e+00
2.410000000000000000e+02 9.715909999999999158e+00 -2.123520000000000074e+00 0.000000000000000000e+00
2.420000000000000000e+02 9.158770000000000522e+00 -3.175000000000000044e-02 0.000000000000000000e+00
2.430000000000000000e+02 1.061896999999999913e+01 1.439089999999999980e+00 0.000000000000000000e+00
2.440000000000000000e+02 9.993750000000000355e+00 3.654150000000000009e+00 0.000000000000000000e+00
2.450000000000000000e+02 1.171428000000000047e+01 5.105739999999999945e+00 0.000000000000000000e+00
2.460000000000000000e+02 9.569150000000000489e+00 5.688150000000000261e+00 0.000000000000000000e+00
2.470000000000000000e+02 9.131740000000000634e+00 7.741869999999999585e+00 0.000000000000000000e+00
2.480000000000000000e+02 8.431509999999999394e+00 9.720119999999999649e+00 0.000000000000000000e+00
2.490000000000000000e+02 8.990059999999999718e+00 1.179580999999999946e+01 0.000000000000000000e+00
2.500000000000000000e+02 8.390380000000000393e+00 1.398273999999999972e+01 0.000000000000000000e+00
2.510000000000000000e+02 7.640310000000000379e+00 1.595059999999999967e+01 0.000000000000000000e+00
2.520000000000000000e+02 8.871499999999999275e+00 -1.713873999999999853e+01 0.000000000000000000e+00
2.530000000000000000e+02 1.068721000000000032e+01 -1.365657000000000032e+01 0.000000000000000000e+00
2.540000000000000000e+02 1.142503999999999920e+01 -1.166341000000000072e+01 0.000000000000000000e+00
2.550000000000000000e+02 1.169542999999999999e+01 -9.481289999999999552e+00 0.000000000000000000e+00
2.560000000000000000e+02 9.785949999999999704e+00 -8.064719999999999445e+00 0.000000000000000000e+00
2.570000000000000000e+02 1.086098999999999926e+01 -6.300530000000000186e+00 0.000000000000000000e+00
2.580000000000000000e+02 1.230982000000000021e+01 -4.796280000000000321e+00 0.000000000000000000e+00
2.590000000000000000e+02 1.187204999999999977e+01 -2.684829999999999828e+00 0.000000000000000000e+00
2.600000000000000000e+02 1.116339999999999932e+01 -5.994500000000000384e-01 0.000000000000000000e+00
2.610000000000000000e+02 1.272916999999999987e+01 1.060200000000000031e+00 0.000000000000000000e+00
2.620000000000000000e+02 1.197326999999999941e+01 3.037760000000000016e+00 0.000000000000000000e+00
2.630000000000000000e+02 1.387110000000000021e+01 4.741670000000000051e+00 0.000000000000000000e+00
2.640000000000000000e+02 1.322603999999999935e+01 6.812700000000000422e+00 0.000000000000000000e+00
2.650000000000000000e+02 1.117328000000000010e+01 7.241290000000000227e+00 0.000000000000000000e+00
2.660000000000000000e+02 1.057770999999999972e+01 9.284299999999999997e+00 0.000000000000000000e+00
2.670000000000000000e+02 1.111519999999999975e+01 1.130752999999999986e+01 0.000000000000000000e+00
2.680000000000000000e+02 1.059179999999999922e+01 1.340403000000000056e+01 0.000000000000000000e+00
2.690000000000000000e+02 9.829280000000000683e+00 1.574447999999999936e+01 0.000000000000000000e+00
2.700000000000000000e+02 1.068332000000000015e+01 -1.613332000000000122e+01 0.000000000000000000e+00
2.710000000000000000e+02 1.317160999999999937e+01 -1.292444000000000059e+01 0.000000000000000000e+00
2.720000000000000000e+02 1.363655999999999935e+01 -1.083699999999999974e+01 0.000000000000000000e+00
2.730000000000000000e+02 1.442365000000000030e+01 -8.785479999999999734e+00 0.000000000000000000e+00
2.740000000000000000e+02 1.273731000000000080e+01 -7.150319999999999787e+00 0.000000000000000000e+00
2.750000000000000000e+02 1.452656999999999954e+01 -5.328920000000000101e+00 0.000000000000000000e+00
2.760000000000000000e+02 1.669484999999999886e+01 -4.935999999999999943e+00 0.000000000000000000e+00
2.770000000000000000e+02 1.392373000000000083e+01 -3.205859999999999932e+00 0.000000000000000000e+00
2.780000000000000000e+02 1.324024000000000001e+01 -1.026070000000000038e+00 0.000000000000000000e+00
2.790000000000000000e+02 1.476478000000000002e+01 6.267200000000000548e-01 0.000000000000000000e+00
2.800000000000000000e+02 1.411228999999999978e+01 2.661770000000000191e+00 0.000000000000000000e+00
2.810000000000000000e+02 1.589242999999999917e+01 4.276060000000000194e+00 0.000000000000000000e+00
2.820000000000000000e+02 1.532962000000000025e+01 6.285490000000000244e+00 0.000000000000000000e+00
2.830000000000000000e+02 1.479991000000000057e+01 8.308270000000000266e+00 0.000000000000000000e+00
2.840000000000000000e+02 1.259736999999999973e+01 8.777889999999999304e+00 0.000000000000000000e+00
2.850000000000000000e+02 1.402524000000000015e+01 1.101903000000000077e+01 0.000000000000000000e+00
2.860000000000000000e+02 1.282530000000000037e+01 1.308365000000000045e+01 0.000000000000000000e+00
2.870000000000000000e+02 1.187383999999999951e+01 1.501488999999999940e+01 0.000000000000000000e+00
2.880000000000000000e+02 1.255001999999999995e+01 -1.500980000000000025e+01 0.000000000000000000e+00
2.890000000000000000e+02 1.523447999999999958e+01 -1.265728999999999971e+01 0.000000000000000000e+00
2.900000000000000000e+02 1.578562999999999938e+01 -1.049047999999999981e+01 0.000000000000000000e+00
2.910000000000000000e+02 1.726734000000000080e+01 -9.046359999999999957e+00 0.000000000000000000e+00
2.920000000000000000e+02 1.586242999999999981e+01 -7.235059999999999825e+00 0.000000000000000000e+00
2.930000000000000000e+02 1.798538999999999888e+01 -6.865109999999999602e+00 0.000000000000000000e+00
2.940000000000000000e+02 1.897844999999999871e+01 -4.586459999999999759e+00 0.000000000000000000e+00
2.950000000000000000e+02 1.735592000000000112e+01 -2.834379999999999900e+00 0.000000000000000000e+00
2.960000000000000000e+02 1.539996999999999971e+01 -1.705319999999999947e+00 0.000000000000000000e+00
2.970000000000000000e+02 1.686361000000000132e+01 -8.086999999999999744e-02 0.000000000000000000e+00
2.980000000000000000e+02 1.620300999999999902e+01 2.211230000000000029e+00 0.000000000000000000e+00
2.990000000000000000e+02 1.800039999999999907e+01 3.404020000000000046e+00 0.000000000000000000e+00
