0.000000000000000000e+00 -1.374046000000000056e+01 -1.532394999999999996e+01 0.000000000000000000e+00
1.000000000000000000e+00 -1.429555000000000042e+01 -1.322818000000000005e+01 0.000000000000000000e+00
2.000000000000000000e+00 -1.497096999999999944e+01 -1.103537999999999997e+01 0.000000000000000000e+00
3.000000000000000000e+00 -1.578485000000000049e+01 -9.075029999999999930e+00 0.000000000000000000e+00
4.000000000000000000e+00 -1.832443999999999917e+01 -6.027149999999999785e+00 0.000000000000000000e+00
5.000000000000000000e+00 -1.920758000000000010e+01 -4.009059999999999846e+00 0.000000000000000000e+00
6.000000000000000000e+00 -1.665063999999999922e+01 -4.793929999999999580e+00 0.000000000000000000e+00
7.000000000000000000e+00 -2.012622000000000000e+01 3.336600000000000121e-01 0.000000000000000000e+00
8.000000000000000000e+00 -1.745907000000000053e+01 -2.843230000000000146e+00 0.000000000000000000e+00
9.000000000000000000e+00 -1.809893999999999892e+01 -4.646100000000000230e-01 0.000000000000000000e+00
1.000000000000000000e+01 -1.687962999999999880e+01 3.433069999999999844e+00 0.000000000000000000e+00
1.100000000000000000e+01 -1.828153999999999968e+01 1.815879999999999939e+00 0.000000000000000000e+00
1.200000000000000000e+01 -1.695592999999999861e+01 6.197199999999999598e+00 0.000000000000000000e+00
1.300000000000000000e+01 -1.878958000000000084e+01 4.269059999999999633e+00 0.000000000000000000e+00
1.400000000000000000e+01 -1.687659999999999982e+01 8.550649999999999196e+00 0.000000000000000000e+00
1.500000000000000000e+01 -1.489206000000000074e+01 9.237920000000000798e+00 0.000000000000000000e+00
1.600000000000000000e+01 -1.471209999999999951e+01 1.145345999999999975e+01 0.000000000000000000e+00
1.700000000000000000e+01 -1.439913999999999916e+01 1.348992999999999931e+01 0.000000000000000000e+00
1.800000000000000000e+01 -1.153294999999999959e+01 -1.577861000000000047e+01 0.000000000000000000e+00
1.900000000000000000e+01 -1.214911999999999992e+01 -1.364938000000000073e+01 0.000000000000000000e+00
2.000000000000000000e+01 -1.284783000000000008e+01 -1.167113999999999940e+01 0.000000000000000000e+00
2.100000000000000000e+01 -1.339474000000000053e+01 -9.517099999999999227e+00 0.000000000000000000e+00
2.200000000000000000e+01 -1.428846000000000060e+01 -7.613739999999999952e+00 0.000000000000000000e+00
2.300000000000000000e+01 -1.641982000000000141e+01 -6.929789999999999672e+00 0.000000000000000000e+00
2.400000000000000000e+01 -1.468641000000000041e+01 -5.376120000000000232e+00 0.000000000000000000e+00
2.500000000000000000e+01 -1.535894000000000048e+01 -3.183790000000000120e+00 0.000000000000000000e+00
2.600000000000000000e+01 -1.587930000000000064e+01 -1.086840000000000028e+00 0.000000000000000000e+00
2.700000000000000000e+01 -1.639385000000000048e+01 9.708999999999999853e-01 0.000000000000000000e+00
2.800000000000000000e+01 -1.502964000000000055e+01 2.516350000000000087e+00 0.000000000000000000e+00
2.900000000000000000e+01 -1.521982000000000035e+01 5.077399999999999913e+00 0.000000000000000000e+00
3.000000000000000000e+01 -1.328167999999999971e+01 6.092520000000000380e+00 0.000000000000000000e+00
3.100000000000000000e+01 -1.511096000000000039e+01 7.146959999999999980e+00 0.000000000000000000e+00
3.200000000000000000e+01 -1.310543999999999976e+01 8.176600000000000534e+00 0.000000000000000000e+00
3.300000000000000000e+01 -1.302674999999999983e+01 1.026116000000000028e+01 0.000000000000000000e+00
3.400000000000000000e+01 -1.231846999999999959e+01 1.237667000000000073e+01 0.000000000000000000e+00
3.500000000000000000e+01 -1.215671000000000035e+01 1.445373999999999981e+01 0.000000000000000000e+00
3.600000000000000000e+01 -9.465199999999999392e+00 -1.604551999999999978e+01 0.000000000000000000e+00
3.700000000000000000e+01 -1.010196999999999967e+01 -1.407061999999999991e+01 0.000000000000000000e+00
3.800000000000000000e+01 -1.075549999999999962e+01 -1.208854000000000006e+01 0.000000000000000000e+00
3.900000000000000000e+01 -1.133286999999999978e+01 -1.006218999999999930e+01 0.000000000000000000e+00
4.000000000000000000e+01 -1.197324000000000055e+01 -8.020960000000000534e+00 0.000000000000000000e+00
4.100000000000000000e+01 -1.268200000000000038e+01 -5.997899999999999565e+00 0.000000000000000000e+00
4.200000000000000000e+01 -1.337700000000000067e+01 -3.759959999999999969e+00 0.000000000000000000e+00
4.300000000000000000e+01 -1.382066999999999979e+01 -1.702639999999999931e+00 0.000000000000000000e+00
4.400000000000000000e+01 -1.240729999999999933e+01 -1.503599999999999937e-01 0.000000000000000000e+00
4.500000000000000000e+01 -1.440984000000000087e+01 3.793300000000000005e-01 0.000000000000000000e+00
4.600000000000000000e+01 -1.304458999999999946e+01 1.946730000000000071e+00 0.000000000000000000e+00
4.700000000000000000e+01 -1.341268999999999956e+01 4.000829999999999664e+00 0.000000000000000000e+00
4.800000000000000000e+01 -9.558020000000000849e+00 5.718779999999999752e+00 0.000000000000000000e+00
4.900000000000000000e+01 -1.136396000000000051e+01 6.954729999999999634e+00 0.000000000000000000e+00
5.000000000000000000e+01 -1.097067999999999977e+01 8.989480000000000359e+00 0.000000000000000000e+00
5.100000000000000000e+01 -1.067472000000000065e+01 1.109545999999999921e+01 0.000000000000000000e+00
5.200000000000000000e+01 -1.042224000000000039e+01 1.317660000000000053e+01 0.000000000000000000e+00
5.300000000000000000e+01 -1.003904999999999959e+01 1.518970000000000020e+01 0.000000000000000000e+00
5.400000000000000000e+01 -7.458890000000000242e+00 -1.677749999999999986e+01 0.000000000000000000e+00
5.500000000000000000e+01 -8.062559999999999505e+00 -1.450572999999999979e+01 0.000000000000000000e+00
5.600000000000000000e+01 -8.684419999999999362e+00 -1.250773000000000046e+01 0.000000000000000000e+00
5.700000000000000000e+01 -9.321569999999999467e+00 -1.051904000000000039e+01 0.000000000000000000e+00
5.800000000000000000e+01 -9.918309999999999960e+00 -8.411670000000000869e+00 0.000000000000000000e+00
5.900000000000000000e+01 -1.057365000000000066e+01 -6.451699999999999768e+00 0.000000000000000000e+00
6.000000000000000000e+01 -1.132821000000000033e+01 -4.426289999999999836e+00 0.000000000000000000e+00
6.100000000000000000e+01 -1.183381999999999934e+01 -2.313460000000000072e+00 0.000000000000000000e+00
6.200000000000000000e+01 -1.043618999999999986e+01 -7.760299999999999976e-01 0.000000000000000000e+00
6.300000000000000000e+01 -1.102472000000000030e+01 1.549539999999999917e+00 0.000000000000000000e+00
6.400000000000000000e+01 -9.559129999999999683e+00 3.252450000000000063e+00 0.000000000000000000e+00
6.500000000000000000e+01 -1.141572000000000031e+01 4.675270000000000259e+00 0.000000000000000000e+00
6.600000000000000000e+01 -9.301520000000000010e+00 7.778319999999999901e+00 0.000000000000000000e+00
6.700000000000000000e+01 -7.310080000000000133e+00 8.586059999999999803e+00 0.000000000000000000e+00
6.800000000000000000e+01 -8.907329999999999970e+00 9.930920000000000414e+00 0.000000000000000000e+00
6.900000000000000000e+01 -8.449040000000000106e+00 1.197658000000000023e+01 0.000000000000000000e+00
7.000000000000000000e+01 -8.272449999999999193e+00 1.405178000000000083e+01 0.000000000000000000e+00
7.100000000000000000e+01 -8.597289999999999210e+00 1.686824000000000012e+01 0.000000000000000000e+00
7.200000000000000000e+01 -5.211750000000000327e+00 -1.706530000000000058e+01 0.000000000000000000e+00
7.300000000000000000e+01 -6.030400000000000205e+00 -1.502172999999999981e+01 0.000000000000000000e+00
7.400000000000000000e+01 -6.603309999999999569e+00 -1.299186000000000085e+01 0.000000000000000000e+00
7.500000000000000000e+01 -7.220799999999999663e+00 -1.093708999999999953e+01 0.000000000000000000e+00
7.600000000000000000e+01 -7.925670000000000215e+00 -8.950820000000000221e+00 0.000000000000000000e+00
7.700000000000000000e+01 -8.480040000000000688e+00 -6.852070000000000327e+00 0.000000000000000000e+00
7.800000000000000000e+01 -9.090690000000000381e+00 -4.889429999999999943e+00 0.000000000000000000e+00
7.900000000000000000e+01 -9.764329999999999288e+00 -2.852240000000000109e+00 0.000000000000000000e+00
8.000000000000000000e+01 -8.357029999999999959e+00 -1.325760000000000050e+00 0.000000000000000000e+00
8.100000000000000000e+01 -9.111019999999999897e+00 7.972099999999999742e-01 0.000000000000000000e+00
8.200000000000000000e+01 -7.697630000000000194e+00 2.346999999999999975e+00 0.000000000000000000e+00
8.300000000000000000e+01 -7.857879999999999754e+00 4.405920000000000059e+00 0.000000000000000000e+00
8.400000000000000000e+01 -7.512389999999999901e+00 6.516370000000000218e+00 0.000000000000000000e+00
8.500000000000000000e+01 -5.313670000000000115e+00 9.202209999999999113e+00 0.000000000000000000e+00
8.600000000000000000e+01 -6.898270000000000124e+00 1.060117999999999938e+01 0.000000000000000000e+00
8.700000000000000000e+01 -6.487429999999999808e+00 1.264264000000000010e+01 0.000000000000000000e+00
8.800000000000000000e+01 -6.267439999999999678e+00 1.474794999999999945e+01 0.000000000000000000e+00
8.900000000000000000e+01 -6.222209999999999575e+00 1.716121000000000052e+01 0.000000000000000000e+00
9.000000000000000000e+01 -3.568290000000000184e+00 -1.966786000000000101e+01 0.000000000000000000e+00
9.100000000000000000e+01 -3.752270000000000216e+00 -1.546946999999999939e+01 0.000000000000000000e+00
9.200000000000000000e+01 -4.564029999999999809e+00 -1.340600000000000058e+01 0.000000000000000000e+00
9.300000000000000000e+01 -5.162079999999999558e+00 -1.140471999999999930e+01 0.000000000000000000e+00
9.400000000000000000e+01 -5.783220000000000027e+00 -9.295019999999999172e+00 0.000000000000000000e+00
9.500000000000000000e+01 -6.436069999999999958e+00 -7.315699999999999648e+00 0.000000000000000000e+00
9.600000000000000000e+01 -7.055920000000000414e+00 -5.334950000000000081e+00 0.000000000000000000e+00
9.700000000000000000e+01 -7.711899999999999977e+00 -3.366960000000000175e+00 0.000000000000000000e+00
9.800000000000000000e+01 -6.302780000000000271e+00 -1.810499999999999998e+00 0.000000000000000000e+00
9.900000000000000000e+01 -7.004800000000000360e+00 3.297599999999999976e-01 0.000000000000000000e+00
1.000000000000000000e+02 -5.591129999999999711e+00 1.970790000000000042e+00 0.000000000000000000e+00
1.010000000000000000e+02 -4.332469999999999821e+00 3.703629999999999978e+00 0.000000000000000000e+00
1.020000000000000000e+02 -5.900179999999999758e+00 5.076419999999999710e+00 0.000000000000000000e+00
1.030000000000000000e+02 -5.509070000000000356e+00 7.096260000000000012e+00 0.000000000000000000e+00
1.040000000000000000e+02 -4.886739999999999640e+00 1.125847000000000087e+01 0.000000000000000000e+00
1.050000000000000000e+02 -4.525220000000000020e+00 1.340473000000000070e+01 0.000000000000000000e+00
1.060000000000000000e+02 -4.181049999999999933e+00 1.544332999999999956e+01 0.000000000000000000e+00
1.070000000000000000e+02 -3.754830000000000112e+00 1.755764999999999887e+01 0.000000000000000000e+00
1.080000000000000000e+02 -3.097339999999999982e+00 -1.762628000000000128e+01 0.000000000000000000e+00
1.090000000000000000e+02 -2.429969999999999963e+00 -1.384351999999999983e+01 0.000000000000000000e+00
1.100000000000000000e+02 -3.080569999999999808e+00 -1.187808000000000064e+01 0.000000000000000000e+00
1.110000000000000000e+02 -3.769820000000000171e+00 -9.878539999999999210e+00 0.000000000000000000e+00
1.120000000000000000e+02 -2.337889999999999802e+00 -8.295090000000000074e+00 0.000000000000000000e+00
1.130000000000000000e+02 -4.347710000000000186e+00 -7.795110000000000205e+00 0.000000000000000000e+00
1.140000000000000000e+02 -5.023570000000000313e+00 -5.752040000000000042e+00 0.000000000000000000e+00
1.150000000000000000e+02 -5.665199999999999569e+00 -3.782700000000000173e+00 0.000000000000000000e+00
1.160000000000000000e+02 -4.246480000000000032e+00 -2.239970000000000017e+00 0.000000000000000000e+00
1.170000000000000000e+02 -4.986229999999999940e+00 -7.953999999999999959e-02 0.000000000000000000e+00
1.180000000000000000e+02 -3.580799999999999983e+00 1.457719999999999905e+00 0.000000000000000000e+00
1.190000000000000000e+02 -2.376819999999999933e+00 4.370989999999999931e+00 0.000000000000000000e+00
1.200000000000000000e+02 -3.920659999999999812e+00 5.751120000000000232e+00 0.000000000000000000e+00
1.210000000000000000e+02 -3.557589999999999808e+00 7.799500000000000099e+00 0.000000000000000000e+00
1.220000000000000000e+02 -3.309060000000000112e+00 9.875799999999999912e+00 0.000000000000000000e+00
1.230000000000000000e+02 -2.861159999999999926e+00 1.193558999999999948e+01 0.000000000000000000e+00
1.240000000000000000e+02 -2.550349999999999895e+00 1.402899999999999991e+01 0.000000000000000000e+00
1.250000000000000000e+02 -2.120239999999999903e+00 1.614985000000000070e+01 0.000000000000000000e+00
1.260000000000000000e+02 -1.057590000000000030e+00 -1.822012000000000143e+01 0.000000000000000000e+00
1.270000000000000000e+02 -1.641459999999999919e+00 -1.591653999999999947e+01 0.000000000000000000e+00
1.280000000000000000e+02 -1.009209999999999940e+00 -1.227006000000000085e+01 0.000000000000000000e+00
1.290000000000000000e+02 -1.641369999999999996e+00 -1.029019000000000084e+01 0.000000000000000000e+00
1.300000000000000000e+02 -8.578999999999999959e-01 -6.714760000000000062e+00 0.000000000000000000e+00
1.310000000000000000e+02 -2.927589999999999915e+00 -6.259590000000000209e+00 0.000000000000000000e+00
1.320000000000000000e+02 -3.556070000000000064e+00 -4.230760000000000076e+00 0.000000000000000000e+00
1.330000000000000000e+02 -2.210300000000000153e+00 -2.602310000000000123e+00 0.000000000000000000e+00
1.340000000000000000e+02 -2.935849999999999849e+00 -5.214999999999999636e-01 0.000000000000000000e+00
1.350000000000000000e+02 -1.351849999999999996e+00 9.137699999999999712e-01 0.000000000000000000e+00
1.360000000000000000e+02 -8.467799999999999772e-01 2.956620000000000026e+00 0.000000000000000000e+00
1.370000000000000000e+02 -4.122999999999999998e-01 4.984639999999999738e+00 0.000000000000000000e+00
1.380000000000000000e+02 -1.941389999999999949e+00 6.451120000000000410e+00 0.000000000000000000e+00
1.390000000000000000e+02 -1.611869999999999914e+00 8.492929999999999424e+00 0.000000000000000000e+00
1.400000000000000000e+02 -1.314159999999999995e+00 1.053936000000000028e+01 0.000000000000000000e+00
1.410000000000000000e+02 -8.682199999999999918e-01 1.255066000000000059e+01 0.000000000000000000e+00
1.420000000000000000e+02 -5.179599999999999760e-01 1.475203999999999915e+01 0.000000000000000000e+00
1.430000000000000000e+02 -1.774210000000000065e+00 1.818985999999999947e+01 0.000000000000000000e+00
1.440000000000000000e+02 3.233699999999999908e-01 -1.656952000000000069e+01 0.000000000000000000e+00
1.450000000000000000e+02 -3.660100000000000020e-01 -1.428041999999999945e+01 0.000000000000000000e+00
1.460000000000000000e+02 1.080400000000000027e+00 -1.271704000000000079e+01 0.000000000000000000e+00
1.470000000000000000e+02 4.592999999999999861e-01 -1.065456000000000003e+01 0.000000000000000000e+00
1.480000000000000000e+02 -1.992800000000000127e-01 -8.677080000000000126e+00 0.000000000000000000e+00
1.490000000000000000e+02 4.980399999999999827e-01 -5.140659999999999563e+00 0.000000000000000000e+00
1.500000000000000000e+02 -1.537490000000000023e+00 -4.667360000000000397e+00 0.000000000000000000e+00
1.510000000000000000e+02 -1.776600000000000124e-01 -3.059740000000000126e+00 0.000000000000000000e+00
1.520000000000000000e+02 -8.083900000000000530e-01 -1.068640000000000034e+00 0.000000000000000000e+00
1.530000000000000000e+02 6.465499999999999581e-01 1.522980000000000000e+00 0.000000000000000000e+00
1.540000000000000000e+02 1.119899999999999896e+00 3.587380000000000013e+00 0.000000000000000000e+00
1.550000000000000000e+02 1.635240000000000027e+00 5.758140000000000036e+00 0.000000000000000000e+00
1.560000000000000000e+02 7.963000000000000633e-02 7.161489999999999689e+00 0.000000000000000000e+00
1.570000000000000000e+02 5.188199999999999479e-01 9.170629999999999171e+00 0.000000000000000000e+00
1.580000000000000000e+02 7.921599999999999753e-01 1.121643000000000079e+01 0.000000000000000000e+00
1.590000000000000000e+02 1.071749999999999980e+00 1.333750999999999998e+01 0.000000000000000000e+00
1.600000000000000000e+02 1.479710000000000081e+00 1.536725000000000030e+01 0.000000000000000000e+00
1.610000000000000000e+02 -1.114600000000000035e-01 1.683218000000000103e+01 0.000000000000000000e+00
1.620000000000000000e+02 2.487870000000000026e+00 -1.684934000000000154e+01 0.000000000000000000e+00
1.630000000000000000e+02 3.959319999999999951e+00 -1.527229999999999954e+01 0.000000000000000000e+00
1.640000000000000000e+02 1.693480000000000096e+00 -1.492313000000000045e+01 0.000000000000000000e+00
1.650000000000000000e+02 1.917699999999999960e+00 -9.161559999999999704e+00 0.000000000000000000e+00
1.660000000000000000e+02 1.178930000000000033e+00 -7.100900000000000212e+00 0.000000000000000000e+00
1.670000000000000000e+02 2.580639999999999823e+00 -5.534799999999999720e+00 0.000000000000000000e+00
1.680000000000000000e+02 1.861110000000000042e+00 -3.602770000000000028e+00 0.000000000000000000e+00
1.690000000000000000e+02 1.274129999999999985e+00 -1.524180000000000090e+00 0.000000000000000000e+00
1.700000000000000000e+02 2.371739999999999959e+00 2.605999999999999983e-01 0.000000000000000000e+00
1.710000000000000000e+02 2.756670000000000176e+00 2.319339999999999957e+00 0.000000000000000000e+00
1.720000000000000000e+02 3.265420000000000211e+00 4.329710000000000392e+00 0.000000000000000000e+00
1.730000000000000000e+02 3.627240000000000020e+00 6.453059999999999796e+00 0.000000000000000000e+00
1.740000000000000000e+02 2.098090000000000011e+00 7.843910000000000160e+00 0.000000000000000000e+00
1.750000000000000000e+02 2.458190000000000097e+00 9.899449999999999861e+00 0.000000000000000000e+00
1.760000000000000000e+02 2.703650000000000109e+00 1.202956999999999965e+01 0.000000000000000000e+00
1.770000000000000000e+02 3.074530000000000207e+00 1.406761999999999979e+01 0.000000000000000000e+00
1.780000000000000000e+02 1.821499999999999897e+00 1.764216000000000051e+01 0.000000000000000000e+00
1.790000000000000000e+02 1.916299999999999948e-01 1.901169000000000153e+01 0.000000000000000000e+00
1.800000000000000000e+02 1.317579999999999973e+00 -1.854615000000000080e+01 0.000000000000000000e+00
1.810000000000000000e+02 3.116919999999999913e+00 -1.329090000000000060e+01 0.000000000000000000e+00
1.820000000000000000e+02 2.472140000000000004e+00 -1.117629999999999946e+01 0.000000000000000000e+00
1.830000000000000000e+02 3.962940000000000129e+00 -9.486319999999999197e+00 0.000000000000000000e+00
1.840000000000000000e+02 3.196480000000000210e+00 -7.542760000000000353e+00 0.000000000000000000e+00
1.850000000000000000e+02 4.628449999999999953e+00 -5.937759999999999927e+00 0.000000000000000000e+00
1.860000000000000000e+02 3.929650000000000087e+00 -3.917030000000000012e+00 0.000000000000000000e+00
1.870000000000000000e+02 3.360850000000000115e+00 -1.652360000000000051e+00 0.000000000000000000e+00
1.880000000000000000e+02 4.363310000000000244e+00 9.206699999999999884e-01 0.000000000000000000e+00
1.890000000000000000e+02 4.837069999999999759e+00 2.949720000000000120e+00 0.000000000000000000e+00
1.900000000000000000e+02 5.223569999999999602e+00 4.982359999999999900e+00 0.000000000000000000e+00
1.910000000000000000e+02 5.677550000000000097e+00 7.153489999999999682e+00 0.000000000000000000e+00
1.920000000000000000e+02 4.170160000000000089e+00 8.548019999999999285e+00 0.000000000000000000e+00
1.930000000000000000e+02 4.590939999999999799e+00 1.071819999999999951e+01 0.000000000000000000e+00
1.940000000000000000e+02 4.852500000000000036e+00 1.275836999999999932e+01 0.000000000000000000e+00
1.950000000000000000e+02 5.113439999999999763e+00 1.484561000000000064e+01 0.000000000000000000e+00
1.960000000000000000e+02 3.472560000000000091e+00 1.609962000000000160e+01 0.000000000000000000e+00
1.970000000000000000e+02 2.083000000000000185e+00 1.984394999999999953e+01 0.000000000000000000e+00
1.980000000000000000e+02 3.557669999999999888e+00 -1.920322000000000173e+01 0.000000000000000000e+00
1.990000000000000000e+02 5.303410000000000402e+00 -1.365864999999999974e+01 0.000000000000000000e+00
2.000000000000000000e+02 4.555589999999999584e+00 -1.150858999999999988e+01 0.000000000000000000e+00
2.010000000000000000e+02 6.027549999999999741e+00 -9.923560000000000159e+00 0.000000000000000000e+00
2.020000000000000000e+02 5.334080000000000155e+00 -7.926940000000000097e+00 0.000000000000000000e+00
2.030000000000000000e+02 6.656349999999999767e+00 -6.351799999999999891e+00 0.000000000000000000e+00
2.040000000000000000e+02 6.001859999999999751e+00 -4.342200000000000060e+00 0.000000000000000000e+00
2.050000000000000000e+02 5.359119999999999884e+00 -2.380799999999999805e+00 0.000000000000000000e+00
2.060000000000000000e+02 5.972749999999999559e+00 -4.124099999999999988e-01 0.000000000000000000e+00
2.070000000000000000e+02 6.397890000000000299e+00 1.614889999999999937e+00 0.000000000000000000e+00
2.080000000000000000e+02 6.838029999999999831e+00 3.666430000000000078e+00 0.000000000000000000e+00
2.090000000000000000e+02 7.261160000000000281e+00 5.728819999999999801e+00 0.000000000000000000e+00
2.100000000000000000e+02 7.741620000000000168e+00 7.838779999999999859e+00 0.000000000000000000e+00
2.110000000000000000e+02 6.123840000000000394e+00 9.303570000000000562e+00 0.000000000000000000e+00
2.120000000000000000e+02 6.555780000000000385e+00 1.132400999999999947e+01 0.000000000000000000e+00
2.130000000000000000e+02 6.877869999999999706e+00 1.339235000000000042e+01 0.000000000000000000e+00
2.140000000000000000e+02 5.683279999999999887e+00 1.701162000000000063e+01 0.000000000000000000e+00
2.150000000000000000e+02 3.773779999999999912e+00 1.830585999999999913e+01 0.000000000000000000e+00
2.160000000000000000e+02 6.029790000000000205e+00 -1.564126000000000083e+01 0.000000000000000000e+00
2.170000000000000000e+02 7.374150000000000205e+00 -1.384092000000000056e+01 0.000000000000000000e+00
2.180000000000000000e+02 6.640259999999999607e+00 -1.191554999999999964e+01 0.000000000000000000e+00
2.190000000000000000e+02 9.471460000000000434e+00 -8.731909999999999172e+00 0.000000000000000000e+00
2.200000000000000000e+02 7.370040000000000369e+00 -8.342790000000000816e+00 0.000000000000000000e+00
2.210000000000000000e+02 8.725239999999999441e+00 -6.797109999999999985e+00 0.000000000000000000e+00
2.220000000000000000e+02 8.070439999999999614e+00 -4.828739999999999810e+00 0.000000000000000000e+00
2.230000000000000000e+02 7.553119999999999834e+00 -1.827809999999999935e+00 0.000000000000000000e+00
2.240000000000000000e+02 7.990109999999999602e+00 2.530899999999999817e-01 0.000000000000000000e+00
2.250000000000000000e+02 8.438250000000000028e+00 2.292769999999999975e+00 0.000000000000000000e+00
2.260000000000000000e+02 1.039803000000000033e+01 2.958169999999999966e+00 0.000000000000000000e+00
2.270000000000000000e+02 8.836199999999999832e+00 4.365400000000000169e+00 0.000000000000000000e+00
2.280000000000000000e+02 9.334619999999999251e+00 6.450199999999999712e+00 0.000000000000000000e+00
2.290000000000000000e+02 8.143299999999999983e+00 9.901070000000000704e+00 0.000000000000000000e+00
2.300000000000000000e+02 8.516959999999999198e+00 1.199953999999999965e+01 0.000000000000000000e+00
2.310000000000000000e+02 8.826679999999999637e+00 1.414642000000000088e+01 0.000000000000000000e+00
2.320000000000000000e+02 7.232020000000000337e+00 1.548330999999999946e+01 0.000000000000000000e+00
2.330000000000000000e+02 4.345909999999999940e+00 2.037796000000000163e+01 0.000000000000000000e+00
2.340000000000000000e+02 4.643970000000000375e+00 -1.733164999999999978e+01 0.000000000000000000e+00
2.350000000000000000e+02 8.119930000000000092e+00 -1.597514999999999930e+01 0.000000000000000000e+00
2.360000000000000000e+02 8.085660000000000736e+00 -1.027862000000000009e+01 0.000000000000000000e+00
2.370000000000000000e+02 1.014526000000000039e+01 -1.069730000000000025e+01 0.000000000000000000e+00
2.380000000000000000e+02 1.158441000000000010e+01 -9.081979999999999720e+00 0.000000000000000000e+00
2.390000000000000000e+02 1.101674000000000042e+01 -6.982789999999999608e+00 0.000000000000000000e+00
2.400000000000000000e+02 1.014166999999999952e+01 -5.054850000000000065e+00 0.000000000000000000e+00
2.410000000000000000e+02 9.284679999999999822e+00 -3.149859999999999882e+00 0.000000000000000000e+00
2.420000000000000000e+02 9.553660000000000707e+00 -1.109779999999999989e+00 0.000000000000000000e+00
2.430000000000000000e+02 1.003163999999999945e+01 9.235499999999999821e-01 0.000000000000000000e+00
2.440000000000000000e+02 1.254204999999999970e+01 3.698739999999999917e+00 0.000000000000000000e+00
2.450000000000000000e+02 1.097367000000000026e+01 5.032569999999999766e+00 0.000000000000000000e+00
2.460000000000000000e+02 9.784319999999999240e+00 8.561090000000000089e+00 0.000000000000000000e+00
2.470000000000000000e+02 1.131569000000000003e+01 7.087950000000000195e+00 0.000000000000000000e+00
2.480000000000000000e+02 1.014157999999999937e+01 1.060396000000000072e+01 0.000000000000000000e+00
2.490000000000000000e+02 1.053436999999999912e+01 1.290485999999999933e+01 0.000000000000000000e+00
2.500000000000000000e+02 7.808279999999999887e+00 1.776197000000000159e+01 0.000000000000000000e+00
2.510000000000000000e+02 5.968149999999999622e+00 1.905870000000000175e+01 0.000000000000000000e+00
2.520000000000000000e+02 6.770789999999999864e+00 -1.761061000000000121e+01 0.000000000000000000e+00
2.530000000000000000e+02 8.742749999999999133e+00 -1.224477000000000082e+01 0.000000000000000000e+00
2.540000000000000000e+02 1.080653000000000041e+01 -1.275181000000000076e+01 0.000000000000000000e+00
2.550000000000000000e+02 1.363419000000000025e+01 -9.627000000000000668e+00 0.000000000000000000e+00
2.560000000000000000e+02 1.303069999999999951e+01 -7.587869999999999671e+00 0.000000000000000000e+00
2.570000000000000000e+02 1.422231999999999985e+01 -5.904969999999999608e+00 0.000000000000000000e+00
2.580000000000000000e+02 1.227881000000000000e+01 -5.181230000000000224e+00 0.000000000000000000e+00
2.590000000000000000e+02 1.137134000000000000e+01 -3.341610000000000191e+00 0.000000000000000000e+00
2.600000000000000000e+02 1.159270000000000067e+01 -5.867799999999999683e-01 0.000000000000000000e+00
2.610000000000000000e+02 1.200731000000000037e+01 1.513449999999999962e+00 0.000000000000000000e+00
2.620000000000000000e+02 1.396477999999999930e+01 2.224229999999999929e+00 0.000000000000000000e+00
2.630000000000000000e+02 1.464394000000000062e+01 4.262730000000000352e+00 0.000000000000000000e+00
2.640000000000000000e+02 1.298151000000000010e+01 5.756300000000000416e+00 0.000000000000000000e+00
2.650000000000000000e+02 1.520670999999999928e+01 6.262699999999999712e+00 0.000000000000000000e+00
2.660000000000000000e+02 1.187166999999999994e+01 9.337600000000000122e+00 0.000000000000000000e+00
2.670000000000000000e+02 1.207793999999999990e+01 1.147414000000000023e+01 0.000000000000000000e+00
2.680000000000000000e+02 1.101117999999999952e+01 1.497612999999999950e+01 0.000000000000000000e+00
2.690000000000000000e+02 9.269180000000000419e+00 1.622750999999999877e+01 0.000000000000000000e+00
2.700000000000000000e+02 9.383139999999999148e+00 -1.427143000000000050e+01 0.000000000000000000e+00
2.710000000000000000e+02 1.201909000000000027e+01 -1.475436000000000014e+01 0.000000000000000000e+00
2.720000000000000000e+02 1.221644000000000041e+01 -1.114072999999999958e+01 0.000000000000000000e+00
2.730000000000000000e+02 1.634969999999999857e+01 -9.998079999999999856e+00 0.000000000000000000e+00
2.740000000000000000e+02 1.526962999999999937e+01 -7.848830000000000418e+00 0.000000000000000000e+00
2.750000000000000000e+02 1.610184999999999889e+01 -4.954320000000000057e+00 0.000000000000000000e+00
2.760000000000000000e+02 1.449071999999999960e+01 -3.607270000000000199e+00 0.000000000000000000e+00
2.770000000000000000e+02 1.302346000000000004e+01 -2.078939999999999788e+00 0.000000000000000000e+00
2.780000000000000000e+02 1.502579000000000065e+01 -1.470050000000000079e+00 0.000000000000000000e+00
2.790000000000000000e+02 1.358051999999999992e+01 5.686000000000000082e-02 0.000000000000000000e+00
2.800000000000000000e+02 1.838776000000000010e+01 3.446950000000000180e+00 0.000000000000000000e+00
2.810000000000000000e+02 1.605161000000000016e+01 2.766129999999999978e+00 0.000000000000000000e+00
2.820000000000000000e+02 1.728277999999999892e+01 6.930509999999999948e+00 0.000000000000000000e+00
2.830000000000000000e+02 1.560571999999999981e+01 8.335739999999999483e+00 0.000000000000000000e+00
2.840000000000000000e+02 1.350267000000000017e+01 7.894059999999999633e+00 0.000000000000000000e+00
2.850000000000000000e+02 1.405096999999999952e+01 1.003084999999999916e+01 0.000000000000000000e+00
2.860000000000000000e+02 1.445309999999999917e+01 1.235204000000000057e+01 0.000000000000000000e+00
2.870000000000000000e+02 1.261890999999999963e+01 1.366533000000000087e+01 0.000000000000000000e+00
2.880000000000000000e+02 1.033480999999999916e+01 -1.616900000000000048e+01 0.000000000000000000e+00
2.890000000000000000e+02 1.317999000000000009e+01 -1.298165000000000013e+01 0.000000000000000000e+00
2.900000000000000000e+02 1.492764000000000024e+01 -1.159844999999999970e+01 0.000000000000000000e+00
2.910000000000000000e+02 1.747619999999999862e+01 -6.942899999999999849e+00 0.000000000000000000e+00
2.920000000000000000e+02 1.835172000000000025e+01 -4.800639999999999574e+00 0.000000000000000000e+00
2.930000000000000000e+02 1.888313000000000130e+01 -2.094809999999999839e+00 0.000000000000000000e+00
2.940000000000000000e+02 1.708295999999999992e+01 -6.881199999999999539e-01 0.000000000000000000e+00
2.950000000000000000e+02 1.660994000000000170e+01 -2.779450000000000198e+00 0.000000000000000000e+00
2.960000000000000000e+02 1.755284999999999940e+01 1.351350000000000051e+00 0.000000000000000000e+00
2.970000000000000000e+02 1.554700000000000060e+01 7.131199999999999761e-01 0.000000000000000000e+00
2.980000000000000000e+02 1.918042000000000158e+01 3.289000000000000257e-02 0.000000000000000000e+00
2.990000000000000000e+02 1.673749000000000109e+01 4.844640000000000057e+00 0.000000000000000000e+00
