0.000000000000000000e+00 -1.568061999999999934e+01 -1.566660000000000075e+01 0.000000000000000000e+00
1.000000000000000000e+00 -1.600463999999999842e+01 -1.359379999999999988e+01 0.000000000000000000e+00
2.000000000000000000e+00 -1.684081000000000117e+01 -1.141662999999999961e+01 0.000000000000000000e+00
3.000000000000000000e+00 -1.754304000000000130e+01 -9.358760000000000190e+00 0.000000000000000000e+00
4.000000000000000000e+00 -1.822737000000000052e+01 -7.263880000000000337e+00 0.000000000000000000e+00
5.000000000000000000e+00 -1.978459000000000145e+01 -5.884070000000000356e+00 0.000000000000000000e+00
6.000000000000000000e+00 -1.809436000000000178e+01 -4.467889999999999695e+00 0.000000000000000000e+00
7.000000000000000000e+00 -1.948258999999999830e+01 -2.517250000000000210e+00 0.000000000000000000e+00
8.000000000000000000e+00 -1.766947000000000045e+01 -1.229610000000000092e+00 0.000000000000000000e+00
9.000000000000000000e+00 -2.026293000000000077e+01 2.300999999999999990e-01 0.000000000000000000e+00
1.000000000000000000e+01 -1.875128000000000128e+01 1.739870000000000028e+00 0.000000000000000000e+00
1.100000000000000000e+01 -1.861588000000000065e+01 4.270299999999999763e+00 0.000000000000000000e+00
1.200000000000000000e+01 -1.776302000000000092e+01 6.760729999999999684e+00 0.000000000000000000e+00
1.300000000000000000e+01 -1.994410999999999845e+01 6.555900000000000283e+00 0.000000000000000000e+00
1.400000000000000000e+01 -1.766659999999999897e+01 8.924070000000000391e+00 0.000000000000000000e+00
1.500000000000000000e+01 -1.756328999999999851e+01 1.162834999999999930e+01 0.000000000000000000e+00
1.600000000000000000e+01 -1.662622000000000000e+01 1.366499999999999915e+01 0.000000000000000000e+00
1.700000000000000000e+01 -1.591454000000000057e+01 1.606638999999999839e+01 0.000000000000000000e+00
1.800000000000000000e+01 -1.360322000000000031e+01 -1.610032999999999959e+01 0.000000000000000000e+00
1.900000000000000000e+01 -1.389988999999999919e+01 -1.389945999999999948e+01 0.000000000000000000e+00
2.000000000000000000e+01 -1.449560999999999922e+01 -1.186627000000000010e+01 0.000000000000000000e+00
2.100000000000000000e+01 -1.515323000000000064e+01 -9.899530000000000385e+00 0.000000000000000000e+00
2.200000000000000000e+01 -1.593960000000000043e+01 -7.962690000000000268e+00 0.000000000000000000e+00
2.300000000000000000e+01 -1.649885000000000090e+01 -5.983039999999999914e+00 0.000000000000000000e+00
2.400000000000000000e+01 -1.508220999999999989e+01 -4.439750000000000085e+00 0.000000000000000000e+00
2.500000000000000000e+01 -1.656480000000000175e+01 -2.988970000000000127e+00 0.000000000000000000e+00
2.600000000000000000e+01 -1.518886000000000003e+01 -6.766199999999999992e-01 0.000000000000000000e+00
2.700000000000000000e+01 -1.684788999999999959e+01 8.361300000000000399e-01 0.000000000000000000e+00
2.800000000000000000e+01 -1.701951999999999998e+01 2.938190000000000079e+00 0.000000000000000000e+00
2.900000000000000000e+01 -1.662126999999999910e+01 4.955750000000000099e+00 0.000000000000000000e+00
3.000000000000000000e+01 -1.569510000000000005e+01 6.821579999999999977e+00 0.000000000000000000e+00
3.100000000000000000e+01 -1.449798000000000009e+01 8.559169999999999945e+00 0.000000000000000000e+00
3.200000000000000000e+01 -1.594543999999999961e+01 1.009596999999999944e+01 0.000000000000000000e+00
3.300000000000000000e+01 -1.528818000000000055e+01 1.206434999999999924e+01 0.000000000000000000e+00
3.400000000000000000e+01 -1.461852000000000018e+01 1.413011000000000017e+01 0.000000000000000000e+00
3.500000000000000000e+01 -1.385304999999999964e+01 1.619719999999999871e+01 0.000000000000000000e+00
3.600000000000000000e+01 -1.154283000000000037e+01 -1.659499999999999886e+01 0.000000000000000000e+00
3.700000000000000000e+01 -1.188762000000000008e+01 -1.451248999999999967e+01 0.000000000000000000e+00
3.800000000000000000e+01 -1.234777000000000058e+01 -1.235774999999999935e+01 0.000000000000000000e+00
3.900000000000000000e+01 -1.299187000000000047e+01 -1.038091000000000008e+01 0.000000000000000000e+00
4.000000000000000000e+01 -1.370689999999999920e+01 -8.419079999999999231e+00 0.000000000000000000e+00
4.100000000000000000e+01 -1.439724999999999966e+01 -6.425769999999999982e+00 0.000000000000000000e+00
4.200000000000000000e+01 -1.302763000000000027e+01 -4.766449999999999854e+00 0.000000000000000000e+00
4.300000000000000000e+01 -1.422344999999999970e+01 -2.541690000000000005e+00 0.000000000000000000e+00
4.400000000000000000e+01 -1.285814000000000057e+01 -9.768400000000000416e-01 0.000000000000000000e+00
4.500000000000000000e+01 -1.369720000000000049e+01 9.315299999999999692e-01 0.000000000000000000e+00
4.600000000000000000e+01 -1.482956000000000074e+01 2.686749999999999972e+00 0.000000000000000000e+00
4.700000000000000000e+01 -1.448930000000000007e+01 4.862420000000000186e+00 0.000000000000000000e+00
4.800000000000000000e+01 -1.330095000000000027e+01 6.646829999999999572e+00 0.000000000000000000e+00
4.900000000000000000e+01 -1.248262000000000072e+01 8.990040000000000475e+00 0.000000000000000000e+00
5.000000000000000000e+01 -1.385682000000000080e+01 1.054865999999999993e+01 0.000000000000000000e+00
5.100000000000000000e+01 -1.322005000000000052e+01 1.251754999999999995e+01 0.000000000000000000e+00
5.200000000000000000e+01 -1.244884000000000057e+01 1.465405999999999942e+01 0.000000000000000000e+00
5.300000000000000000e+01 -1.185058000000000078e+01 1.667568999999999946e+01 0.000000000000000000e+00
5.400000000000000000e+01 -9.450919999999999987e+00 -1.721873000000000076e+01 0.000000000000000000e+00
5.500000000000000000e+01 -9.921829999999999927e+00 -1.519774999999999920e+01 0.000000000000000000e+00
5.600000000000000000e+01 -1.036720000000000041e+01 -1.303392999999999979e+01 0.000000000000000000e+00
5.700000000000000000e+01 -1.087465000000000082e+01 -1.089675000000000082e+01 0.000000000000000000e+00
5.800000000000000000e+01 -1.146618999999999922e+01 -8.868539999999999424e+00 0.000000000000000000e+00
5.900000000000000000e+01 -1.223498000000000019e+01 -6.865420000000000300e+00 0.000000000000000000e+00
6.000000000000000000e+01 -1.087506999999999913e+01 -5.300550000000000317e+00 0.000000000000000000e+00
6.100000000000000000e+01 -1.177882999999999925e+01 -2.958919999999999995e+00 0.000000000000000000e+00
6.200000000000000000e+01 -1.070752000000000059e+01 -5.163699999999999957e-01 0.000000000000000000e+00
6.300000000000000000e+01 -1.168768999999999991e+01 1.397429999999999950e+00 0.000000000000000000e+00
6.400000000000000000e+01 -1.287730999999999959e+01 3.533640000000000114e+00 0.000000000000000000e+00
6.500000000000000000e+01 -1.154693999999999932e+01 5.159279999999999866e+00 0.000000000000000000e+00
6.600000000000000000e+01 -1.131274999999999942e+01 7.226980000000000182e+00 0.000000000000000000e+00
6.700000000000000000e+01 -1.043521999999999927e+01 9.247040000000000148e+00 0.000000000000000000e+00
6.800000000000000000e+01 -1.176623999999999981e+01 1.094265000000000043e+01 0.000000000000000000e+00
6.900000000000000000e+01 -1.116314000000000028e+01 1.298085000000000022e+01 0.000000000000000000e+00
7.000000000000000000e+01 -1.043021000000000065e+01 1.505629000000000062e+01 0.000000000000000000e+00
7.100000000000000000e+01 -9.697029999999999816e+00 1.708530999999999977e+01 0.000000000000000000e+00
7.200000000000000000e+01 -7.416000000000000369e+00 -1.830427999999999855e+01 0.000000000000000000e+00
7.300000000000000000e+01 -7.915160000000000196e+00 -1.576821999999999946e+01 0.000000000000000000e+00
7.400000000000000000e+01 -8.396050000000000679e+00 -1.365180999999999933e+01 0.000000000000000000e+00
7.500000000000000000e+01 -8.859959999999999170e+00 -1.161368000000000045e+01 0.000000000000000000e+00
7.600000000000000000e+01 -9.356989999999999696e+00 -9.456269999999999953e+00 0.000000000000000000e+00
7.700000000000000000e+01 -9.484790000000000276e+00 -6.929389999999999716e+00 0.000000000000000000e+00
7.800000000000000000e+01 -8.801220000000000709e+00 -4.896889999999999965e+00 0.000000000000000000e+00
7.900000000000000000e+01 -9.716549999999999798e+00 -2.853070000000000217e+00 0.000000000000000000e+00
8.000000000000000000e+01 -8.618629999999999569e+00 -7.648099999999999898e-01 0.000000000000000000e+00
8.100000000000000000e+01 -9.278879999999999129e+00 1.614360000000000017e+00 0.000000000000000000e+00
8.200000000000000000e+01 -1.058819000000000088e+01 3.217890000000000139e+00 0.000000000000000000e+00
8.300000000000000000e+01 -8.961650000000000560e+00 4.603220000000000312e+00 0.000000000000000000e+00
8.400000000000000000e+01 -9.317460000000000520e+00 6.651340000000000252e+00 0.000000000000000000e+00
8.500000000000000000e+01 -8.441100000000000492e+00 9.751720000000000610e+00 0.000000000000000000e+00
8.600000000000000000e+01 -9.679000000000000270e+00 1.147774000000000072e+01 0.000000000000000000e+00
8.700000000000000000e+01 -9.041050000000000253e+00 1.347264999999999979e+01 0.000000000000000000e+00
8.800000000000000000e+01 -8.328770000000000451e+00 1.544510999999999967e+01 0.000000000000000000e+00
8.900000000000000000e+01 -8.390650000000000830e+00 1.877946000000000026e+01 0.000000000000000000e+00
9.000000000000000000e+01 -6.451089999999999769e+00 -2.024465999999999966e+01 0.000000000000000000e+00
9.100000000000000000e+01 -5.957659999999999734e+00 -1.656306999999999974e+01 0.000000000000000000e+00
9.200000000000000000e+01 -6.316589999999999705e+00 -1.432024000000000008e+01 0.000000000000000000e+00
9.300000000000000000e+01 -6.540409999999999613e+00 -1.222321999999999953e+01 0.000000000000000000e+00
9.400000000000000000e+01 -7.355640000000000178e+00 -1.011712999999999951e+01 0.000000000000000000e+00
9.500000000000000000e+01 -7.417720000000000091e+00 -8.029939999999999856e+00 0.000000000000000000e+00
9.600000000000000000e+01 -6.722019999999999662e+00 -5.795950000000000379e+00 0.000000000000000000e+00
9.700000000000000000e+01 -7.641799999999999926e+00 -3.004140000000000033e+00 0.000000000000000000e+00
9.800000000000000000e+01 -6.468860000000000277e+00 -1.239290000000000003e+00 0.000000000000000000e+00
9.900000000000000000e+01 -7.184520000000000017e+00 7.514899999999999913e-01 0.000000000000000000e+00
1.000000000000000000e+02 -7.636949999999999683e+00 2.938600000000000101e+00 0.000000000000000000e+00
1.010000000000000000e+02 -6.565129999999999910e+00 4.954310000000000436e+00 0.000000000000000000e+00
1.020000000000000000e+02 -7.543910000000000338e+00 7.819429999999999659e+00 0.000000000000000000e+00
1.030000000000000000e+02 -6.353159999999999918e+00 9.791040000000000632e+00 0.000000000000000000e+00
1.040000000000000000e+02 -7.519239999999999924e+00 1.165747999999999962e+01 0.000000000000000000e+00
1.050000000000000000e+02 -6.998920000000000030e+00 1.384415000000000084e+01 0.000000000000000000e+00
1.060000000000000000e+02 -7.094430000000000014e+00 1.718747000000000114e+01 0.000000000000000000e+00
1.070000000000000000e+02 -6.323509999999999742e+00 1.920879000000000048e+01 0.000000000000000000e+00
1.080000000000000000e+02 -4.107540000000000191e+00 -1.821383000000000152e+01 0.000000000000000000e+00
1.090000000000000000e+02 -4.381050000000000111e+00 -1.514184999999999981e+01 0.000000000000000000e+00
1.100000000000000000e+02 -4.575919999999999987e+00 -1.304889000000000010e+01 0.000000000000000000e+00
1.110000000000000000e+02 -4.445680000000000298e+00 -1.098600000000000065e+01 0.000000000000000000e+00
1.120000000000000000e+02 -5.506569999999999965e+00 -9.201599999999999113e+00 0.000000000000000000e+00
1.130000000000000000e+02 -5.076839999999999797e+00 -7.196489999999999831e+00 0.000000000000000000e+00
1.140000000000000000e+02 -4.150909999999999656e+00 -5.301669999999999661e+00 0.000000000000000000e+00
1.150000000000000000e+02 -5.614969999999999573e+00 -3.590069999999999872e+00 0.000000000000000000e+00
1.160000000000000000e+02 -4.364559999999999995e+00 -1.919650000000000079e+00 0.000000000000000000e+00
1.170000000000000000e+02 -4.762179999999999858e+00 1.917099999999999915e-01 0.000000000000000000e+00
1.180000000000000000e+02 -5.510440000000000005e+00 2.209670000000000023e+00 0.000000000000000000e+00
1.190000000000000000e+02 -4.621710000000000207e+00 5.956089999999999662e+00 0.000000000000000000e+00
1.200000000000000000e+02 -5.337100000000000399e+00 7.898159999999999847e+00 0.000000000000000000e+00
1.210000000000000000e+02 -4.248109999999999609e+00 9.772050000000000125e+00 0.000000000000000000e+00
1.220000000000000000e+02 -5.231040000000000134e+00 1.158489999999999931e+01 0.000000000000000000e+00
1.230000000000000000e+02 -4.908450000000000202e+00 1.362837999999999994e+01 0.000000000000000000e+00
1.240000000000000000e+02 -5.741080000000000183e+00 1.557729999999999926e+01 0.000000000000000000e+00
1.250000000000000000e+02 -4.940570000000000128e+00 1.749024999999999963e+01 0.000000000000000000e+00
1.260000000000000000e+02 -2.699190000000000200e+00 -2.016151999999999944e+01 0.000000000000000000e+00
1.270000000000000000e+02 -2.671530000000000182e+00 -1.642884000000000100e+01 0.000000000000000000e+00
1.280000000000000000e+02 -2.402130000000000098e+00 -1.438132000000000055e+01 0.000000000000000000e+00
1.290000000000000000e+02 -2.693140000000000089e+00 -1.211716999999999977e+01 0.000000000000000000e+00
1.300000000000000000e+02 -2.805699999999999861e+00 -9.409929999999999239e+00 0.000000000000000000e+00
1.310000000000000000e+02 -2.787749999999999950e+00 -7.149239999999999817e+00 0.000000000000000000e+00
1.320000000000000000e+02 -2.074469999999999814e+00 -5.196489999999999831e+00 0.000000000000000000e+00
1.330000000000000000e+02 -2.696660000000000057e+00 -3.178080000000000016e+00 0.000000000000000000e+00
1.340000000000000000e+02 -2.694599999999999884e+00 -4.449000000000000177e-01 0.000000000000000000e+00
1.350000000000000000e+02 -3.348079999999999945e+00 1.963479999999999892e+00 0.000000000000000000e+00
1.360000000000000000e+02 -4.041479999999999961e+00 3.928450000000000220e+00 0.000000000000000000e+00
1.370000000000000000e+02 -2.558689999999999909e+00 5.796789999999999665e+00 0.000000000000000000e+00
1.380000000000000000e+02 -3.241899999999999782e+00 7.933169999999999611e+00 0.000000000000000000e+00
1.390000000000000000e+02 -2.169099999999999806e+00 9.832839999999999137e+00 0.000000000000000000e+00
1.400000000000000000e+02 -3.135019999999999918e+00 1.166726000000000063e+01 0.000000000000000000e+00
1.410000000000000000e+02 -2.756019999999999914e+00 1.381183000000000050e+01 0.000000000000000000e+00
1.420000000000000000e+02 -3.498780000000000001e+00 1.579574000000000034e+01 0.000000000000000000e+00
1.430000000000000000e+02 -2.571559999999999846e+00 1.812274999999999991e+01 0.000000000000000000e+00
1.440000000000000000e+02 -1.055670000000000108e+00 -1.787730000000000175e+01 0.000000000000000000e+00
1.450000000000000000e+02 -7.195000000000000284e-01 -1.575155999999999956e+01 0.000000000000000000e+00
1.460000000000000000e+02 -4.436700000000000088e-01 -1.353983000000000025e+01 0.000000000000000000e+00
1.470000000000000000e+02 -4.276599999999999846e-01 -1.144350000000000023e+01 0.000000000000000000e+00
1.480000000000000000e+02 -4.873199999999999754e-01 -9.359540000000000859e+00 0.000000000000000000e+00
1.490000000000000000e+02 1.456299999999999928e+00 -8.213870000000000005e+00 0.000000000000000000e+00
1.500000000000000000e+02 -5.262700000000000156e-01 -6.889859999999999651e+00 0.000000000000000000e+00
1.510000000000000000e+02 -7.635199999999999765e-01 -2.167100000000000026e+00 0.000000000000000000e+00
1.520000000000000000e+02 -3.710999999999999854e-01 -1.274200000000000055e-01 0.000000000000000000e+00
1.530000000000000000e+02 -1.289709999999999912e+00 1.777179999999999982e+00 0.000000000000000000e+00
1.540000000000000000e+02 -1.951030000000000042e+00 3.770999999999999908e+00 0.000000000000000000e+00
1.550000000000000000e+02 -4.461600000000000010e-01 5.212369999999999948e+00 0.000000000000000000e+00
1.560000000000000000e+02 -1.211649999999999894e+00 7.396910000000000096e+00 0.000000000000000000e+00
1.570000000000000000e+02 -7.356000000000000039e-02 9.212719999999999132e+00 0.000000000000000000e+00
1.580000000000000000e+02 -1.176090000000000080e+00 1.239325999999999972e+01 0.000000000000000000e+00
1.590000000000000000e+02 -8.133200000000000429e-01 1.453997999999999990e+01 0.000000000000000000e+00
1.600000000000000000e+02 -1.042659999999999920e+00 1.659450000000000003e+01 0.000000000000000000e+00
1.610000000000000000e+02 -1.523500000000000132e-01 1.870236999999999838e+01 0.000000000000000000e+00
1.620000000000000000e+02 6.296800000000000175e-01 -1.931504999999999939e+01 0.000000000000000000e+00
1.630000000000000000e+02 9.676700000000000301e-01 -1.700619999999999976e+01 0.000000000000000000e+00
1.640000000000000000e+02 1.183950000000000058e+00 -1.487956999999999930e+01 0.000000000000000000e+00
1.650000000000000000e+02 1.386319999999999997e+00 -1.252567999999999948e+01 0.000000000000000000e+00
1.660000000000000000e+02 1.339250000000000052e+00 -1.035882999999999932e+01 0.000000000000000000e+00
1.670000000000000000e+02 1.422090000000000076e+00 -6.156279999999999752e+00 0.000000000000000000e+00
1.680000000000000000e+02 -1.341900000000000037e-01 -4.497189999999999799e+00 0.000000000000000000e+00
1.690000000000000000e+02 1.181740000000000013e+00 -2.842900000000000205e+00 0.000000000000000000e+00
1.700000000000000000e+02 1.995020000000000016e+00 -8.850099999999999634e-01 0.000000000000000000e+00
1.710000000000000000e+02 1.561989999999999990e+00 1.306019999999999959e+00 0.000000000000000000e+00
1.720000000000000000e+02 4.368299999999999961e-01 3.160839999999999872e+00 0.000000000000000000e+00
1.730000000000000000e+02 1.672190000000000065e+00 5.134979999999999656e+00 0.000000000000000000e+00
1.740000000000000000e+02 9.385599999999999499e-01 7.179630000000000400e+00 0.000000000000000000e+00
1.750000000000000000e+02 2.020379999999999843e+00 9.360540000000000305e+00 0.000000000000000000e+00
1.760000000000000000e+02 8.165700000000000180e-01 1.110216999999999921e+01 0.000000000000000000e+00
1.770000000000000000e+02 7.440999999999999837e-01 1.318403999999999954e+01 0.000000000000000000e+00
1.780000000000000000e+02 1.126090000000000035e+00 1.527366999999999919e+01 0.000000000000000000e+00
1.790000000000000000e+02 2.032420000000000115e+00 1.950907000000000124e+01 0.000000000000000000e+00
1.800000000000000000e+02 2.751920000000000144e+00 -1.844133000000000067e+01 0.000000000000000000e+00
1.810000000000000000e+02 2.985230000000000050e+00 -1.594693000000000005e+01 0.000000000000000000e+00
1.820000000000000000e+02 3.053749999999999964e+00 -1.384768000000000043e+01 0.000000000000000000e+00
1.830000000000000000e+02 3.286059999999999981e+00 -1.166214000000000084e+01 0.000000000000000000e+00
1.840000000000000000e+02 3.461660000000000181e+00 -9.586330000000000240e+00 0.000000000000000000e+00
1.850000000000000000e+02 3.377549999999999830e+00 -7.275159999999999627e+00 0.000000000000000000e+00
1.860000000000000000e+02 3.148429999999999840e+00 -4.992219999999999658e+00 0.000000000000000000e+00
1.870000000000000000e+02 3.428179999999999783e+00 -2.927340000000000053e+00 0.000000000000000000e+00
1.880000000000000000e+02 4.131070000000000242e+00 -9.205900000000000194e-01 0.000000000000000000e+00
1.890000000000000000e+02 3.707939999999999792e+00 1.106200000000000072e+00 0.000000000000000000e+00
1.900000000000000000e+02 3.672079999999999789e+00 3.243189999999999795e+00 0.000000000000000000e+00
1.910000000000000000e+02 4.063119999999999621e+00 5.356429999999999580e+00 0.000000000000000000e+00
1.920000000000000000e+02 3.056200000000000028e+00 7.150999999999999801e+00 0.000000000000000000e+00
1.930000000000000000e+02 4.116729999999999556e+00 9.325400000000000134e+00 0.000000000000000000e+00
1.940000000000000000e+02 2.886210000000000164e+00 1.124873000000000012e+01 0.000000000000000000e+00
1.950000000000000000e+02 2.849169999999999980e+00 1.366553000000000040e+01 0.000000000000000000e+00
1.960000000000000000e+02 3.116870000000000029e+00 1.579803000000000068e+01 0.000000000000000000e+00
1.970000000000000000e+02 1.503279999999999950e+00 1.736674000000000007e+01 0.000000000000000000e+00
1.980000000000000000e+02 4.540329999999999977e+00 -1.734893999999999892e+01 0.000000000000000000e+00
1.990000000000000000e+02 4.853679999999999772e+00 -1.504133000000000031e+01 0.000000000000000000e+00
2.000000000000000000e+02 5.048169999999999824e+00 -1.295348000000000077e+01 0.000000000000000000e+00
2.010000000000000000e+02 5.204830000000000290e+00 -1.083820000000000050e+01 0.000000000000000000e+00
2.020000000000000000e+02 5.497810000000000308e+00 -8.560499999999999332e+00 0.000000000000000000e+00
2.030000000000000000e+02 5.613749999999999574e+00 -6.363489999999999647e+00 0.000000000000000000e+00
2.040000000000000000e+02 5.100389999999999979e+00 -4.254129999999999967e+00 0.000000000000000000e+00
2.050000000000000000e+02 5.895819999999999617e+00 -2.316549999999999887e+00 0.000000000000000000e+00
2.060000000000000000e+02 6.184249999999999581e+00 -1.813200000000000089e-01 0.000000000000000000e+00
2.070000000000000000e+02 5.675259999999999749e+00 1.869760000000000089e+00 0.000000000000000000e+00
2.080000000000000000e+02 5.725530000000000008e+00 3.982089999999999907e+00 0.000000000000000000e+00
2.090000000000000000e+02 6.097739999999999938e+00 6.008200000000000429e+00 0.000000000000000000e+00
2.100000000000000000e+02 6.073409999999999975e+00 8.265129999999999200e+00 0.000000000000000000e+00
2.110000000000000000e+02 5.973279999999999923e+00 1.037869000000000064e+01 0.000000000000000000e+00
2.120000000000000000e+02 4.745499999999999829e+00 1.221812000000000076e+01 0.000000000000000000e+00
2.130000000000000000e+02 4.926330000000000098e+00 1.454503000000000057e+01 0.000000000000000000e+00
2.140000000000000000e+02 5.134660000000000224e+00 1.659570000000000078e+01 0.000000000000000000e+00
2.150000000000000000e+02 3.593430000000000124e+00 1.805949999999999989e+01 0.000000000000000000e+00
2.160000000000000000e+02 8.107089999999999463e+00 -1.801167999999999836e+01 0.000000000000000000e+00
2.170000000000000000e+02 6.641939999999999955e+00 -1.645254999999999868e+01 0.000000000000000000e+00
2.180000000000000000e+02 7.028780000000000250e+00 -1.436735000000000007e+01 0.000000000000000000e+00
2.190000000000000000e+02 7.097529999999999895e+00 -1.220766000000000062e+01 0.000000000000000000e+00
2.200000000000000000e+02 7.101379999999999804e+00 -9.918829999999999814e+00 0.000000000000000000e+00
2.210000000000000000e+02 7.531360000000000277e+00 -7.729919999999999902e+00 0.000000000000000000e+00
2.220000000000000000e+02 8.322160000000000224e+00 -5.809090000000000309e+00 0.000000000000000000e+00
2.230000000000000000e+02 7.196579999999999977e+00 -4.044130000000000003e+00 0.000000000000000000e+00
2.240000000000000000e+02 7.815210000000000434e+00 -1.504000000000000004e+00 0.000000000000000000e+00
2.250000000000000000e+02 8.756679999999999353e+00 4.977400000000000158e-01 0.000000000000000000e+00
2.260000000000000000e+02 7.730559999999999654e+00 2.861650000000000027e+00 0.000000000000000000e+00
2.270000000000000000e+02 8.181779999999999831e+00 4.969590000000000174e+00 0.000000000000000000e+00
2.280000000000000000e+02 8.027580000000000382e+00 7.068369999999999820e+00 0.000000000000000000e+00
2.290000000000000000e+02 8.011200000000000543e+00 9.185610000000000497e+00 0.000000000000000000e+00
2.300000000000000000e+02 8.072760000000000602e+00 1.159772000000000070e+01 0.000000000000000000e+00
2.310000000000000000e+02 6.579299999999999926e+00 1.325540999999999947e+01 0.000000000000000000e+00
2.320000000000000000e+02 6.915049999999999919e+00 1.542271999999999998e+01 0.000000000000000000e+00
2.330000000000000000e+02 7.387430000000000163e+00 1.769838999999999984e+01 0.000000000000000000e+00
2.340000000000000000e+02 8.227830000000000865e+00 -2.018089000000000155e+01 0.000000000000000000e+00
2.350000000000000000e+02 8.632960000000000633e+00 -1.590504999999999924e+01 0.000000000000000000e+00
2.360000000000000000e+02 9.408590000000000231e+00 -1.385244999999999926e+01 0.000000000000000000e+00
2.370000000000000000e+02 9.079810000000000159e+00 -1.147006999999999977e+01 0.000000000000000000e+00
2.380000000000000000e+02 9.090899999999999537e+00 -9.313700000000000756e+00 0.000000000000000000e+00
2.390000000000000000e+02 9.781940000000000524e+00 -7.270550000000000068e+00 0.000000000000000000e+00
2.400000000000000000e+02 1.026408999999999949e+01 -4.981900000000000439e+00 0.000000000000000000e+00
2.410000000000000000e+02 9.105079999999999174e+00 -3.168689999999999785e+00 0.000000000000000000e+00
2.420000000000000000e+02 1.003773999999999944e+01 -1.213189999999999991e+00 0.000000000000000000e+00
2.430000000000000000e+02 1.090292999999999957e+01 8.624399999999999844e-01 0.000000000000000000e+00
2.440000000000000000e+02 9.851509999999999323e+00 2.882839999999999847e+00 0.000000000000000000e+00
2.450000000000000000e+02 9.992710000000000647e+00 6.156130000000000102e+00 0.000000000000000000e+00
2.460000000000000000e+02 9.859590000000000742e+00 8.240990000000000038e+00 0.000000000000000000e+00
2.470000000000000000e+02 9.785170000000000812e+00 1.042985000000000007e+01 0.000000000000000000e+00
2.480000000000000000e+02 9.945660000000000167e+00 1.261424000000000056e+01 0.000000000000000000e+00
2.490000000000000000e+02 8.542049999999999699e+00 1.413833999999999946e+01 0.000000000000000000e+00
2.500000000000000000e+02 8.854779999999999873e+00 1.620220000000000127e+01 0.000000000000000000e+00
2.510000000000000000e+02 9.765510000000000801e+00 1.882807000000000031e+01 0.000000000000000000e+00
2.520000000000000000e+02 1.030991999999999997e+01 -1.781802000000000064e+01 0.000000000000000000e+00
2.530000000000000000e+02 1.070168999999999926e+01 -1.566460999999999970e+01 0.000000000000000000e+00
2.540000000000000000e+02 1.120376000000000083e+01 -1.266342999999999996e+01 0.000000000000000000e+00
2.550000000000000000e+02 1.214096999999999937e+01 -1.081338000000000044e+01 0.000000000000000000e+00
2.560000000000000000e+02 1.113334000000000046e+01 -8.883760000000000545e+00 0.000000000000000000e+00
2.570000000000000000e+02 1.194145999999999930e+01 -6.900669999999999860e+00 0.000000000000000000e+00
2.580000000000000000e+02 1.273840000000000039e+01 -4.899949999999999584e+00 0.000000000000000000e+00
2.590000000000000000e+02 1.125690999999999953e+01 -2.940570000000000128e+00 0.000000000000000000e+00
2.600000000000000000e+02 1.212274999999999991e+01 -1.041439999999999921e+00 0.000000000000000000e+00
2.610000000000000000e+02 1.312706999999999979e+01 8.544899999999999718e-01 0.000000000000000000e+00
2.620000000000000000e+02 1.261758999999999986e+01 2.917940000000000200e+00 0.000000000000000000e+00
2.630000000000000000e+02 1.120467000000000013e+01 4.495720000000000383e+00 0.000000000000000000e+00
2.640000000000000000e+02 1.207036000000000087e+01 6.706520000000000259e+00 0.000000000000000000e+00
2.650000000000000000e+02 1.167810000000000059e+01 9.305770000000000763e+00 0.000000000000000000e+00
2.660000000000000000e+02 1.168676999999999921e+01 1.148651000000000089e+01 0.000000000000000000e+00
2.670000000000000000e+02 1.212687999999999988e+01 1.363554000000000066e+01 0.000000000000000000e+00
2.680000000000000000e+02 1.052605999999999931e+01 1.492369000000000057e+01 0.000000000000000000e+00
2.690000000000000000e+02 1.115204999999999913e+01 1.706465999999999994e+01 0.000000000000000000e+00
2.700000000000000000e+02 1.271531000000000056e+01 -1.667408000000000001e+01 0.000000000000000000e+00
2.710000000000000000e+02 1.237499000000000038e+01 -1.447710999999999970e+01 0.000000000000000000e+00
2.720000000000000000e+02 1.342473000000000027e+01 -1.264611999999999981e+01 0.000000000000000000e+00
2.730000000000000000e+02 1.445207000000000086e+01 -1.072296000000000049e+01 0.000000000000000000e+00
2.740000000000000000e+02 1.323668999999999940e+01 -8.920579999999999288e+00 0.000000000000000000e+00
2.750000000000000000e+02 1.405053999999999981e+01 -6.751619999999999955e+00 0.000000000000000000e+00
2.760000000000000000e+02 1.497570999999999941e+01 -4.871229999999999727e+00 0.000000000000000000e+00
2.770000000000000000e+02 1.336926000000000059e+01 -2.928420000000000023e+00 0.000000000000000000e+00
2.780000000000000000e+02 1.431696999999999953e+01 -1.088000000000000078e+00 0.000000000000000000e+00
2.790000000000000000e+02 1.542854999999999954e+01 9.419399999999999995e-01 0.000000000000000000e+00
2.800000000000000000e+02 1.510702000000000034e+01 3.032169999999999810e+00 0.000000000000000000e+00
2.810000000000000000e+02 1.358730000000000082e+01 5.222540000000000404e+00 0.000000000000000000e+00
2.820000000000000000e+02 1.528462000000000032e+01 7.214750000000000441e+00 0.000000000000000000e+00
2.830000000000000000e+02 1.344566999999999979e+01 8.247849999999999682e+00 0.000000000000000000e+00
2.840000000000000000e+02 1.373949999999999960e+01 1.041258999999999979e+01 0.000000000000000000e+00
2.850000000000000000e+02 1.557386999999999944e+01 1.156185999999999936e+01 0.000000000000000000e+00
2.860000000000000000e+02 1.413866999999999940e+01 1.308606999999999942e+01 0.000000000000000000e+00
2.870000000000000000e+02 1.289212000000000025e+01 1.559453000000000067e+01 0.000000000000000000e+00
2.880000000000000000e+02 1.435970999999999975e+01 -1.538621000000000016e+01 0.000000000000000000e+00
2.890000000000000000e+02 1.548582999999999998e+01 -1.352092000000000027e+01 0.000000000000000000e+00
2.900000000000000000e+02 1.650635000000000119e+01 -1.170500000000000007e+01 0.000000000000000000e+00
2.910000000000000000e+02 1.712426999999999921e+01 -9.565759999999999152e+00 0.000000000000000000e+00
2.920000000000000000e+02 1.531307999999999936e+01 -8.506550000000000722e+00 0.000000000000000000e+00
2.930000000000000000e+02 1.647682999999999964e+01 -6.763049999999999784e+00 0.000000000000000000e+00
2.940000000000000000e+02 1.721573000000000064e+01 -4.698540000000000383e+00 0.000000000000000000e+00
2.950000000000000000e+02 1.553979999999999961e+01 -2.758319999999999883e+00 0.000000000000000000e+00
2.960000000000000000e+02 1.682068999999999903e+01 -1.028599999999999959e+00 0.000000000000000000e+00
2.970000000000000000e+02 1.775039999999999907e+01 1.646930000000000005e+00 0.000000000000000000e+00
2.980000000000000000e+02 1.728191999999999950e+01 3.655829999999999913e+00 0.000000000000000000e+00
2.990000000000000000e+02 1.576307000000000080e+01 5.058910000000000018e+00 0.000000000000000000e+00
