0.000000000000000000e+00 -1.065779999999999994e+01 -1.589587000000000039e+01 0.000000000000000000e+00
1.000000000000000000e+00 -1.236237999999999992e+01 -1.405864000000000047e+01 0.000000000000000000e+00
2.000000000000000000e+00 -1.573837999999999937e+01 -1.214719000000000015e+01 0.000000000000000000e+00
3.000000000000000000e+00 -1.642869999999999919e+01 -9.635419999999999874e+00 0.000000000000000000e+00
4.000000000000000000e+00 -1.896347000000000094e+01 -4.585810000000000386e+00 0.000000000000000000e+00
5.000000000000000000e+00 -1.783771000000000129e+01 -2.096039999999999903e+00 0.000000000000000000e+00
6.000000000000000000e+00 -1.691331999999999880e+01 -4.181169999999999831e+00 0.000000000000000000e+00
7.000000000000000000e+00 -1.917495999999999867e+01 4.200999999999999873e-02 0.000000000000000000e+00
8.000000000000000000e+00 -1.670216999999999885e+01 -2.727700000000000125e-01 0.000000000000000000e+00
9.000000000000000000e+00 -1.760215000000000174e+01 1.584989999999999899e+00 0.000000000000000000e+00
1.000000000000000000e+01 -1.850340999999999880e+01 3.527670000000000083e+00 0.000000000000000000e+00
1.100000000000000000e+01 -1.756303000000000125e+01 5.393570000000000420e+00 0.000000000000000000e+00
1.200000000000000000e+01 -1.609021999999999863e+01 7.073719999999999786e+00 0.000000000000000000e+00
1.300000000000000000e+01 -1.702336000000000027e+01 9.331089999999999662e+00 0.000000000000000000e+00
1.400000000000000000e+01 -1.493661999999999956e+01 9.002269999999999328e+00 0.000000000000000000e+00
1.500000000000000000e+01 -1.573690000000000033e+01 1.093415000000000070e+01 0.000000000000000000e+00
1.600000000000000000e+01 -1.445770000000000088e+01 1.274160000000000004e+01 0.000000000000000000e+00
1.700000000000000000e+01 -1.320725999999999978e+01 1.445518000000000036e+01 0.000000000000000000e+00
1.800000000000000000e+01 -8.243130000000000734e+00 -1.595456000000000074e+01 0.000000000000000000e+00
1.900000000000000000e+01 -1.013349999999999973e+01 -1.389836999999999989e+01 0.000000000000000000e+00
2.000000000000000000e+01 -1.339988999999999919e+01 -1.214237999999999928e+01 0.000000000000000000e+00
2.100000000000000000e+01 -1.447264999999999979e+01 -1.034087000000000067e+01 0.000000000000000000e+00
2.200000000000000000e+01 -1.517408000000000001e+01 -7.980100000000000193e+00 0.000000000000000000e+00
2.300000000000000000e+01 -1.617879999999999896e+01 -6.126490000000000435e+00 0.000000000000000000e+00
2.400000000000000000e+01 -1.485791000000000039e+01 -4.123660000000000103e+00 0.000000000000000000e+00
2.500000000000000000e+01 -1.574166999999999916e+01 -2.202090000000000103e+00 0.000000000000000000e+00
2.600000000000000000e+01 -1.458436999999999983e+01 -4.531200000000000228e-01 0.000000000000000000e+00
2.700000000000000000e+01 -1.554820999999999920e+01 1.443580000000000085e+00 0.000000000000000000e+00
2.800000000000000000e+01 -1.636328999999999922e+01 3.440249999999999808e+00 0.000000000000000000e+00
2.900000000000000000e+01 -1.519022999999999968e+01 5.176099999999999923e+00 0.000000000000000000e+00
3.000000000000000000e+01 -1.403714000000000084e+01 6.909069999999999823e+00 0.000000000000000000e+00
3.100000000000000000e+01 -1.282440000000000069e+01 8.776089999999999947e+00 0.000000000000000000e+00
3.200000000000000000e+01 -1.363954000000000022e+01 1.071701000000000015e+01 0.000000000000000000e+00
3.300000000000000000e+01 -1.239869999999999983e+01 1.239325999999999972e+01 0.000000000000000000e+00
3.400000000000000000e+01 -1.117037000000000013e+01 1.406701999999999941e+01 0.000000000000000000e+00
3.500000000000000000e+01 -1.014423000000000030e+01 1.604053000000000040e+01 0.000000000000000000e+00
3.600000000000000000e+01 -7.148489999999999789e+00 -1.769539999999999935e+01 0.000000000000000000e+00
3.700000000000000000e+01 -8.032389999999999475e+00 -1.389007999999999932e+01 0.000000000000000000e+00
3.800000000000000000e+01 -1.111313999999999957e+01 -1.198509999999999920e+01 0.000000000000000000e+00
3.900000000000000000e+01 -1.212288000000000032e+01 -1.016745000000000054e+01 0.000000000000000000e+00
4.000000000000000000e+01 -1.311159999999999926e+01 -8.160249999999999559e+00 0.000000000000000000e+00
4.100000000000000000e+01 -1.400371999999999950e+01 -6.209520000000000373e+00 0.000000000000000000e+00
4.200000000000000000e+01 -1.278373999999999988e+01 -4.280730000000000146e+00 0.000000000000000000e+00
4.300000000000000000e+01 -1.363183000000000078e+01 -2.383249999999999869e+00 0.000000000000000000e+00
4.400000000000000000e+01 -1.244829999999999970e+01 -6.945299999999999807e-01 0.000000000000000000e+00
4.500000000000000000e+01 -1.338289999999999935e+01 1.247009999999999952e+00 0.000000000000000000e+00
4.600000000000000000e+01 -1.428617000000000026e+01 3.249810000000000088e+00 0.000000000000000000e+00
4.700000000000000000e+01 -1.305636999999999937e+01 5.081710000000000171e+00 0.000000000000000000e+00
4.800000000000000000e+01 -1.187007999999999974e+01 6.781640000000000335e+00 0.000000000000000000e+00
4.900000000000000000e+01 -1.070562999999999931e+01 8.572810000000000485e+00 0.000000000000000000e+00
5.000000000000000000e+01 -1.156620999999999988e+01 1.050048999999999921e+01 0.000000000000000000e+00
5.100000000000000000e+01 -1.030259999999999998e+01 1.218103999999999942e+01 0.000000000000000000e+00
5.200000000000000000e+01 -9.107920000000000016e+00 1.385987000000000080e+01 0.000000000000000000e+00
5.300000000000000000e+01 -7.846750000000000114e+00 1.566671000000000014e+01 0.000000000000000000e+00
5.400000000000000000e+01 -4.929879999999999818e+00 -1.846322999999999936e+01 0.000000000000000000e+00
5.500000000000000000e+01 -6.148139999999999716e+00 -1.297077999999999953e+01 0.000000000000000000e+00
5.600000000000000000e+01 -9.024010000000000531e+00 -1.208137999999999934e+01 0.000000000000000000e+00
5.700000000000000000e+01 -9.976699999999999235e+00 -1.016388000000000069e+01 0.000000000000000000e+00
5.800000000000000000e+01 -1.090166999999999931e+01 -8.265069999999999695e+00 0.000000000000000000e+00
5.900000000000000000e+01 -1.192761999999999922e+01 -6.444580000000000197e+00 0.000000000000000000e+00
6.000000000000000000e+01 -1.067861000000000082e+01 -4.457029999999999603e+00 0.000000000000000000e+00
6.100000000000000000e+01 -1.155744999999999933e+01 -2.551689999999999792e+00 0.000000000000000000e+00
6.200000000000000000e+01 -1.038696000000000019e+01 -8.490199999999999969e-01 0.000000000000000000e+00
6.300000000000000000e+01 -1.122955999999999932e+01 1.091490000000000071e+00 0.000000000000000000e+00
6.400000000000000000e+01 -1.222390000000000043e+01 3.071520000000000028e+00 0.000000000000000000e+00
6.500000000000000000e+01 -1.093889000000000067e+01 4.781060000000000088e+00 0.000000000000000000e+00
6.600000000000000000e+01 -9.781169999999999476e+00 6.541730000000000267e+00 0.000000000000000000e+00
6.700000000000000000e+01 -8.571310000000000429e+00 8.267839999999999634e+00 0.000000000000000000e+00
6.800000000000000000e+01 -9.479319999999999524e+00 1.023830000000000062e+01 0.000000000000000000e+00
6.900000000000000000e+01 -8.223739999999999384e+00 1.187842999999999982e+01 0.000000000000000000e+00
7.000000000000000000e+01 -6.999719999999999942e+00 1.373574999999999946e+01 0.000000000000000000e+00
7.100000000000000000e+01 -6.752139999999999809e+00 1.746841999999999828e+01 0.000000000000000000e+00
7.200000000000000000e+01 -4.443609999999999616e+00 -1.642793999999999954e+01 0.000000000000000000e+00
7.300000000000000000e+01 -6.310780000000000278e+00 -1.514370000000000083e+01 0.000000000000000000e+00
7.400000000000000000e+01 -5.925580000000000069e+00 -1.085746999999999929e+01 0.000000000000000000e+00
7.500000000000000000e+01 -7.903520000000000323e+00 -1.029908000000000001e+01 0.000000000000000000e+00
7.600000000000000000e+01 -8.744989999999999597e+00 -8.331179999999999808e+00 0.000000000000000000e+00
7.700000000000000000e+01 -9.819610000000000838e+00 -6.498450000000000060e+00 0.000000000000000000e+00
7.800000000000000000e+01 -8.588340000000000529e+00 -4.692560000000000286e+00 0.000000000000000000e+00
7.900000000000000000e+01 -9.463960000000000150e+00 -2.758420000000000094e+00 0.000000000000000000e+00
8.000000000000000000e+01 -8.293519999999999115e+00 -9.871699999999999919e-01 0.000000000000000000e+00
8.100000000000000000e+01 -9.115220000000000766e+00 9.538699999999999957e-01 0.000000000000000000e+00
8.200000000000000000e+01 -1.013367000000000040e+01 2.876860000000000195e+00 0.000000000000000000e+00
8.300000000000000000e+01 -8.872989999999999711e+00 4.667519999999999669e+00 0.000000000000000000e+00
8.400000000000000000e+01 -7.712519999999999598e+00 6.381859999999999644e+00 0.000000000000000000e+00
8.500000000000000000e+01 -6.463440000000000296e+00 8.034470000000000667e+00 0.000000000000000000e+00
8.600000000000000000e+01 -7.367700000000000138e+00 9.990840000000000387e+00 0.000000000000000000e+00
8.700000000000000000e+01 -6.101810000000000400e+00 1.171570000000000000e+01 0.000000000000000000e+00
8.800000000000000000e+01 -5.781620000000000203e+00 1.543149000000000015e+01 0.000000000000000000e+00
8.900000000000000000e+01 -5.465910000000000046e+00 1.907244999999999990e+01 0.000000000000000000e+00
9.000000000000000000e+01 -2.756139999999999812e+00 -1.765806999999999860e+01 0.000000000000000000e+00
9.100000000000000000e+01 -4.330079999999999707e+00 -1.428938999999999915e+01 0.000000000000000000e+00
9.200000000000000000e+01 -4.243330000000000268e+00 -1.211753999999999998e+01 0.000000000000000000e+00
9.300000000000000000e+01 -6.412819999999999965e+00 -8.652449999999999974e+00 0.000000000000000000e+00
9.400000000000000000e+01 -5.520559999999999690e+00 -6.749850000000000350e+00 0.000000000000000000e+00
9.500000000000000000e+01 -7.578319999999999723e+00 -6.539990000000000414e+00 0.000000000000000000e+00
9.600000000000000000e+01 -6.500070000000000014e+00 -4.769350000000000200e+00 0.000000000000000000e+00
9.700000000000000000e+01 -7.404729999999999812e+00 -2.911610000000000031e+00 0.000000000000000000e+00
9.800000000000000000e+01 -6.232709999999999972e+00 -1.146810000000000107e+00 0.000000000000000000e+00
9.900000000000000000e+01 -7.056370000000000253e+00 8.053000000000000158e-01 0.000000000000000000e+00
1.000000000000000000e+02 -7.969540000000000290e+00 2.702139999999999986e+00 0.000000000000000000e+00
1.010000000000000000e+02 -6.765509999999999913e+00 4.406100000000000350e+00 0.000000000000000000e+00
1.020000000000000000e+02 -5.553530000000000300e+00 6.126809999999999867e+00 0.000000000000000000e+00
1.030000000000000000e+02 -4.353279999999999816e+00 7.878409999999999691e+00 0.000000000000000000e+00
1.040000000000000000e+02 -5.302810000000000024e+00 9.782410000000000494e+00 0.000000000000000000e+00
1.050000000000000000e+02 -4.934370000000000367e+00 1.352469999999999928e+01 0.000000000000000000e+00
1.060000000000000000e+02 -4.483789999999999942e+00 1.708180000000000121e+01 0.000000000000000000e+00
1.070000000000000000e+02 -3.221229999999999816e+00 1.878371999999999886e+01 0.000000000000000000e+00
1.080000000000000000e+02 -2.560319999999999929e+00 -1.551740000000000030e+01 0.000000000000000000e+00
1.090000000000000000e+02 -2.469359999999999999e+00 -1.333718999999999966e+01 0.000000000000000000e+00
1.100000000000000000e+02 -2.198620000000000019e+00 -1.126106000000000051e+01 0.000000000000000000e+00
1.110000000000000000e+02 -3.998650000000000038e+00 -1.004599999999999937e+01 0.000000000000000000e+00
1.120000000000000000e+02 -3.778039999999999843e+00 -7.911150000000000126e+00 0.000000000000000000e+00
1.130000000000000000e+02 -3.609370000000000189e+00 -5.727870000000000239e+00 0.000000000000000000e+00
1.140000000000000000e+02 -3.351300000000000168e+00 -3.675790000000000113e+00 0.000000000000000000e+00
1.150000000000000000e+02 -5.331830000000000069e+00 -3.054209999999999869e+00 0.000000000000000000e+00
1.160000000000000000e+02 -3.919039999999999857e+00 -1.347429999999999906e+00 0.000000000000000000e+00
1.170000000000000000e+02 -4.981600000000000250e+00 5.478699999999999681e-01 0.000000000000000000e+00
1.180000000000000000e+02 -5.858460000000000001e+00 2.534199999999999786e+00 0.000000000000000000e+00
1.190000000000000000e+02 -4.627589999999999648e+00 4.258309999999999818e+00 0.000000000000000000e+00
1.200000000000000000e+02 -3.482689999999999841e+00 5.979729999999999990e+00 0.000000000000000000e+00
1.210000000000000000e+02 -3.211390000000000189e+00 9.622519999999999740e+00 0.000000000000000000e+00
1.220000000000000000e+02 -4.022820000000000285e+00 1.154669999999999952e+01 0.000000000000000000e+00
1.230000000000000000e+02 -2.758090000000000153e+00 1.327734000000000059e+01 0.000000000000000000e+00
1.240000000000000000e+02 -3.644600000000000062e+00 1.517730000000000068e+01 0.000000000000000000e+00
1.250000000000000000e+02 -2.327300000000000146e+00 1.685454999999999970e+01 0.000000000000000000e+00
1.260000000000000000e+02 -8.566799999999999971e-01 -1.882908000000000115e+01 0.000000000000000000e+00
1.270000000000000000e+02 -8.335599999999999676e-01 -1.671866999999999948e+01 0.000000000000000000e+00
1.280000000000000000e+02 -5.507100000000000328e-01 -1.466258999999999979e+01 0.000000000000000000e+00
1.290000000000000000e+02 -2.121119999999999894e+00 -9.176080000000000680e+00 0.000000000000000000e+00
1.300000000000000000e+02 -1.857760000000000078e+00 -7.007740000000000080e+00 0.000000000000000000e+00
1.310000000000000000e+02 -1.669580000000000064e+00 -4.899510000000000254e+00 0.000000000000000000e+00
1.320000000000000000e+02 3.641300000000000092e-01 -4.174660000000000259e+00 0.000000000000000000e+00
1.330000000000000000e+02 -1.469840000000000035e+00 -2.785690000000000222e+00 0.000000000000000000e+00
1.340000000000000000e+02 -1.210560000000000080e+00 -7.021800000000000264e-01 0.000000000000000000e+00
1.350000000000000000e+02 -2.922210000000000196e+00 4.754800000000000137e-01 0.000000000000000000e+00
1.360000000000000000e+02 -3.785899999999999821e+00 2.339539999999999953e+00 0.000000000000000000e+00
1.370000000000000000e+02 -2.568350000000000133e+00 3.994709999999999983e+00 0.000000000000000000e+00
1.380000000000000000e+02 -2.271119999999999806e+00 7.722730000000000317e+00 0.000000000000000000e+00
1.390000000000000000e+02 -9.751800000000000468e-01 9.517860000000000653e+00 0.000000000000000000e+00
1.400000000000000000e+02 -1.939570000000000016e+00 1.139278000000000013e+01 0.000000000000000000e+00
1.410000000000000000e+02 -5.812599999999999989e-01 1.297634000000000043e+01 0.000000000000000000e+00
1.420000000000000000e+02 -1.402560000000000029e+00 1.489428999999999981e+01 0.000000000000000000e+00
1.430000000000000000e+02 -1.076140000000000096e+00 1.861178999999999917e+01 0.000000000000000000e+00
1.440000000000000000e+02 1.057080000000000020e+00 -1.794119999999999848e+01 0.000000000000000000e+00
1.450000000000000000e+02 1.164889999999999981e+00 -1.586145999999999923e+01 0.000000000000000000e+00
1.460000000000000000e+02 -4.656600000000000183e-01 -1.249455999999999989e+01 0.000000000000000000e+00
1.470000000000000000e+02 -3.075399999999999801e-01 -1.039225000000000065e+01 0.000000000000000000e+00
1.480000000000000000e+02 -2.158799999999999886e-01 -8.314659999999999940e+00 0.000000000000000000e+00
1.490000000000000000e+02 1.806890000000000107e+00 -7.385189999999999699e+00 0.000000000000000000e+00
1.500000000000000000e+02 9.156999999999999862e-02 -6.255779999999999674e+00 0.000000000000000000e+00
1.510000000000000000e+02 5.374799999999999578e-01 -2.054499999999999993e+00 0.000000000000000000e+00
1.520000000000000000e+02 6.759699999999999598e-01 1.503500000000000114e-01 0.000000000000000000e+00
1.530000000000000000e+02 -1.177680000000000060e+00 1.810240000000000071e+00 0.000000000000000000e+00
1.540000000000000000e+02 -4.523599999999999843e-01 3.891490000000000116e+00 0.000000000000000000e+00
1.550000000000000000e+02 -1.351900000000000102e+00 5.772100000000000009e+00 0.000000000000000000e+00
1.560000000000000000e+02 -2.112900000000000056e-01 7.552089999999999748e+00 0.000000000000000000e+00
1.570000000000000000e+02 1.132560000000000011e+00 9.147470000000000212e+00 0.000000000000000000e+00
1.580000000000000000e+02 3.581199999999999939e-01 1.108667999999999942e+01 0.000000000000000000e+00
1.590000000000000000e+02 8.393199999999999550e-01 1.494844999999999935e+01 0.000000000000000000e+00
1.600000000000000000e+02 -2.430499999999999883e-01 1.671388999999999925e+01 0.000000000000000000e+00
1.610000000000000000e+02 1.445580000000000087e+00 1.916524000000000072e+01 0.000000000000000000e+00
1.620000000000000000e+02 2.754100000000000215e+00 -1.929542000000000002e+01 0.000000000000000000e+00
1.630000000000000000e+02 3.027449999999999974e+00 -1.697419999999999973e+01 0.000000000000000000e+00
1.640000000000000000e+02 1.384749999999999925e+00 -1.374718999999999980e+01 0.000000000000000000e+00
1.650000000000000000e+02 1.551860000000000017e+00 -1.153963000000000072e+01 0.000000000000000000e+00
1.660000000000000000e+02 1.548349999999999893e+00 -9.438000000000000611e+00 0.000000000000000000e+00
1.670000000000000000e+02 2.129319999999999879e+00 -5.253490000000000215e+00 0.000000000000000000e+00
1.680000000000000000e+02 2.298989999999999867e+00 -3.134059999999999846e+00 0.000000000000000000e+00
1.690000000000000000e+02 4.194390000000000285e+00 -2.222599999999999909e+00 0.000000000000000000e+00
1.700000000000000000e+02 2.433409999999999851e+00 -1.013039999999999941e+00 0.000000000000000000e+00
1.710000000000000000e+02 2.565179999999999794e+00 1.048510000000000053e+00 0.000000000000000000e+00
1.720000000000000000e+02 8.272399999999999753e-01 2.229260000000000019e+00 0.000000000000000000e+00
1.730000000000000000e+02 7.621400000000000396e-01 5.711870000000000225e+00 0.000000000000000000e+00
1.740000000000000000e+02 2.815139999999999976e+00 5.268419999999999881e+00 0.000000000000000000e+00
1.750000000000000000e+02 2.791180000000000216e+00 7.446310000000000429e+00 0.000000000000000000e+00
1.760000000000000000e+02 3.186920000000000197e+00 9.507189999999999586e+00 0.000000000000000000e+00
1.770000000000000000e+02 1.508839999999999959e+00 1.281997999999999927e+01 0.000000000000000000e+00
1.780000000000000000e+02 1.842929999999999957e+00 1.703196000000000154e+01 0.000000000000000000e+00
1.790000000000000000e+02 3.439529999999999976e+00 1.993046000000000006e+01 0.000000000000000000e+00
1.800000000000000000e+02 5.217089999999999783e+00 -1.838408000000000087e+01 0.000000000000000000e+00
1.810000000000000000e+02 3.196600000000000108e+00 -1.490002999999999922e+01 0.000000000000000000e+00
1.820000000000000000e+02 3.321899999999999853e+00 -1.279221000000000075e+01 0.000000000000000000e+00
1.830000000000000000e+02 3.444090000000000096e+00 -1.064039999999999964e+01 0.000000000000000000e+00
1.840000000000000000e+02 3.516070000000000029e+00 -8.568880000000000052e+00 0.000000000000000000e+00
1.850000000000000000e+02 3.792720000000000091e+00 -6.512749999999999595e+00 0.000000000000000000e+00
1.860000000000000000e+02 3.979519999999999946e+00 -4.328059999999999796e+00 0.000000000000000000e+00
1.870000000000000000e+02 5.866319999999999979e+00 -3.416560000000000041e+00 0.000000000000000000e+00
1.880000000000000000e+02 4.301149999999999807e+00 -1.124499999999999944e-01 0.000000000000000000e+00
1.890000000000000000e+02 4.431650000000000311e+00 1.976699999999999902e+00 0.000000000000000000e+00
1.900000000000000000e+02 2.696940000000000115e+00 3.165210000000000079e+00 0.000000000000000000e+00
1.910000000000000000e+02 4.557559999999999611e+00 4.065010000000000012e+00 0.000000000000000000e+00
1.920000000000000000e+02 4.891029999999999767e+00 6.138530000000000264e+00 0.000000000000000000e+00
1.930000000000000000e+02 4.784500000000000419e+00 8.192040000000000433e+00 0.000000000000000000e+00
1.940000000000000000e+02 5.035199999999999676e+00 1.044532000000000060e+01 0.000000000000000000e+00
1.950000000000000000e+02 3.245690000000000186e+00 1.157687999999999917e+01 0.000000000000000000e+00
1.960000000000000000e+02 3.529659999999999798e+00 1.363674999999999926e+01 0.000000000000000000e+00
1.970000000000000000e+02 3.797210000000000196e+00 1.786036999999999964e+01 0.000000000000000000e+00
1.980000000000000000e+02 4.998669999999999725e+00 -1.613673999999999964e+01 0.000000000000000000e+00
1.990000000000000000e+02 5.147170000000000023e+00 -1.405292000000000030e+01 0.000000000000000000e+00
2.000000000000000000e+02 5.207720000000000127e+00 -1.191034999999999933e+01 0.000000000000000000e+00
2.010000000000000000e+02 5.357389999999999652e+00 -9.729400000000000048e+00 0.000000000000000000e+00
2.020000000000000000e+02 5.544170000000000265e+00 -7.587379999999999569e+00 0.000000000000000000e+00
2.030000000000000000e+02 5.708849999999999980e+00 -5.527239999999999931e+00 0.000000000000000000e+00
2.040000000000000000e+02 7.608939999999999593e+00 -4.599179999999999602e+00 0.000000000000000000e+00
2.050000000000000000e+02 6.068909999999999805e+00 -1.312359999999999971e+00 0.000000000000000000e+00
2.060000000000000000e+02 7.997899999999999565e+00 -4.853500000000000036e-01 0.000000000000000000e+00
2.070000000000000000e+02 6.198879999999999946e+00 7.489299999999999846e-01 0.000000000000000000e+00
2.080000000000000000e+02 6.328949999999999854e+00 2.823020000000000085e+00 0.000000000000000000e+00
2.090000000000000000e+02 6.581629999999999647e+00 4.885519999999999641e+00 0.000000000000000000e+00
2.100000000000000000e+02 6.791030000000000122e+00 6.974980000000000402e+00 0.000000000000000000e+00
2.110000000000000000e+02 6.786920000000000286e+00 9.098179999999999268e+00 0.000000000000000000e+00
2.120000000000000000e+02 7.002500000000000391e+00 1.126065999999999967e+01 0.000000000000000000e+00
2.130000000000000000e+02 5.248680000000000234e+00 1.250245999999999924e+01 0.000000000000000000e+00
2.140000000000000000e+02 3.500129999999999963e+00 1.569350999999999985e+01 0.000000000000000000e+00
2.150000000000000000e+02 7.587320000000000064e+00 1.767983999999999867e+01 0.000000000000000000e+00
2.160000000000000000e+02 6.979049999999999976e+00 -1.726898999999999873e+01 0.000000000000000000e+00
2.170000000000000000e+02 6.971899999999999764e+00 -1.516990999999999978e+01 0.000000000000000000e+00
2.180000000000000000e+02 7.017229999999999634e+00 -1.308351000000000042e+01 0.000000000000000000e+00
2.190000000000000000e+02 7.149189999999999934e+00 -1.098478000000000065e+01 0.000000000000000000e+00
2.200000000000000000e+02 7.312369999999999592e+00 -8.910880000000000578e+00 0.000000000000000000e+00
2.210000000000000000e+02 7.436029999999999696e+00 -6.747919999999999696e+00 0.000000000000000000e+00
2.220000000000000000e+02 9.463250000000000384e+00 -3.701319999999999943e+00 0.000000000000000000e+00
2.230000000000000000e+02 7.748929999999999652e+00 -2.542829999999999924e+00 0.000000000000000000e+00
2.240000000000000000e+02 9.739689999999999515e+00 -1.645110000000000072e+00 0.000000000000000000e+00
2.250000000000000000e+02 8.085670000000000357e+00 1.595609999999999973e+00 0.000000000000000000e+00
2.260000000000000000e+02 8.277229999999999421e+00 3.665630000000000166e+00 0.000000000000000000e+00
2.270000000000000000e+02 1.026730000000000054e+01 4.668370000000000353e+00 0.000000000000000000e+00
2.280000000000000000e+02 8.502509999999999124e+00 5.759380000000000166e+00 0.000000000000000000e+00
2.290000000000000000e+02 8.827840000000000131e+00 7.880379999999999718e+00 0.000000000000000000e+00
2.300000000000000000e+02 8.916969999999999175e+00 1.001787999999999990e+01 0.000000000000000000e+00
2.310000000000000000e+02 7.158640000000000114e+00 1.332957999999999998e+01 0.000000000000000000e+00
2.320000000000000000e+02 5.414729999999999599e+00 1.458972999999999942e+01 0.000000000000000000e+00
2.330000000000000000e+02 5.546219999999999928e+00 1.668232000000000070e+01 0.000000000000000000e+00
2.340000000000000000e+02 8.861200000000000188e+00 -1.628301000000000087e+01 0.000000000000000000e+00
2.350000000000000000e+02 8.805189999999999628e+00 -1.421836000000000055e+01 0.000000000000000000e+00
2.360000000000000000e+02 8.922710000000000363e+00 -1.215274999999999928e+01 0.000000000000000000e+00
2.370000000000000000e+02 9.060420000000000584e+00 -9.998820000000000263e+00 0.000000000000000000e+00
2.380000000000000000e+02 9.162190000000000722e+00 -7.920219999999999594e+00 0.000000000000000000e+00
2.390000000000000000e+02 9.296549999999999869e+00 -5.814980000000000260e+00 0.000000000000000000e+00
2.400000000000000000e+02 1.119931000000000054e+01 -4.887249999999999872e+00 0.000000000000000000e+00
2.410000000000000000e+02 1.144821999999999917e+01 -2.815189999999999859e+00 0.000000000000000000e+00
2.420000000000000000e+02 9.896969999999999601e+00 5.091299999999999715e-01 0.000000000000000000e+00
2.430000000000000000e+02 1.181023000000000067e+01 1.389010000000000078e+00 0.000000000000000000e+00
2.440000000000000000e+02 1.002327000000000012e+01 2.561549999999999994e+00 0.000000000000000000e+00
2.450000000000000000e+02 1.240544000000000047e+01 5.642640000000000100e+00 0.000000000000000000e+00
2.460000000000000000e+02 1.064718000000000053e+01 6.783210000000000406e+00 0.000000000000000000e+00
2.470000000000000000e+02 1.070750999999999920e+01 8.844979999999999620e+00 0.000000000000000000e+00
2.480000000000000000e+02 8.909499999999999531e+00 1.212612000000000023e+01 0.000000000000000000e+00
2.490000000000000000e+02 9.043469999999999231e+00 1.427772000000000041e+01 0.000000000000000000e+00
2.500000000000000000e+02 7.293339999999999712e+00 1.544711999999999996e+01 0.000000000000000000e+00
2.510000000000000000e+02 9.207819999999999894e+00 1.638024000000000058e+01 0.000000000000000000e+00
2.520000000000000000e+02 1.076262999999999970e+01 -1.544281999999999933e+01 0.000000000000000000e+00
2.530000000000000000e+02 1.068833000000000055e+01 -1.331160999999999994e+01 0.000000000000000000e+00
2.540000000000000000e+02 1.073958999999999975e+01 -1.118955000000000055e+01 0.000000000000000000e+00
2.550000000000000000e+02 1.089437999999999995e+01 -9.020260000000000389e+00 0.000000000000000000e+00
2.560000000000000000e+02 1.111651999999999951e+01 -6.953619999999999912e+00 0.000000000000000000e+00
2.570000000000000000e+02 1.303618999999999950e+01 -6.098910000000000053e+00 0.000000000000000000e+00
2.580000000000000000e+02 1.317403999999999975e+01 -3.963550000000000129e+00 0.000000000000000000e+00
2.590000000000000000e+02 1.338518999999999970e+01 -1.917310000000000070e+00 0.000000000000000000e+00
2.600000000000000000e+02 1.166296999999999962e+01 -7.326700000000000434e-01 0.000000000000000000e+00
2.610000000000000000e+02 1.368176000000000059e+01 2.301940000000000097e+00 0.000000000000000000e+00
2.620000000000000000e+02 1.196995000000000076e+01 3.467989999999999906e+00 0.000000000000000000e+00
2.630000000000000000e+02 1.400603000000000087e+01 4.334069999999999645e+00 0.000000000000000000e+00
2.640000000000000000e+02 1.431677999999999962e+01 6.550029999999999575e+00 0.000000000000000000e+00
2.650000000000000000e+02 1.262817000000000078e+01 7.732579999999999565e+00 0.000000000000000000e+00
2.660000000000000000e+02 1.254977000000000054e+01 9.802300000000000679e+00 0.000000000000000000e+00
2.670000000000000000e+02 1.076905000000000001e+01 1.102895999999999965e+01 0.000000000000000000e+00
2.680000000000000000e+02 1.085858999999999952e+01 1.310777999999999999e+01 0.000000000000000000e+00
2.690000000000000000e+02 1.098945999999999934e+01 1.524787000000000070e+01 0.000000000000000000e+00
2.700000000000000000e+02 1.267505000000000059e+01 -1.461942999999999948e+01 0.000000000000000000e+00
2.710000000000000000e+02 1.259495000000000076e+01 -1.252229999999999954e+01 0.000000000000000000e+00
2.720000000000000000e+02 1.267212999999999923e+01 -1.037288000000000032e+01 0.000000000000000000e+00
2.730000000000000000e+02 1.474502999999999986e+01 -9.502520000000000522e+00 0.000000000000000000e+00
2.740000000000000000e+02 1.278218999999999994e+01 -8.226419999999999177e+00 0.000000000000000000e+00
2.750000000000000000e+02 1.496163999999999916e+01 -5.217319999999999958e+00 0.000000000000000000e+00
2.760000000000000000e+02 1.514770000000000039e+01 -3.085360000000000102e+00 0.000000000000000000e+00
2.770000000000000000e+02 1.531851999999999947e+01 -9.778400000000000425e-01 0.000000000000000000e+00
2.780000000000000000e+02 1.354298999999999964e+01 1.825600000000000001e-01 0.000000000000000000e+00
2.790000000000000000e+02 1.540742999999999974e+01 1.097539999999999960e+00 0.000000000000000000e+00
2.800000000000000000e+02 1.592523000000000089e+01 3.111759999999999859e+00 0.000000000000000000e+00
2.810000000000000000e+02 1.598723999999999990e+01 5.239810000000000301e+00 0.000000000000000000e+00
2.820000000000000000e+02 1.787620000000000076e+01 4.265080000000000204e+00 0.000000000000000000e+00
2.830000000000000000e+02 1.623633999999999844e+01 7.443080000000000140e+00 0.000000000000000000e+00
2.840000000000000000e+02 1.450370000000000026e+01 8.790779999999999816e+00 0.000000000000000000e+00
2.850000000000000000e+02 1.661131999999999920e+01 9.690239999999999299e+00 0.000000000000000000e+00
2.860000000000000000e+02 1.438330000000000020e+01 1.091968999999999923e+01 0.000000000000000000e+00
2.870000000000000000e+02 1.281382999999999939e+01 1.234399999999999942e+01 0.000000000000000000e+00
2.880000000000000000e+02 1.453781000000000034e+01 -1.364128000000000007e+01 0.000000000000000000e+00
2.890000000000000000e+02 1.450411000000000072e+01 -1.156581000000000081e+01 0.000000000000000000e+00
2.900000000000000000e+02 1.673777000000000115e+01 -8.798310000000000741e+00 0.000000000000000000e+00
2.910000000000000000e+02 1.668937000000000026e+01 -6.440929999999999822e+00 0.000000000000000000e+00
2.920000000000000000e+02 1.477924999999999933e+01 -7.321729999999999627e+00 0.000000000000000000e+00
2.930000000000000000e+02 1.864332999999999885e+01 -5.700239999999999974e+00 0.000000000000000000e+00
2.940000000000000000e+02 1.694123000000000090e+01 -4.355879999999999974e+00 0.000000000000000000e+00
2.950000000000000000e+02 1.907854000000000028e+01 -1.585530000000000106e+00 0.000000000000000000e+00
2.960000000000000000e+02 1.703391999999999840e+01 -2.228460000000000107e+00 0.000000000000000000e+00
2.970000000000000000e+02 1.723527999999999949e+01 9.557999999999999829e-02 0.000000000000000000e+00
2.980000000000000000e+02 1.777590999999999966e+01 2.171559999999999935e+00 0.000000000000000000e+00
2.990000000000000000e+02 1.950878000000000156e+01 9.698700000000000099e-01 0.000000000000000000e+00
