0.000000000000000000e+00 -1.386467000000000027e+01 -1.364113000000000042e+01 0.000000000000000000e+00
1.000000000000000000e+00 -1.498741000000000057e+01 -1.173605000000000054e+01 0.000000000000000000e+00
2.000000000000000000e+00 -1.608718999999999966e+01 -9.788289999999999935e+00 0.000000000000000000e+00
3.000000000000000000e+00 -1.735369999999999990e+01 -8.163249999999999673e+00 0.000000000000000000e+00
4.000000000000000000e+00 -1.800355000000000061e+01 -6.106919999999999682e+00 0.000000000000000000e+00
5.000000000000000000e+00 -1.918534999999999968e+01 -3.846020000000000216e+00 0.000000000000000000e+00
6.000000000000000000e+00 -1.711790999999999840e+01 -3.928160000000000096e+00 0.000000000000000000e+00
7.000000000000000000e+00 -1.809797999999999973e+01 -1.892849999999999921e+00 0.000000000000000000e+00
8.000000000000000000e+00 -1.665727000000000046e+01 -4.126600000000000268e-01 0.000000000000000000e+00
9.000000000000000000e+00 -1.983088000000000051e+01 -6.554400000000000226e-01 0.000000000000000000e+00
1.000000000000000000e+01 -1.836073999999999984e+01 9.032900000000000373e-01 0.000000000000000000e+00
1.100000000000000000e+01 -1.773600000000000065e+01 4.974859999999999616e+00 0.000000000000000000e+00
1.200000000000000000e+01 -1.642327999999999832e+01 6.790619999999999656e+00 0.000000000000000000e+00
1.300000000000000000e+01 -1.900897000000000148e+01 7.066650000000000098e+00 0.000000000000000000e+00
1.400000000000000000e+01 -1.758940000000000126e+01 8.619440000000000879e+00 0.000000000000000000e+00
1.500000000000000000e+01 -1.636743999999999843e+01 1.054622999999999955e+01 0.000000000000000000e+00
1.600000000000000000e+01 -1.537884999999999991e+01 1.247982999999999976e+01 0.000000000000000000e+00
1.700000000000000000e+01 -1.311553999999999931e+01 1.440323000000000064e+01 0.000000000000000000e+00
1.800000000000000000e+01 -1.280286000000000080e+01 -1.547192000000000078e+01 0.000000000000000000e+00
1.900000000000000000e+01 -1.180800999999999945e+01 -1.358892999999999951e+01 0.000000000000000000e+00
2.000000000000000000e+01 -1.293171000000000070e+01 -1.176739000000000068e+01 0.000000000000000000e+00
2.100000000000000000e+01 -1.383461999999999925e+01 -9.875270000000000437e+00 0.000000000000000000e+00
2.200000000000000000e+01 -1.512035000000000018e+01 -7.946380000000000443e+00 0.000000000000000000e+00
2.300000000000000000e+01 -1.593890000000000029e+01 -5.985759999999999970e+00 0.000000000000000000e+00
2.400000000000000000e+01 -1.469405000000000072e+01 -4.230719999999999814e+00 0.000000000000000000e+00
2.500000000000000000e+01 -1.570012000000000008e+01 -2.313019999999999854e+00 0.000000000000000000e+00
2.600000000000000000e+01 -1.451016000000000084e+01 -5.785900000000000487e-01 0.000000000000000000e+00
2.700000000000000000e+01 -1.544938999999999929e+01 1.260780000000000012e+00 0.000000000000000000e+00
2.800000000000000000e+01 -1.665512999999999977e+01 2.984160000000000146e+00 0.000000000000000000e+00
2.900000000000000000e+01 -1.550305999999999962e+01 4.924719999999999764e+00 0.000000000000000000e+00
3.000000000000000000e+01 -1.434037000000000006e+01 6.819410000000000416e+00 0.000000000000000000e+00
3.100000000000000000e+01 -1.325041000000000047e+01 8.560610000000000497e+00 0.000000000000000000e+00
3.200000000000000000e+01 -1.547174000000000049e+01 8.684260000000000090e+00 0.000000000000000000e+00
3.300000000000000000e+01 -1.425173000000000023e+01 1.036983000000000033e+01 0.000000000000000000e+00
3.400000000000000000e+01 -1.328247999999999962e+01 1.224652999999999992e+01 0.000000000000000000e+00
3.500000000000000000e+01 -1.194424000000000063e+01 1.618422999999999945e+01 0.000000000000000000e+00
3.600000000000000000e+01 -1.024264999999999937e+01 -1.745928999999999931e+01 0.000000000000000000e+00
3.700000000000000000e+01 -1.070279000000000025e+01 -1.542375000000000007e+01 0.000000000000000000e+00
3.800000000000000000e+01 -1.073145000000000060e+01 -1.178259000000000079e+01 0.000000000000000000e+00
3.900000000000000000e+01 -1.171687000000000012e+01 -9.885350000000000747e+00 0.000000000000000000e+00
4.000000000000000000e+01 -1.271956999999999915e+01 -8.047890000000000654e+00 0.000000000000000000e+00
4.100000000000000000e+01 -1.366863999999999990e+01 -6.148659999999999570e+00 0.000000000000000000e+00
4.200000000000000000e+01 -1.261321000000000048e+01 -4.352339999999999876e+00 0.000000000000000000e+00
4.300000000000000000e+01 -1.360876999999999981e+01 -2.451470000000000038e+00 0.000000000000000000e+00
4.400000000000000000e+01 -1.244719000000000086e+01 -6.819899999999999851e-01 0.000000000000000000e+00
4.500000000000000000e+01 -1.338716999999999935e+01 1.284040000000000070e+00 0.000000000000000000e+00
4.600000000000000000e+01 -1.439655999999999914e+01 3.145900000000000141e+00 0.000000000000000000e+00
4.700000000000000000e+01 -1.340858000000000061e+01 4.952560000000000073e+00 0.000000000000000000e+00
4.800000000000000000e+01 -1.227277999999999913e+01 6.682660000000000267e+00 0.000000000000000000e+00
4.900000000000000000e+01 -1.114447999999999972e+01 8.423339999999999606e+00 0.000000000000000000e+00
5.000000000000000000e+01 -1.218152000000000079e+01 1.041618000000000066e+01 0.000000000000000000e+00
5.100000000000000000e+01 -1.108012000000000086e+01 1.221002000000000010e+01 0.000000000000000000e+00
5.200000000000000000e+01 -1.098854000000000042e+01 1.431607999999999947e+01 0.000000000000000000e+00
5.300000000000000000e+01 -9.862690000000000623e+00 1.613115000000000165e+01 0.000000000000000000e+00
5.400000000000000000e+01 -7.961359999999999992e+00 -1.748708999999999847e+01 0.000000000000000000e+00
5.500000000000000000e+01 -8.551420000000000243e+00 -1.549277999999999977e+01 0.000000000000000000e+00
5.600000000000000000e+01 -9.705069999999999197e+00 -1.358812999999999960e+01 0.000000000000000000e+00
5.700000000000000000e+01 -9.551170000000000826e+00 -9.948930000000000717e+00 0.000000000000000000e+00
5.800000000000000000e+01 -1.057873999999999981e+01 -8.122880000000000322e+00 0.000000000000000000e+00
5.900000000000000000e+01 -1.157653999999999961e+01 -6.229099999999999859e+00 0.000000000000000000e+00
6.000000000000000000e+01 -1.045059000000000005e+01 -4.453269999999999840e+00 0.000000000000000000e+00
6.100000000000000000e+01 -1.152042999999999928e+01 -2.613269999999999982e+00 0.000000000000000000e+00
6.200000000000000000e+01 -1.035914000000000001e+01 -6.491799999999999793e-01 0.000000000000000000e+00
6.300000000000000000e+01 -1.126482999999999990e+01 1.238350000000000062e+00 0.000000000000000000e+00
6.400000000000000000e+01 -1.232011999999999929e+01 3.118129999999999846e+00 0.000000000000000000e+00
6.500000000000000000e+01 -1.126179999999999914e+01 4.878730000000000011e+00 0.000000000000000000e+00
6.600000000000000000e+01 -1.009717000000000020e+01 6.601169999999999760e+00 0.000000000000000000e+00
6.700000000000000000e+01 -8.959459999999999980e+00 8.325570000000000803e+00 0.000000000000000000e+00
6.800000000000000000e+01 -1.007853000000000065e+01 1.021889999999999965e+01 0.000000000000000000e+00
6.900000000000000000e+01 -8.992319999999999425e+00 1.205963000000000029e+01 0.000000000000000000e+00
7.000000000000000000e+01 -8.697110000000000340e+00 1.410562000000000005e+01 0.000000000000000000e+00
7.100000000000000000e+01 -7.717450000000000365e+00 1.607983000000000118e+01 0.000000000000000000e+00
7.200000000000000000e+01 -5.025439999999999685e+00 -1.739398999999999873e+01 0.000000000000000000e+00
7.300000000000000000e+01 -6.419039999999999857e+00 -1.570945999999999998e+01 0.000000000000000000e+00
7.400000000000000000e+01 -7.542559999999999931e+00 -1.365259000000000000e+01 0.000000000000000000e+00
7.500000000000000000e+01 -8.517920000000000158e+00 -1.176360999999999990e+01 0.000000000000000000e+00
7.600000000000000000e+01 -8.443070000000000519e+00 -8.167099999999999582e+00 0.000000000000000000e+00
7.700000000000000000e+01 -9.423560000000000159e+00 -6.276510000000000034e+00 0.000000000000000000e+00
7.800000000000000000e+01 -8.326990000000000336e+00 -4.411489999999999689e+00 0.000000000000000000e+00
7.900000000000000000e+01 -9.458830000000000737e+00 -2.537900000000000045e+00 0.000000000000000000e+00
8.000000000000000000e+01 -8.188290000000000290e+00 -7.339200000000000168e-01 0.000000000000000000e+00
8.100000000000000000e+01 -9.151899999999999480e+00 1.117939999999999934e+00 0.000000000000000000e+00
8.200000000000000000e+01 -1.018929999999999936e+01 2.998110000000000053e+00 0.000000000000000000e+00
8.300000000000000000e+01 -8.013500000000000512e+00 2.887239999999999807e+00 0.000000000000000000e+00
8.400000000000000000e+01 -9.074210000000000775e+00 4.756980000000000430e+00 0.000000000000000000e+00
8.500000000000000000e+01 -6.824550000000000338e+00 8.307729999999999393e+00 0.000000000000000000e+00
8.600000000000000000e+01 -7.872659999999999769e+00 1.017129000000000083e+01 0.000000000000000000e+00
8.700000000000000000e+01 -6.753009999999999735e+00 1.203611000000000075e+01 0.000000000000000000e+00
8.800000000000000000e+01 -6.606119999999999770e+00 1.421929000000000087e+01 0.000000000000000000e+00
8.900000000000000000e+01 -6.414049999999999585e+00 1.774418999999999969e+01 0.000000000000000000e+00
9.000000000000000000e+01 -3.816320000000000157e+00 -1.909376999999999924e+01 0.000000000000000000e+00
9.100000000000000000e+01 -4.254310000000000258e+00 -1.544116000000000000e+01 0.000000000000000000e+00
9.200000000000000000e+01 -5.459620000000000140e+00 -1.370771000000000051e+01 0.000000000000000000e+00
9.300000000000000000e+01 -6.452770000000000117e+00 -1.183290000000000042e+01 0.000000000000000000e+00
9.400000000000000000e+01 -7.408760000000000012e+00 -9.980719999999999814e+00 0.000000000000000000e+00
9.500000000000000000e+01 -7.363900000000000112e+00 -6.372609999999999886e+00 0.000000000000000000e+00
9.600000000000000000e+01 -6.240969999999999906e+00 -4.583990000000000009e+00 0.000000000000000000e+00
9.700000000000000000e+01 -7.306070000000000064e+00 -2.592890000000000139e+00 0.000000000000000000e+00
9.800000000000000000e+01 -6.117259999999999920e+00 -8.177799999999999514e-01 0.000000000000000000e+00
9.900000000000000000e+01 -7.082930000000000170e+00 1.010129999999999972e+00 0.000000000000000000e+00
1.000000000000000000e+02 -5.953899999999999970e+00 2.766760000000000108e+00 0.000000000000000000e+00
1.010000000000000000e+02 -6.923470000000000013e+00 4.676230000000000331e+00 0.000000000000000000e+00
1.020000000000000000e+02 -7.876579999999999693e+00 6.547250000000000014e+00 0.000000000000000000e+00
1.030000000000000000e+02 -4.610479999999999912e+00 8.199669999999999348e+00 0.000000000000000000e+00
1.040000000000000000e+02 -5.724070000000000213e+00 1.011910999999999916e+01 0.000000000000000000e+00
1.050000000000000000e+02 -4.653310000000000279e+00 1.195242999999999967e+01 0.000000000000000000e+00
1.060000000000000000e+02 -5.395539999999999559e+00 1.594777999999999984e+01 0.000000000000000000e+00
1.070000000000000000e+02 -2.897569999999999979e+00 1.954206999999999894e+01 0.000000000000000000e+00
1.080000000000000000e+02 -2.930210000000000203e+00 -1.710870999999999853e+01 0.000000000000000000e+00
1.090000000000000000e+02 -3.048230000000000217e+00 -1.377309999999999945e+01 0.000000000000000000e+00
1.100000000000000000e+02 -4.348819999999999908e+00 -1.186306000000000083e+01 0.000000000000000000e+00
1.110000000000000000e+02 -5.346449999999999925e+00 -1.005292999999999992e+01 0.000000000000000000e+00
1.120000000000000000e+02 -6.331400000000000361e+00 -8.192420000000000258e+00 0.000000000000000000e+00
1.130000000000000000e+02 -5.198750000000000426e+00 -6.395800000000000374e+00 0.000000000000000000e+00
1.140000000000000000e+02 -4.128599999999999604e+00 -4.555900000000000283e+00 0.000000000000000000e+00
1.150000000000000000e+02 -5.170779999999999710e+00 -2.715019999999999989e+00 0.000000000000000000e+00
1.160000000000000000e+02 -3.996960000000000068e+00 -9.402800000000000047e-01 0.000000000000000000e+00
1.170000000000000000e+02 -4.981840000000000046e+00 9.193099999999999605e-01 0.000000000000000000e+00
1.180000000000000000e+02 -3.834600000000000009e+00 2.641010000000000080e+00 0.000000000000000000e+00
1.190000000000000000e+02 -4.771300000000000097e+00 4.541459999999999830e+00 0.000000000000000000e+00
1.200000000000000000e+02 -5.724789999999999601e+00 6.427880000000000038e+00 0.000000000000000000e+00
1.210000000000000000e+02 -2.530569999999999986e+00 8.077980000000000160e+00 0.000000000000000000e+00
1.220000000000000000e+02 -3.671850000000000058e+00 1.004280999999999935e+01 0.000000000000000000e+00
1.230000000000000000e+02 -2.560700000000000198e+00 1.179968000000000039e+01 0.000000000000000000e+00
1.240000000000000000e+02 -4.482940000000000147e+00 1.403749999999999964e+01 0.000000000000000000e+00
1.250000000000000000e+02 -4.122580000000000133e+00 1.783267999999999986e+01 0.000000000000000000e+00
1.260000000000000000e+02 -1.309719999999999995e+00 -1.954129999999999967e+01 0.000000000000000000e+00
1.270000000000000000e+02 -1.480329999999999924e+00 -1.544180000000000064e+01 0.000000000000000000e+00
1.280000000000000000e+02 -2.167889999999999873e+00 -1.189691000000000010e+01 0.000000000000000000e+00
1.290000000000000000e+02 -3.255240000000000133e+00 -1.010052999999999912e+01 0.000000000000000000e+00
1.300000000000000000e+02 -4.190129999999999910e+00 -8.228870000000000573e+00 0.000000000000000000e+00
1.310000000000000000e+02 -3.104610000000000092e+00 -6.466630000000000322e+00 0.000000000000000000e+00
1.320000000000000000e+02 -1.971000000000000085e+00 -4.605920000000000236e+00 0.000000000000000000e+00
1.330000000000000000e+02 -2.982549999999999812e+00 -2.788250000000000117e+00 0.000000000000000000e+00
1.340000000000000000e+02 -1.811120000000000063e+00 -1.074400000000000022e+00 0.000000000000000000e+00
1.350000000000000000e+02 -2.836160000000000014e+00 7.744999999999999662e-01 0.000000000000000000e+00
1.360000000000000000e+02 -1.661240000000000050e+00 2.547219999999999818e+00 0.000000000000000000e+00
1.370000000000000000e+02 -2.673639999999999795e+00 4.353069999999999773e+00 0.000000000000000000e+00
1.380000000000000000e+02 -3.648829999999999796e+00 6.315419999999999590e+00 0.000000000000000000e+00
1.390000000000000000e+02 -3.403700000000000059e-01 7.893099999999999561e+00 0.000000000000000000e+00
1.400000000000000000e+02 -1.586189999999999989e+00 9.964930000000000732e+00 0.000000000000000000e+00
1.410000000000000000e+02 -2.357600000000000140e+00 1.406001000000000012e+01 0.000000000000000000e+00
1.420000000000000000e+02 -3.283900000000000041e+00 1.591960000000000086e+01 0.000000000000000000e+00
1.430000000000000000e+02 -1.997749999999999915e+00 1.762032999999999916e+01 0.000000000000000000e+00
1.440000000000000000e+02 -8.064200000000000257e-01 -1.738920999999999850e+01 0.000000000000000000e+00
1.450000000000000000e+02 9.979500000000000037e-01 -1.633066000000000173e+01 0.000000000000000000e+00
1.460000000000000000e+02 -7.858300000000000285e-01 -1.346664999999999957e+01 0.000000000000000000e+00
1.470000000000000000e+02 -8.954100000000000392e-01 -1.023074000000000083e+01 0.000000000000000000e+00
1.480000000000000000e+02 5.598999999999999810e-02 -8.387950000000000017e+00 0.000000000000000000e+00
1.490000000000000000e+02 -2.022359999999999935e+00 -8.369120000000000559e+00 0.000000000000000000e+00
1.500000000000000000e+02 -9.677200000000000246e-01 -6.580779999999999852e+00 0.000000000000000000e+00
1.510000000000000000e+02 -7.999600000000000044e-01 -2.906800000000000050e+00 0.000000000000000000e+00
1.520000000000000000e+02 3.118500000000000161e-01 -1.152320000000000011e+00 0.000000000000000000e+00
1.530000000000000000e+02 -7.487899999999999556e-01 6.965999999999999970e-01 0.000000000000000000e+00
1.540000000000000000e+02 5.013999999999999568e-01 2.363710000000000200e+00 0.000000000000000000e+00
1.550000000000000000e+02 -5.757200000000000095e-01 4.306440000000000268e+00 0.000000000000000000e+00
1.560000000000000000e+02 -1.542710000000000026e+00 6.220180000000000042e+00 0.000000000000000000e+00
1.570000000000000000e+02 5.476400000000000157e-01 9.772130000000000649e+00 0.000000000000000000e+00
1.580000000000000000e+02 -4.206799999999999984e-01 1.169758999999999993e+01 0.000000000000000000e+00
1.590000000000000000e+02 -2.760900000000000021e-01 1.384290999999999983e+01 0.000000000000000000e+00
1.600000000000000000e+02 -1.122290000000000010e+00 1.572612999999999950e+01 0.000000000000000000e+00
1.610000000000000000e+02 4.125599999999999823e-01 1.740427000000000035e+01 0.000000000000000000e+00
1.620000000000000000e+02 8.783900000000000041e-01 -1.864853000000000094e+01 0.000000000000000000e+00
1.630000000000000000e+02 2.811080000000000023e+00 -1.753891000000000133e+01 0.000000000000000000e+00
1.640000000000000000e+02 1.202010000000000023e+00 -1.417553000000000019e+01 0.000000000000000000e+00
1.650000000000000000e+02 1.160679999999999934e+00 -1.211152000000000051e+01 0.000000000000000000e+00
1.660000000000000000e+02 1.298689999999999900e+00 -1.004466999999999999e+01 0.000000000000000000e+00
1.670000000000000000e+02 1.155990000000000073e+00 -6.635119999999999685e+00 0.000000000000000000e+00
1.680000000000000000e+02 1.570300000000000029e-01 -4.794299999999999784e+00 0.000000000000000000e+00
1.690000000000000000e+02 1.346540000000000070e+00 -3.013840000000000074e+00 0.000000000000000000e+00
1.700000000000000000e+02 2.468230000000000146e+00 -1.278729999999999922e+00 0.000000000000000000e+00
1.710000000000000000e+02 1.509719999999999951e+00 5.561399999999999677e-01 0.000000000000000000e+00
1.720000000000000000e+02 2.569030000000000147e+00 2.329930000000000057e+00 0.000000000000000000e+00
1.730000000000000000e+02 1.686549999999999994e+00 4.237989999999999924e+00 0.000000000000000000e+00
1.740000000000000000e+02 6.849899999999999878e-01 6.047679999999999723e+00 0.000000000000000000e+00
1.750000000000000000e+02 1.942739999999999911e+00 7.977299999999999613e+00 0.000000000000000000e+00
1.760000000000000000e+02 1.911200000000000010e+00 1.131874999999999964e+01 0.000000000000000000e+00
1.770000000000000000e+02 1.757309999999999928e+00 1.342905999999999977e+01 0.000000000000000000e+00
1.780000000000000000e+02 1.053719999999999990e+00 1.541943000000000019e+01 0.000000000000000000e+00
1.790000000000000000e+02 2.015330000000000066e+00 1.879777999999999949e+01 0.000000000000000000e+00
1.800000000000000000e+02 3.582650000000000112e+00 -1.954426000000000130e+01 0.000000000000000000e+00
1.810000000000000000e+02 2.934470000000000134e+00 -1.543134000000000050e+01 0.000000000000000000e+00
1.820000000000000000e+02 3.111260000000000137e+00 -1.328298000000000023e+01 0.000000000000000000e+00
1.830000000000000000e+02 3.092649999999999899e+00 -1.118956999999999979e+01 0.000000000000000000e+00
1.840000000000000000e+02 3.115549999999999820e+00 -8.938570000000000348e+00 0.000000000000000000e+00
1.850000000000000000e+02 3.301839999999999886e+00 -6.836610000000000298e+00 0.000000000000000000e+00
1.860000000000000000e+02 2.409619999999999873e+00 -4.916450000000000209e+00 0.000000000000000000e+00
1.870000000000000000e+02 3.482019999999999893e+00 -3.156590000000000007e+00 0.000000000000000000e+00
1.880000000000000000e+02 3.587419999999999831e+00 4.621399999999999952e-01 0.000000000000000000e+00
1.890000000000000000e+02 4.725920000000000343e+00 2.324199999999999822e+00 0.000000000000000000e+00
1.900000000000000000e+02 3.783049999999999802e+00 4.236439999999999984e+00 0.000000000000000000e+00
1.910000000000000000e+02 4.861970000000000347e+00 6.030859999999999665e+00 0.000000000000000000e+00
1.920000000000000000e+02 2.771830000000000016e+00 6.067339999999999733e+00 0.000000000000000000e+00
1.930000000000000000e+02 4.014719999999999622e+00 8.043319999999999581e+00 0.000000000000000000e+00
1.940000000000000000e+02 3.768299999999999983e+00 1.026837000000000089e+01 0.000000000000000000e+00
1.950000000000000000e+02 3.647200000000000220e+00 1.246448000000000000e+01 0.000000000000000000e+00
1.960000000000000000e+02 3.459340000000000082e+00 1.463598999999999961e+01 0.000000000000000000e+00
1.970000000000000000e+02 3.084420000000000162e+00 1.673980999999999852e+01 0.000000000000000000e+00
1.980000000000000000e+02 4.782029999999999781e+00 -1.662753000000000014e+01 0.000000000000000000e+00
1.990000000000000000e+02 4.845399999999999707e+00 -1.455505999999999922e+01 0.000000000000000000e+00
2.000000000000000000e+02 4.958380000000000010e+00 -1.228233999999999959e+01 0.000000000000000000e+00
2.010000000000000000e+02 4.930320000000000036e+00 -1.009848999999999997e+01 0.000000000000000000e+00
2.020000000000000000e+02 5.028730000000000366e+00 -7.956120000000000303e+00 0.000000000000000000e+00
2.030000000000000000e+02 4.822890000000000121e+00 -5.404069999999999929e+00 0.000000000000000000e+00
2.040000000000000000e+02 5.553449999999999775e+00 -3.451919999999999877e+00 0.000000000000000000e+00
2.050000000000000000e+02 4.590679999999999872e+00 -1.408290000000000042e+00 0.000000000000000000e+00
2.060000000000000000e+02 5.728539999999999743e+00 3.192699999999999982e-01 0.000000000000000000e+00
2.070000000000000000e+02 6.899750000000000050e+00 2.024340000000000028e+00 0.000000000000000000e+00
2.080000000000000000e+02 5.988480000000000025e+00 3.966689999999999827e+00 0.000000000000000000e+00
2.090000000000000000e+02 7.220629999999999882e+00 5.671949999999999825e+00 0.000000000000000000e+00
2.100000000000000000e+02 6.286539999999999573e+00 7.543549999999999756e+00 0.000000000000000000e+00
2.110000000000000000e+02 5.714949999999999974e+00 9.589349999999999596e+00 0.000000000000000000e+00
2.120000000000000000e+02 5.674850000000000172e+00 1.189103000000000065e+01 0.000000000000000000e+00
2.130000000000000000e+02 5.472819999999999574e+00 1.397438999999999965e+01 0.000000000000000000e+00
2.140000000000000000e+02 5.107779999999999987e+00 1.606514999999999915e+01 0.000000000000000000e+00
2.150000000000000000e+02 4.506689999999999863e+00 1.842182999999999993e+01 0.000000000000000000e+00
2.160000000000000000e+02 6.478309999999999569e+00 -1.795827999999999847e+01 0.000000000000000000e+00
2.170000000000000000e+02 6.711789999999999701e+00 -1.578987000000000052e+01 0.000000000000000000e+00
2.180000000000000000e+02 6.691980000000000040e+00 -1.356442000000000014e+01 0.000000000000000000e+00
2.190000000000000000e+02 6.796170000000000044e+00 -1.133876000000000062e+01 0.000000000000000000e+00
2.200000000000000000e+02 6.784250000000000114e+00 -9.107250000000000512e+00 0.000000000000000000e+00
2.210000000000000000e+02 6.785079999999999778e+00 -6.839559999999999640e+00 0.000000000000000000e+00
2.220000000000000000e+02 7.524269999999999570e+00 -4.083630000000000315e+00 0.000000000000000000e+00
2.230000000000000000e+02 6.643819999999999837e+00 -1.577309999999999990e+00 0.000000000000000000e+00
2.240000000000000000e+02 7.811880000000000379e+00 1.404400000000000093e-01 0.000000000000000000e+00
2.250000000000000000e+02 9.145239999999999370e+00 1.709889999999999910e+00 0.000000000000000000e+00
2.260000000000000000e+02 8.115629999999999455e+00 3.744590000000000085e+00 0.000000000000000000e+00
2.270000000000000000e+02 9.584989999999999455e+00 5.214719999999999800e+00 0.000000000000000000e+00
2.280000000000000000e+02 8.744910000000000849e+00 7.099750000000000227e+00 0.000000000000000000e+00
2.290000000000000000e+02 7.841179999999999595e+00 9.005409999999999471e+00 0.000000000000000000e+00
2.300000000000000000e+02 7.625090000000000146e+00 1.112190999999999974e+01 0.000000000000000000e+00
2.310000000000000000e+02 7.394140000000000157e+00 1.317570000000000086e+01 0.000000000000000000e+00
2.320000000000000000e+02 7.214949999999999974e+00 1.524544000000000032e+01 0.000000000000000000e+00
2.330000000000000000e+02 6.783999999999999808e+00 1.734506999999999977e+01 0.000000000000000000e+00
2.340000000000000000e+02 8.693630000000000635e+00 -1.705292999999999992e+01 0.000000000000000000e+00
2.350000000000000000e+02 8.569969999999999644e+00 -1.475948999999999955e+01 0.000000000000000000e+00
2.360000000000000000e+02 8.531959999999999766e+00 -1.255888999999999989e+01 0.000000000000000000e+00
2.370000000000000000e+02 8.566069999999999851e+00 -1.023245000000000005e+01 0.000000000000000000e+00
2.380000000000000000e+02 8.571329999999999671e+00 -8.050509999999999167e+00 0.000000000000000000e+00
2.390000000000000000e+02 8.677120000000000388e+00 -5.971409999999999663e+00 0.000000000000000000e+00
2.400000000000000000e+02 9.605940000000000367e+00 -4.088809999999999611e+00 0.000000000000000000e+00
2.410000000000000000e+02 8.589629999999999654e+00 -2.240810000000000191e+00 0.000000000000000000e+00
2.420000000000000000e+02 9.943120000000000402e+00 -4.890700000000000047e-01 0.000000000000000000e+00
2.430000000000000000e+02 1.121181999999999945e+01 1.250199999999999978e+00 0.000000000000000000e+00
2.440000000000000000e+02 1.043712999999999980e+01 3.339230000000000143e+00 0.000000000000000000e+00
2.450000000000000000e+02 1.174057999999999957e+01 4.957709999999999617e+00 0.000000000000000000e+00
2.460000000000000000e+02 1.094228000000000023e+01 7.067549999999999777e+00 0.000000000000000000e+00
2.470000000000000000e+02 9.916980000000000572e+00 8.946780000000000399e+00 0.000000000000000000e+00
2.480000000000000000e+02 9.411260000000000403e+00 1.217314000000000007e+01 0.000000000000000000e+00
2.490000000000000000e+02 9.203770000000000451e+00 1.427219999999999978e+01 0.000000000000000000e+00
2.500000000000000000e+02 9.040340000000000487e+00 1.644300000000000139e+01 0.000000000000000000e+00
2.510000000000000000e+02 8.579710000000000392e+00 1.848469000000000051e+01 0.000000000000000000e+00
2.520000000000000000e+02 1.041263999999999967e+01 -1.571906000000000070e+01 0.000000000000000000e+00
2.530000000000000000e+02 1.040041000000000082e+01 -1.355962000000000067e+01 0.000000000000000000e+00
2.540000000000000000e+02 1.038390000000000057e+01 -1.142656000000000027e+01 0.000000000000000000e+00
2.550000000000000000e+02 1.218106000000000044e+01 -1.027092999999999989e+01 0.000000000000000000e+00
2.560000000000000000e+02 1.033709999999999951e+01 -9.109750000000000014e+00 0.000000000000000000e+00
2.570000000000000000e+02 1.050871000000000066e+01 -6.981700000000000017e+00 0.000000000000000000e+00
2.580000000000000000e+02 1.181494999999999962e+01 -4.304680000000000284e+00 0.000000000000000000e+00
2.590000000000000000e+02 1.079937999999999931e+01 -2.411150000000000126e+00 0.000000000000000000e+00
2.600000000000000000e+02 1.206903999999999932e+01 -7.102399999999999824e-01 0.000000000000000000e+00
2.610000000000000000e+02 1.336550000000000082e+01 1.031179999999999986e+00 0.000000000000000000e+00
2.620000000000000000e+02 1.253439999999999976e+01 2.926419999999999799e+00 0.000000000000000000e+00
2.630000000000000000e+02 1.380479000000000056e+01 4.878339999999999677e+00 0.000000000000000000e+00
2.640000000000000000e+02 1.303611000000000075e+01 6.927209999999999646e+00 0.000000000000000000e+00
2.650000000000000000e+02 1.204667000000000066e+01 8.848670000000000258e+00 0.000000000000000000e+00
2.660000000000000000e+02 1.113392999999999944e+01 1.103082000000000029e+01 0.000000000000000000e+00
2.670000000000000000e+02 1.334151999999999916e+01 1.047084000000000081e+01 0.000000000000000000e+00
2.680000000000000000e+02 1.119339000000000084e+01 1.330259999999999998e+01 0.000000000000000000e+00
2.690000000000000000e+02 1.113902000000000037e+01 1.572292000000000023e+01 0.000000000000000000e+00
2.700000000000000000e+02 1.224956000000000067e+01 -1.452527000000000079e+01 0.000000000000000000e+00
2.710000000000000000e+02 1.223587000000000025e+01 -1.246158999999999928e+01 0.000000000000000000e+00
2.720000000000000000e+02 1.406578000000000017e+01 -1.123953999999999986e+01 0.000000000000000000e+00
2.730000000000000000e+02 1.420064999999999955e+01 -8.974759999999999849e+00 0.000000000000000000e+00
2.740000000000000000e+02 1.226196000000000019e+01 -8.176790000000000447e+00 0.000000000000000000e+00
2.750000000000000000e+02 1.277098999999999940e+01 -6.160949999999999704e+00 0.000000000000000000e+00
2.760000000000000000e+02 1.409054000000000073e+01 -4.563069999999999737e+00 0.000000000000000000e+00
2.770000000000000000e+02 1.316352999999999973e+01 -2.692660000000000053e+00 0.000000000000000000e+00
2.780000000000000000e+02 1.427331000000000039e+01 -8.622199999999999864e-01 0.000000000000000000e+00
2.790000000000000000e+02 1.544401000000000046e+01 9.543899999999999606e-01 0.000000000000000000e+00
2.800000000000000000e+02 1.472062999999999988e+01 2.979109999999999925e+00 0.000000000000000000e+00
2.810000000000000000e+02 1.599005999999999972e+01 4.621450000000000280e+00 0.000000000000000000e+00
2.820000000000000000e+02 1.524118999999999957e+01 6.632240000000000357e+00 0.000000000000000000e+00
2.830000000000000000e+02 1.653773999999999944e+01 8.301170000000000826e+00 0.000000000000000000e+00
2.840000000000000000e+02 1.441263999999999967e+01 8.564189999999999969e+00 0.000000000000000000e+00
2.850000000000000000e+02 1.541643999999999970e+01 1.058169999999999966e+01 0.000000000000000000e+00
2.860000000000000000e+02 1.345517000000000074e+01 1.261950000000000038e+01 0.000000000000000000e+00
2.870000000000000000e+02 1.298662000000000027e+01 1.465075000000000038e+01 0.000000000000000000e+00
2.880000000000000000e+02 1.403702000000000005e+01 -1.346555999999999997e+01 0.000000000000000000e+00
2.890000000000000000e+02 1.602808999999999884e+01 -1.288085000000000058e+01 0.000000000000000000e+00
2.900000000000000000e+02 1.597702999999999918e+01 -1.023723000000000027e+01 0.000000000000000000e+00
2.910000000000000000e+02 1.675384999999999991e+01 -8.321300000000000807e+00 0.000000000000000000e+00
2.920000000000000000e+02 1.475205000000000055e+01 -6.804190000000000182e+00 0.000000000000000000e+00
2.930000000000000000e+02 1.610193999999999903e+01 -5.113500000000000156e+00 0.000000000000000000e+00
2.940000000000000000e+02 1.736938999999999922e+01 -3.220699999999999896e+00 0.000000000000000000e+00
2.950000000000000000e+02 1.524935999999999936e+01 -2.752850000000000019e+00 0.000000000000000000e+00
2.960000000000000000e+02 1.692202999999999946e+01 -1.165720000000000089e+00 0.000000000000000000e+00
2.970000000000000000e+02 1.842269999999999897e+01 1.209559999999999969e+00 0.000000000000000000e+00
2.980000000000000000e+02 1.695546999999999827e+01 2.666879999999999917e+00 0.000000000000000000e+00
2.990000000000000000e+02 1.783614000000000033e+01 6.520030000000000214e+00 0.000000000000000000e+00
