0.000000000000000000e+00 -1.394341000000000008e+01 -1.514841999999999977e+01 0.000000000000000000e+00
1.000000000000000000e+00 -1.447653999999999996e+01 -1.313401999999999958e+01 0.000000000000000000e+00
2.000000000000000000e+00 -1.504557999999999929e+01 -1.113419000000000025e+01 0.000000000000000000e+00
3.000000000000000000e+00 -1.563860999999999990e+01 -9.067289999999999850e+00 0.000000000000000000e+00
4.000000000000000000e+00 -1.827005000000000123e+01 -6.313030000000000364e+00 0.000000000000000000e+00
5.000000000000000000e+00 -1.933920000000000172e+01 -3.585850000000000204e+00 0.000000000000000000e+00
6.000000000000000000e+00 -1.671167000000000158e+01 -4.892599999999999838e+00 0.000000000000000000e+00
7.000000000000000000e+00 -2.009813000000000116e+01 -8.231000000000000538e-01 0.000000000000000000e+00
8.000000000000000000e+00 -1.731978000000000151e+01 -2.774449999999999861e+00 0.000000000000000000e+00
9.000000000000000000e+00 -1.799099000000000004e+01 -8.127499999999999725e-01 0.000000000000000000e+00
1.000000000000000000e+01 -1.693618999999999986e+01 3.327929999999999833e+00 0.000000000000000000e+00
1.100000000000000000e+01 -1.847666999999999859e+01 1.695670000000000011e+00 0.000000000000000000e+00
1.200000000000000000e+01 -1.713541000000000025e+01 5.670689999999999564e+00 0.000000000000000000e+00
1.300000000000000000e+01 -1.886320999999999870e+01 4.501999999999999780e+00 0.000000000000000000e+00
1.400000000000000000e+01 -1.668365999999999971e+01 8.501960000000000406e+00 0.000000000000000000e+00
1.500000000000000000e+01 -1.480475999999999992e+01 9.482340000000000657e+00 0.000000000000000000e+00
1.600000000000000000e+01 -1.453556000000000026e+01 1.157402000000000086e+01 0.000000000000000000e+00
1.700000000000000000e+01 -1.439588999999999963e+01 1.365864999999999974e+01 0.000000000000000000e+00
1.800000000000000000e+01 -1.177347999999999928e+01 -1.565625999999999962e+01 0.000000000000000000e+00
1.900000000000000000e+01 -1.233193999999999946e+01 -1.362081000000000053e+01 0.000000000000000000e+00
2.000000000000000000e+01 -1.282837999999999923e+01 -1.157884999999999920e+01 0.000000000000000000e+00
2.100000000000000000e+01 -1.361506999999999934e+01 -9.563520000000000465e+00 0.000000000000000000e+00
2.200000000000000000e+01 -1.424183000000000021e+01 -7.466770000000000351e+00 0.000000000000000000e+00
2.300000000000000000e+01 -1.630477000000000132e+01 -7.065419999999999590e+00 0.000000000000000000e+00
2.400000000000000000e+01 -1.471531000000000056e+01 -5.400210000000000399e+00 0.000000000000000000e+00
2.500000000000000000e+01 -1.526127999999999929e+01 -3.359579999999999789e+00 0.000000000000000000e+00
2.600000000000000000e+01 -1.584449000000000041e+01 -1.308899999999999952e+00 0.000000000000000000e+00
2.700000000000000000e+01 -1.652053000000000083e+01 7.531600000000000517e-01 0.000000000000000000e+00
2.800000000000000000e+01 -1.505824999999999925e+01 2.319630000000000081e+00 0.000000000000000000e+00
2.900000000000000000e+01 -1.524145000000000039e+01 4.842500000000000249e+00 0.000000000000000000e+00
3.000000000000000000e+01 -1.314893000000000001e+01 5.776769999999999960e+00 0.000000000000000000e+00
3.100000000000000000e+01 -1.487991000000000064e+01 7.080729999999999968e+00 0.000000000000000000e+00
3.200000000000000000e+01 -1.307695000000000007e+01 8.066839999999999122e+00 0.000000000000000000e+00
3.300000000000000000e+01 -1.274553000000000047e+01 1.024056999999999995e+01 0.000000000000000000e+00
3.400000000000000000e+01 -1.253359000000000023e+01 1.246982000000000035e+01 0.000000000000000000e+00
3.500000000000000000e+01 -1.221779000000000082e+01 1.459234999999999971e+01 0.000000000000000000e+00
3.600000000000000000e+01 -9.594760000000000844e+00 -1.631718000000000046e+01 0.000000000000000000e+00
3.700000000000000000e+01 -1.029073999999999955e+01 -1.417116000000000042e+01 0.000000000000000000e+00
3.800000000000000000e+01 -1.080255999999999972e+01 -1.204939000000000071e+01 0.000000000000000000e+00
3.900000000000000000e+01 -1.140197000000000038e+01 -1.005489999999999995e+01 0.000000000000000000e+00
4.000000000000000000e+01 -1.201955000000000062e+01 -8.054410000000000736e+00 0.000000000000000000e+00
4.100000000000000000e+01 -1.264109999999999978e+01 -6.043820000000000192e+00 0.000000000000000000e+00
4.200000000000000000e+01 -1.326803999999999917e+01 -3.900999999999999801e+00 0.000000000000000000e+00
4.300000000000000000e+01 -1.384976999999999947e+01 -1.816219999999999946e+00 0.000000000000000000e+00
4.400000000000000000e+01 -1.234246000000000087e+01 -3.048399999999999999e-01 0.000000000000000000e+00
4.500000000000000000e+01 -1.450176000000000087e+01 2.820199999999999929e-01 0.000000000000000000e+00
4.600000000000000000e+01 -1.299454000000000065e+01 1.695009999999999906e+00 0.000000000000000000e+00
4.700000000000000000e+01 -1.341381999999999941e+01 3.738399999999999945e+00 0.000000000000000000e+00
4.800000000000000000e+01 -9.723190000000000666e+00 5.426720000000000432e+00 0.000000000000000000e+00
4.900000000000000000e+01 -1.130264000000000024e+01 6.839559999999999640e+00 0.000000000000000000e+00
5.000000000000000000e+01 -1.094913000000000025e+01 8.893739999999999313e+00 0.000000000000000000e+00
5.100000000000000000e+01 -1.068169999999999931e+01 1.098342000000000063e+01 0.000000000000000000e+00
5.200000000000000000e+01 -1.053369000000000000e+01 1.305696000000000012e+01 0.000000000000000000e+00
5.300000000000000000e+01 -1.019083000000000006e+01 1.525793999999999961e+01 0.000000000000000000e+00
5.400000000000000000e+01 -7.494220000000000326e+00 -1.662969999999999970e+01 0.000000000000000000e+00
5.500000000000000000e+01 -8.182259999999999422e+00 -1.461384999999999934e+01 0.000000000000000000e+00
5.600000000000000000e+01 -8.802400000000000446e+00 -1.263469000000000086e+01 0.000000000000000000e+00
5.700000000000000000e+01 -9.373070000000000235e+00 -1.050887999999999955e+01 0.000000000000000000e+00
5.800000000000000000e+01 -9.963029999999999831e+00 -8.431269999999999598e+00 0.000000000000000000e+00
5.900000000000000000e+01 -1.057667000000000002e+01 -6.466459999999999653e+00 0.000000000000000000e+00
6.000000000000000000e+01 -1.122986000000000040e+01 -4.479260000000000019e+00 0.000000000000000000e+00
6.100000000000000000e+01 -1.184482000000000035e+01 -2.391770000000000174e+00 0.000000000000000000e+00
6.200000000000000000e+01 -1.029184000000000054e+01 -8.554899999999999727e-01 0.000000000000000000e+00
6.300000000000000000e+01 -1.097921000000000014e+01 1.233899999999999997e+00 0.000000000000000000e+00
6.400000000000000000e+01 -9.643700000000000827e+00 2.808850000000000069e+00 0.000000000000000000e+00
6.500000000000000000e+01 -1.137964999999999982e+01 4.208380000000000010e+00 0.000000000000000000e+00
6.600000000000000000e+01 -9.335950000000000415e+00 7.608760000000000190e+00 0.000000000000000000e+00
6.700000000000000000e+01 -7.364700000000000024e+00 8.305790000000000006e+00 0.000000000000000000e+00
6.800000000000000000e+01 -8.963620000000000587e+00 9.736019999999999897e+00 0.000000000000000000e+00
6.900000000000000000e+01 -8.725210000000000576e+00 1.180871999999999922e+01 0.000000000000000000e+00
7.000000000000000000e+01 -8.558089999999999975e+00 1.392347000000000001e+01 0.000000000000000000e+00
7.100000000000000000e+01 -8.260830000000000339e+00 1.596897000000000055e+01 0.000000000000000000e+00
7.200000000000000000e+01 -5.478600000000000136e+00 -1.706701999999999941e+01 0.000000000000000000e+00
7.300000000000000000e+01 -6.044459999999999944e+00 -1.499708000000000041e+01 0.000000000000000000e+00
7.400000000000000000e+01 -6.773080000000000211e+00 -1.302954000000000079e+01 0.000000000000000000e+00
7.500000000000000000e+01 -7.276510000000000034e+00 -1.095185999999999993e+01 0.000000000000000000e+00
7.600000000000000000e+01 -7.894770000000000287e+00 -8.974930000000000518e+00 0.000000000000000000e+00
7.700000000000000000e+01 -8.524969999999999715e+00 -6.919889999999999652e+00 0.000000000000000000e+00
7.800000000000000000e+01 -9.179550000000000765e+00 -4.915149999999999686e+00 0.000000000000000000e+00
7.900000000000000000e+01 -9.742820000000000036e+00 -2.842799999999999994e+00 0.000000000000000000e+00
8.000000000000000000e+01 -8.265959999999999752e+00 -1.401980000000000004e+00 0.000000000000000000e+00
8.100000000000000000e+01 -8.934240000000000848e+00 7.155599999999999739e-01 0.000000000000000000e+00
8.200000000000000000e+01 -7.512349999999999639e+00 2.207089999999999996e+00 0.000000000000000000e+00
8.300000000000000000e+01 -8.048980000000000246e+00 4.193839999999999790e+00 0.000000000000000000e+00
8.400000000000000000e+01 -7.722999999999999865e+00 6.235579999999999679e+00 0.000000000000000000e+00
8.500000000000000000e+01 -5.291280000000000427e+00 9.017289999999999139e+00 0.000000000000000000e+00
8.600000000000000000e+01 -6.916809999999999903e+00 1.032976999999999990e+01 0.000000000000000000e+00
8.700000000000000000e+01 -6.734429999999999694e+00 1.244534999999999947e+01 0.000000000000000000e+00
8.800000000000000000e+01 -6.452779999999999738e+00 1.452813000000000088e+01 0.000000000000000000e+00
8.900000000000000000e+01 -5.986790000000000056e+00 1.668035000000000068e+01 0.000000000000000000e+00
9.000000000000000000e+01 -7.237700000000000244e-01 -2.024825999999999837e+01 0.000000000000000000e+00
9.100000000000000000e+01 -3.885069999999999801e+00 -1.548821000000000048e+01 0.000000000000000000e+00
9.200000000000000000e+01 -4.613220000000000098e+00 -1.346587000000000067e+01 0.000000000000000000e+00
9.300000000000000000e+01 -5.257489999999999775e+00 -1.138353000000000037e+01 0.000000000000000000e+00
9.400000000000000000e+01 -5.805489999999999817e+00 -9.394180000000000419e+00 0.000000000000000000e+00
9.500000000000000000e+01 -6.419310000000000294e+00 -7.396110000000000184e+00 0.000000000000000000e+00
9.600000000000000000e+01 -7.052999999999999936e+00 -5.403369999999999784e+00 0.000000000000000000e+00
9.700000000000000000e+01 -7.650249999999999773e+00 -3.409009999999999874e+00 0.000000000000000000e+00
9.800000000000000000e+01 -6.215379999999999683e+00 -1.874829999999999997e+00 0.000000000000000000e+00
9.900000000000000000e+01 -6.889780000000000015e+00 1.865700000000000136e-01 0.000000000000000000e+00
1.000000000000000000e+02 -5.488369999999999749e+00 1.701210000000000111e+00 0.000000000000000000e+00
1.010000000000000000e+02 -4.490000000000000213e+00 3.510619999999999852e+00 0.000000000000000000e+00
1.020000000000000000e+02 -6.105540000000000411e+00 4.883029999999999760e+00 0.000000000000000000e+00
1.030000000000000000e+02 -5.739889999999999937e+00 7.007530000000000037e+00 0.000000000000000000e+00
1.040000000000000000e+02 -4.962430000000000341e+00 1.105208999999999975e+01 0.000000000000000000e+00
1.050000000000000000e+02 -4.724319999999999631e+00 1.320642999999999923e+01 0.000000000000000000e+00
1.060000000000000000e+02 -4.360100000000000087e+00 1.524865999999999921e+01 0.000000000000000000e+00
1.070000000000000000e+02 -3.987389999999999990e+00 1.735978000000000065e+01 0.000000000000000000e+00
1.080000000000000000e+02 -3.397990000000000066e+00 -1.757528999999999897e+01 0.000000000000000000e+00
1.090000000000000000e+02 -2.534520000000000106e+00 -1.392200000000000060e+01 0.000000000000000000e+00
1.100000000000000000e+02 -3.133480000000000043e+00 -1.193981999999999921e+01 0.000000000000000000e+00
1.110000000000000000e+02 -3.743240000000000123e+00 -9.934139999999999304e+00 0.000000000000000000e+00
1.120000000000000000e+02 -2.330499999999999794e+00 -8.320840000000000458e+00 0.000000000000000000e+00
1.130000000000000000e+02 -4.374200000000000088e+00 -7.848969999999999558e+00 0.000000000000000000e+00
1.140000000000000000e+02 -4.959819999999999673e+00 -5.874900000000000233e+00 0.000000000000000000e+00
1.150000000000000000e+02 -5.634730000000000238e+00 -3.910149999999999793e+00 0.000000000000000000e+00
1.160000000000000000e+02 -4.176650000000000418e+00 -2.282550000000000079e+00 0.000000000000000000e+00
1.170000000000000000e+02 -4.881470000000000198e+00 -2.978600000000000136e-01 0.000000000000000000e+00
1.180000000000000000e+02 -3.222100000000000186e+00 1.602309999999999901e+00 0.000000000000000000e+00
1.190000000000000000e+02 -2.427109999999999879e+00 4.109490000000000087e+00 0.000000000000000000e+00
1.200000000000000000e+02 -4.056359999999999744e+00 5.526799999999999713e+00 0.000000000000000000e+00
1.210000000000000000e+02 -3.715879999999999850e+00 7.599459999999999660e+00 0.000000000000000000e+00
1.220000000000000000e+02 -3.325930000000000053e+00 9.705109999999999459e+00 0.000000000000000000e+00
1.230000000000000000e+02 -2.909699999999999953e+00 1.180485999999999969e+01 0.000000000000000000e+00
1.240000000000000000e+02 -2.743869999999999809e+00 1.393802999999999948e+01 0.000000000000000000e+00
1.250000000000000000e+02 -2.359719999999999818e+00 1.609006000000000114e+01 0.000000000000000000e+00
1.260000000000000000e+02 -1.198190000000000088e+00 -1.798364000000000118e+01 0.000000000000000000e+00
1.270000000000000000e+02 -1.875580000000000025e+00 -1.596138999999999974e+01 0.000000000000000000e+00
1.280000000000000000e+02 -1.090540000000000065e+00 -1.239663999999999966e+01 0.000000000000000000e+00
1.290000000000000000e+02 -1.705699999999999994e+00 -1.038978999999999964e+01 0.000000000000000000e+00
1.300000000000000000e+02 -8.764600000000000168e-01 -6.765609999999999680e+00 0.000000000000000000e+00
1.310000000000000000e+02 -2.910509999999999931e+00 -6.300679999999999836e+00 0.000000000000000000e+00
1.320000000000000000e+02 -3.540140000000000065e+00 -4.316040000000000099e+00 0.000000000000000000e+00
1.330000000000000000e+02 -2.169270000000000032e+00 -2.771749999999999936e+00 0.000000000000000000e+00
1.340000000000000000e+02 -2.776720000000000077e+00 -6.699600000000000000e-01 0.000000000000000000e+00
1.350000000000000000e+02 -1.260280000000000067e+00 7.842700000000000227e-01 0.000000000000000000e+00
1.360000000000000000e+02 -8.267799999999999594e-01 2.821810000000000151e+00 0.000000000000000000e+00
1.370000000000000000e+02 -4.374700000000000255e-01 4.851099999999999746e+00 0.000000000000000000e+00
1.380000000000000000e+02 -2.121579999999999799e+00 6.227999999999999758e+00 0.000000000000000000e+00
1.390000000000000000e+02 -1.694609999999999950e+00 8.396679999999999922e+00 0.000000000000000000e+00
1.400000000000000000e+02 -1.316049999999999942e+00 1.049590000000000067e+01 0.000000000000000000e+00
1.410000000000000000e+02 -9.821400000000000130e-01 1.260594000000000037e+01 0.000000000000000000e+00
1.420000000000000000e+02 -7.921899999999999498e-01 1.469189000000000078e+01 0.000000000000000000e+00
1.430000000000000000e+02 -2.174760000000000026e+00 1.835624999999999929e+01 0.000000000000000000e+00
1.440000000000000000e+02 2.866099999999999759e-01 -1.633888999999999925e+01 0.000000000000000000e+00
1.450000000000000000e+02 -4.021799999999999820e-01 -1.436192999999999920e+01 0.000000000000000000e+00
1.460000000000000000e+02 1.016710000000000003e+00 -1.277692000000000050e+01 0.000000000000000000e+00
1.470000000000000000e+02 3.859099999999999753e-01 -1.073774000000000051e+01 0.000000000000000000e+00
1.480000000000000000e+02 -3.003799999999999804e-01 -8.789419999999999789e+00 0.000000000000000000e+00
1.490000000000000000e+02 5.367100000000000204e-01 -5.240579999999999572e+00 0.000000000000000000e+00
1.500000000000000000e+02 -1.492480000000000029e+00 -4.755700000000000038e+00 0.000000000000000000e+00
1.510000000000000000e+02 -1.417700000000000071e-01 -3.192530000000000090e+00 0.000000000000000000e+00
1.520000000000000000e+02 -7.473999999999999533e-01 -1.216040000000000010e+00 0.000000000000000000e+00
1.530000000000000000e+02 7.835499999999999687e-01 1.515500000000000069e+00 0.000000000000000000e+00
1.540000000000000000e+02 1.184350000000000014e+00 3.572140000000000093e+00 0.000000000000000000e+00
1.550000000000000000e+02 1.562650000000000095e+00 5.683919999999999639e+00 0.000000000000000000e+00
1.560000000000000000e+02 -7.775999999999999579e-02 6.973620000000000374e+00 0.000000000000000000e+00
1.570000000000000000e+02 2.369900000000000062e-01 9.104589999999999961e+00 0.000000000000000000e+00
1.580000000000000000e+02 6.640599999999999836e-01 1.124239000000000033e+01 0.000000000000000000e+00
1.590000000000000000e+02 9.397400000000000198e-01 1.336613999999999969e+01 0.000000000000000000e+00
1.600000000000000000e+02 1.302659999999999929e+00 1.548971000000000053e+01 0.000000000000000000e+00
1.610000000000000000e+02 -3.791800000000000170e-01 1.678884000000000043e+01 0.000000000000000000e+00
1.620000000000000000e+02 2.396500000000000075e+00 -1.679304000000000130e+01 0.000000000000000000e+00
1.630000000000000000e+02 3.775929999999999787e+00 -1.527059999999999995e+01 0.000000000000000000e+00
1.640000000000000000e+02 1.722599999999999909e+00 -1.482981000000000016e+01 0.000000000000000000e+00
1.650000000000000000e+02 1.884039999999999937e+00 -9.229660000000000863e+00 0.000000000000000000e+00
1.660000000000000000e+02 1.180860000000000021e+00 -7.226650000000000240e+00 0.000000000000000000e+00
1.670000000000000000e+02 2.588979999999999837e+00 -5.628379999999999939e+00 0.000000000000000000e+00
1.680000000000000000e+02 1.927990000000000093e+00 -3.608729999999999993e+00 0.000000000000000000e+00
1.690000000000000000e+02 1.293230000000000102e+00 -1.645729999999999915e+00 0.000000000000000000e+00
1.700000000000000000e+02 2.332419999999999938e+00 1.409400000000000097e-01 0.000000000000000000e+00
1.710000000000000000e+02 2.746579999999999799e+00 2.180820000000000203e+00 0.000000000000000000e+00
1.720000000000000000e+02 3.164820000000000189e+00 4.355400000000000382e+00 0.000000000000000000e+00
1.730000000000000000e+02 3.515849999999999920e+00 6.503120000000000012e+00 0.000000000000000000e+00
1.740000000000000000e+02 1.837609999999999966e+00 7.796700000000000408e+00 0.000000000000000000e+00
1.750000000000000000e+02 2.228639999999999954e+00 9.881410000000000693e+00 0.000000000000000000e+00
1.760000000000000000e+02 2.598349999999999937e+00 1.198406999999999911e+01 0.000000000000000000e+00
1.770000000000000000e+02 2.949019999999999975e+00 1.406681999999999988e+01 0.000000000000000000e+00
1.780000000000000000e+02 1.505749999999999922e+00 1.764271000000000100e+01 0.000000000000000000e+00
1.790000000000000000e+02 -1.354400000000000048e-01 1.903566999999999965e+01 0.000000000000000000e+00
1.800000000000000000e+02 8.578599999999999559e-01 -1.843731999999999971e+01 0.000000000000000000e+00
1.810000000000000000e+02 3.113189999999999902e+00 -1.324727000000000032e+01 0.000000000000000000e+00
1.820000000000000000e+02 2.563600000000000101e+00 -1.122818999999999967e+01 0.000000000000000000e+00
1.830000000000000000e+02 3.902680000000000149e+00 -9.656850000000000378e+00 0.000000000000000000e+00
1.840000000000000000e+02 3.243920000000000137e+00 -7.581500000000000128e+00 0.000000000000000000e+00
1.850000000000000000e+02 4.636860000000000426e+00 -5.960340000000000416e+00 0.000000000000000000e+00
1.860000000000000000e+02 4.004360000000000142e+00 -3.873279999999999834e+00 0.000000000000000000e+00
1.870000000000000000e+02 3.382960000000000189e+00 -1.782419999999999893e+00 0.000000000000000000e+00
1.880000000000000000e+02 4.361259999999999692e+00 8.515700000000000491e-01 0.000000000000000000e+00
1.890000000000000000e+02 4.735769999999999591e+00 2.972319999999999851e+00 0.000000000000000000e+00
1.900000000000000000e+02 5.095710000000000406e+00 5.100349999999999717e+00 0.000000000000000000e+00
1.910000000000000000e+02 5.556350000000000122e+00 7.146829999999999572e+00 0.000000000000000000e+00
1.920000000000000000e+02 3.878929999999999989e+00 8.557100000000000151e+00 0.000000000000000000e+00
1.930000000000000000e+02 4.233450000000000379e+00 1.066713999999999984e+01 0.000000000000000000e+00
1.940000000000000000e+02 4.643950000000000244e+00 1.268619999999999948e+01 0.000000000000000000e+00
1.950000000000000000e+02 5.059739999999999682e+00 1.492431999999999981e+01 0.000000000000000000e+00
1.960000000000000000e+02 3.423280000000000101e+00 1.619377000000000066e+01 0.000000000000000000e+00
1.970000000000000000e+02 1.945100000000000051e+00 1.972065999999999875e+01 0.000000000000000000e+00
1.980000000000000000e+02 3.002439999999999998e+00 -1.912370999999999910e+01 0.000000000000000000e+00
1.990000000000000000e+02 5.277960000000000207e+00 -1.366053999999999924e+01 0.000000000000000000e+00
2.000000000000000000e+02 4.654499999999999638e+00 -1.167558000000000007e+01 0.000000000000000000e+00
2.010000000000000000e+02 5.957360000000000433e+00 -1.004812000000000083e+01 0.000000000000000000e+00
2.020000000000000000e+02 5.319639999999999702e+00 -8.031169999999999476e+00 0.000000000000000000e+00
2.030000000000000000e+02 6.641829999999999679e+00 -6.446659999999999613e+00 0.000000000000000000e+00
2.040000000000000000e+02 6.030230000000000423e+00 -4.426389999999999603e+00 0.000000000000000000e+00
2.050000000000000000e+02 5.493999999999999773e+00 -2.393969999999999931e+00 0.000000000000000000e+00
2.060000000000000000e+02 5.999010000000000176e+00 -3.897399999999999753e-01 0.000000000000000000e+00
2.070000000000000000e+02 6.362000000000000099e+00 1.660139999999999949e+00 0.000000000000000000e+00
2.080000000000000000e+02 6.796149999999999913e+00 3.683149999999999924e+00 0.000000000000000000e+00
2.090000000000000000e+02 7.136099999999999888e+00 5.766829999999999679e+00 0.000000000000000000e+00
2.100000000000000000e+02 7.608150000000000190e+00 7.945350000000000357e+00 0.000000000000000000e+00
2.110000000000000000e+02 5.951480000000000103e+00 9.279560000000000031e+00 0.000000000000000000e+00
2.120000000000000000e+02 6.247580000000000133e+00 1.132970000000000077e+01 0.000000000000000000e+00
2.130000000000000000e+02 6.657130000000000436e+00 1.339120999999999917e+01 0.000000000000000000e+00
2.140000000000000000e+02 5.371710000000000207e+00 1.697025999999999968e+01 0.000000000000000000e+00
2.150000000000000000e+02 3.550110000000000099e+00 1.829746000000000095e+01 0.000000000000000000e+00
2.160000000000000000e+02 5.993039999999999701e+00 -1.576458000000000048e+01 0.000000000000000000e+00
2.170000000000000000e+02 7.387150000000000105e+00 -1.408132999999999946e+01 0.000000000000000000e+00
2.180000000000000000e+02 6.774770000000000181e+00 -1.205992999999999959e+01 0.000000000000000000e+00
2.190000000000000000e+02 9.675300000000000011e+00 -8.780409999999999826e+00 0.000000000000000000e+00
2.200000000000000000e+02 7.508479999999999599e+00 -8.421079999999999899e+00 0.000000000000000000e+00
2.210000000000000000e+02 8.844459999999999766e+00 -6.852719999999999700e+00 0.000000000000000000e+00
2.220000000000000000e+02 8.065789999999999793e+00 -4.927100000000000257e+00 0.000000000000000000e+00
2.230000000000000000e+02 7.491469999999999629e+00 -1.880730000000000013e+00 0.000000000000000000e+00
2.240000000000000000e+02 7.985000000000000320e+00 2.838399999999999812e-01 0.000000000000000000e+00
2.250000000000000000e+02 8.392459999999999809e+00 2.336599999999999788e+00 0.000000000000000000e+00
2.260000000000000000e+02 1.034956000000000031e+01 3.031880000000000130e+00 0.000000000000000000e+00
2.270000000000000000e+02 8.740109999999999602e+00 4.434720000000000439e+00 0.000000000000000000e+00
2.280000000000000000e+02 9.155239999999999156e+00 6.496159999999999712e+00 0.000000000000000000e+00
2.290000000000000000e+02 8.078649999999999665e+00 1.006259999999999977e+01 0.000000000000000000e+00
2.300000000000000000e+02 8.368019999999999570e+00 1.210654000000000075e+01 0.000000000000000000e+00
2.310000000000000000e+02 8.756000000000000227e+00 1.414983999999999931e+01 0.000000000000000000e+00
2.320000000000000000e+02 7.111580000000000013e+00 1.564367999999999981e+01 0.000000000000000000e+00
2.330000000000000000e+02 4.321760000000000268e+00 2.026839999999999975e+01 0.000000000000000000e+00
2.340000000000000000e+02 4.484530000000000349e+00 -1.727896000000000143e+01 0.000000000000000000e+00
2.350000000000000000e+02 8.152329999999999188e+00 -1.608171000000000106e+01 0.000000000000000000e+00
2.360000000000000000e+02 8.194539999999999935e+00 -1.041252000000000066e+01 0.000000000000000000e+00
2.370000000000000000e+02 1.025684000000000040e+01 -1.079574999999999996e+01 0.000000000000000000e+00
2.380000000000000000e+02 1.184951000000000043e+01 -8.658210000000000406e+00 0.000000000000000000e+00
2.390000000000000000e+02 1.092989000000000033e+01 -6.756059999999999732e+00 0.000000000000000000e+00
2.400000000000000000e+02 1.072169000000000061e+01 -4.668759999999999799e+00 0.000000000000000000e+00
2.410000000000000000e+02 9.180870000000000530e+00 -3.187699999999999978e+00 0.000000000000000000e+00
2.420000000000000000e+02 9.586959999999999482e+00 -1.134319999999999995e+00 0.000000000000000000e+00
2.430000000000000000e+02 9.987830000000000652e+00 1.000799999999999912e+00 0.000000000000000000e+00
2.440000000000000000e+02 1.243219999999999992e+01 3.749120000000000008e+00 0.000000000000000000e+00
2.450000000000000000e+02 1.080654000000000003e+01 5.099249999999999616e+00 0.000000000000000000e+00
2.460000000000000000e+02 9.677960000000000562e+00 8.660780000000000811e+00 0.000000000000000000e+00
2.470000000000000000e+02 1.126772000000000062e+01 7.127180000000000071e+00 0.000000000000000000e+00
2.480000000000000000e+02 1.010008000000000017e+01 1.069619999999999926e+01 0.000000000000000000e+00
2.490000000000000000e+02 1.042453000000000074e+01 1.285934999999999917e+01 0.000000000000000000e+00
2.500000000000000000e+02 7.816300000000000026e+00 1.785088999999999970e+01 0.000000000000000000e+00
2.510000000000000000e+02 6.018430000000000391e+00 1.894181000000000026e+01 0.000000000000000000e+00
2.520000000000000000e+02 6.549430000000000085e+00 -1.778685000000000116e+01 0.000000000000000000e+00
2.530000000000000000e+02 8.825419999999999376e+00 -1.240476999999999919e+01 0.000000000000000000e+00
2.540000000000000000e+02 1.103205999999999953e+01 -1.283604000000000056e+01 0.000000000000000000e+00
2.550000000000000000e+02 1.389480000000000004e+01 -9.052929999999999922e+00 0.000000000000000000e+00
2.560000000000000000e+02 1.308954999999999913e+01 -6.966450000000000031e+00 0.000000000000000000e+00
2.570000000000000000e+02 1.441952999999999996e+01 -5.317510000000000403e+00 0.000000000000000000e+00
2.580000000000000000e+02 1.278904999999999959e+01 -3.994689999999999852e+00 0.000000000000000000e+00
2.590000000000000000e+02 1.122193000000000040e+01 -2.505500000000000060e+00 0.000000000000000000e+00
2.600000000000000000e+02 1.155216000000000065e+01 -4.120699999999999918e-01 0.000000000000000000e+00
2.610000000000000000e+02 1.198887999999999998e+01 1.607629999999999892e+00 0.000000000000000000e+00
2.620000000000000000e+02 1.410729000000000077e+01 2.335960000000000036e+00 0.000000000000000000e+00
2.630000000000000000e+02 1.449928000000000061e+01 4.385539999999999772e+00 0.000000000000000000e+00
2.640000000000000000e+02 1.292272999999999961e+01 5.785929999999999573e+00 0.000000000000000000e+00
2.650000000000000000e+02 1.492932000000000059e+01 6.467699999999999783e+00 0.000000000000000000e+00
2.660000000000000000e+02 1.166591999999999985e+01 9.276669999999999305e+00 0.000000000000000000e+00
2.670000000000000000e+02 1.216299000000000063e+01 1.162451000000000079e+01 0.000000000000000000e+00
2.680000000000000000e+02 1.076779999999999937e+01 1.493679999999999986e+01 0.000000000000000000e+00
2.690000000000000000e+02 9.259069999999999467e+00 1.635510000000000019e+01 0.000000000000000000e+00
2.700000000000000000e+02 9.711009999999999920e+00 -1.444683999999999990e+01 0.000000000000000000e+00
2.710000000000000000e+02 1.216000000000000014e+01 -1.486928999999999945e+01 0.000000000000000000e+00
2.720000000000000000e+02 1.238073999999999941e+01 -1.085256000000000043e+01 0.000000000000000000e+00
2.730000000000000000e+02 1.595543999999999940e+01 -9.579129999999999256e+00 0.000000000000000000e+00
2.740000000000000000e+02 1.533724999999999916e+01 -7.537110000000000198e+00 0.000000000000000000e+00
2.750000000000000000e+02 1.649013000000000062e+01 -5.592929999999999957e+00 0.000000000000000000e+00
2.760000000000000000e+02 1.497328000000000081e+01 -3.288940000000000197e+00 0.000000000000000000e+00
2.770000000000000000e+02 1.329204999999999970e+01 -1.920309999999999961e+00 0.000000000000000000e+00
2.780000000000000000e+02 1.536631999999999998e+01 -1.266259999999999941e+00 0.000000000000000000e+00
2.790000000000000000e+02 1.374374000000000073e+01 1.071499999999999952e-01 0.000000000000000000e+00
2.800000000000000000e+02 1.812366000000000099e+01 3.709290000000000198e+00 0.000000000000000000e+00
2.810000000000000000e+02 1.608160000000000167e+01 2.970720000000000027e+00 0.000000000000000000e+00
2.820000000000000000e+02 1.701235000000000142e+01 7.064020000000000188e+00 0.000000000000000000e+00
2.830000000000000000e+02 1.557775999999999961e+01 8.610129999999999839e+00 0.000000000000000000e+00
2.840000000000000000e+02 1.341663999999999923e+01 7.973309999999999675e+00 0.000000000000000000e+00
2.850000000000000000e+02 1.360929999999999929e+01 1.004654000000000025e+01 0.000000000000000000e+00
2.860000000000000000e+02 1.411115000000000030e+01 1.231516000000000055e+01 0.000000000000000000e+00
2.870000000000000000e+02 1.259782000000000046e+01 1.375520000000000032e+01 0.000000000000000000e+00
2.880000000000000000e+02 1.062902000000000058e+01 -1.633735000000000070e+01 0.000000000000000000e+00
2.890000000000000000e+02 1.345700000000000074e+01 -1.307198999999999955e+01 0.000000000000000000e+00
2.900000000000000000e+02 1.460795000000000066e+01 -1.135422999999999938e+01 0.000000000000000000e+00
2.910000000000000000e+02 1.737691999999999837e+01 -7.924549999999999983e+00 0.000000000000000000e+00
2.920000000000000000e+02 1.841983000000000104e+01 -4.765659999999999563e+00 0.000000000000000000e+00
2.930000000000000000e+02 1.898054000000000130e+01 -2.067379999999999995e+00 0.000000000000000000e+00
2.940000000000000000e+02 1.730187000000000097e+01 -5.328699999999999548e-01 0.000000000000000000e+00
2.950000000000000000e+02 1.697454000000000107e+01 -2.640460000000000029e+00 0.000000000000000000e+00
2.960000000000000000e+02 1.763721999999999923e+01 1.569830000000000059e+00 0.000000000000000000e+00
2.970000000000000000e+02 1.565990000000000038e+01 8.846600000000000019e-01 0.000000000000000000e+00
2.980000000000000000e+02 1.963564999999999827e+01 3.244799999999999907e-01 0.000000000000000000e+00
2.990000000000000000e+02 1.646299000000000134e+01 5.033369999999999678e+00 0.000000000000000000e+00
