0.000000000000000000e+00 -1.277548999999999957e+01 -1.545289999999999964e+01 0.000000000000000000e+00
1.000000000000000000e+00 -1.530938000000000088e+01 -1.057049999999999912e+01 0.000000000000000000e+00
2.000000000000000000e+00 -1.688850000000000051e+01 -9.140879999999999228e+00 0.000000000000000000e+00
3.000000000000000000e+00 -1.789536999999999978e+01 -5.433200000000000252e+00 0.000000000000000000e+00
4.000000000000000000e+00 -1.638586000000000098e+01 -7.067700000000000315e+00 0.000000000000000000e+00
5.000000000000000000e+00 -1.879587000000000074e+01 -7.624300000000000521e-01 0.000000000000000000e+00
6.000000000000000000e+00 -1.739924999999999855e+01 -3.397990000000000066e+00 0.000000000000000000e+00
7.000000000000000000e+00 -1.671912999999999982e+01 -1.048570000000000002e+00 0.000000000000000000e+00
8.000000000000000000e+00 -1.599488999999999983e+01 9.311899999999999622e-01 0.000000000000000000e+00
9.000000000000000000e+00 -1.797929999999999851e+01 2.497310000000000141e+00 0.000000000000000000e+00
1.000000000000000000e+01 -1.554735999999999940e+01 2.981720000000000148e+00 0.000000000000000000e+00
1.100000000000000000e+01 -1.699737999999999971e+01 4.520389999999999908e+00 0.000000000000000000e+00
1.200000000000000000e+01 -1.444516999999999918e+01 7.181160000000000210e+00 0.000000000000000000e+00
1.300000000000000000e+01 -1.646066000000000074e+01 6.577189999999999870e+00 0.000000000000000000e+00
1.400000000000000000e+01 -1.590385999999999989e+01 8.649390000000000356e+00 0.000000000000000000e+00
1.500000000000000000e+01 -1.538697999999999944e+01 1.079926999999999992e+01 0.000000000000000000e+00
1.600000000000000000e+01 -1.513307999999999964e+01 1.292751999999999946e+01 0.000000000000000000e+00
1.700000000000000000e+01 -1.223230000000000040e+01 1.545101999999999975e+01 0.000000000000000000e+00
1.800000000000000000e+01 -1.218238000000000021e+01 -1.340742000000000012e+01 0.000000000000000000e+00
1.900000000000000000e+01 -1.396372000000000035e+01 -1.230066000000000059e+01 0.000000000000000000e+00
2.000000000000000000e+01 -1.326341999999999999e+01 -9.923640000000000683e+00 0.000000000000000000e+00
2.100000000000000000e+01 -1.471862999999999921e+01 -8.449450000000000571e+00 0.000000000000000000e+00
2.200000000000000000e+01 -1.419876999999999967e+01 -6.041339999999999932e+00 0.000000000000000000e+00
2.300000000000000000e+01 -1.575421000000000049e+01 -4.630419999999999980e+00 0.000000000000000000e+00
2.400000000000000000e+01 -1.365169000000000032e+01 -4.048729999999999940e+00 0.000000000000000000e+00
2.500000000000000000e+01 -1.515456000000000003e+01 -2.601630000000000109e+00 0.000000000000000000e+00
2.600000000000000000e+01 -1.452528000000000041e+01 -5.462299999999999933e-01 0.000000000000000000e+00
2.700000000000000000e+01 -1.400149000000000044e+01 1.579420000000000046e+00 0.000000000000000000e+00
2.800000000000000000e+01 -1.338850000000000051e+01 3.578209999999999891e+00 0.000000000000000000e+00
2.900000000000000000e+01 -1.490229000000000070e+01 4.982109999999999594e+00 0.000000000000000000e+00
3.000000000000000000e+01 -1.293280999999999992e+01 5.738800000000000345e+00 0.000000000000000000e+00
3.100000000000000000e+01 -1.233919999999999995e+01 7.716719999999999580e+00 0.000000000000000000e+00
3.200000000000000000e+01 -1.388652000000000086e+01 9.251459999999999795e+00 0.000000000000000000e+00
3.300000000000000000e+01 -1.319941999999999993e+01 1.119183999999999912e+01 0.000000000000000000e+00
3.400000000000000000e+01 -1.301570000000000071e+01 1.332211000000000034e+01 0.000000000000000000e+00
3.500000000000000000e+01 -1.030960999999999927e+01 1.625592999999999932e+01 0.000000000000000000e+00
3.600000000000000000e+01 -1.050256000000000078e+01 -1.479030000000000022e+01 0.000000000000000000e+00
3.700000000000000000e+01 -1.006494999999999962e+01 -1.277459999999999951e+01 0.000000000000000000e+00
3.800000000000000000e+01 -1.167620999999999931e+01 -1.123800999999999917e+01 0.000000000000000000e+00
3.900000000000000000e+01 -1.118992000000000075e+01 -9.164170000000000371e+00 0.000000000000000000e+00
4.000000000000000000e+01 -1.269410000000000061e+01 -7.638119999999999798e+00 0.000000000000000000e+00
4.100000000000000000e+01 -1.219572999999999929e+01 -5.559289999999999843e+00 0.000000000000000000e+00
4.200000000000000000e+01 -1.164039000000000001e+01 -3.573269999999999946e+00 0.000000000000000000e+00
4.300000000000000000e+01 -1.309703000000000017e+01 -2.065170000000000172e+00 0.000000000000000000e+00
4.400000000000000000e+01 -1.108291000000000004e+01 -1.500869999999999926e+00 0.000000000000000000e+00
4.500000000000000000e+01 -1.252727999999999930e+01 8.831999999999999573e-02 0.000000000000000000e+00
4.600000000000000000e+01 -1.186430000000000007e+01 2.059169999999999945e+00 0.000000000000000000e+00
4.700000000000000000e+01 -1.132184999999999953e+01 4.154029999999999667e+00 0.000000000000000000e+00
4.800000000000000000e+01 -1.074755000000000038e+01 6.211570000000000036e+00 0.000000000000000000e+00
4.900000000000000000e+01 -1.028858999999999924e+01 8.253709999999999880e+00 0.000000000000000000e+00
5.000000000000000000e+01 -1.175392000000000081e+01 9.724780000000000868e+00 0.000000000000000000e+00
5.100000000000000000e+01 -1.108466999999999913e+01 1.186707999999999963e+01 0.000000000000000000e+00
5.200000000000000000e+01 -1.072763999999999918e+01 1.399319999999999986e+01 0.000000000000000000e+00
5.300000000000000000e+01 -7.882839999999999847e+00 1.640984999999999872e+01 0.000000000000000000e+00
5.400000000000000000e+01 -9.103329999999999700e+00 -1.640540999999999983e+01 0.000000000000000000e+00
5.500000000000000000e+01 -8.530350000000000321e+00 -1.416844000000000037e+01 0.000000000000000000e+00
5.600000000000000000e+01 -8.074030000000000484e+00 -1.211595999999999940e+01 0.000000000000000000e+00
5.700000000000000000e+01 -9.651479999999999393e+00 -1.065671000000000035e+01 0.000000000000000000e+00
5.800000000000000000e+01 -9.163420000000000343e+00 -8.582929999999999282e+00 0.000000000000000000e+00
5.900000000000000000e+01 -1.062046999999999919e+01 -7.111550000000000260e+00 0.000000000000000000e+00
6.000000000000000000e+01 -1.007347999999999999e+01 -5.024420000000000108e+00 0.000000000000000000e+00
6.100000000000000000e+01 -9.610929999999999751e+00 -2.997450000000000170e+00 0.000000000000000000e+00
6.200000000000000000e+01 -8.888799999999999812e+00 -1.043509999999999938e+00 0.000000000000000000e+00
6.300000000000000000e+01 -1.046199000000000012e+01 4.713200000000000167e-01 0.000000000000000000e+00
6.400000000000000000e+01 -9.846629999999999328e+00 2.523379999999999956e+00 0.000000000000000000e+00
6.500000000000000000e+01 -9.309409999999999741e+00 4.694480000000000430e+00 0.000000000000000000e+00
6.600000000000000000e+01 -8.722310000000000230e+00 6.679499999999999993e+00 0.000000000000000000e+00
6.700000000000000000e+01 -8.246629999999999683e+00 8.812910000000000466e+00 0.000000000000000000e+00
6.800000000000000000e+01 -9.643480000000000274e+00 1.037669999999999959e+01 0.000000000000000000e+00
6.900000000000000000e+01 -9.095829999999999416e+00 1.240437000000000012e+01 0.000000000000000000e+00
7.000000000000000000e+01 -8.539410000000000167e+00 1.440254000000000012e+01 0.000000000000000000e+00
7.100000000000000000e+01 -7.237969999999999793e+00 1.860585999999999984e+01 0.000000000000000000e+00
7.200000000000000000e+01 -7.314059999999999562e+00 -1.768870000000000076e+01 0.000000000000000000e+00
7.300000000000000000e+01 -7.031880000000000130e+00 -1.564495999999999931e+01 0.000000000000000000e+00
7.400000000000000000e+01 -6.486769999999999925e+00 -1.363324000000000069e+01 0.000000000000000000e+00
7.500000000000000000e+01 -6.082250000000000156e+00 -1.152739000000000047e+01 0.000000000000000000e+00
7.600000000000000000e+01 -7.641119999999999912e+00 -1.003259000000000079e+01 0.000000000000000000e+00
7.700000000000000000e+01 -8.630119999999999791e+00 -6.533559999999999590e+00 0.000000000000000000e+00
7.800000000000000000e+01 -8.044719999999999871e+00 -4.522369999999999557e+00 0.000000000000000000e+00
7.900000000000000000e+01 -7.407869999999999955e+00 -2.544770000000000199e+00 0.000000000000000000e+00
8.000000000000000000e+01 -6.915740000000000443e+00 -4.038100000000000023e-01 0.000000000000000000e+00
8.100000000000000000e+01 -8.461029999999999163e+00 9.901999999999999691e-01 0.000000000000000000e+00
8.200000000000000000e+01 -7.852310000000000123e+00 3.102360000000000007e+00 0.000000000000000000e+00
8.300000000000000000e+01 -7.261400000000000077e+00 5.162799999999999834e+00 0.000000000000000000e+00
8.400000000000000000e+01 -6.722019999999999662e+00 7.180749999999999744e+00 0.000000000000000000e+00
8.500000000000000000e+01 -6.143390000000000128e+00 9.202600000000000335e+00 0.000000000000000000e+00
8.600000000000000000e+01 -7.615529999999999688e+00 1.079401999999999973e+01 0.000000000000000000e+00
8.700000000000000000e+01 -7.074650000000000105e+00 1.284638999999999953e+01 0.000000000000000000e+00
8.800000000000000000e+01 -6.448839999999999684e+00 1.481775999999999982e+01 0.000000000000000000e+00
8.900000000000000000e+01 -5.813349999999999795e+00 1.701169000000000153e+01 0.000000000000000000e+00
9.000000000000000000e+01 -1.820759999999999934e+00 -1.810439999999999827e+01 0.000000000000000000e+00
9.100000000000000000e+01 -4.982549999999999812e+00 -1.852479999999999905e+01 0.000000000000000000e+00
9.200000000000000000e+01 -4.886689999999999756e+00 -1.510216999999999921e+01 0.000000000000000000e+00
9.300000000000000000e+01 -4.508000000000000007e+00 -1.292427999999999955e+01 0.000000000000000000e+00
9.400000000000000000e+01 -5.652009999999999756e+00 -9.470539999999999736e+00 0.000000000000000000e+00
9.500000000000000000e+01 -7.141090000000000160e+00 -7.973959999999999937e+00 0.000000000000000000e+00
9.600000000000000000e+01 -6.528349999999999653e+00 -5.939530000000000420e+00 0.000000000000000000e+00
9.700000000000000000e+01 -5.930889999999999773e+00 -3.965990000000000126e+00 0.000000000000000000e+00
9.800000000000000000e+01 -5.428980000000000139e+00 -1.840799999999999992e+00 0.000000000000000000e+00
9.900000000000000000e+01 -6.333610000000000184e+00 1.590219999999999967e+00 0.000000000000000000e+00
1.000000000000000000e+02 -5.789609999999999701e+00 3.655510000000000037e+00 0.000000000000000000e+00
1.010000000000000000e+02 -3.785579999999999945e+00 4.193030000000000257e+00 0.000000000000000000e+00
1.020000000000000000e+02 -5.255029999999999646e+00 5.652239999999999931e+00 0.000000000000000000e+00
1.030000000000000000e+02 -4.624710000000000321e+00 7.715650000000000119e+00 0.000000000000000000e+00
1.040000000000000000e+02 -5.547209999999999752e+00 1.119223999999999997e+01 0.000000000000000000e+00
1.050000000000000000e+02 -5.043569999999999887e+00 1.324954999999999927e+01 0.000000000000000000e+00
1.060000000000000000e+02 -4.223519999999999719e+00 1.562598999999999982e+01 0.000000000000000000e+00
1.070000000000000000e+02 -4.694119999999999848e+00 1.883220000000000027e+01 0.000000000000000000e+00
1.080000000000000000e+02 -3.553999999999999826e+00 -1.674553999999999832e+01 0.000000000000000000e+00
1.090000000000000000e+02 -2.927909999999999791e+00 -1.441810000000000080e+01 0.000000000000000000e+00
1.100000000000000000e+02 -2.484430000000000138e+00 -1.238175000000000026e+01 0.000000000000000000e+00
1.110000000000000000e+02 -4.080140000000000100e+00 -1.089126000000000083e+01 0.000000000000000000e+00
1.120000000000000000e+02 -3.505440000000000111e+00 -8.861200000000000188e+00 0.000000000000000000e+00
1.130000000000000000e+02 -5.002609999999999779e+00 -7.430830000000000268e+00 0.000000000000000000e+00
1.140000000000000000e+02 -4.451819999999999666e+00 -5.417460000000000164e+00 0.000000000000000000e+00
1.150000000000000000e+02 -3.951010000000000133e+00 -3.330579999999999874e+00 0.000000000000000000e+00
1.160000000000000000e+02 -3.290820000000000078e+00 -1.276790000000000092e+00 0.000000000000000000e+00
1.170000000000000000e+02 -4.791879999999999917e+00 1.869599999999999873e-01 0.000000000000000000e+00
1.180000000000000000e+02 -4.285680000000000156e+00 2.185610000000000053e+00 0.000000000000000000e+00
1.190000000000000000e+02 -1.716869999999999896e+00 4.735219999999999985e+00 0.000000000000000000e+00
1.200000000000000000e+02 -3.182389999999999830e+00 6.201629999999999754e+00 0.000000000000000000e+00
1.210000000000000000e+02 -2.612919999999999909e+00 8.223369999999999180e+00 0.000000000000000000e+00
1.220000000000000000e+02 -4.085110000000000241e+00 9.714019999999999655e+00 0.000000000000000000e+00
1.230000000000000000e+02 -3.549710000000000143e+00 1.176254999999999917e+01 0.000000000000000000e+00
1.240000000000000000e+02 -3.064770000000000216e+00 1.384037000000000006e+01 0.000000000000000000e+00
1.250000000000000000e+02 -2.905980000000000008e+00 1.754402999999999935e+01 0.000000000000000000e+00
1.260000000000000000e+02 1.594899999999999929e-01 -1.752798999999999907e+01 0.000000000000000000e+00
1.270000000000000000e+02 -1.408490000000000020e+00 -1.592830000000000013e+01 0.000000000000000000e+00
1.280000000000000000e+02 -7.718399999999999705e-01 -1.389911999999999992e+01 0.000000000000000000e+00
1.290000000000000000e+02 -2.042949999999999822e+00 -1.034421999999999997e+01 0.000000000000000000e+00
1.300000000000000000e+02 -1.497389999999999999e+00 -8.343840000000000146e+00 0.000000000000000000e+00
1.310000000000000000e+02 -2.940399999999999903e+00 -6.866209999999999702e+00 0.000000000000000000e+00
1.320000000000000000e+02 -2.412100000000000133e+00 -4.849929999999999630e+00 0.000000000000000000e+00
1.330000000000000000e+02 -1.863450000000000051e+00 -2.759310000000000151e+00 0.000000000000000000e+00
1.340000000000000000e+02 -1.276499999999999968e+00 -7.316500000000000226e-01 0.000000000000000000e+00
1.350000000000000000e+02 -2.803020000000000067e+00 7.385300000000000198e-01 0.000000000000000000e+00
1.360000000000000000e+02 -2.215170000000000083e+00 2.708509999999999973e+00 0.000000000000000000e+00
1.370000000000000000e+02 5.960699999999999887e-01 5.505440000000000111e+00 0.000000000000000000e+00
1.380000000000000000e+02 -1.116849999999999898e+00 6.792900000000000382e+00 0.000000000000000000e+00
1.390000000000000000e+02 4.648000000000000048e-02 9.539490000000000691e+00 0.000000000000000000e+00
1.400000000000000000e+02 -2.027919999999999945e+00 1.029920000000000080e+01 0.000000000000000000e+00
1.410000000000000000e+02 -9.945100000000000051e-01 1.371556999999999960e+01 0.000000000000000000e+00
1.420000000000000000e+02 -2.052669999999999995e+00 1.563986000000000054e+01 0.000000000000000000e+00
1.430000000000000000e+02 -1.456530000000000102e+00 1.903838000000000008e+01 0.000000000000000000e+00
1.440000000000000000e+02 -3.723400000000000043e-01 -1.959700000000000131e+01 0.000000000000000000e+00
1.450000000000000000e+02 6.633900000000000352e-01 -1.541057999999999950e+01 0.000000000000000000e+00
1.460000000000000000e+02 1.588850000000000096e+00 -1.350356000000000023e+01 0.000000000000000000e+00
1.470000000000000000e+02 -4.774700000000000055e-01 -1.183815000000000062e+01 0.000000000000000000e+00
1.480000000000000000e+02 2.363899999999999890e-01 -9.799920000000000186e+00 0.000000000000000000e+00
1.490000000000000000e+02 6.230900000000000327e-01 -7.704810000000000159e+00 0.000000000000000000e+00
1.500000000000000000e+02 -9.309899999999999842e-01 -6.335040000000000227e+00 0.000000000000000000e+00
1.510000000000000000e+02 -3.190200000000000258e-01 -4.336509999999999643e+00 0.000000000000000000e+00
1.520000000000000000e+02 2.092499999999999916e-01 -2.269239999999999924e+00 0.000000000000000000e+00
1.530000000000000000e+02 -6.448199999999999488e-01 1.245549999999999935e+00 0.000000000000000000e+00
1.540000000000000000e+02 -2.307899999999999952e-01 3.295809999999999906e+00 0.000000000000000000e+00
1.550000000000000000e+02 3.476929999999999854e+00 5.104750000000000121e+00 0.000000000000000000e+00
1.560000000000000000e+02 8.810799999999999743e-01 7.584159999999999791e+00 0.000000000000000000e+00
1.570000000000000000e+02 1.616389999999999993e+00 1.109163999999999994e+01 0.000000000000000000e+00
1.580000000000000000e+02 -4.227500000000000147e-01 1.167482000000000042e+01 0.000000000000000000e+00
1.590000000000000000e+02 4.312799999999999967e-01 1.522780000000000022e+01 0.000000000000000000e+00
1.600000000000000000e+02 -5.805700000000000305e-01 1.708088000000000051e+01 0.000000000000000000e+00
1.610000000000000000e+02 9.130300000000000082e-01 1.886211000000000126e+01 0.000000000000000000e+00
1.620000000000000000e+02 2.258729999999999905e+00 -1.887489000000000061e+01 0.000000000000000000e+00
1.630000000000000000e+02 2.217740000000000045e+00 -1.680707999999999913e+01 0.000000000000000000e+00
1.640000000000000000e+02 3.681620000000000115e+00 -1.411372000000000071e+01 0.000000000000000000e+00
1.650000000000000000e+02 1.575609999999999955e+00 -1.141740000000000066e+01 0.000000000000000000e+00
1.660000000000000000e+02 3.000000000000000000e+00 -9.905129999999999768e+00 0.000000000000000000e+00
1.670000000000000000e+02 2.732870000000000132e+00 -7.819980000000000153e+00 0.000000000000000000e+00
1.680000000000000000e+02 1.821800000000000086e+00 -5.841359999999999886e+00 0.000000000000000000e+00
1.690000000000000000e+02 1.666239999999999943e+00 -3.783959999999999990e+00 0.000000000000000000e+00
1.700000000000000000e+02 2.867789999999999839e+00 -4.175800000000000067e-01 0.000000000000000000e+00
1.710000000000000000e+02 8.150800000000000267e-01 -2.440799999999999914e-01 0.000000000000000000e+00
1.720000000000000000e+02 1.773439999999999905e+00 3.812790000000000123e+00 0.000000000000000000e+00
1.730000000000000000e+02 3.687199999999999811e+00 3.048420000000000130e+00 0.000000000000000000e+00
1.740000000000000000e+02 2.899210000000000065e+00 7.098889999999999922e+00 0.000000000000000000e+00
1.750000000000000000e+02 2.354140000000000121e+00 9.128619999999999735e+00 0.000000000000000000e+00
1.760000000000000000e+02 1.089879999999999960e+00 1.312729999999999997e+01 0.000000000000000000e+00
1.770000000000000000e+02 2.585550000000000015e+00 1.456579999999999941e+01 0.000000000000000000e+00
1.780000000000000000e+02 1.878959999999999964e+00 1.681145000000000067e+01 0.000000000000000000e+00
1.790000000000000000e+02 -2.842600000000000127e-01 2.077860000000000085e+01 0.000000000000000000e+00
1.800000000000000000e+02 4.619449999999999612e+00 -1.823986000000000018e+01 0.000000000000000000e+00
1.810000000000000000e+02 5.737339999999999662e+00 -1.478800000000000026e+01 0.000000000000000000e+00
1.820000000000000000e+02 3.567940000000000111e+00 -1.204067000000000043e+01 0.000000000000000000e+00
1.830000000000000000e+02 5.128800000000000026e+00 -1.062668999999999997e+01 0.000000000000000000e+00
1.840000000000000000e+02 4.664559999999999818e+00 -8.586779999999999191e+00 0.000000000000000000e+00
1.850000000000000000e+02 4.337080000000000268e+00 -6.517529999999999824e+00 0.000000000000000000e+00
1.860000000000000000e+02 3.677350000000000119e+00 -4.544719999999999871e+00 0.000000000000000000e+00
1.870000000000000000e+02 3.289270000000000138e+00 -2.465259999999999785e+00 0.000000000000000000e+00
1.880000000000000000e+02 4.386250000000000426e+00 1.014089999999999936e+00 0.000000000000000000e+00
1.890000000000000000e+02 1.968669999999999920e+00 1.497670000000000057e+00 0.000000000000000000e+00
1.900000000000000000e+02 5.491209999999999702e+00 4.552050000000000374e+00 0.000000000000000000e+00
1.910000000000000000e+02 4.908409999999999940e+00 6.599059999999999704e+00 0.000000000000000000e+00
1.920000000000000000e+02 4.375390000000000335e+00 8.602650000000000574e+00 0.000000000000000000e+00
1.930000000000000000e+02 3.812089999999999979e+00 1.061302000000000056e+01 0.000000000000000000e+00
1.940000000000000000e+02 3.100490000000000190e+00 1.255317999999999934e+01 0.000000000000000000e+00
1.950000000000000000e+02 4.737580000000000346e+00 1.417234999999999978e+01 0.000000000000000000e+00
1.960000000000000000e+02 4.059680000000000177e+00 1.621171000000000006e+01 0.000000000000000000e+00
1.970000000000000000e+02 3.411589999999999900e+00 1.822287000000000035e+01 0.000000000000000000e+00
1.980000000000000000e+02 4.183930000000000149e+00 -1.616086999999999918e+01 0.000000000000000000e+00
1.990000000000000000e+02 7.886339999999999684e+00 -1.546691000000000038e+01 0.000000000000000000e+00
2.000000000000000000e+02 5.581500000000000128e+00 -1.273825000000000074e+01 0.000000000000000000e+00
2.010000000000000000e+02 6.711179999999999701e+00 -9.237949999999999662e+00 0.000000000000000000e+00
2.020000000000000000e+02 6.350500000000000256e+00 -7.118019999999999570e+00 0.000000000000000000e+00
2.030000000000000000e+02 5.869489999999999874e+00 -5.108450000000000379e+00 0.000000000000000000e+00
2.040000000000000000e+02 5.279289999999999594e+00 -3.138389999999999791e+00 0.000000000000000000e+00
2.050000000000000000e+02 4.924990000000000201e+00 -1.030250000000000110e+00 0.000000000000000000e+00
2.060000000000000000e+02 6.394339999999999691e+00 4.191400000000000126e-01 0.000000000000000000e+00
2.070000000000000000e+02 5.950429999999999886e+00 2.541049999999999809e+00 0.000000000000000000e+00
2.080000000000000000e+02 7.486810000000000187e+00 3.915820000000000078e+00 0.000000000000000000e+00
2.090000000000000000e+02 6.975369999999999848e+00 5.984740000000000393e+00 0.000000000000000000e+00
2.100000000000000000e+02 6.431779999999999831e+00 7.981609999999999872e+00 0.000000000000000000e+00
2.110000000000000000e+02 5.894050000000000011e+00 1.005902000000000029e+01 0.000000000000000000e+00
2.120000000000000000e+02 5.298210000000000086e+00 1.215723999999999982e+01 0.000000000000000000e+00
2.130000000000000000e+02 6.759629999999999583e+00 1.369258999999999915e+01 0.000000000000000000e+00
2.140000000000000000e+02 6.095749999999999780e+00 1.578152000000000044e+01 0.000000000000000000e+00
2.150000000000000000e+02 5.651089999999999947e+00 1.781114000000000175e+01 0.000000000000000000e+00
2.160000000000000000e+02 8.305690000000000239e+00 -1.761880000000000024e+01 0.000000000000000000e+00
2.170000000000000000e+02 7.534329999999999750e+00 -1.341932000000000080e+01 0.000000000000000000e+00
2.180000000000000000e+02 7.187170000000000059e+00 -1.132304000000000066e+01 0.000000000000000000e+00
2.190000000000000000e+02 8.287399999999999878e+00 -7.855599999999999916e+00 0.000000000000000000e+00
2.200000000000000000e+02 7.888080000000000425e+00 -5.692029999999999923e+00 0.000000000000000000e+00
2.210000000000000000e+02 9.424950000000000827e+00 -4.307520000000000238e+00 0.000000000000000000e+00
2.220000000000000000e+02 7.389509999999999579e+00 -3.632159999999999833e+00 0.000000000000000000e+00
2.230000000000000000e+02 6.919850000000000279e+00 -1.608989999999999920e+00 0.000000000000000000e+00
2.240000000000000000e+02 8.444419999999999149e+00 -1.674599999999999977e-01 0.000000000000000000e+00
2.250000000000000000e+02 7.922900000000000276e+00 1.856749999999999901e+00 0.000000000000000000e+00
2.260000000000000000e+02 9.470579999999999998e+00 3.288060000000000205e+00 0.000000000000000000e+00
2.270000000000000000e+02 8.996219999999999217e+00 5.337869999999999671e+00 0.000000000000000000e+00
2.280000000000000000e+02 8.462400000000000588e+00 7.409150000000000347e+00 0.000000000000000000e+00
2.290000000000000000e+02 7.935340000000000060e+00 9.456009999999999138e+00 0.000000000000000000e+00
2.300000000000000000e+02 7.382649999999999935e+00 1.149757999999999925e+01 0.000000000000000000e+00
2.310000000000000000e+02 8.805569999999999453e+00 1.320919999999999916e+01 0.000000000000000000e+00
2.320000000000000000e+02 8.181050000000000821e+00 1.524091999999999913e+01 0.000000000000000000e+00
2.330000000000000000e+02 7.690010000000000012e+00 1.730049999999999955e+01 0.000000000000000000e+00
2.340000000000000000e+02 6.250259999999999927e+00 -1.680249999999999844e+01 0.000000000000000000e+00
2.350000000000000000e+02 9.545249999999999346e+00 -1.400219000000000058e+01 0.000000000000000000e+00
2.360000000000000000e+02 8.698729999999999407e+00 -9.890129999999999200e+00 0.000000000000000000e+00
2.370000000000000000e+02 1.037925000000000075e+01 -8.429190000000000182e+00 0.000000000000000000e+00
2.380000000000000000e+02 9.869910000000000849e+00 -6.412759999999999572e+00 0.000000000000000000e+00
2.390000000000000000e+02 1.143111999999999995e+01 -5.017159999999999620e+00 0.000000000000000000e+00
2.400000000000000000e+02 1.090440000000000076e+01 -2.845600000000000129e+00 0.000000000000000000e+00
2.410000000000000000e+02 8.942230000000000345e+00 -2.195689999999999920e+00 0.000000000000000000e+00
2.420000000000000000e+02 1.049826000000000015e+01 -8.063399999999999457e-01 0.000000000000000000e+00
2.430000000000000000e+02 1.000506999999999991e+01 1.281570000000000098e+00 0.000000000000000000e+00
2.440000000000000000e+02 1.150244999999999962e+01 2.718500000000000139e+00 0.000000000000000000e+00
2.450000000000000000e+02 1.098920999999999992e+01 4.792340000000000266e+00 0.000000000000000000e+00
2.460000000000000000e+02 1.047151000000000032e+01 6.850869999999999571e+00 0.000000000000000000e+00
2.470000000000000000e+02 9.975780000000000314e+00 8.924749999999999517e+00 0.000000000000000000e+00
2.480000000000000000e+02 9.435670000000000002e+00 1.103569000000000067e+01 0.000000000000000000e+00
2.490000000000000000e+02 1.093110000000000070e+01 1.257328000000000046e+01 0.000000000000000000e+00
2.500000000000000000e+02 1.036997999999999998e+01 1.463157999999999959e+01 0.000000000000000000e+00
2.510000000000000000e+02 9.733969999999999345e+00 1.662227999999999994e+01 0.000000000000000000e+00
2.520000000000000000e+02 9.998599999999999710e+00 -1.608656999999999826e+01 0.000000000000000000e+00
2.530000000000000000e+02 9.189049999999999940e+00 -1.192943999999999960e+01 0.000000000000000000e+00
2.540000000000000000e+02 1.075139000000000067e+01 -1.052515999999999963e+01 0.000000000000000000e+00
2.550000000000000000e+02 1.235149999999999970e+01 -9.201460000000000861e+00 0.000000000000000000e+00
2.560000000000000000e+02 1.204836000000000062e+01 -7.046909999999999563e+00 0.000000000000000000e+00
2.570000000000000000e+02 1.351371999999999929e+01 -5.600060000000000038e+00 0.000000000000000000e+00
2.580000000000000000e+02 1.298140000000000072e+01 -3.582399999999999807e+00 0.000000000000000000e+00
2.590000000000000000e+02 1.253097999999999956e+01 -1.382609999999999895e+00 0.000000000000000000e+00
2.600000000000000000e+02 1.413103000000000087e+01 2.548999999999999877e-02 0.000000000000000000e+00
2.610000000000000000e+02 1.203377000000000052e+01 6.171299999999999564e-01 0.000000000000000000e+00
2.620000000000000000e+02 1.347494999999999976e+01 2.108470000000000066e+00 0.000000000000000000e+00
2.630000000000000000e+02 1.299601999999999968e+01 4.198970000000000091e+00 0.000000000000000000e+00
2.640000000000000000e+02 1.255226000000000042e+01 6.223379999999999690e+00 0.000000000000000000e+00
2.650000000000000000e+02 1.198934999999999995e+01 8.344879999999999853e+00 0.000000000000000000e+00
2.660000000000000000e+02 1.141878999999999955e+01 1.042656000000000027e+01 0.000000000000000000e+00
2.670000000000000000e+02 1.347358999999999973e+01 9.913109999999999644e+00 0.000000000000000000e+00
2.680000000000000000e+02 1.300561000000000078e+01 1.207629000000000019e+01 0.000000000000000000e+00
2.690000000000000000e+02 1.240887000000000029e+01 1.411702000000000012e+01 0.000000000000000000e+00
2.700000000000000000e+02 1.153683999999999976e+01 -1.467681999999999931e+01 0.000000000000000000e+00
2.710000000000000000e+02 1.116578999999999944e+01 -1.264873000000000047e+01 0.000000000000000000e+00
2.720000000000000000e+02 1.275093999999999994e+01 -1.121984999999999921e+01 0.000000000000000000e+00
2.730000000000000000e+02 1.408235999999999954e+01 -7.666559999999999597e+00 0.000000000000000000e+00
2.740000000000000000e+02 1.582159000000000049e+01 -6.362309999999999910e+00 0.000000000000000000e+00
2.750000000000000000e+02 1.715045999999999893e+01 -4.708050000000000068e+00 0.000000000000000000e+00
2.760000000000000000e+02 1.509318999999999988e+01 -4.133569999999999744e+00 0.000000000000000000e+00
2.770000000000000000e+02 1.464011999999999958e+01 -2.080550000000000122e+00 0.000000000000000000e+00
2.780000000000000000e+02 1.621224000000000132e+01 -5.828799999999999537e-01 0.000000000000000000e+00
2.790000000000000000e+02 1.569231000000000087e+01 1.443740000000000023e+00 0.000000000000000000e+00
2.800000000000000000e+02 1.496331999999999951e+01 3.529220000000000024e+00 0.000000000000000000e+00
2.810000000000000000e+02 1.452937999999999974e+01 5.643609999999999793e+00 0.000000000000000000e+00
2.820000000000000000e+02 1.596977000000000046e+01 7.224739999999999718e+00 0.000000000000000000e+00
2.830000000000000000e+02 1.855095000000000027e+01 4.592019999999999769e+00 0.000000000000000000e+00
2.840000000000000000e+02 1.398889999999999922e+01 7.854449999999999932e+00 0.000000000000000000e+00
2.850000000000000000e+02 1.639200999999999908e+01 9.459030000000000271e+00 0.000000000000000000e+00
2.860000000000000000e+02 1.510265000000000057e+01 1.135698999999999970e+01 0.000000000000000000e+00
2.870000000000000000e+02 1.472857999999999912e+01 1.351772000000000062e+01 0.000000000000000000e+00
2.880000000000000000e+02 1.311785000000000068e+01 -1.333192000000000021e+01 0.000000000000000000e+00
2.890000000000000000e+02 1.486153999999999975e+01 -1.202258999999999922e+01 0.000000000000000000e+00
2.900000000000000000e+02 1.434567999999999977e+01 -9.819950000000000401e+00 0.000000000000000000e+00
2.910000000000000000e+02 1.620399000000000100e+01 -8.490650000000000475e+00 0.000000000000000000e+00
2.920000000000000000e+02 1.786877000000000137e+01 -7.022420000000000329e+00 0.000000000000000000e+00
2.930000000000000000e+02 1.896210999999999913e+01 -3.581910000000000149e+00 0.000000000000000000e+00
2.940000000000000000e+02 1.843440999999999974e+01 -1.109690000000000065e+00 0.000000000000000000e+00
2.950000000000000000e+02 1.685406000000000049e+01 -2.585300000000000153e+00 0.000000000000000000e+00
2.960000000000000000e+02 1.769932000000000016e+01 9.086100000000000287e-01 0.000000000000000000e+00
2.970000000000000000e+02 1.701727999999999952e+01 3.055480000000000196e+00 0.000000000000000000e+00
2.980000000000000000e+02 1.925262999999999991e+01 2.425159999999999982e+00 0.000000000000000000e+00
2.990000000000000000e+02 1.654441999999999879e+01 5.125810000000000421e+00 0.000000000000000000e+00
