0.000000000000000000e+00 -1.457826999999999984e+01 -1.547953000000000046e+01 0.000000000000000000e+00
1.000000000000000000e+00 -1.518209000000000053e+01 -1.343229000000000006e+01 0.000000000000000000e+00
2.000000000000000000e+00 -1.585549999999999926e+01 -1.134819000000000067e+01 0.000000000000000000e+00
3.000000000000000000e+00 -1.652489999999999881e+01 -9.198410000000000863e+00 0.000000000000000000e+00
4.000000000000000000e+00 -1.803825000000000145e+01 -7.798479999999999634e+00 0.000000000000000000e+00
5.000000000000000000e+00 -1.863401999999999958e+01 -5.618680000000000341e+00 0.000000000000000000e+00
6.000000000000000000e+00 -1.702788999999999930e+01 -4.190839999999999677e+00 0.000000000000000000e+00
7.000000000000000000e+00 -1.891763999999999868e+01 -3.281890000000000196e+00 0.000000000000000000e+00
8.000000000000000000e+00 -1.877619999999999933e+01 -1.060210000000000097e+00 0.000000000000000000e+00
9.000000000000000000e+00 -1.753481999999999985e+01 9.991700000000000026e-01 0.000000000000000000e+00
1.000000000000000000e+01 -1.921487000000000123e+01 2.717760000000000176e+00 0.000000000000000000e+00
1.100000000000000000e+01 -1.791161999999999921e+01 4.488839999999999719e+00 0.000000000000000000e+00
1.200000000000000000e+01 -1.683738999999999919e+01 6.678110000000000213e+00 0.000000000000000000e+00
1.300000000000000000e+01 -1.826454999999999984e+01 8.253379999999999939e+00 0.000000000000000000e+00
1.400000000000000000e+01 -1.575741999999999976e+01 8.443220000000000169e+00 0.000000000000000000e+00
1.500000000000000000e+01 -1.715334999999999965e+01 1.040961000000000070e+01 0.000000000000000000e+00
1.600000000000000000e+01 -1.585420000000000051e+01 1.206096999999999930e+01 0.000000000000000000e+00
1.700000000000000000e+01 -1.490009000000000050e+01 1.391560999999999915e+01 0.000000000000000000e+00
1.800000000000000000e+01 -1.256700999999999979e+01 -1.596756000000000064e+01 0.000000000000000000e+00
1.900000000000000000e+01 -1.314390999999999998e+01 -1.390501000000000076e+01 0.000000000000000000e+00
2.000000000000000000e+01 -1.376599000000000039e+01 -1.189193999999999996e+01 0.000000000000000000e+00
2.100000000000000000e+01 -1.437198000000000064e+01 -9.903750000000000497e+00 0.000000000000000000e+00
2.200000000000000000e+01 -1.489459000000000088e+01 -7.791979999999999684e+00 0.000000000000000000e+00
2.300000000000000000e+01 -1.641515000000000057e+01 -6.364449999999999719e+00 0.000000000000000000e+00
2.400000000000000000e+01 -1.476473000000000013e+01 -4.710919999999999774e+00 0.000000000000000000e+00
2.500000000000000000e+01 -1.556565999999999939e+01 -2.702949999999999964e+00 0.000000000000000000e+00
2.600000000000000000e+01 -1.663561999999999941e+01 -9.342500000000000249e-01 0.000000000000000000e+00
2.700000000000000000e+01 -1.544300999999999924e+01 8.706500000000000350e-01 0.000000000000000000e+00
2.800000000000000000e+01 -1.647608999999999924e+01 2.801610000000000156e+00 0.000000000000000000e+00
2.900000000000000000e+01 -1.567098000000000013e+01 4.751850000000000129e+00 0.000000000000000000e+00
3.000000000000000000e+01 -1.471499999999999986e+01 6.642199999999999882e+00 0.000000000000000000e+00
3.100000000000000000e+01 -1.363551999999999964e+01 8.435510000000000730e+00 0.000000000000000000e+00
3.200000000000000000e+01 -1.458188999999999957e+01 1.032390000000000008e+01 0.000000000000000000e+00
3.300000000000000000e+01 -1.369725999999999999e+01 1.219264000000000081e+01 0.000000000000000000e+00
3.400000000000000000e+01 -1.276510999999999996e+01 1.414062999999999981e+01 0.000000000000000000e+00
3.500000000000000000e+01 -1.182010000000000005e+01 1.599522999999999939e+01 0.000000000000000000e+00
3.600000000000000000e+01 -1.055258000000000074e+01 -1.672778999999999883e+01 0.000000000000000000e+00
3.700000000000000000e+01 -1.109085999999999927e+01 -1.440822000000000003e+01 0.000000000000000000e+00
3.800000000000000000e+01 -1.156708000000000069e+01 -1.233394999999999975e+01 0.000000000000000000e+00
3.900000000000000000e+01 -1.227633999999999936e+01 -1.034573999999999927e+01 0.000000000000000000e+00
4.000000000000000000e+01 -1.288485999999999976e+01 -8.349890000000000256e+00 0.000000000000000000e+00
4.100000000000000000e+01 -1.343019999999999925e+01 -6.277980000000000338e+00 0.000000000000000000e+00
4.200000000000000000e+01 -1.215203999999999951e+01 -4.648579999999999934e+00 0.000000000000000000e+00
4.300000000000000000e+01 -1.333736999999999995e+01 -2.810119999999999951e+00 0.000000000000000000e+00
4.400000000000000000e+01 -1.437994999999999912e+01 -9.301399999999999668e-01 0.000000000000000000e+00
4.500000000000000000e+01 -1.329078999999999944e+01 8.542300000000000448e-01 0.000000000000000000e+00
4.600000000000000000e+01 -1.441596000000000011e+01 2.724990000000000023e+00 0.000000000000000000e+00
4.700000000000000000e+01 -1.350239999999999974e+01 4.621579999999999799e+00 0.000000000000000000e+00
4.800000000000000000e+01 -1.235279000000000060e+01 6.554549999999999876e+00 0.000000000000000000e+00
4.900000000000000000e+01 -1.132750000000000057e+01 8.386599999999999611e+00 0.000000000000000000e+00
5.000000000000000000e+01 -1.242188999999999943e+01 1.018473999999999968e+01 0.000000000000000000e+00
5.100000000000000000e+01 -1.149666999999999994e+01 1.218636000000000053e+01 0.000000000000000000e+00
5.200000000000000000e+01 -1.060702000000000034e+01 1.414048000000000016e+01 0.000000000000000000e+00
5.300000000000000000e+01 -9.660840000000000316e+00 1.601476999999999862e+01 0.000000000000000000e+00
5.400000000000000000e+01 -8.463649999999999451e+00 -1.697103999999999857e+01 0.000000000000000000e+00
5.500000000000000000e+01 -9.034869999999999735e+00 -1.495742000000000083e+01 0.000000000000000000e+00
5.600000000000000000e+01 -9.561120000000000729e+00 -1.285033999999999921e+01 0.000000000000000000e+00
5.700000000000000000e+01 -1.011591999999999913e+01 -1.073326999999999920e+01 0.000000000000000000e+00
5.800000000000000000e+01 -1.083332000000000050e+01 -8.746109999999999829e+00 0.000000000000000000e+00
5.900000000000000000e+01 -1.140939000000000014e+01 -6.743949999999999889e+00 0.000000000000000000e+00
6.000000000000000000e+01 -1.004485999999999990e+01 -4.581540000000000390e+00 0.000000000000000000e+00
6.100000000000000000e+01 -1.105007999999999946e+01 -2.769080000000000208e+00 0.000000000000000000e+00
6.200000000000000000e+01 -1.224934999999999974e+01 -1.045439999999999925e+00 0.000000000000000000e+00
6.300000000000000000e+01 -1.122092999999999918e+01 9.373599999999999710e-01 0.000000000000000000e+00
6.400000000000000000e+01 -1.221993999999999936e+01 2.737089999999999801e+00 0.000000000000000000e+00
6.500000000000000000e+01 -1.131170999999999971e+01 4.759159999999999613e+00 0.000000000000000000e+00
6.600000000000000000e+01 -1.027670999999999957e+01 6.618610000000000326e+00 0.000000000000000000e+00
6.700000000000000000e+01 -9.214280000000000470e+00 8.470309999999999562e+00 0.000000000000000000e+00
6.800000000000000000e+01 -1.030058000000000007e+01 1.031694000000000067e+01 0.000000000000000000e+00
6.900000000000000000e+01 -9.253159999999999386e+00 1.214765000000000050e+01 0.000000000000000000e+00
7.000000000000000000e+01 -8.456649999999999778e+00 1.424771999999999927e+01 0.000000000000000000e+00
7.100000000000000000e+01 -8.675670000000000215e+00 1.783839000000000041e+01 0.000000000000000000e+00
7.200000000000000000e+01 -6.435769999999999769e+00 -1.765713999999999828e+01 0.000000000000000000e+00
7.300000000000000000e+01 -6.964889999999999581e+00 -1.550894000000000084e+01 0.000000000000000000e+00
7.400000000000000000e+01 -7.559669999999999668e+00 -1.336619999999999919e+01 0.000000000000000000e+00
7.500000000000000000e+01 -8.125080000000000524e+00 -1.135746999999999929e+01 0.000000000000000000e+00
7.600000000000000000e+01 -8.678520000000000678e+00 -9.194910000000000139e+00 0.000000000000000000e+00
7.700000000000000000e+01 -9.402839999999999421e+00 -7.229989999999999917e+00 0.000000000000000000e+00
7.800000000000000000e+01 -8.194599999999999440e+00 -5.536319999999999908e+00 0.000000000000000000e+00
7.900000000000000000e+01 -8.797200000000000131e+00 -2.798929999999999918e+00 0.000000000000000000e+00
8.000000000000000000e+01 -1.014705999999999975e+01 -8.723600000000000243e-01 0.000000000000000000e+00
8.100000000000000000e+01 -9.137349999999999639e+00 1.035360000000000058e+00 0.000000000000000000e+00
8.200000000000000000e+01 -1.013840000000000074e+01 2.871480000000000032e+00 0.000000000000000000e+00
8.300000000000000000e+01 -9.101549999999999585e+00 4.660859999999999559e+00 0.000000000000000000e+00
8.400000000000000000e+01 -8.142609999999999459e+00 6.531559999999999810e+00 0.000000000000000000e+00
8.500000000000000000e+01 -7.069589999999999819e+00 8.469590000000000174e+00 0.000000000000000000e+00
8.600000000000000000e+01 -8.166499999999999204e+00 1.034693000000000040e+01 0.000000000000000000e+00
8.700000000000000000e+01 -7.153129999999999988e+00 1.215005000000000024e+01 0.000000000000000000e+00
8.800000000000000000e+01 -7.459970000000000212e+00 1.607419000000000153e+01 0.000000000000000000e+00
8.900000000000000000e+01 -7.417239999999999611e+00 1.971026000000000167e+01 0.000000000000000000e+00
9.000000000000000000e+01 -4.197099999999999831e+00 -1.826113000000000142e+01 0.000000000000000000e+00
9.100000000000000000e+01 -4.942389999999999617e+00 -1.608756999999999948e+01 0.000000000000000000e+00
9.200000000000000000e+01 -5.535790000000000433e+00 -1.384830999999999968e+01 0.000000000000000000e+00
9.300000000000000000e+01 -6.102089999999999570e+00 -1.181485999999999947e+01 0.000000000000000000e+00
9.400000000000000000e+01 -6.529320000000000235e+00 -9.453340000000000742e+00 0.000000000000000000e+00
9.500000000000000000e+01 -7.338849999999999874e+00 -7.433430000000000426e+00 0.000000000000000000e+00
9.600000000000000000e+01 -6.651119999999999699e+00 -4.097999999999999865e+00 0.000000000000000000e+00
9.700000000000000000e+01 -6.391860000000000319e+00 -2.036900000000000155e+00 0.000000000000000000e+00
9.800000000000000000e+01 -8.059269999999999712e+00 -7.850500000000000256e-01 0.000000000000000000e+00
9.900000000000000000e+01 -6.893500000000000405e+00 9.367100000000000426e-01 0.000000000000000000e+00
1.000000000000000000e+02 -8.064939999999999998e+00 2.814249999999999918e+00 0.000000000000000000e+00
1.010000000000000000e+02 -7.004249999999999865e+00 4.659489999999999910e+00 0.000000000000000000e+00
1.020000000000000000e+02 -5.984869999999999912e+00 6.694989999999999775e+00 0.000000000000000000e+00
1.030000000000000000e+02 -4.862569999999999837e+00 8.512529999999999930e+00 0.000000000000000000e+00
1.040000000000000000e+02 -6.000840000000000174e+00 1.026141999999999932e+01 0.000000000000000000e+00
1.050000000000000000e+02 -6.224920000000000009e+00 1.415756999999999977e+01 0.000000000000000000e+00
1.060000000000000000e+02 -6.346729999999999983e+00 1.791801999999999850e+01 0.000000000000000000e+00
1.070000000000000000e+02 -4.273550000000000182e+00 1.802938999999999936e+01 0.000000000000000000e+00
1.080000000000000000e+02 -2.686350000000000016e+00 -1.655280000000000129e+01 0.000000000000000000e+00
1.090000000000000000e+02 -3.502790000000000070e+00 -1.433544999999999980e+01 0.000000000000000000e+00
1.100000000000000000e+02 -4.089870000000000339e+00 -1.233990000000000009e+01 0.000000000000000000e+00
1.110000000000000000e+02 -4.653990000000000293e+00 -1.034341000000000044e+01 0.000000000000000000e+00
1.120000000000000000e+02 -3.333950000000000191e+00 -8.745129999999999626e+00 0.000000000000000000e+00
1.130000000000000000e+02 -5.204349999999999810e+00 -7.765679999999999694e+00 0.000000000000000000e+00
1.140000000000000000e+02 -5.270739999999999981e+00 -5.668529999999999625e+00 0.000000000000000000e+00
1.150000000000000000e+02 -4.730039999999999800e+00 -3.308390000000000164e+00 0.000000000000000000e+00
1.160000000000000000e+02 -4.506170000000000009e+00 -1.044149999999999912e+00 0.000000000000000000e+00
1.170000000000000000e+02 -4.781839999999999868e+00 1.152279999999999971e+00 0.000000000000000000e+00
1.180000000000000000e+02 -5.954170000000000407e+00 2.875779999999999781e+00 0.000000000000000000e+00
1.190000000000000000e+02 -4.905780000000000030e+00 4.943399999999999572e+00 0.000000000000000000e+00
1.200000000000000000e+02 -3.736819999999999808e+00 6.704220000000000290e+00 0.000000000000000000e+00
1.210000000000000000e+02 -3.910489999999999799e+00 1.038935000000000031e+01 0.000000000000000000e+00
1.220000000000000000e+02 -5.072600000000000442e+00 1.215390999999999977e+01 0.000000000000000000e+00
1.230000000000000000e+02 -4.124880000000000102e+00 1.404001000000000055e+01 0.000000000000000000e+00
1.240000000000000000e+02 -5.028730000000000366e+00 1.594821999999999917e+01 0.000000000000000000e+00
1.250000000000000000e+02 -1.339239999999999986e+00 1.775741999999999976e+01 0.000000000000000000e+00
1.260000000000000000e+02 -2.152320000000000011e+00 -1.882025000000000148e+01 0.000000000000000000e+00
1.270000000000000000e+02 -1.468399999999999928e+00 -1.488249000000000066e+01 0.000000000000000000e+00
1.280000000000000000e+02 -2.027550000000000185e+00 -1.289564000000000021e+01 0.000000000000000000e+00
1.290000000000000000e+02 -2.609379999999999811e+00 -1.074013000000000062e+01 0.000000000000000000e+00
1.300000000000000000e+02 -1.533949999999999925e+00 -7.730719999999999814e+00 0.000000000000000000e+00
1.310000000000000000e+02 -3.458790000000000031e+00 -6.667320000000000135e+00 0.000000000000000000e+00
1.320000000000000000e+02 -3.092799999999999994e+00 -4.585239999999999760e+00 0.000000000000000000e+00
1.330000000000000000e+02 -2.824450000000000127e+00 -2.302280000000000104e+00 0.000000000000000000e+00
1.340000000000000000e+02 -2.514409999999999812e+00 -1.663999999999999854e-02 0.000000000000000000e+00
1.350000000000000000e+02 -2.091579999999999995e+00 2.058170000000000055e+00 0.000000000000000000e+00
1.360000000000000000e+02 -3.826820000000000110e+00 3.189109999999999889e+00 0.000000000000000000e+00
1.370000000000000000e+02 -2.208390000000000075e+00 4.501500000000000057e+00 0.000000000000000000e+00
1.380000000000000000e+02 -2.751450000000000173e+00 8.515700000000000713e+00 0.000000000000000000e+00
1.390000000000000000e+02 -1.824840000000000018e+00 1.049025999999999925e+01 0.000000000000000000e+00
1.400000000000000000e+02 -2.724969999999999892e+00 1.247602999999999973e+01 0.000000000000000000e+00
1.410000000000000000e+02 -2.072449999999999903e+00 1.443430999999999997e+01 0.000000000000000000e+00
1.420000000000000000e+02 -2.935729999999999951e+00 1.633186999999999856e+01 0.000000000000000000e+00
1.430000000000000000e+02 -3.361069999999999780e+00 1.989470999999999989e+01 0.000000000000000000e+00
1.440000000000000000e+02 1.779169999999999918e+00 -1.717711999999999861e+01 0.000000000000000000e+00
1.450000000000000000e+02 -5.767799999999999594e-01 -1.691803000000000168e+01 0.000000000000000000e+00
1.460000000000000000e+02 -2.586000000000000104e-02 -1.340461999999999954e+01 0.000000000000000000e+00
1.470000000000000000e+02 -5.831100000000000172e-01 -1.140513999999999939e+01 0.000000000000000000e+00
1.480000000000000000e+02 -8.955000000000000460e-02 -9.242960000000000065e+00 0.000000000000000000e+00
1.490000000000000000e+02 4.099599999999999911e-01 -6.878230000000000288e+00 0.000000000000000000e+00
1.500000000000000000e+02 -1.320200000000000040e+00 -5.655920000000000059e+00 0.000000000000000000e+00
1.510000000000000000e+02 -1.105779999999999985e+00 -3.590780000000000083e+00 0.000000000000000000e+00
1.520000000000000000e+02 -9.471500000000000474e-01 -1.371380000000000043e+00 0.000000000000000000e+00
1.530000000000000000e+02 -4.838100000000000178e-01 7.151800000000000379e-01 0.000000000000000000e+00
1.540000000000000000e+02 -2.487199999999999966e-01 3.035590000000000011e+00 0.000000000000000000e+00
1.550000000000000000e+02 1.053000000000000047e-01 5.293569999999999887e+00 0.000000000000000000e+00
1.560000000000000000e+02 -1.642239999999999922e+00 6.657440000000000246e+00 0.000000000000000000e+00
1.570000000000000000e+02 1.543799999999999895e-01 9.406290000000000262e+00 0.000000000000000000e+00
1.580000000000000000e+02 2.599999999999999772e-04 1.158826999999999963e+01 0.000000000000000000e+00
1.590000000000000000e+02 -4.170000000000000095e-03 1.374558000000000035e+01 0.000000000000000000e+00
1.600000000000000000e+02 -4.249299999999999744e-01 1.581231999999999971e+01 0.000000000000000000e+00
1.610000000000000000e+02 1.368360000000000021e+00 1.713091999999999970e+01 0.000000000000000000e+00
1.620000000000000000e+02 -6.490999999999999548e-02 -1.909835999999999956e+01 0.000000000000000000e+00
1.630000000000000000e+02 8.799700000000000299e-01 -1.531709000000000032e+01 0.000000000000000000e+00
1.640000000000000000e+02 1.589460000000000095e+00 -1.212711000000000006e+01 0.000000000000000000e+00
1.650000000000000000e+02 1.853509999999999991e+00 -1.006554000000000038e+01 0.000000000000000000e+00
1.660000000000000000e+02 2.140600000000000058e+00 -8.009529999999999816e+00 0.000000000000000000e+00
1.670000000000000000e+02 2.318130000000000024e+00 -5.938930000000000042e+00 0.000000000000000000e+00
1.680000000000000000e+02 6.384199999999999875e-01 -4.710630000000000095e+00 0.000000000000000000e+00
1.690000000000000000e+02 7.728099999999999969e-01 -2.535159999999999858e+00 0.000000000000000000e+00
1.700000000000000000e+02 2.867539999999999978e+00 -1.702590000000000048e+00 0.000000000000000000e+00
1.710000000000000000e+02 1.192390000000000061e+00 -4.793100000000000138e-01 0.000000000000000000e+00
1.720000000000000000e+02 1.369620000000000060e+00 1.742369999999999974e+00 0.000000000000000000e+00
1.730000000000000000e+02 1.752780000000000005e+00 3.977329999999999810e+00 0.000000000000000000e+00
1.740000000000000000e+02 3.642699999999999827e-01 7.343359999999999665e+00 0.000000000000000000e+00
1.750000000000000000e+02 2.101780000000000204e+00 8.569169999999999732e+00 0.000000000000000000e+00
1.760000000000000000e+02 1.882130000000000081e+00 1.061335000000000051e+01 0.000000000000000000e+00
1.770000000000000000e+02 1.808540000000000036e+00 1.274121000000000059e+01 0.000000000000000000e+00
1.780000000000000000e+02 1.646139999999999937e+00 1.502777000000000029e+01 0.000000000000000000e+00
1.790000000000000000e+02 4.647499999999999964e-01 1.908166999999999902e+01 0.000000000000000000e+00
1.800000000000000000e+02 3.165919999999999845e+00 -1.897212000000000032e+01 0.000000000000000000e+00
1.810000000000000000e+02 2.985949999999999882e+00 -1.546353000000000044e+01 0.000000000000000000e+00
1.820000000000000000e+02 3.275900000000000034e+00 -1.336457000000000050e+01 0.000000000000000000e+00
1.830000000000000000e+02 3.489489999999999981e+00 -1.130908999999999942e+01 0.000000000000000000e+00
1.840000000000000000e+02 3.789000000000000146e+00 -9.249140000000000583e+00 0.000000000000000000e+00
1.850000000000000000e+02 4.124380000000000379e+00 -7.076279999999999681e+00 0.000000000000000000e+00
1.860000000000000000e+02 4.377119999999999678e+00 -5.024289999999999701e+00 0.000000000000000000e+00
1.870000000000000000e+02 2.518549999999999844e+00 -3.796609999999999818e+00 0.000000000000000000e+00
1.880000000000000000e+02 4.757819999999999716e+00 -8.612400000000000055e-01 0.000000000000000000e+00
1.890000000000000000e+02 3.069840000000000124e+00 5.239700000000000468e-01 0.000000000000000000e+00
1.900000000000000000e+02 3.298919999999999852e+00 2.616140000000000132e+00 0.000000000000000000e+00
1.910000000000000000e+02 3.658869999999999845e+00 4.825470000000000148e+00 0.000000000000000000e+00
1.920000000000000000e+02 2.268629999999999924e+00 6.484709999999999752e+00 0.000000000000000000e+00
1.930000000000000000e+02 3.797120000000000051e+00 9.818799999999999528e+00 0.000000000000000000e+00
1.940000000000000000e+02 3.711829999999999963e+00 1.189789000000000030e+01 0.000000000000000000e+00
1.950000000000000000e+02 3.616280000000000161e+00 1.408236999999999917e+01 0.000000000000000000e+00
1.960000000000000000e+02 3.297530000000000072e+00 1.632879000000000147e+01 0.000000000000000000e+00
1.970000000000000000e+02 3.058739999999999792e+00 1.863222000000000023e+01 0.000000000000000000e+00
1.980000000000000000e+02 4.514649999999999608e+00 -1.685293000000000063e+01 0.000000000000000000e+00
1.990000000000000000e+02 4.899169999999999803e+00 -1.471531000000000056e+01 0.000000000000000000e+00
2.000000000000000000e+02 5.213589999999999947e+00 -1.259210999999999991e+01 0.000000000000000000e+00
2.010000000000000000e+02 5.426599999999999646e+00 -1.050808999999999926e+01 0.000000000000000000e+00
2.020000000000000000e+02 5.741399999999999615e+00 -8.356090000000000018e+00 0.000000000000000000e+00
2.030000000000000000e+02 6.095900000000000318e+00 -6.274180000000000312e+00 0.000000000000000000e+00
2.040000000000000000e+02 6.266289999999999694e+00 -4.201679999999999637e+00 0.000000000000000000e+00
2.050000000000000000e+02 4.585359999999999658e+00 -2.946769999999999889e+00 0.000000000000000000e+00
2.060000000000000000e+02 6.466160000000000352e+00 -2.068060000000000009e+00 0.000000000000000000e+00
2.070000000000000000e+02 5.053239999999999732e+00 1.192760000000000042e+00 0.000000000000000000e+00
2.080000000000000000e+02 5.317730000000000068e+00 3.260660000000000114e+00 0.000000000000000000e+00
2.090000000000000000e+02 5.638020000000000032e+00 5.578680000000000305e+00 0.000000000000000000e+00
2.100000000000000000e+02 4.531240000000000379e+00 7.349249999999999616e+00 0.000000000000000000e+00
2.110000000000000000e+02 5.862449999999999939e+00 9.046419999999999462e+00 0.000000000000000000e+00
2.120000000000000000e+02 5.831760000000000055e+00 1.119032999999999944e+01 0.000000000000000000e+00
2.130000000000000000e+02 5.558189999999999742e+00 1.331966000000000072e+01 0.000000000000000000e+00
2.140000000000000000e+02 5.250219999999999665e+00 1.541418999999999961e+01 0.000000000000000000e+00
2.150000000000000000e+02 5.060260000000000424e+00 1.748117999999999839e+01 0.000000000000000000e+00
2.160000000000000000e+02 6.363489999999999647e+00 -1.809117000000000175e+01 0.000000000000000000e+00
2.170000000000000000e+02 6.569560000000000066e+00 -1.599592999999999954e+01 0.000000000000000000e+00
2.180000000000000000e+02 6.858799999999999564e+00 -1.385464999999999947e+01 0.000000000000000000e+00
2.190000000000000000e+02 7.159139999999999837e+00 -1.173869000000000007e+01 0.000000000000000000e+00
2.200000000000000000e+02 7.417419999999999902e+00 -9.647399999999999309e+00 0.000000000000000000e+00
2.210000000000000000e+02 7.786050000000000360e+00 -7.489289999999999559e+00 0.000000000000000000e+00
2.220000000000000000e+02 7.973910000000000053e+00 -5.364720000000000155e+00 0.000000000000000000e+00
2.230000000000000000e+02 8.210229999999999251e+00 -3.304590000000000138e+00 0.000000000000000000e+00
2.240000000000000000e+02 8.466810000000000613e+00 -1.193750000000000089e+00 0.000000000000000000e+00
2.250000000000000000e+02 6.737300000000000288e+00 -1.504999999999999914e-02 0.000000000000000000e+00
2.260000000000000000e+02 7.076640000000000263e+00 2.029150000000000009e+00 0.000000000000000000e+00
2.270000000000000000e+02 7.208820000000000228e+00 4.105550000000000033e+00 0.000000000000000000e+00
2.280000000000000000e+02 7.659320000000000128e+00 6.121159999999999712e+00 0.000000000000000000e+00
2.290000000000000000e+02 7.830589999999999939e+00 8.186830000000000496e+00 0.000000000000000000e+00
2.300000000000000000e+02 7.691980000000000040e+00 1.025240999999999936e+01 0.000000000000000000e+00
2.310000000000000000e+02 7.505679999999999907e+00 1.254660999999999937e+01 0.000000000000000000e+00
2.320000000000000000e+02 7.206240000000000201e+00 1.460328999999999944e+01 0.000000000000000000e+00
2.330000000000000000e+02 7.214109999999999800e+00 1.693915000000000148e+01 0.000000000000000000e+00
2.340000000000000000e+02 8.285579999999999501e+00 -1.725538999999999845e+01 0.000000000000000000e+00
2.350000000000000000e+02 8.554399999999999338e+00 -1.515160000000000018e+01 0.000000000000000000e+00
2.360000000000000000e+02 8.824310000000000542e+00 -1.301628000000000007e+01 0.000000000000000000e+00
2.370000000000000000e+02 9.235559999999999548e+00 -1.098484000000000016e+01 0.000000000000000000e+00
2.380000000000000000e+02 9.383929999999999438e+00 -8.846439999999999415e+00 0.000000000000000000e+00
2.390000000000000000e+02 9.694910000000000139e+00 -6.523390000000000022e+00 0.000000000000000000e+00
2.400000000000000000e+02 9.951750000000000540e+00 -4.436209999999999987e+00 0.000000000000000000e+00
2.410000000000000000e+02 1.016241999999999912e+01 -2.387319999999999887e+00 0.000000000000000000e+00
2.420000000000000000e+02 1.050634999999999941e+01 -3.085600000000000009e-01 0.000000000000000000e+00
2.430000000000000000e+02 8.803340000000000387e+00 8.927800000000000180e-01 0.000000000000000000e+00
2.440000000000000000e+02 9.007880000000000109e+00 3.108220000000000205e+00 0.000000000000000000e+00
2.450000000000000000e+02 9.490589999999999193e+00 5.133600000000000385e+00 0.000000000000000000e+00
2.460000000000000000e+02 9.651370000000000005e+00 7.198409999999999975e+00 0.000000000000000000e+00
2.470000000000000000e+02 9.590799999999999770e+00 9.261699999999999378e+00 0.000000000000000000e+00
2.480000000000000000e+02 9.464010000000000034e+00 1.141826000000000008e+01 0.000000000000000000e+00
2.490000000000000000e+02 9.324210000000000775e+00 1.369805000000000028e+01 0.000000000000000000e+00
2.500000000000000000e+02 8.963290000000000646e+00 1.578400000000000070e+01 0.000000000000000000e+00
2.510000000000000000e+02 8.909399999999999764e+00 1.826238000000000028e+01 0.000000000000000000e+00
2.520000000000000000e+02 1.028430999999999962e+01 -1.639548999999999879e+01 0.000000000000000000e+00
2.530000000000000000e+02 1.052421000000000006e+01 -1.431032000000000082e+01 0.000000000000000000e+00
2.540000000000000000e+02 1.095325000000000060e+01 -1.220210999999999935e+01 0.000000000000000000e+00
2.550000000000000000e+02 1.113561999999999941e+01 -1.007402000000000086e+01 0.000000000000000000e+00
2.560000000000000000e+02 1.142953999999999937e+01 -7.864740000000000286e+00 0.000000000000000000e+00
2.570000000000000000e+02 1.170472999999999963e+01 -5.776320000000000121e+00 0.000000000000000000e+00
2.580000000000000000e+02 1.187302999999999997e+01 -3.633589999999999876e+00 0.000000000000000000e+00
2.590000000000000000e+02 1.220463999999999949e+01 -1.576840000000000019e+00 0.000000000000000000e+00
2.600000000000000000e+02 1.249152999999999913e+01 4.803999999999999937e-01 0.000000000000000000e+00
2.610000000000000000e+02 1.077065999999999946e+01 1.857240000000000002e+00 0.000000000000000000e+00
2.620000000000000000e+02 1.123623000000000083e+01 3.931280000000000108e+00 0.000000000000000000e+00
2.630000000000000000e+02 1.138641999999999932e+01 6.009599999999999831e+00 0.000000000000000000e+00
2.640000000000000000e+02 1.322338000000000058e+01 7.166979999999999684e+00 0.000000000000000000e+00
2.650000000000000000e+02 1.143463999999999992e+01 8.353749999999999787e+00 0.000000000000000000e+00
2.660000000000000000e+02 1.153982000000000063e+01 1.056033000000000044e+01 0.000000000000000000e+00
2.670000000000000000e+02 1.143261000000000038e+01 1.274668999999999919e+01 0.000000000000000000e+00
2.680000000000000000e+02 1.149821000000000026e+01 1.487268000000000079e+01 0.000000000000000000e+00
2.690000000000000000e+02 1.082004000000000055e+01 1.718569000000000102e+01 0.000000000000000000e+00
2.700000000000000000e+02 1.234506999999999977e+01 -1.556329999999999991e+01 0.000000000000000000e+00
2.710000000000000000e+02 1.260684999999999967e+01 -1.347054999999999936e+01 0.000000000000000000e+00
2.720000000000000000e+02 1.288870000000000005e+01 -1.129588999999999999e+01 0.000000000000000000e+00
2.730000000000000000e+02 1.310247999999999990e+01 -9.254659999999999442e+00 0.000000000000000000e+00
2.740000000000000000e+02 1.338486999999999938e+01 -7.054730000000000167e+00 0.000000000000000000e+00
2.750000000000000000e+02 1.358745000000000047e+01 -4.915540000000000020e+00 0.000000000000000000e+00
2.760000000000000000e+02 1.699231999999999942e+01 -4.641600000000000392e+00 0.000000000000000000e+00
2.770000000000000000e+02 1.430413000000000068e+01 -2.850369999999999848e+00 0.000000000000000000e+00
2.780000000000000000e+02 1.418951000000000029e+01 -7.558599999999999763e-01 0.000000000000000000e+00
2.790000000000000000e+02 1.469522000000000084e+01 1.242839999999999945e+00 0.000000000000000000e+00
2.800000000000000000e+02 1.287867999999999924e+01 2.509590000000000209e+00 0.000000000000000000e+00
2.810000000000000000e+02 1.315376000000000012e+01 4.742639999999999745e+00 0.000000000000000000e+00
2.820000000000000000e+02 1.496069999999999922e+01 5.928840000000000110e+00 0.000000000000000000e+00
2.830000000000000000e+02 1.533480999999999916e+01 8.296659999999999258e+00 0.000000000000000000e+00
2.840000000000000000e+02 1.327252000000000010e+01 9.460630000000000095e+00 0.000000000000000000e+00
2.850000000000000000e+02 1.505396000000000001e+01 1.048192000000000057e+01 0.000000000000000000e+00
2.860000000000000000e+02 1.361133000000000060e+01 1.199103000000000030e+01 0.000000000000000000e+00
2.870000000000000000e+02 1.349072999999999922e+01 1.422616999999999976e+01 0.000000000000000000e+00
2.880000000000000000e+02 1.438813999999999993e+01 -1.477584000000000053e+01 0.000000000000000000e+00
2.890000000000000000e+02 1.455630000000000024e+01 -1.259301999999999921e+01 0.000000000000000000e+00
2.900000000000000000e+02 1.520364999999999966e+01 -1.045152000000000037e+01 0.000000000000000000e+00
2.910000000000000000e+02 1.512172999999999945e+01 -8.340730000000000643e+00 0.000000000000000000e+00
2.920000000000000000e+02 1.530289999999999928e+01 -6.086350000000000371e+00 0.000000000000000000e+00
2.930000000000000000e+02 1.704423999999999850e+01 -7.357610000000000205e+00 0.000000000000000000e+00
2.940000000000000000e+02 1.852738000000000085e+01 -3.236079999999999846e+00 0.000000000000000000e+00
2.950000000000000000e+02 1.640600999999999843e+01 -2.410590000000000011e+00 0.000000000000000000e+00
2.960000000000000000e+02 1.659171999999999869e+01 -1.729300000000000004e-01 0.000000000000000000e+00
2.970000000000000000e+02 1.667278999999999911e+01 1.933249999999999913e+00 0.000000000000000000e+00
2.980000000000000000e+02 1.503053000000000061e+01 3.666370000000000129e+00 0.000000000000000000e+00
2.990000000000000000e+02 1.679831000000000074e+01 4.832060000000000244e+00 0.000000000000000000e+00
