0.000000000000000000e+00 -1.049197999999999986e+01 -1.547235000000000049e+01 0.000000000000000000e+00
1.000000000000000000e+00 -1.363272000000000084e+01 -1.312831000000000081e+01 0.000000000000000000e+00
2.000000000000000000e+00 -1.465882000000000041e+01 -1.128293999999999997e+01 0.000000000000000000e+00
3.000000000000000000e+00 -1.565465000000000018e+01 -9.441610000000000724e+00 0.000000000000000000e+00
4.000000000000000000e+00 -1.642454000000000036e+01 -7.336070000000000313e+00 0.000000000000000000e+00
5.000000000000000000e+00 -1.748517999999999972e+01 -5.528590000000000337e+00 0.000000000000000000e+00
6.000000000000000000e+00 -1.614689999999999870e+01 -3.368430000000000035e+00 0.000000000000000000e+00
7.000000000000000000e+00 -1.827258000000000138e+01 -3.616249999999999964e+00 0.000000000000000000e+00
8.000000000000000000e+00 -1.704657999999999873e+01 -1.494150000000000089e+00 0.000000000000000000e+00
9.000000000000000000e+00 -1.921648000000000067e+01 -1.515570000000000084e+00 0.000000000000000000e+00
1.000000000000000000e+01 -1.790418000000000021e+01 4.733800000000000230e-01 0.000000000000000000e+00
1.100000000000000000e+01 -2.025377999999999901e+01 6.174800000000000288e-01 0.000000000000000000e+00
1.200000000000000000e+01 -1.619236000000000075e+01 6.136210000000000164e+00 0.000000000000000000e+00
1.300000000000000000e+01 -1.771789000000000058e+01 4.598790000000000155e+00 0.000000000000000000e+00
1.400000000000000000e+01 -1.880909000000000120e+01 2.503460000000000019e+00 0.000000000000000000e+00
1.500000000000000000e+01 -1.751566000000000045e+01 9.076359999999999317e+00 0.000000000000000000e+00
1.600000000000000000e+01 -1.502417999999999942e+01 1.293894000000000055e+01 0.000000000000000000e+00
1.700000000000000000e+01 -1.307418000000000013e+01 1.404360999999999926e+01 0.000000000000000000e+00
1.800000000000000000e+01 -8.402309999999999945e+00 -1.518544999999999945e+01 0.000000000000000000e+00
1.900000000000000000e+01 -1.159511000000000003e+01 -1.373404999999999987e+01 0.000000000000000000e+00
2.000000000000000000e+01 -1.249253999999999998e+01 -1.120641999999999960e+01 0.000000000000000000e+00
2.100000000000000000e+01 -1.357051000000000052e+01 -9.456659999999999400e+00 0.000000000000000000e+00
2.200000000000000000e+01 -1.434394999999999953e+01 -7.512570000000000192e+00 0.000000000000000000e+00
2.300000000000000000e+01 -1.511359000000000030e+01 -5.377060000000000173e+00 0.000000000000000000e+00
2.400000000000000000e+01 -1.396868000000000087e+01 -3.653319999999999901e+00 0.000000000000000000e+00
2.500000000000000000e+01 -1.488754999999999917e+01 -1.710909999999999931e+00 0.000000000000000000e+00
2.600000000000000000e+01 -1.359387000000000079e+01 7.814999999999999725e-02 0.000000000000000000e+00
2.700000000000000000e+01 -1.585016000000000069e+01 4.700199999999999934e-01 0.000000000000000000e+00
2.800000000000000000e+01 -1.674324000000000012e+01 2.369089999999999918e+00 0.000000000000000000e+00
2.900000000000000000e+01 -1.546210999999999913e+01 4.066970000000000418e+00 0.000000000000000000e+00
3.000000000000000000e+01 -1.408038999999999952e+01 5.920790000000000219e+00 0.000000000000000000e+00
3.100000000000000000e+01 -1.352793999999999919e+01 7.959179999999999922e+00 0.000000000000000000e+00
3.200000000000000000e+01 -1.560406000000000049e+01 8.131309999999999150e+00 0.000000000000000000e+00
3.300000000000000000e+01 -1.606690000000000040e+01 1.066379000000000055e+01 0.000000000000000000e+00
3.400000000000000000e+01 -1.113926000000000016e+01 1.290781999999999918e+01 0.000000000000000000e+00
3.500000000000000000e+01 -1.112025000000000041e+01 1.500927000000000078e+01 0.000000000000000000e+00
3.600000000000000000e+01 -7.809230000000000338e+00 -1.718368999999999858e+01 0.000000000000000000e+00
3.700000000000000000e+01 -9.269080000000000652e+00 -1.327097999999999978e+01 0.000000000000000000e+00
3.800000000000000000e+01 -1.026776000000000089e+01 -1.140250999999999948e+01 0.000000000000000000e+00
3.900000000000000000e+01 -1.132222999999999935e+01 -9.481339999999999435e+00 0.000000000000000000e+00
4.000000000000000000e+01 -1.222295000000000087e+01 -7.604750000000000121e+00 0.000000000000000000e+00
4.100000000000000000e+01 -1.304676000000000080e+01 -5.662630000000000052e+00 0.000000000000000000e+00
4.200000000000000000e+01 -1.183310999999999957e+01 -3.890320000000000000e+00 0.000000000000000000e+00
4.300000000000000000e+01 -1.281471999999999944e+01 -1.911510000000000042e+00 0.000000000000000000e+00
4.400000000000000000e+01 -1.151894000000000062e+01 -1.101099999999999995e-01 0.000000000000000000e+00
4.500000000000000000e+01 -1.256122000000000050e+01 1.933680000000000065e+00 0.000000000000000000e+00
4.600000000000000000e+01 -1.462166999999999994e+01 2.128519999999999968e+00 0.000000000000000000e+00
4.700000000000000000e+01 -1.339944000000000024e+01 3.837429999999999897e+00 0.000000000000000000e+00
4.800000000000000000e+01 -1.193097999999999992e+01 6.605889999999999596e+00 0.000000000000000000e+00
4.900000000000000000e+01 -1.160871000000000031e+01 8.716889999999999361e+00 0.000000000000000000e+00
5.000000000000000000e+01 -1.407953999999999972e+01 9.983710000000000306e+00 0.000000000000000000e+00
5.100000000000000000e+01 -1.326890999999999998e+01 1.188512000000000057e+01 0.000000000000000000e+00
5.200000000000000000e+01 -9.188449999999999562e+00 1.374019000000000013e+01 0.000000000000000000e+00
5.300000000000000000e+01 -8.752060000000000173e+00 1.598424999999999940e+01 0.000000000000000000e+00
5.400000000000000000e+01 -6.289609999999999701e+00 -1.543842000000000070e+01 0.000000000000000000e+00
5.500000000000000000e+01 -6.921820000000000306e+00 -1.341957000000000022e+01 0.000000000000000000e+00
5.600000000000000000e+01 -8.185760000000000147e+00 -1.147765000000000057e+01 0.000000000000000000e+00
5.700000000000000000e+01 -9.140710000000000335e+00 -9.585570000000000590e+00 0.000000000000000000e+00
5.800000000000000000e+01 -1.012139999999999951e+01 -7.705440000000000289e+00 0.000000000000000000e+00
5.900000000000000000e+01 -1.091388000000000069e+01 -5.799120000000000275e+00 0.000000000000000000e+00
6.000000000000000000e+01 -9.732300000000000395e+00 -3.993619999999999948e+00 0.000000000000000000e+00
6.100000000000000000e+01 -1.063523999999999958e+01 -2.077129999999999921e+00 0.000000000000000000e+00
6.200000000000000000e+01 -9.435180000000000788e+00 -3.308900000000000174e-01 0.000000000000000000e+00
6.300000000000000000e+01 -1.037158999999999942e+01 1.596689999999999943e+00 0.000000000000000000e+00
6.400000000000000000e+01 -1.128495999999999988e+01 3.666869999999999852e+00 0.000000000000000000e+00
6.500000000000000000e+01 -1.008740000000000059e+01 5.368260000000000254e+00 0.000000000000000000e+00
6.600000000000000000e+01 -9.840909999999999158e+00 7.452910000000000146e+00 0.000000000000000000e+00
6.700000000000000000e+01 -9.611359999999999459e+00 9.546379999999999200e+00 0.000000000000000000e+00
6.800000000000000000e+01 -1.129236000000000040e+01 1.079683999999999955e+01 0.000000000000000000e+00
6.900000000000000000e+01 -9.345710000000000406e+00 1.164307999999999943e+01 0.000000000000000000e+00
7.000000000000000000e+01 -7.108380000000000365e+00 1.466586000000000034e+01 0.000000000000000000e+00
7.100000000000000000e+01 -6.842920000000000336e+00 1.702409000000000106e+01 0.000000000000000000e+00
7.200000000000000000e+01 -5.550869999999999749e+00 -1.746566999999999936e+01 0.000000000000000000e+00
7.300000000000000000e+01 -4.728100000000000414e+00 -1.350985000000000014e+01 0.000000000000000000e+00
7.400000000000000000e+01 -6.054820000000000313e+00 -1.149726000000000070e+01 0.000000000000000000e+00
7.500000000000000000e+01 -6.977619999999999933e+00 -9.639519999999999200e+00 0.000000000000000000e+00
7.600000000000000000e+01 -7.904620000000000424e+00 -7.696950000000000180e+00 0.000000000000000000e+00
7.700000000000000000e+01 -8.803549999999999542e+00 -5.835810000000000386e+00 0.000000000000000000e+00
7.800000000000000000e+01 -7.588269999999999627e+00 -4.072440000000000282e+00 0.000000000000000000e+00
7.900000000000000000e+01 -8.566769999999999996e+00 -2.233519999999999950e+00 0.000000000000000000e+00
8.000000000000000000e+01 -7.374179999999999957e+00 -4.929299999999999793e-01 0.000000000000000000e+00
8.100000000000000000e+01 -8.294349999999999667e+00 1.416379999999999972e+00 0.000000000000000000e+00
8.200000000000000000e+01 -8.447380000000000777e+00 4.050239999999999618e+00 0.000000000000000000e+00
8.300000000000000000e+01 -6.463189999999999991e+00 4.939989999999999881e+00 0.000000000000000000e+00
8.400000000000000000e+01 -8.150809999999999889e+00 6.211490000000000400e+00 0.000000000000000000e+00
8.500000000000000000e+01 -7.830009999999999692e+00 8.248079999999999856e+00 0.000000000000000000e+00
8.600000000000000000e+01 -7.653159999999999741e+00 1.046137000000000050e+01 0.000000000000000000e+00
8.700000000000000000e+01 -7.450789999999999580e+00 1.256845000000000034e+01 0.000000000000000000e+00
8.800000000000000000e+01 -5.454850000000000421e+00 1.338626999999999967e+01 0.000000000000000000e+00
8.900000000000000000e+01 -5.060719999999999885e+00 1.833503999999999934e+01 0.000000000000000000e+00
9.000000000000000000e+01 -4.369580000000000020e+00 -1.924543999999999855e+01 0.000000000000000000e+00
9.100000000000000000e+01 -4.181619999999999671e+00 -1.562025000000000041e+01 0.000000000000000000e+00
9.200000000000000000e+01 -3.972999999999999865e+00 -1.159994999999999976e+01 0.000000000000000000e+00
9.300000000000000000e+01 -4.774370000000000225e+00 -9.702379999999999782e+00 0.000000000000000000e+00
9.400000000000000000e+01 -5.729849999999999888e+00 -7.872659999999999769e+00 0.000000000000000000e+00
9.500000000000000000e+01 -6.604409999999999670e+00 -5.948439999999999728e+00 0.000000000000000000e+00
9.600000000000000000e+01 -5.172150000000000247e+00 -4.077939999999999898e+00 0.000000000000000000e+00
9.700000000000000000e+01 -6.435489999999999711e+00 -2.362940000000000040e+00 0.000000000000000000e+00
9.800000000000000000e+01 -5.293210000000000193e+00 -6.131400000000000183e-01 0.000000000000000000e+00
9.900000000000000000e+01 -5.117939999999999934e+00 1.470059999999999922e+00 0.000000000000000000e+00
1.000000000000000000e+02 -6.730470000000000397e+00 2.785550000000000193e+00 0.000000000000000000e+00
1.010000000000000000e+02 -4.787349999999999994e+00 3.679300000000000015e+00 0.000000000000000000e+00
1.020000000000000000e+02 -6.121050000000000324e+00 6.998009999999999842e+00 0.000000000000000000e+00
1.030000000000000000e+02 -4.247819999999999929e+00 7.864359999999999573e+00 0.000000000000000000e+00
1.040000000000000000e+02 -5.891810000000000436e+00 9.110020000000000451e+00 0.000000000000000000e+00
1.050000000000000000e+02 -5.703809999999999825e+00 1.118200000000000038e+01 0.000000000000000000e+00
1.060000000000000000e+02 -5.242910000000000181e+00 1.557390000000000008e+01 0.000000000000000000e+00
1.070000000000000000e+02 3.395900000000000030e-01 1.982224000000000075e+01 0.000000000000000000e+00
1.080000000000000000e+02 -3.137119999999999909e+00 -1.740377000000000152e+01 0.000000000000000000e+00
1.090000000000000000e+02 -2.653140000000000054e+00 -1.416571000000000069e+01 0.000000000000000000e+00
1.100000000000000000e+02 -1.986860000000000070e+00 -1.218168000000000006e+01 0.000000000000000000e+00
1.110000000000000000e+02 -2.564220000000000166e+00 -1.006019000000000041e+01 0.000000000000000000e+00
1.120000000000000000e+02 -3.555790000000000006e+00 -8.003640000000000754e+00 0.000000000000000000e+00
1.130000000000000000e+02 -4.482870000000000132e+00 -6.120610000000000106e+00 0.000000000000000000e+00
1.140000000000000000e+02 -2.644060000000000077e+00 -5.099079999999999835e+00 0.000000000000000000e+00
1.150000000000000000e+02 -4.085189999999999877e+00 -2.298700000000000188e+00 0.000000000000000000e+00
1.160000000000000000e+02 -1.786980000000000013e+00 -9.870100000000000540e-01 0.000000000000000000e+00
1.170000000000000000e+02 -3.403550000000000075e+00 3.074200000000000266e-01 0.000000000000000000e+00
1.180000000000000000e+02 -3.180239999999999956e+00 2.375030000000000197e+00 0.000000000000000000e+00
1.190000000000000000e+02 -4.468189999999999884e+00 5.771569999999999645e+00 0.000000000000000000e+00
1.200000000000000000e+02 -2.503359999999999808e+00 6.506459999999999688e+00 0.000000000000000000e+00
1.210000000000000000e+02 -2.254900000000000126e+00 8.627769999999999939e+00 0.000000000000000000e+00
1.220000000000000000e+02 -3.945500000000000007e+00 1.004097999999999935e+01 0.000000000000000000e+00
1.230000000000000000e+02 -3.812699999999999978e+00 1.209779999999999944e+01 0.000000000000000000e+00
1.240000000000000000e+02 -3.435259999999999980e+00 1.416718999999999973e+01 0.000000000000000000e+00
1.250000000000000000e+02 -3.276720000000000077e+00 1.624531999999999954e+01 0.000000000000000000e+00
1.260000000000000000e+02 -1.194209999999999994e+00 -1.874559999999999960e+01 0.000000000000000000e+00
1.270000000000000000e+02 -1.306529999999999969e+00 -1.591627000000000081e+01 0.000000000000000000e+00
1.280000000000000000e+02 -5.738600000000000367e-01 -1.389270999999999923e+01 0.000000000000000000e+00
1.290000000000000000e+02 3.083999999999999936e-02 -1.181171999999999933e+01 0.000000000000000000e+00
1.300000000000000000e+02 -1.359920000000000018e+00 -8.372220000000000439e+00 0.000000000000000000e+00
1.310000000000000000e+02 -9.490300000000000402e-01 -6.316589999999999705e+00 0.000000000000000000e+00
1.320000000000000000e+02 -4.842699999999999783e-01 -4.274530000000000385e+00 0.000000000000000000e+00
1.330000000000000000e+02 -2.170220000000000038e+00 -3.090559999999999974e+00 0.000000000000000000e+00
1.340000000000000000e+02 1.581400000000000028e-01 -1.779199999999999948e-01 0.000000000000000000e+00
1.350000000000000000e+02 -1.456490000000000062e+00 1.131729999999999903e+00 0.000000000000000000e+00
1.360000000000000000e+02 -2.785639999999999894e+00 4.453560000000000407e+00 0.000000000000000000e+00
1.370000000000000000e+02 -8.293899999999999606e-01 5.234549999999999592e+00 0.000000000000000000e+00
1.380000000000000000e+02 -6.000299999999999523e-01 7.299570000000000114e+00 0.000000000000000000e+00
1.390000000000000000e+02 -3.294500000000000206e-01 9.436049999999999827e+00 0.000000000000000000e+00
1.400000000000000000e+02 -1.974420000000000064e+00 1.071382000000000012e+01 0.000000000000000000e+00
1.410000000000000000e+02 -1.710660000000000069e+00 1.294857999999999976e+01 0.000000000000000000e+00
1.420000000000000000e+02 -1.534370000000000012e+00 1.501510000000000034e+01 0.000000000000000000e+00
1.430000000000000000e+02 -1.192309999999999981e+00 1.715740999999999872e+01 0.000000000000000000e+00
1.440000000000000000e+02 3.763099999999999778e-01 -1.711852999999999980e+01 0.000000000000000000e+00
1.450000000000000000e+02 1.145340000000000025e+00 -1.518715000000000082e+01 0.000000000000000000e+00
1.460000000000000000e+02 1.589080000000000048e+00 -1.316596999999999973e+01 0.000000000000000000e+00
1.470000000000000000e+02 3.226200000000000179e-01 -9.741469999999999629e+00 0.000000000000000000e+00
1.480000000000000000e+02 6.952099999999999946e-01 -7.705029999999999824e+00 0.000000000000000000e+00
1.490000000000000000e+02 2.736569999999999947e+00 -7.006560000000000343e+00 0.000000000000000000e+00
1.500000000000000000e+02 1.096430000000000016e+00 -5.677760000000000140e+00 0.000000000000000000e+00
1.510000000000000000e+02 -1.510499999999999898e-01 -2.226989999999999803e+00 0.000000000000000000e+00
1.520000000000000000e+02 1.836459999999999981e+00 -1.506850000000000023e+00 0.000000000000000000e+00
1.530000000000000000e+02 5.169000000000000261e-01 1.872929999999999984e+00 0.000000000000000000e+00
1.540000000000000000e+02 -1.128249999999999975e+00 3.164130000000000109e+00 0.000000000000000000e+00
1.550000000000000000e+02 7.953900000000000414e-01 3.933240000000000069e+00 0.000000000000000000e+00
1.560000000000000000e+02 1.107609999999999983e+00 6.054070000000000285e+00 0.000000000000000000e+00
1.570000000000000000e+02 1.354039999999999910e+00 8.132999999999999119e+00 0.000000000000000000e+00
1.580000000000000000e+02 -5.476999999999999924e-02 1.152206999999999937e+01 0.000000000000000000e+00
1.590000000000000000e+02 2.559500000000000108e-01 1.360196000000000005e+01 0.000000000000000000e+00
1.600000000000000000e+02 5.970499999999999696e-01 1.568562999999999974e+01 0.000000000000000000e+00
1.610000000000000000e+02 8.260999999999999455e-01 1.781159999999999854e+01 0.000000000000000000e+00
1.620000000000000000e+02 1.409170000000000034e+00 -1.910412000000000177e+01 0.000000000000000000e+00
1.630000000000000000e+02 2.689449999999999896e+00 -1.659468999999999994e+01 0.000000000000000000e+00
1.640000000000000000e+02 3.239339999999999886e+00 -1.457615000000000016e+01 0.000000000000000000e+00
1.650000000000000000e+02 1.991589999999999971e+00 -1.111448999999999998e+01 0.000000000000000000e+00
1.660000000000000000e+02 2.279850000000000154e+00 -9.068949999999999179e+00 0.000000000000000000e+00
1.670000000000000000e+02 3.036830000000000140e+00 -4.958140000000000214e+00 0.000000000000000000e+00
1.680000000000000000e+02 1.473119999999999985e+00 -3.586320000000000174e+00 0.000000000000000000e+00
1.690000000000000000e+02 3.422750000000000181e+00 -2.889440000000000008e+00 0.000000000000000000e+00
1.700000000000000000e+02 3.833569999999999922e+00 -7.090100000000000291e-01 0.000000000000000000e+00
1.710000000000000000e+02 2.100389999999999979e+00 5.297699999999999632e-01 0.000000000000000000e+00
1.720000000000000000e+02 2.468240000000000212e+00 2.628480000000000150e+00 0.000000000000000000e+00
1.730000000000000000e+02 2.799910000000000121e+00 4.708210000000000228e+00 0.000000000000000000e+00
1.740000000000000000e+02 3.076789999999999914e+00 6.782040000000000290e+00 0.000000000000000000e+00
1.750000000000000000e+02 3.326789999999999914e+00 8.882860000000000866e+00 0.000000000000000000e+00
1.760000000000000000e+02 1.606649999999999912e+00 1.019412999999999947e+01 0.000000000000000000e+00
1.770000000000000000e+02 1.875019999999999909e+00 1.232670000000000066e+01 0.000000000000000000e+00
1.780000000000000000e+02 2.216779999999999973e+00 1.440525000000000055e+01 0.000000000000000000e+00
1.790000000000000000e+02 2.779929999999999790e+00 1.886255999999999844e+01 0.000000000000000000e+00
1.800000000000000000e+02 3.990950000000000220e+00 -1.823920999999999992e+01 0.000000000000000000e+00
1.810000000000000000e+02 4.727470000000000283e+00 -1.604053000000000040e+01 0.000000000000000000e+00
1.820000000000000000e+02 3.565630000000000077e+00 -1.252125000000000021e+01 0.000000000000000000e+00
1.830000000000000000e+02 3.968679999999999986e+00 -1.050037000000000020e+01 0.000000000000000000e+00
1.840000000000000000e+02 4.287499999999999645e+00 -8.358029999999999404e+00 0.000000000000000000e+00
1.850000000000000000e+02 4.700009999999999799e+00 -6.242180000000000284e+00 0.000000000000000000e+00
1.860000000000000000e+02 5.085890000000000022e+00 -4.104020000000000223e+00 0.000000000000000000e+00
1.870000000000000000e+02 5.430659999999999599e+00 -2.065990000000000215e+00 0.000000000000000000e+00
1.880000000000000000e+02 5.748149999999999871e+00 8.039000000000000312e-02 0.000000000000000000e+00
1.890000000000000000e+02 4.116520000000000401e+00 1.360640000000000072e+00 0.000000000000000000e+00
1.900000000000000000e+02 4.484409999999999563e+00 3.385949999999999793e+00 0.000000000000000000e+00
1.910000000000000000e+02 4.751430000000000042e+00 5.473419999999999952e+00 0.000000000000000000e+00
1.920000000000000000e+02 5.017240000000000144e+00 7.557979999999999698e+00 0.000000000000000000e+00
1.930000000000000000e+02 5.318950000000000067e+00 9.641590000000000771e+00 0.000000000000000000e+00
1.940000000000000000e+02 3.581599999999999895e+00 1.093216999999999928e+01 0.000000000000000000e+00
1.950000000000000000e+02 3.823459999999999859e+00 1.302515000000000001e+01 0.000000000000000000e+00
1.960000000000000000e+02 4.279270000000000351e+00 1.515578000000000003e+01 0.000000000000000000e+00
1.970000000000000000e+02 2.531719999999999970e+00 1.654449999999999932e+01 0.000000000000000000e+00
1.980000000000000000e+02 6.198680000000000412e+00 -1.763222000000000023e+01 0.000000000000000000e+00
1.990000000000000000e+02 5.212209999999999788e+00 -1.386248999999999931e+01 0.000000000000000000e+00
2.000000000000000000e+02 5.576220000000000176e+00 -1.180813000000000024e+01 0.000000000000000000e+00
2.010000000000000000e+02 5.953920000000000101e+00 -9.727029999999999177e+00 0.000000000000000000e+00
2.020000000000000000e+02 6.290939999999999976e+00 -7.666979999999999684e+00 0.000000000000000000e+00
2.030000000000000000e+02 6.712489999999999846e+00 -5.451240000000000308e+00 0.000000000000000000e+00
2.040000000000000000e+02 7.022569999999999979e+00 -3.397479999999999833e+00 0.000000000000000000e+00
2.050000000000000000e+02 7.448059999999999903e+00 -1.254159999999999942e+00 0.000000000000000000e+00
2.060000000000000000e+02 7.806079999999999686e+00 7.792099999999999582e-01 0.000000000000000000e+00
2.070000000000000000e+02 6.110479999999999912e+00 2.115279999999999827e+00 0.000000000000000000e+00
2.080000000000000000e+02 6.459159999999999791e+00 4.303169999999999717e+00 0.000000000000000000e+00
2.090000000000000000e+02 6.713239999999999874e+00 6.370580000000000354e+00 0.000000000000000000e+00
2.100000000000000000e+02 7.015780000000000349e+00 8.401360000000000383e+00 0.000000000000000000e+00
2.110000000000000000e+02 7.356480000000000352e+00 1.044927999999999990e+01 0.000000000000000000e+00
2.120000000000000000e+02 5.674039999999999750e+00 1.176988000000000056e+01 0.000000000000000000e+00
2.130000000000000000e+02 5.924850000000000172e+00 1.383625999999999934e+01 0.000000000000000000e+00
2.140000000000000000e+02 6.195190000000000197e+00 1.592980000000000018e+01 0.000000000000000000e+00
2.150000000000000000e+02 4.600509999999999877e+00 1.725898000000000110e+01 0.000000000000000000e+00
2.160000000000000000e+02 8.594239999999999213e+00 -1.683793000000000006e+01 0.000000000000000000e+00
2.170000000000000000e+02 6.678670000000000329e+00 -1.537692000000000014e+01 0.000000000000000000e+00
2.180000000000000000e+02 7.190380000000000216e+00 -1.323639000000000010e+01 0.000000000000000000e+00
2.190000000000000000e+02 7.602529999999999788e+00 -1.107124999999999915e+01 0.000000000000000000e+00
2.200000000000000000e+02 8.078120000000000189e+00 -9.005639999999999645e+00 0.000000000000000000e+00
2.210000000000000000e+02 8.239639999999999631e+00 -6.839319999999999844e+00 0.000000000000000000e+00
2.220000000000000000e+02 8.682420000000000471e+00 -4.740960000000000285e+00 0.000000000000000000e+00
2.230000000000000000e+02 9.057460000000000733e+00 -2.684410000000000185e+00 0.000000000000000000e+00
2.240000000000000000e+02 9.433020000000000849e+00 -6.294899999999999940e-01 0.000000000000000000e+00
2.250000000000000000e+02 9.715279999999999916e+00 1.593129999999999935e+00 0.000000000000000000e+00
2.260000000000000000e+02 8.049839999999999662e+00 2.998000000000000220e+00 0.000000000000000000e+00
2.270000000000000000e+02 8.426320000000000476e+00 5.059560000000000279e+00 0.000000000000000000e+00
2.280000000000000000e+02 8.744460000000000122e+00 7.130799999999999805e+00 0.000000000000000000e+00
2.290000000000000000e+02 9.002060000000000173e+00 9.177780000000000271e+00 0.000000000000000000e+00
2.300000000000000000e+02 9.304489999999999483e+00 1.121728000000000058e+01 0.000000000000000000e+00
2.310000000000000000e+02 7.761000000000000121e+00 1.257465000000000011e+01 0.000000000000000000e+00
2.320000000000000000e+02 7.851709999999999745e+00 1.464638000000000062e+01 0.000000000000000000e+00
2.330000000000000000e+02 6.492890000000000050e+00 1.858620000000000161e+01 0.000000000000000000e+00
2.340000000000000000e+02 3.426190000000000069e+00 -2.033215999999999823e+01 0.000000000000000000e+00
2.350000000000000000e+02 8.674659999999999371e+00 -1.468204000000000065e+01 0.000000000000000000e+00
2.360000000000000000e+02 9.117829999999999657e+00 -1.247972999999999999e+01 0.000000000000000000e+00
2.370000000000000000e+02 9.596830000000000638e+00 -1.042148000000000074e+01 0.000000000000000000e+00
2.380000000000000000e+02 1.000320999999999927e+01 -8.243209999999999482e+00 0.000000000000000000e+00
2.390000000000000000e+02 1.023967999999999989e+01 -6.183620000000000339e+00 0.000000000000000000e+00
2.400000000000000000e+02 1.064169000000000054e+01 -4.060190000000000410e+00 0.000000000000000000e+00
2.410000000000000000e+02 1.104330000000000034e+01 -1.948430000000000106e+00 0.000000000000000000e+00
2.420000000000000000e+02 1.134917000000000087e+01 1.493099999999999983e-01 0.000000000000000000e+00
2.430000000000000000e+02 1.172907000000000011e+01 2.328460000000000196e+00 0.000000000000000000e+00
2.440000000000000000e+02 1.001891999999999960e+01 3.635569999999999968e+00 0.000000000000000000e+00
2.450000000000000000e+02 1.037843999999999944e+01 5.834660000000000402e+00 0.000000000000000000e+00
2.460000000000000000e+02 1.068613999999999997e+01 7.896709999999999674e+00 0.000000000000000000e+00
2.470000000000000000e+02 1.103833000000000020e+01 9.958970000000000766e+00 0.000000000000000000e+00
2.480000000000000000e+02 1.129270999999999958e+01 1.222976000000000063e+01 0.000000000000000000e+00
2.490000000000000000e+02 9.619600000000000151e+00 1.345675999999999917e+01 0.000000000000000000e+00
2.500000000000000000e+02 9.747450000000000614e+00 1.551702000000000048e+01 0.000000000000000000e+00
2.510000000000000000e+02 8.151579999999999160e+00 1.682693000000000083e+01 0.000000000000000000e+00
2.520000000000000000e+02 1.069394999999999918e+01 -1.638000999999999863e+01 0.000000000000000000e+00
2.530000000000000000e+02 1.060936000000000057e+01 -1.391558000000000028e+01 0.000000000000000000e+00
2.540000000000000000e+02 1.112627999999999950e+01 -1.179368999999999978e+01 0.000000000000000000e+00
2.550000000000000000e+02 1.154991000000000057e+01 -9.639659999999999229e+00 0.000000000000000000e+00
2.560000000000000000e+02 1.199836999999999954e+01 -7.393699999999999939e+00 0.000000000000000000e+00
2.570000000000000000e+02 1.235572999999999944e+01 -5.356860000000000177e+00 0.000000000000000000e+00
2.580000000000000000e+02 1.262686000000000064e+01 -3.299319999999999808e+00 0.000000000000000000e+00
2.590000000000000000e+02 1.299272000000000027e+01 -1.157650000000000068e+00 0.000000000000000000e+00
2.600000000000000000e+02 1.334080999999999939e+01 9.887299999999999978e-01 0.000000000000000000e+00
2.610000000000000000e+02 1.536777000000000015e+01 1.660469999999999891e+00 0.000000000000000000e+00
2.620000000000000000e+02 1.367634999999999934e+01 3.084260000000000002e+00 0.000000000000000000e+00
2.630000000000000000e+02 1.198244000000000042e+01 4.408640000000000114e+00 0.000000000000000000e+00
2.640000000000000000e+02 1.233123999999999931e+01 6.499010000000000176e+00 0.000000000000000000e+00
2.650000000000000000e+02 1.262166999999999994e+01 8.637109999999999843e+00 0.000000000000000000e+00
2.660000000000000000e+02 1.289206000000000074e+01 1.085194000000000081e+01 0.000000000000000000e+00
2.670000000000000000e+02 1.319561999999999991e+01 1.304959999999999987e+01 0.000000000000000000e+00
2.680000000000000000e+02 1.156002999999999936e+01 1.439681000000000033e+01 0.000000000000000000e+00
2.690000000000000000e+02 1.173335999999999935e+01 1.650482999999999834e+01 0.000000000000000000e+00
2.700000000000000000e+02 1.236194000000000059e+01 -1.507102000000000075e+01 0.000000000000000000e+00
2.710000000000000000e+02 1.300198999999999927e+01 -1.306675000000000075e+01 0.000000000000000000e+00
2.720000000000000000e+02 1.334778000000000020e+01 -1.084596999999999944e+01 0.000000000000000000e+00
2.730000000000000000e+02 1.356305000000000049e+01 -8.780079999999999885e+00 0.000000000000000000e+00
2.740000000000000000e+02 1.394388999999999967e+01 -6.723150000000000404e+00 0.000000000000000000e+00
2.750000000000000000e+02 1.427791000000000032e+01 -4.583919999999999995e+00 0.000000000000000000e+00
2.760000000000000000e+02 1.631027999999999878e+01 -3.924999999999999822e+00 0.000000000000000000e+00
2.770000000000000000e+02 1.466473000000000049e+01 -2.484960000000000058e+00 0.000000000000000000e+00
2.780000000000000000e+02 1.494744000000000028e+01 -3.565200000000000036e-01 0.000000000000000000e+00
2.790000000000000000e+02 1.751398000000000010e+01 2.515309999999999935e+00 0.000000000000000000e+00
2.800000000000000000e+02 1.567459000000000024e+01 3.787599999999999856e+00 0.000000000000000000e+00
2.810000000000000000e+02 1.397260999999999953e+01 5.195439999999999614e+00 0.000000000000000000e+00
2.820000000000000000e+02 1.824763000000000090e+01 7.312420000000000364e+00 0.000000000000000000e+00
2.830000000000000000e+02 1.430828999999999951e+01 7.287700000000000067e+00 0.000000000000000000e+00
2.840000000000000000e+02 1.448546999999999940e+01 9.548460000000000392e+00 0.000000000000000000e+00
2.850000000000000000e+02 1.625355000000000061e+01 8.380309999999999704e+00 0.000000000000000000e+00
2.860000000000000000e+02 1.487029000000000067e+01 1.166108000000000011e+01 0.000000000000000000e+00
2.870000000000000000e+02 1.349224000000000068e+01 1.534280000000000044e+01 0.000000000000000000e+00
2.880000000000000000e+02 1.533338999999999963e+01 -1.023527999999999949e+01 0.000000000000000000e+00
2.890000000000000000e+02 1.553599999999999959e+01 -8.128519999999999968e+00 0.000000000000000000e+00
2.900000000000000000e+02 1.814643999999999835e+01 -5.348550000000000360e+00 0.000000000000000000e+00
2.910000000000000000e+02 1.841262000000000043e+01 -3.144899999999999807e+00 0.000000000000000000e+00
2.920000000000000000e+02 1.760226000000000113e+01 -7.484820000000000029e+00 0.000000000000000000e+00
2.930000000000000000e+02 1.605724000000000018e+01 -6.035050000000000026e+00 0.000000000000000000e+00
2.940000000000000000e+02 1.855358999999999980e+01 -1.049889999999999990e+00 0.000000000000000000e+00
2.950000000000000000e+02 1.657169000000000025e+01 -1.677349999999999897e+00 0.000000000000000000e+00
2.960000000000000000e+02 1.698884999999999934e+01 3.669899999999999829e-01 0.000000000000000000e+00
2.970000000000000000e+02 1.957361999999999824e+01 2.313009999999999788e+00 0.000000000000000000e+00
2.980000000000000000e+02 1.801107999999999976e+01 4.725539999999999630e+00 0.000000000000000000e+00
2.990000000000000000e+02 1.623451000000000022e+01 6.193819999999999659e+00 0.000000000000000000e+00
