0.000000000000000000e+00 -1.234720000000000084e+01 -1.607648000000000010e+01 0.000000000000000000e+00
1.000000000000000000e+00 -1.338122000000000078e+01 -1.411411999999999978e+01 0.000000000000000000e+00
2.000000000000000000e+00 -1.453486999999999973e+01 -1.238039000000000023e+01 0.000000000000000000e+00
3.000000000000000000e+00 -1.630837999999999965e+01 -8.444319999999999382e+00 0.000000000000000000e+00
4.000000000000000000e+00 -1.520105000000000040e+01 -6.522569999999999979e+00 0.000000000000000000e+00
5.000000000000000000e+00 -1.761157000000000039e+01 -6.796149999999999913e+00 0.000000000000000000e+00
6.000000000000000000e+00 -1.751932000000000045e+01 -2.887929999999999886e+00 0.000000000000000000e+00
7.000000000000000000e+00 -1.847271999999999892e+01 -8.555199999999999472e-01 0.000000000000000000e+00
8.000000000000000000e+00 -1.622287000000000035e+01 -1.147110000000000074e+00 0.000000000000000000e+00
9.000000000000000000e+00 -1.683510000000000062e+01 9.145799999999999486e-01 0.000000000000000000e+00
1.000000000000000000e+01 -1.813365999999999900e+01 2.661389999999999922e+00 0.000000000000000000e+00
1.100000000000000000e+01 -1.685426000000000002e+01 4.578190000000000204e+00 0.000000000000000000e+00
1.200000000000000000e+01 -1.566295999999999999e+01 6.432999999999999829e+00 0.000000000000000000e+00
1.300000000000000000e+01 -1.812043999999999855e+01 6.664659999999999584e+00 0.000000000000000000e+00
1.400000000000000000e+01 -1.668475000000000108e+01 8.566369999999999152e+00 0.000000000000000000e+00
1.500000000000000000e+01 -1.550611999999999924e+01 1.033455999999999975e+01 0.000000000000000000e+00
1.600000000000000000e+01 -1.412548999999999921e+01 1.218013999999999974e+01 0.000000000000000000e+00
1.700000000000000000e+01 -1.312871999999999950e+01 1.402209000000000039e+01 0.000000000000000000e+00
1.800000000000000000e+01 -1.027059999999999995e+01 -1.609778000000000020e+01 0.000000000000000000e+00
1.900000000000000000e+01 -1.129734999999999978e+01 -1.419773999999999958e+01 0.000000000000000000e+00
2.000000000000000000e+01 -1.216104999999999947e+01 -1.225773000000000046e+01 0.000000000000000000e+00
2.100000000000000000e+01 -1.557684000000000069e+01 -1.047259999999999991e+01 0.000000000000000000e+00
2.200000000000000000e+01 -1.419684999999999953e+01 -8.442859999999999587e+00 0.000000000000000000e+00
2.300000000000000000e+01 -1.635200999999999993e+01 -4.774020000000000152e+00 0.000000000000000000e+00
2.400000000000000000e+01 -1.391790999999999912e+01 -4.824510000000000076e+00 0.000000000000000000e+00
2.500000000000000000e+01 -1.524450000000000038e+01 -3.038469999999999782e+00 0.000000000000000000e+00
2.600000000000000000e+01 -1.397283999999999970e+01 -1.055819999999999981e+00 0.000000000000000000e+00
2.700000000000000000e+01 -1.476769999999999960e+01 9.057399999999999896e-01 0.000000000000000000e+00
2.800000000000000000e+01 -1.576951999999999998e+01 2.808650000000000091e+00 0.000000000000000000e+00
2.900000000000000000e+01 -1.457361000000000040e+01 4.502200000000000202e+00 0.000000000000000000e+00
3.000000000000000000e+01 -1.350023000000000017e+01 6.393580000000000041e+00 0.000000000000000000e+00
3.100000000000000000e+01 -1.236664999999999992e+01 8.161619999999999209e+00 0.000000000000000000e+00
3.200000000000000000e+01 -1.455198999999999998e+01 8.209730000000000416e+00 0.000000000000000000e+00
3.300000000000000000e+01 -1.327758000000000038e+01 1.024878999999999962e+01 0.000000000000000000e+00
3.400000000000000000e+01 -1.206292999999999971e+01 1.204979999999999940e+01 0.000000000000000000e+00
3.500000000000000000e+01 -9.782339999999999591e+00 1.559659000000000084e+01 0.000000000000000000e+00
3.600000000000000000e+01 -8.139810000000000656e+00 -1.622542999999999935e+01 0.000000000000000000e+00
3.700000000000000000e+01 -9.125379999999999825e+00 -1.436009999999999920e+01 0.000000000000000000e+00
3.800000000000000000e+01 -1.000544000000000011e+01 -1.235524000000000022e+01 0.000000000000000000e+00
3.900000000000000000e+01 -1.336586999999999925e+01 -1.049305999999999983e+01 0.000000000000000000e+00
4.000000000000000000e+01 -1.207972000000000001e+01 -8.673220000000000596e+00 0.000000000000000000e+00
4.100000000000000000e+01 -1.301577999999999946e+01 -6.715690000000000381e+00 0.000000000000000000e+00
4.200000000000000000e+01 -1.184544999999999959e+01 -4.721779999999999866e+00 0.000000000000000000e+00
4.300000000000000000e+01 -1.297766999999999982e+01 -2.904689999999999994e+00 0.000000000000000000e+00
4.400000000000000000e+01 -1.178082999999999991e+01 -1.143979999999999997e+00 0.000000000000000000e+00
4.500000000000000000e+01 -1.270077999999999996e+01 7.258999999999999897e-01 0.000000000000000000e+00
4.600000000000000000e+01 -1.360797999999999952e+01 2.674570000000000114e+00 0.000000000000000000e+00
4.700000000000000000e+01 -1.251087000000000060e+01 4.445990000000000109e+00 0.000000000000000000e+00
4.800000000000000000e+01 -1.142182000000000031e+01 6.290239999999999831e+00 0.000000000000000000e+00
4.900000000000000000e+01 -1.025291999999999959e+01 8.033440000000000580e+00 0.000000000000000000e+00
5.000000000000000000e+01 -1.120806999999999931e+01 9.969569999999999155e+00 0.000000000000000000e+00
5.100000000000000000e+01 -9.893950000000000244e+00 1.171073999999999948e+01 0.000000000000000000e+00
5.200000000000000000e+01 -1.102142000000000088e+01 1.390208999999999939e+01 0.000000000000000000e+00
5.300000000000000000e+01 -8.645310000000000272e+00 1.731049000000000149e+01 0.000000000000000000e+00
5.400000000000000000e+01 -5.947510000000000296e+00 -1.615512999999999977e+01 0.000000000000000000e+00
5.500000000000000000e+01 -7.047570000000000334e+00 -1.437866999999999962e+01 0.000000000000000000e+00
5.600000000000000000e+01 -7.904250000000000220e+00 -1.246710999999999991e+01 0.000000000000000000e+00
5.700000000000000000e+01 -1.100329999999999941e+01 -1.050052999999999948e+01 0.000000000000000000e+00
5.800000000000000000e+01 -9.971069999999999212e+00 -8.617710000000000647e+00 0.000000000000000000e+00
5.900000000000000000e+01 -1.089922999999999931e+01 -6.583610000000000184e+00 0.000000000000000000e+00
6.000000000000000000e+01 -9.760460000000000136e+00 -4.838610000000000078e+00 0.000000000000000000e+00
6.100000000000000000e+01 -1.077433000000000085e+01 -2.948080000000000034e+00 0.000000000000000000e+00
6.200000000000000000e+01 -9.625659999999999883e+00 -1.191740000000000022e+00 0.000000000000000000e+00
6.300000000000000000e+01 -1.059285999999999994e+01 6.793400000000000549e-01 0.000000000000000000e+00
6.400000000000000000e+01 -1.149995000000000012e+01 2.570059999999999789e+00 0.000000000000000000e+00
6.500000000000000000e+01 -1.043975000000000009e+01 4.401489999999999903e+00 0.000000000000000000e+00
6.600000000000000000e+01 -9.237410000000000565e+00 6.104449999999999932e+00 0.000000000000000000e+00
6.700000000000000000e+01 -8.147569999999999979e+00 7.889409999999999812e+00 0.000000000000000000e+00
6.800000000000000000e+01 -9.042999999999999261e+00 9.820220000000000837e+00 0.000000000000000000e+00
6.900000000000000000e+01 -8.973720000000000141e+00 1.366502000000000017e+01 0.000000000000000000e+00
7.000000000000000000e+01 -7.651769999999999960e+00 1.542850999999999928e+01 0.000000000000000000e+00
7.100000000000000000e+01 -6.390089999999999826e+00 1.712854000000000099e+01 0.000000000000000000e+00
7.200000000000000000e+01 -4.839179999999999815e+00 -1.802092999999999989e+01 0.000000000000000000e+00
7.300000000000000000e+01 -4.865029999999999966e+00 -1.431162999999999919e+01 0.000000000000000000e+00
7.400000000000000000e+01 -5.732039999999999580e+00 -1.243294000000000032e+01 0.000000000000000000e+00
7.500000000000000000e+01 -8.901770000000000849e+00 -1.052439999999999998e+01 0.000000000000000000e+00
7.600000000000000000e+01 -7.735759999999999970e+00 -8.775729999999999364e+00 0.000000000000000000e+00
7.700000000000000000e+01 -8.853089999999999904e+00 -6.887389999999999901e+00 0.000000000000000000e+00
7.800000000000000000e+01 -7.696380000000000443e+00 -5.017199999999999882e+00 0.000000000000000000e+00
7.900000000000000000e+01 -8.594969999999999999e+00 -3.100190000000000001e+00 0.000000000000000000e+00
8.000000000000000000e+01 -7.514969999999999928e+00 -1.276929999999999898e+00 0.000000000000000000e+00
8.100000000000000000e+01 -8.502280000000000726e+00 5.943800000000000194e-01 0.000000000000000000e+00
8.200000000000000000e+01 -9.427799999999999514e+00 2.564909999999999801e+00 0.000000000000000000e+00
8.300000000000000000e+01 -8.249219999999999331e+00 4.289559999999999818e+00 0.000000000000000000e+00
8.400000000000000000e+01 -7.120709999999999873e+00 6.046230000000000437e+00 0.000000000000000000e+00
8.500000000000000000e+01 -6.991629999999999789e+00 9.668530000000000513e+00 0.000000000000000000e+00
8.600000000000000000e+01 -7.826150000000000162e+00 1.155136000000000074e+01 0.000000000000000000e+00
8.700000000000000000e+01 -6.798000000000000043e+00 1.342346000000000039e+01 0.000000000000000000e+00
8.800000000000000000e+01 -5.500960000000000072e+00 1.517969000000000079e+01 0.000000000000000000e+00
8.900000000000000000e+01 -6.100050000000000416e+00 1.921169000000000082e+01 0.000000000000000000e+00
9.000000000000000000e+01 -3.916690000000000005e+00 -1.993499999999999872e+01 0.000000000000000000e+00
9.100000000000000000e+01 -3.836250000000000160e+00 -1.620336999999999961e+01 0.000000000000000000e+00
9.200000000000000000e+01 -3.636979999999999880e+00 -1.256099999999999994e+01 0.000000000000000000e+00
9.300000000000000000e+01 -4.622460000000000235e+00 -1.070167999999999964e+01 0.000000000000000000e+00
9.400000000000000000e+01 -6.827759999999999607e+00 -1.065869000000000000e+01 0.000000000000000000e+00
9.500000000000000000e+01 -6.663979999999999571e+00 -6.938959999999999795e+00 0.000000000000000000e+00
9.600000000000000000e+01 -5.627159999999999940e+00 -5.034950000000000259e+00 0.000000000000000000e+00
9.700000000000000000e+01 -6.510360000000000369e+00 -3.121719999999999828e+00 0.000000000000000000e+00
9.800000000000000000e+01 -5.341470000000000162e+00 -1.413010000000000099e+00 0.000000000000000000e+00
9.900000000000000000e+01 -6.402140000000000164e+00 5.257600000000000051e-01 0.000000000000000000e+00
1.000000000000000000e+02 -7.360929999999999751e+00 2.339799999999999880e+00 0.000000000000000000e+00
1.010000000000000000e+02 -6.177200000000000024e+00 4.127570000000000405e+00 0.000000000000000000e+00
1.020000000000000000e+02 -6.029989999999999739e+00 7.830320000000000391e+00 0.000000000000000000e+00
1.030000000000000000e+02 -4.785219999999999807e+00 9.550729999999999720e+00 0.000000000000000000e+00
1.040000000000000000e+02 -5.770760000000000112e+00 1.142539000000000016e+01 0.000000000000000000e+00
1.050000000000000000e+02 -4.733399999999999608e+00 1.323582999999999998e+01 0.000000000000000000e+00
1.060000000000000000e+02 -4.295469999999999899e+00 1.686730000000000018e+01 0.000000000000000000e+00
1.070000000000000000e+02 -3.471729999999999983e+00 1.889385000000000048e+01 0.000000000000000000e+00
1.080000000000000000e+02 -2.732650000000000023e+00 -1.816416999999999859e+01 0.000000000000000000e+00
1.090000000000000000e+02 -2.599549999999999805e+00 -1.435238999999999976e+01 0.000000000000000000e+00
1.100000000000000000e+02 -1.511309999999999931e+00 -1.256328000000000067e+01 0.000000000000000000e+00
1.110000000000000000e+02 -2.547829999999999817e+00 -1.078425000000000011e+01 0.000000000000000000e+00
1.120000000000000000e+02 -5.650190000000000268e+00 -8.806509999999999394e+00 0.000000000000000000e+00
1.130000000000000000e+02 -4.505370000000000097e+00 -6.996500000000000163e+00 0.000000000000000000e+00
1.140000000000000000e+02 -3.487569999999999837e+00 -5.164729999999999599e+00 0.000000000000000000e+00
1.150000000000000000e+02 -4.436539999999999928e+00 -3.298329999999999984e+00 0.000000000000000000e+00
1.160000000000000000e+02 -3.277359999999999829e+00 -1.462250000000000050e+00 0.000000000000000000e+00
1.170000000000000000e+02 -4.211459999999999759e+00 3.980000000000000204e-01 0.000000000000000000e+00
1.180000000000000000e+02 -5.199200000000000266e+00 2.216720000000000024e+00 0.000000000000000000e+00
1.190000000000000000e+02 -4.049599999999999866e+00 4.059919999999999973e+00 0.000000000000000000e+00
1.200000000000000000e+02 -5.002620000000000289e+00 5.921739999999999782e+00 0.000000000000000000e+00
1.210000000000000000e+02 -3.922439999999999927e+00 7.687350000000000350e+00 0.000000000000000000e+00
1.220000000000000000e+02 -3.622939999999999827e+00 1.134917000000000087e+01 0.000000000000000000e+00
1.230000000000000000e+02 -2.457399999999999807e+00 1.315342000000000056e+01 0.000000000000000000e+00
1.240000000000000000e+02 -3.361400000000000166e+00 1.502777000000000029e+01 0.000000000000000000e+00
1.250000000000000000e+02 -2.217020000000000213e+00 1.681803000000000026e+01 0.000000000000000000e+00
1.260000000000000000e+02 -6.620000000000000329e-01 -1.804323000000000121e+01 0.000000000000000000e+00
1.270000000000000000e+02 -1.609010000000000051e+00 -1.616879000000000133e+01 0.000000000000000000e+00
1.280000000000000000e+02 -4.631500000000000061e-01 -1.444051999999999936e+01 0.000000000000000000e+00
1.290000000000000000e+02 -4.551600000000000090e-01 -1.077889000000000053e+01 0.000000000000000000e+00
1.300000000000000000e+02 -3.499120000000000008e+00 -8.811690000000000467e+00 0.000000000000000000e+00
1.310000000000000000e+02 -2.440679999999999961e+00 -7.009970000000000034e+00 0.000000000000000000e+00
1.320000000000000000e+02 -2.301320000000000032e+00 -3.318960000000000132e+00 0.000000000000000000e+00
1.330000000000000000e+02 -1.181599999999999984e+00 -1.551609999999999934e+00 0.000000000000000000e+00
1.340000000000000000e+02 -2.158760000000000012e+00 2.716000000000000081e-01 0.000000000000000000e+00
1.350000000000000000e+02 -9.964699999999999669e-01 2.005360000000000031e+00 0.000000000000000000e+00
1.360000000000000000e+02 -3.107619999999999827e+00 2.158539999999999903e+00 0.000000000000000000e+00
1.370000000000000000e+02 -1.919200000000000017e+00 3.871440000000000214e+00 0.000000000000000000e+00
1.380000000000000000e+02 -2.898239999999999927e+00 5.779149999999999565e+00 0.000000000000000000e+00
1.390000000000000000e+02 -2.708919999999999995e+00 9.476869999999999905e+00 0.000000000000000000e+00
1.400000000000000000e+02 -1.556920000000000082e+00 1.121448999999999963e+01 0.000000000000000000e+00
1.410000000000000000e+02 -2.949999999999999845e-01 1.295435999999999943e+01 0.000000000000000000e+00
1.420000000000000000e+02 -1.312159999999999993e+00 1.489156000000000013e+01 0.000000000000000000e+00
1.430000000000000000e+02 -1.009759999999999991e+00 1.852689000000000163e+01 0.000000000000000000e+00
1.440000000000000000e+02 4.893000000000000127e-01 -1.627539000000000158e+01 0.000000000000000000e+00
1.450000000000000000e+02 1.757360000000000033e+00 -1.461110000000000042e+01 0.000000000000000000e+00
1.460000000000000000e+02 1.663620000000000099e+00 -1.084505000000000052e+01 0.000000000000000000e+00
1.470000000000000000e+02 7.227599999999999580e-01 -8.989390000000000214e+00 0.000000000000000000e+00
1.480000000000000000e+02 -1.425990000000000091e+00 -8.910740000000000549e+00 0.000000000000000000e+00
1.490000000000000000e+02 -3.626400000000000179e-01 -7.102350000000000385e+00 0.000000000000000000e+00
1.500000000000000000e+02 -1.383369999999999989e+00 -5.205239999999999867e+00 0.000000000000000000e+00
1.510000000000000000e+02 -1.920399999999999885e-01 -3.432310000000000194e+00 0.000000000000000000e+00
1.520000000000000000e+02 1.276000000000000051e-02 1.664400000000000046e-01 0.000000000000000000e+00
1.530000000000000000e+02 1.108479999999999910e+00 1.914360000000000062e+00 0.000000000000000000e+00
1.540000000000000000e+02 1.738099999999999923e-01 3.819100000000000161e+00 0.000000000000000000e+00
1.550000000000000000e+02 -7.098499999999999810e-01 5.684870000000000090e+00 0.000000000000000000e+00
1.560000000000000000e+02 -1.691130000000000022e+00 7.522050000000000125e+00 0.000000000000000000e+00
1.570000000000000000e+02 -5.974000000000000421e-01 9.281990000000000407e+00 0.000000000000000000e+00
1.580000000000000000e+02 5.330300000000000038e-01 1.106864999999999988e+01 0.000000000000000000e+00
1.590000000000000000e+02 1.811239999999999961e+00 1.286688999999999972e+01 0.000000000000000000e+00
1.600000000000000000e+02 8.431899999999999951e-01 1.468219000000000030e+01 0.000000000000000000e+00
1.610000000000000000e+02 -1.433399999999999952e-01 1.659711000000000070e+01 0.000000000000000000e+00
1.620000000000000000e+02 1.774319999999999897e+00 -1.865820000000000078e+01 0.000000000000000000e+00
1.630000000000000000e+02 2.609210000000000029e+00 -1.663251999999999953e+01 0.000000000000000000e+00
1.640000000000000000e+02 5.716299999999999715e-01 -1.259875000000000078e+01 0.000000000000000000e+00
1.650000000000000000e+02 3.458130000000000148e+00 -9.740109999999999602e+00 0.000000000000000000e+00
1.660000000000000000e+02 1.712630000000000097e+00 -7.177679999999999616e+00 0.000000000000000000e+00
1.670000000000000000e+02 7.492900000000000116e-01 -5.358609999999999651e+00 0.000000000000000000e+00
1.680000000000000000e+02 1.898619999999999974e+00 -3.636899999999999800e+00 0.000000000000000000e+00
1.690000000000000000e+02 1.005679999999999907e+00 -1.692749999999999977e+00 0.000000000000000000e+00
1.700000000000000000e+02 2.154310000000000169e+00 1.788000000000000006e-02 0.000000000000000000e+00
1.710000000000000000e+02 3.270690000000000097e+00 1.801530000000000076e+00 0.000000000000000000e+00
1.720000000000000000e+02 2.248359999999999914e+00 3.633319999999999883e+00 0.000000000000000000e+00
1.730000000000000000e+02 1.354850000000000110e+00 5.567569999999999908e+00 0.000000000000000000e+00
1.740000000000000000e+02 3.766100000000000003e-01 7.455739999999999590e+00 0.000000000000000000e+00
1.750000000000000000e+02 1.489630000000000010e+00 9.199960000000000804e+00 0.000000000000000000e+00
1.760000000000000000e+02 2.663170000000000037e+00 1.096293000000000006e+01 0.000000000000000000e+00
1.770000000000000000e+02 3.882019999999999804e+00 1.278992000000000040e+01 0.000000000000000000e+00
1.780000000000000000e+02 2.928599999999999870e+00 1.463400999999999996e+01 0.000000000000000000e+00
1.790000000000000000e+02 1.068689999999999918e+00 1.871518000000000015e+01 0.000000000000000000e+00
1.800000000000000000e+02 4.265570000000000306e+00 -1.836542000000000030e+01 0.000000000000000000e+00
1.810000000000000000e+02 4.508079999999999643e+00 -1.547705000000000020e+01 0.000000000000000000e+00
1.820000000000000000e+02 2.782779999999999809e+00 -1.278802999999999912e+01 0.000000000000000000e+00
1.830000000000000000e+02 3.772949999999999804e+00 -7.658400000000000318e+00 0.000000000000000000e+00
1.840000000000000000e+02 3.142450000000000188e+00 -5.648189999999999600e+00 0.000000000000000000e+00
1.850000000000000000e+02 3.997780000000000111e+00 -3.687850000000000072e+00 0.000000000000000000e+00
1.860000000000000000e+02 3.075000000000000178e+00 -1.826340000000000074e+00 0.000000000000000000e+00
1.870000000000000000e+02 6.265830000000000233e+00 -6.812500000000000222e-01 0.000000000000000000e+00
1.880000000000000000e+02 4.241539999999999644e+00 -1.137100000000000055e-01 0.000000000000000000e+00
1.890000000000000000e+02 5.530429999999999957e+00 1.506140000000000034e+00 0.000000000000000000e+00
1.900000000000000000e+02 4.419800000000000395e+00 3.593939999999999912e+00 0.000000000000000000e+00
1.910000000000000000e+02 3.428980000000000139e+00 5.439189999999999969e+00 0.000000000000000000e+00
1.920000000000000000e+02 2.461640000000000050e+00 7.342780000000000307e+00 0.000000000000000000e+00
1.930000000000000000e+02 3.607990000000000030e+00 9.102990000000000137e+00 0.000000000000000000e+00
1.940000000000000000e+02 4.834900000000000198e+00 1.085684000000000005e+01 0.000000000000000000e+00
1.950000000000000000e+02 5.132959999999999745e+00 1.444227000000000061e+01 0.000000000000000000e+00
1.960000000000000000e+02 4.227269999999999861e+00 1.633467999999999876e+01 0.000000000000000000e+00
1.970000000000000000e+02 2.000509999999999788e+00 1.653379999999999939e+01 0.000000000000000000e+00
1.980000000000000000e+02 5.998739999999999739e+00 -1.691410000000000124e+01 0.000000000000000000e+00
1.990000000000000000e+02 4.775420000000000442e+00 -1.340917999999999921e+01 0.000000000000000000e+00
2.000000000000000000e+02 5.019190000000000040e+00 -1.126760999999999946e+01 0.000000000000000000e+00
2.010000000000000000e+02 5.387830000000000119e+00 -8.976889999999999148e+00 0.000000000000000000e+00
2.020000000000000000e+02 5.727490000000000414e+00 -6.928960000000000008e+00 0.000000000000000000e+00
2.030000000000000000e+02 5.797410000000000174e+00 -4.846870000000000012e+00 0.000000000000000000e+00
2.040000000000000000e+02 5.884540000000000326e+00 -2.784730000000000150e+00 0.000000000000000000e+00
2.050000000000000000e+02 8.027200000000000557e+00 -1.806030000000000024e+00 0.000000000000000000e+00
2.060000000000000000e+02 8.106479999999999464e+00 3.181800000000000184e-01 0.000000000000000000e+00
2.070000000000000000e+02 8.374599999999999156e+00 2.411439999999999806e+00 0.000000000000000000e+00
2.080000000000000000e+02 6.481279999999999930e+00 3.367589999999999861e+00 0.000000000000000000e+00
2.090000000000000000e+02 5.599890000000000256e+00 5.302669999999999995e+00 0.000000000000000000e+00
2.100000000000000000e+02 4.584500000000000242e+00 7.203369999999999607e+00 0.000000000000000000e+00
2.110000000000000000e+02 5.849090000000000344e+00 8.954599999999999227e+00 0.000000000000000000e+00
2.120000000000000000e+02 6.946920000000000428e+00 1.072771000000000008e+01 0.000000000000000000e+00
2.130000000000000000e+02 6.005609999999999893e+00 1.256907999999999959e+01 0.000000000000000000e+00
2.140000000000000000e+02 6.308060000000000223e+00 1.617669000000000068e+01 0.000000000000000000e+00
2.150000000000000000e+02 3.236019999999999897e+00 1.828066000000000102e+01 0.000000000000000000e+00
2.160000000000000000e+02 7.623700000000000365e+00 -1.853453000000000017e+01 0.000000000000000000e+00
2.170000000000000000e+02 6.428969999999999629e+00 -1.467986999999999931e+01 0.000000000000000000e+00
2.180000000000000000e+02 6.801599999999999646e+00 -1.259481000000000073e+01 0.000000000000000000e+00
2.190000000000000000e+02 7.011140000000000150e+00 -1.033236999999999917e+01 0.000000000000000000e+00
2.200000000000000000e+02 7.350699999999999790e+00 -8.261979999999999436e+00 0.000000000000000000e+00
2.210000000000000000e+02 7.628960000000000186e+00 -6.097620000000000040e+00 0.000000000000000000e+00
2.220000000000000000e+02 7.777059999999999640e+00 -4.004139999999999588e+00 0.000000000000000000e+00
2.230000000000000000e+02 9.666090000000000515e+00 -3.115909999999999958e+00 0.000000000000000000e+00
2.240000000000000000e+02 9.954739999999999256e+00 -9.802300000000000457e-01 0.000000000000000000e+00
2.250000000000000000e+02 1.007521999999999984e+01 1.092700000000000005e+00 0.000000000000000000e+00
2.260000000000000000e+02 1.031983999999999924e+01 3.138920000000000154e+00 0.000000000000000000e+00
2.270000000000000000e+02 7.680130000000000123e+00 5.075400000000000134e+00 0.000000000000000000e+00
2.280000000000000000e+02 6.788870000000000182e+00 7.068399999999999572e+00 0.000000000000000000e+00
2.290000000000000000e+02 7.918459999999999610e+00 8.838850000000000762e+00 0.000000000000000000e+00
2.300000000000000000e+02 9.028359999999999275e+00 1.060833000000000048e+01 0.000000000000000000e+00
2.310000000000000000e+02 8.118399999999999395e+00 1.246335000000000015e+01 0.000000000000000000e+00
2.320000000000000000e+02 7.261899999999999800e+00 1.433333999999999975e+01 0.000000000000000000e+00
2.330000000000000000e+02 5.660260000000000069e+00 1.819596999999999909e+01 0.000000000000000000e+00
2.340000000000000000e+02 8.055120000000000502e+00 -1.612437999999999860e+01 0.000000000000000000e+00
2.350000000000000000e+02 8.433820000000000761e+00 -1.395335000000000036e+01 0.000000000000000000e+00
2.360000000000000000e+02 8.702439999999999287e+00 -1.169997000000000043e+01 0.000000000000000000e+00
2.370000000000000000e+02 8.970900000000000318e+00 -9.552680000000000504e+00 0.000000000000000000e+00
2.380000000000000000e+02 9.251400000000000290e+00 -7.375949999999999562e+00 0.000000000000000000e+00
2.390000000000000000e+02 9.504690000000000083e+00 -5.227730000000000210e+00 0.000000000000000000e+00
2.400000000000000000e+02 1.142064000000000057e+01 -4.320730000000000182e+00 0.000000000000000000e+00
2.410000000000000000e+02 1.159141999999999939e+01 -2.245029999999999859e+00 0.000000000000000000e+00
2.420000000000000000e+02 1.183957999999999977e+01 -1.437599999999999989e-01 0.000000000000000000e+00
2.430000000000000000e+02 1.204654000000000025e+01 1.955610000000000070e+00 0.000000000000000000e+00
2.440000000000000000e+02 9.736660000000000537e+00 5.136359999999999815e+00 0.000000000000000000e+00
2.450000000000000000e+02 1.105090000000000039e+01 6.798460000000000392e+00 0.000000000000000000e+00
2.460000000000000000e+02 8.865199999999999747e+00 6.998429999999999929e+00 0.000000000000000000e+00
2.470000000000000000e+02 1.014870999999999945e+01 8.675580000000000069e+00 0.000000000000000000e+00
2.480000000000000000e+02 1.021179000000000059e+01 1.232497000000000043e+01 0.000000000000000000e+00
2.490000000000000000e+02 9.325979999999999492e+00 1.428556999999999988e+01 0.000000000000000000e+00
2.500000000000000000e+02 8.387069999999999581e+00 1.615358000000000160e+01 0.000000000000000000e+00
2.510000000000000000e+02 8.259610000000000340e+00 1.843104999999999905e+01 0.000000000000000000e+00
2.520000000000000000e+02 1.028077000000000041e+01 -1.554296000000000078e+01 0.000000000000000000e+00
2.530000000000000000e+02 1.033089999999999975e+01 -1.317324999999999946e+01 0.000000000000000000e+00
2.540000000000000000e+02 1.062310000000000088e+01 -1.084526999999999930e+01 0.000000000000000000e+00
2.550000000000000000e+02 1.096611000000000047e+01 -8.749980000000000757e+00 0.000000000000000000e+00
2.560000000000000000e+02 1.114222000000000001e+01 -6.530230000000000423e+00 0.000000000000000000e+00
2.570000000000000000e+02 1.315329999999999977e+01 -5.549660000000000259e+00 0.000000000000000000e+00
2.580000000000000000e+02 1.331645999999999930e+01 -3.493450000000000166e+00 0.000000000000000000e+00
2.590000000000000000e+02 1.353421999999999947e+01 -1.418600000000000083e+00 0.000000000000000000e+00
2.600000000000000000e+02 1.374788999999999994e+01 6.475199999999999845e-01 0.000000000000000000e+00
2.610000000000000000e+02 1.396321000000000012e+01 2.777350000000000207e+00 0.000000000000000000e+00
2.620000000000000000e+02 1.183774999999999977e+01 4.857350000000000279e+00 0.000000000000000000e+00
2.630000000000000000e+02 1.403513000000000055e+01 4.864969999999999573e+00 0.000000000000000000e+00
2.640000000000000000e+02 1.319945000000000057e+01 6.778760000000000119e+00 0.000000000000000000e+00
2.650000000000000000e+02 1.221527999999999992e+01 8.592700000000000671e+00 0.000000000000000000e+00
2.660000000000000000e+02 1.126243000000000016e+01 1.045157000000000025e+01 0.000000000000000000e+00
2.670000000000000000e+02 1.261054000000000030e+01 1.251409999999999911e+01 0.000000000000000000e+00
2.680000000000000000e+02 1.180663999999999980e+01 1.447816000000000081e+01 0.000000000000000000e+00
2.690000000000000000e+02 1.061946000000000012e+01 1.618950999999999851e+01 0.000000000000000000e+00
2.700000000000000000e+02 1.209035000000000082e+01 -1.446875999999999962e+01 0.000000000000000000e+00
2.710000000000000000e+02 1.221846999999999994e+01 -1.219933999999999941e+01 0.000000000000000000e+00
2.720000000000000000e+02 1.271851999999999983e+01 -9.916270000000000806e+00 0.000000000000000000e+00
2.730000000000000000e+02 1.460871999999999993e+01 -8.974579999999999558e+00 0.000000000000000000e+00
2.740000000000000000e+02 1.281152999999999942e+01 -7.760629999999999917e+00 0.000000000000000000e+00
2.750000000000000000e+02 1.508348999999999940e+01 -4.754839999999999733e+00 0.000000000000000000e+00
2.760000000000000000e+02 1.698511999999999844e+01 -3.866070000000000118e+00 0.000000000000000000e+00
2.770000000000000000e+02 1.525337000000000032e+01 -2.663809999999999789e+00 0.000000000000000000e+00
2.780000000000000000e+02 1.543135999999999974e+01 -5.949900000000000189e-01 0.000000000000000000e+00
2.790000000000000000e+02 1.571115999999999957e+01 1.590780000000000083e+00 0.000000000000000000e+00
2.800000000000000000e+02 1.580115999999999943e+01 3.803780000000000161e+00 0.000000000000000000e+00
2.810000000000000000e+02 1.528209000000000017e+01 6.625180000000000291e+00 0.000000000000000000e+00
2.820000000000000000e+02 1.736974000000000018e+01 5.601219999999999644e+00 0.000000000000000000e+00
2.830000000000000000e+02 1.653894000000000020e+01 8.441390000000000171e+00 0.000000000000000000e+00
2.840000000000000000e+02 1.437726999999999933e+01 8.603009999999999380e+00 0.000000000000000000e+00
2.850000000000000000e+02 1.556066000000000038e+01 1.037224999999999930e+01 0.000000000000000000e+00
2.860000000000000000e+02 1.334258999999999951e+01 1.053201999999999927e+01 0.000000000000000000e+00
2.870000000000000000e+02 1.472564999999999991e+01 1.226404999999999923e+01 0.000000000000000000e+00
2.880000000000000000e+02 1.412453999999999965e+01 -1.344500999999999991e+01 0.000000000000000000e+00
2.890000000000000000e+02 1.437984999999999935e+01 -1.126722000000000001e+01 0.000000000000000000e+00
2.900000000000000000e+02 1.664256999999999920e+01 -8.417410000000000281e+00 0.000000000000000000e+00
2.910000000000000000e+02 1.681649000000000171e+01 -6.054389999999999716e+00 0.000000000000000000e+00
2.920000000000000000e+02 1.483015999999999934e+01 -6.823489999999999611e+00 0.000000000000000000e+00
2.930000000000000000e+02 1.904025000000000034e+01 -3.606020000000000003e+00 0.000000000000000000e+00
2.940000000000000000e+02 1.926436999999999955e+01 -1.148239999999999927e+00 0.000000000000000000e+00
2.950000000000000000e+02 1.713288999999999973e+01 -1.783230000000000093e+00 0.000000000000000000e+00
2.960000000000000000e+02 1.733636999999999873e+01 3.066999999999999726e-01 0.000000000000000000e+00
2.970000000000000000e+02 1.768064000000000036e+01 2.724250000000000060e+00 0.000000000000000000e+00
2.980000000000000000e+02 1.956806999999999874e+01 4.643449999999999633e+00 0.000000000000000000e+00
2.990000000000000000e+02 1.926760000000000161e+01 1.380290000000000017e+00 0.000000000000000000e+00
