0.000000000000000000e+00 -1.482362000000000002e+01 -1.531578000000000017e+01 0.000000000000000000e+00
1.000000000000000000e+00 -1.542056000000000004e+01 -1.330762000000000000e+01 0.000000000000000000e+00
2.000000000000000000e+00 -1.595220999999999911e+01 -1.131619000000000064e+01 0.000000000000000000e+00
3.000000000000000000e+00 -1.665763000000000105e+01 -9.244809999999999306e+00 0.000000000000000000e+00
4.000000000000000000e+00 -1.799249999999999972e+01 -7.635419999999999874e+00 0.000000000000000000e+00
5.000000000000000000e+00 -1.882508999999999943e+01 -5.662499999999999645e+00 0.000000000000000000e+00
6.000000000000000000e+00 -1.754554999999999865e+01 -3.941570000000000018e+00 0.000000000000000000e+00
7.000000000000000000e+00 -1.931715000000000160e+01 -2.702329999999999899e+00 0.000000000000000000e+00
8.000000000000000000e+00 -1.772657999999999845e+01 -1.341380000000000017e+00 0.000000000000000000e+00
9.000000000000000000e+00 -1.824797999999999831e+01 6.867999999999999661e-01 0.000000000000000000e+00
1.000000000000000000e+01 -1.950307000000000102e+01 2.433199999999999807e+00 0.000000000000000000e+00
1.100000000000000000e+01 -1.952085999999999899e+01 4.951310000000000322e+00 0.000000000000000000e+00
1.200000000000000000e+01 -1.754370000000000118e+01 6.134409999999999918e+00 0.000000000000000000e+00
1.300000000000000000e+01 -1.886206999999999923e+01 7.722660000000000302e+00 0.000000000000000000e+00
1.400000000000000000e+01 -1.653206000000000131e+01 8.097530000000000783e+00 0.000000000000000000e+00
1.500000000000000000e+01 -1.787659999999999982e+01 9.673730000000000828e+00 0.000000000000000000e+00
1.600000000000000000e+01 -1.706673999999999936e+01 1.169378000000000029e+01 0.000000000000000000e+00
1.700000000000000000e+01 -1.616358999999999924e+01 1.359767000000000081e+01 0.000000000000000000e+00
1.800000000000000000e+01 -1.273588999999999949e+01 -1.585300999999999938e+01 0.000000000000000000e+00
1.900000000000000000e+01 -1.327341000000000015e+01 -1.367868999999999957e+01 0.000000000000000000e+00
2.000000000000000000e+01 -1.386580000000000013e+01 -1.165352000000000032e+01 0.000000000000000000e+00
2.100000000000000000e+01 -1.441886000000000045e+01 -9.607810000000000628e+00 0.000000000000000000e+00
2.200000000000000000e+01 -1.521376000000000062e+01 -7.703179999999999694e+00 0.000000000000000000e+00
2.300000000000000000e+01 -1.644033999999999907e+01 -5.948349999999999582e+00 0.000000000000000000e+00
2.400000000000000000e+01 -1.493390999999999913e+01 -4.327270000000000394e+00 0.000000000000000000e+00
2.500000000000000000e+01 -1.593440000000000012e+01 -2.474489999999999856e+00 0.000000000000000000e+00
2.600000000000000000e+01 -1.477815000000000012e+01 -7.526399999999999757e-01 0.000000000000000000e+00
2.700000000000000000e+01 -1.607683000000000106e+01 8.768599999999999728e-01 0.000000000000000000e+00
2.800000000000000000e+01 -1.745512000000000086e+01 2.645199999999999996e+00 0.000000000000000000e+00
2.900000000000000000e+01 -1.626958000000000126e+01 4.412580000000000169e+00 0.000000000000000000e+00
3.000000000000000000e+01 -1.531976000000000049e+01 6.398690000000000211e+00 0.000000000000000000e+00
3.100000000000000000e+01 -1.447222999999999971e+01 8.324699999999999989e+00 0.000000000000000000e+00
3.200000000000000000e+01 -1.566521000000000008e+01 1.001820999999999984e+01 0.000000000000000000e+00
3.300000000000000000e+01 -1.488826000000000072e+01 1.194495000000000040e+01 0.000000000000000000e+00
3.400000000000000000e+01 -1.406833999999999918e+01 1.393910999999999945e+01 0.000000000000000000e+00
3.500000000000000000e+01 -1.312016999999999989e+01 1.580870999999999960e+01 0.000000000000000000e+00
3.600000000000000000e+01 -1.065309000000000061e+01 -1.635150000000000148e+01 0.000000000000000000e+00
3.700000000000000000e+01 -1.130368999999999957e+01 -1.435323999999999955e+01 0.000000000000000000e+00
3.800000000000000000e+01 -1.181020999999999965e+01 -1.218901999999999930e+01 0.000000000000000000e+00
3.900000000000000000e+01 -1.238466000000000022e+01 -1.004139999999999944e+01 0.000000000000000000e+00
4.000000000000000000e+01 -1.293427999999999933e+01 -8.022370000000000445e+00 0.000000000000000000e+00
4.100000000000000000e+01 -1.380780999999999992e+01 -6.109060000000000379e+00 0.000000000000000000e+00
4.200000000000000000e+01 -1.268009999999999948e+01 -4.349149999999999849e+00 0.000000000000000000e+00
4.300000000000000000e+01 -1.381922999999999924e+01 -2.579540000000000166e+00 0.000000000000000000e+00
4.400000000000000000e+01 -1.271441000000000088e+01 -7.386300000000000088e-01 0.000000000000000000e+00
4.500000000000000000e+01 -1.372460000000000058e+01 1.109979999999999967e+00 0.000000000000000000e+00
4.600000000000000000e+01 -1.506550000000000011e+01 2.734589999999999854e+00 0.000000000000000000e+00
4.700000000000000000e+01 -1.416202000000000005e+01 4.617670000000000385e+00 0.000000000000000000e+00
4.800000000000000000e+01 -1.326267999999999958e+01 6.613620000000000054e+00 0.000000000000000000e+00
4.900000000000000000e+01 -1.223982999999999954e+01 8.432620000000000005e+00 0.000000000000000000e+00
5.000000000000000000e+01 -1.357685000000000031e+01 1.023109999999999964e+01 0.000000000000000000e+00
5.100000000000000000e+01 -1.265264999999999951e+01 1.211178999999999917e+01 0.000000000000000000e+00
5.200000000000000000e+01 -1.176374999999999993e+01 1.398170999999999964e+01 0.000000000000000000e+00
5.300000000000000000e+01 -1.104795000000000016e+01 1.599976000000000020e+01 0.000000000000000000e+00
5.400000000000000000e+01 -8.620400000000000063e+00 -1.718327000000000027e+01 0.000000000000000000e+00
5.500000000000000000e+01 -9.218320000000000292e+00 -1.486832000000000065e+01 0.000000000000000000e+00
5.600000000000000000e+01 -9.858140000000000569e+00 -1.285041999999999973e+01 0.000000000000000000e+00
5.700000000000000000e+01 -1.034867000000000026e+01 -1.063233999999999924e+01 0.000000000000000000e+00
5.800000000000000000e+01 -1.080840000000000067e+01 -8.604829999999999757e+00 0.000000000000000000e+00
5.900000000000000000e+01 -1.172735999999999912e+01 -6.287910000000000110e+00 0.000000000000000000e+00
6.000000000000000000e+01 -1.040808000000000000e+01 -4.619030000000000413e+00 0.000000000000000000e+00
6.100000000000000000e+01 -1.163292000000000037e+01 -2.557479999999999976e+00 0.000000000000000000e+00
6.200000000000000000e+01 -1.060013999999999967e+01 -4.651799999999999824e-01 0.000000000000000000e+00
6.300000000000000000e+01 -1.166925999999999952e+01 1.300869999999999971e+00 0.000000000000000000e+00
6.400000000000000000e+01 -1.283741000000000021e+01 3.015169999999999906e+00 0.000000000000000000e+00
6.500000000000000000e+01 -1.200605999999999973e+01 4.915630000000000166e+00 0.000000000000000000e+00
6.600000000000000000e+01 -1.093554999999999922e+01 6.726750000000000007e+00 0.000000000000000000e+00
6.700000000000000000e+01 -1.004382000000000019e+01 8.590469999999999828e+00 0.000000000000000000e+00
6.800000000000000000e+01 -1.133577999999999975e+01 1.032902999999999949e+01 0.000000000000000000e+00
6.900000000000000000e+01 -1.054148999999999958e+01 1.223812000000000033e+01 0.000000000000000000e+00
7.000000000000000000e+01 -9.669850000000000279e+00 1.423854000000000042e+01 0.000000000000000000e+00
7.100000000000000000e+01 -9.182299999999999685e+00 1.690171000000000134e+01 0.000000000000000000e+00
7.200000000000000000e+01 -6.594520000000000159e+00 -1.803586999999999918e+01 0.000000000000000000e+00
7.300000000000000000e+01 -7.106690000000000396e+00 -1.539256999999999920e+01 0.000000000000000000e+00
7.400000000000000000e+01 -7.779510000000000147e+00 -1.330803000000000047e+01 0.000000000000000000e+00
7.500000000000000000e+01 -8.371829999999999217e+00 -1.130991999999999997e+01 0.000000000000000000e+00
7.600000000000000000e+01 -8.768660000000000565e+00 -9.270619999999999195e+00 0.000000000000000000e+00
7.700000000000000000e+01 -9.687929999999999708e+00 -6.770870000000000388e+00 0.000000000000000000e+00
7.800000000000000000e+01 -8.395039999999999836e+00 -3.962050000000000072e+00 0.000000000000000000e+00
7.900000000000000000e+01 -9.568970000000000198e+00 -2.262929999999999886e+00 0.000000000000000000e+00
8.000000000000000000e+01 -8.407840000000000202e+00 -4.555000000000000160e-01 0.000000000000000000e+00
8.100000000000000000e+01 -9.588630000000000209e+00 1.366730000000000000e+00 0.000000000000000000e+00
8.200000000000000000e+01 -1.072527999999999970e+01 3.192149999999999821e+00 0.000000000000000000e+00
8.300000000000000000e+01 -8.613559999999999661e+00 3.222659999999999858e+00 0.000000000000000000e+00
8.400000000000000000e+01 -9.755950000000000344e+00 5.026169999999999582e+00 0.000000000000000000e+00
8.500000000000000000e+01 -7.836430000000000007e+00 8.728329999999999700e+00 0.000000000000000000e+00
8.600000000000000000e+01 -9.143290000000000362e+00 1.043955000000000055e+01 0.000000000000000000e+00
8.700000000000000000e+01 -8.480409999999999116e+00 1.251797000000000004e+01 0.000000000000000000e+00
8.800000000000000000e+01 -7.850520000000000387e+00 1.523617999999999917e+01 0.000000000000000000e+00
8.900000000000000000e+01 -7.172760000000000247e+00 1.751517000000000124e+01 0.000000000000000000e+00
9.000000000000000000e+01 -5.449659999999999727e+00 -1.993956999999999979e+01 0.000000000000000000e+00
9.100000000000000000e+01 -5.015159999999999840e+00 -1.601753000000000071e+01 0.000000000000000000e+00
9.200000000000000000e+01 -5.628049999999999997e+00 -1.394841000000000086e+01 0.000000000000000000e+00
9.300000000000000000e+01 -6.210079999999999600e+00 -1.196753000000000000e+01 0.000000000000000000e+00
9.400000000000000000e+01 -6.800900000000000389e+00 -9.929669999999999774e+00 0.000000000000000000e+00
9.500000000000000000e+01 -7.229280000000000150e+00 -7.909819999999999851e+00 0.000000000000000000e+00
9.600000000000000000e+01 -7.790180000000000327e+00 -5.921140000000000292e+00 0.000000000000000000e+00
9.700000000000000000e+01 -6.320400000000000240e+00 -4.215449999999999697e+00 0.000000000000000000e+00
9.800000000000000000e+01 -7.257740000000000080e+00 -2.231339999999999879e+00 0.000000000000000000e+00
9.900000000000000000e+01 -6.280409999999999826e+00 -3.480800000000000005e-01 0.000000000000000000e+00
1.000000000000000000e+02 -7.462629999999999875e+00 1.427750000000000075e+00 0.000000000000000000e+00
1.010000000000000000e+02 -7.530719999999999636e+00 5.105879999999999974e+00 0.000000000000000000e+00
1.020000000000000000e+02 -8.696490000000000720e+00 6.810810000000000031e+00 0.000000000000000000e+00
1.030000000000000000e+02 -5.625189999999999912e+00 8.781489999999999796e+00 0.000000000000000000e+00
1.040000000000000000e+02 -6.937070000000000292e+00 1.061619999999999919e+01 0.000000000000000000e+00
1.050000000000000000e+02 -6.539710000000000356e+00 1.360452000000000083e+01 0.000000000000000000e+00
1.060000000000000000e+02 -5.636680000000000135e+00 1.547396999999999956e+01 0.000000000000000000e+00
1.070000000000000000e+02 -5.991509999999999891e+00 1.936348999999999876e+01 0.000000000000000000e+00
1.080000000000000000e+02 -4.468009999999999593e+00 -1.809686999999999912e+01 0.000000000000000000e+00
1.090000000000000000e+02 -3.602079999999999949e+00 -1.446157000000000004e+01 0.000000000000000000e+00
1.100000000000000000e+02 -4.139280000000000292e+00 -1.244552999999999976e+01 0.000000000000000000e+00
1.110000000000000000e+02 -4.693939999999999557e+00 -1.034955000000000069e+01 0.000000000000000000e+00
1.120000000000000000e+02 -5.204509999999999970e+00 -8.270250000000000767e+00 0.000000000000000000e+00
1.130000000000000000e+02 -5.742549999999999599e+00 -6.253409999999999691e+00 0.000000000000000000e+00
1.140000000000000000e+02 -3.710179999999999811e+00 -6.749699999999999811e+00 0.000000000000000000e+00
1.150000000000000000e+02 -4.286170000000000258e+00 -4.651410000000000267e+00 0.000000000000000000e+00
1.160000000000000000e+02 -5.150610000000000355e+00 -2.392160000000000064e+00 0.000000000000000000e+00
1.170000000000000000e+02 -4.197650000000000325e+00 -2.053099999999999925e-01 0.000000000000000000e+00
1.180000000000000000e+02 -6.498160000000000380e+00 3.305410000000000181e+00 0.000000000000000000e+00
1.190000000000000000e+02 -5.431119999999999948e+00 5.119839999999999947e+00 0.000000000000000000e+00
1.200000000000000000e+02 -6.628420000000000201e+00 6.989569999999999617e+00 0.000000000000000000e+00
1.210000000000000000e+02 -4.017000000000000348e+00 1.010623999999999967e+01 0.000000000000000000e+00
1.220000000000000000e+02 -5.281290000000000262e+00 1.192993000000000059e+01 0.000000000000000000e+00
1.230000000000000000e+02 -3.180149999999999810e+00 1.200703000000000031e+01 0.000000000000000000e+00
1.240000000000000000e+02 -4.320610000000000284e+00 1.386020000000000074e+01 0.000000000000000000e+00
1.250000000000000000e+02 -4.762889999999999624e+00 1.760902000000000100e+01 0.000000000000000000e+00
1.260000000000000000e+02 -1.700159999999999894e+00 -1.907533000000000101e+01 0.000000000000000000e+00
1.270000000000000000e+02 -2.987340000000000106e+00 -1.645655000000000001e+01 0.000000000000000000e+00
1.280000000000000000e+02 -2.119229999999999947e+00 -1.293699999999999939e+01 0.000000000000000000e+00
1.290000000000000000e+02 -2.699390000000000178e+00 -1.094890000000000008e+01 0.000000000000000000e+00
1.300000000000000000e+02 -3.194910000000000139e+00 -8.862399999999999167e+00 0.000000000000000000e+00
1.310000000000000000e+02 -1.754629999999999912e+00 -7.380720000000000169e+00 0.000000000000000000e+00
1.320000000000000000e+02 -2.262049999999999894e+00 -5.204500000000000348e+00 0.000000000000000000e+00
1.330000000000000000e+02 -3.063750000000000195e+00 -2.898130000000000095e+00 0.000000000000000000e+00
1.340000000000000000e+02 -2.263419999999999987e+00 -9.762499999999999512e-01 0.000000000000000000e+00
1.350000000000000000e+02 -5.333829999999999849e+00 1.535109999999999975e+00 0.000000000000000000e+00
1.360000000000000000e+02 -4.008980000000000210e+00 3.286340000000000039e+00 0.000000000000000000e+00
1.370000000000000000e+02 -3.286360000000000170e+00 5.327549999999999564e+00 0.000000000000000000e+00
1.380000000000000000e+02 -4.490350000000000286e+00 7.046859999999999680e+00 0.000000000000000000e+00
1.390000000000000000e+02 -2.706659999999999844e+00 8.205090000000000217e+00 0.000000000000000000e+00
1.400000000000000000e+02 -1.958180000000000032e+00 1.032155999999999985e+01 0.000000000000000000e+00
1.410000000000000000e+02 -2.183590000000000142e+00 1.398733000000000004e+01 0.000000000000000000e+00
1.420000000000000000e+02 -3.557380000000000209e+00 1.590028000000000041e+01 0.000000000000000000e+00
1.430000000000000000e+02 -2.661189999999999944e+00 1.779910999999999888e+01 0.000000000000000000e+00
1.440000000000000000e+02 -9.908299999999999885e-01 -1.705881000000000114e+01 0.000000000000000000e+00
1.450000000000000000e+02 -1.418400000000000105e+00 -1.501375999999999955e+01 0.000000000000000000e+00
1.460000000000000000e+02 1.380999999999999936e-02 -1.350460999999999956e+01 0.000000000000000000e+00
1.470000000000000000e+02 -6.184899999999999842e-01 -1.141295000000000037e+01 0.000000000000000000e+00
1.480000000000000000e+02 -1.056880000000000042e+00 -9.368309999999999249e+00 0.000000000000000000e+00
1.490000000000000000e+02 3.351100000000000190e-01 -7.858430000000000248e+00 0.000000000000000000e+00
1.500000000000000000e+02 -2.489500000000000046e-01 -5.736379999999999590e+00 0.000000000000000000e+00
1.510000000000000000e+02 -7.768800000000000150e-01 -2.880489999999999995e+00 0.000000000000000000e+00
1.520000000000000000e+02 -1.542100000000000137e-01 -6.640000000000000346e-01 0.000000000000000000e+00
1.530000000000000000e+02 -2.640839999999999854e+00 1.243000000000000105e+00 0.000000000000000000e+00
1.540000000000000000e+02 -1.934779999999999944e+00 3.272969999999999935e+00 0.000000000000000000e+00
1.550000000000000000e+02 -1.261299999999999921e-01 4.899309999999999832e+00 0.000000000000000000e+00
1.560000000000000000e+02 -1.522799999999999931e+00 6.502959999999999852e+00 0.000000000000000000e+00
1.570000000000000000e+02 -6.535300000000000553e-01 8.523799999999999599e+00 0.000000000000000000e+00
1.580000000000000000e+02 -1.097800000000000109e+00 1.224311999999999934e+01 0.000000000000000000e+00
1.590000000000000000e+02 -5.145999999999999880e-02 1.431147999999999954e+01 0.000000000000000000e+00
1.600000000000000000e+02 -1.471680000000000099e+00 1.594102999999999959e+01 0.000000000000000000e+00
1.610000000000000000e+02 -3.950000000000000039e-02 1.803844000000000136e+01 0.000000000000000000e+00
1.620000000000000000e+02 3.796700000000000075e-01 -1.945816999999999908e+01 0.000000000000000000e+00
1.630000000000000000e+02 1.115860000000000074e+00 -1.749429999999999907e+01 0.000000000000000000e+00
1.640000000000000000e+02 6.152300000000000546e-01 -1.549231999999999942e+01 0.000000000000000000e+00
1.650000000000000000e+02 1.470839999999999925e+00 -1.195584999999999987e+01 0.000000000000000000e+00
1.660000000000000000e+02 9.331000000000000405e-01 -9.892129999999999868e+00 0.000000000000000000e+00
1.670000000000000000e+02 1.788520000000000110e+00 -6.353640000000000398e+00 0.000000000000000000e+00
1.680000000000000000e+02 1.153180000000000094e+00 -4.239980000000000082e+00 0.000000000000000000e+00
1.690000000000000000e+02 1.316009999999999902e+00 -2.124319999999999986e+00 0.000000000000000000e+00
1.700000000000000000e+02 1.369979999999999976e+00 8.084700000000000220e-01 0.000000000000000000e+00
1.710000000000000000e+02 -5.625099999999999545e-01 1.632060000000000066e+00 0.000000000000000000e+00
1.720000000000000000e+02 1.355779999999999985e+00 2.879249999999999865e+00 0.000000000000000000e+00
1.730000000000000000e+02 1.939990000000000103e+00 5.144260000000000055e+00 0.000000000000000000e+00
1.740000000000000000e+02 5.776999999999999913e-01 6.857529999999999681e+00 0.000000000000000000e+00
1.750000000000000000e+02 1.444280000000000008e+00 8.814310000000000755e+00 0.000000000000000000e+00
1.760000000000000000e+02 1.077100000000000002e-01 1.053773999999999944e+01 0.000000000000000000e+00
1.770000000000000000e+02 9.671899999999999942e-01 1.244406000000000034e+01 0.000000000000000000e+00
1.780000000000000000e+02 1.000899999999999901e+00 1.615246000000000137e+01 0.000000000000000000e+00
1.790000000000000000e+02 1.329210000000000003e+00 1.969331999999999994e+01 0.000000000000000000e+00
1.800000000000000000e+02 3.229350000000000165e+00 -1.994736999999999938e+01 0.000000000000000000e+00
1.810000000000000000e+02 2.693799999999999972e+00 -1.589193999999999996e+01 0.000000000000000000e+00
1.820000000000000000e+02 2.106120000000000214e+00 -1.391563000000000017e+01 0.000000000000000000e+00
1.830000000000000000e+02 2.955659999999999954e+00 -1.042421000000000042e+01 0.000000000000000000e+00
1.840000000000000000e+02 2.387129999999999974e+00 -8.328079999999999927e+00 0.000000000000000000e+00
1.850000000000000000e+02 3.812870000000000203e+00 -6.815769999999999662e+00 0.000000000000000000e+00
1.860000000000000000e+02 3.212940000000000129e+00 -4.837900000000000311e+00 0.000000000000000000e+00
1.870000000000000000e+02 3.536230000000000206e+00 -2.774230000000000196e+00 0.000000000000000000e+00
1.880000000000000000e+02 2.815350000000000019e+00 -6.814400000000000457e-01 0.000000000000000000e+00
1.890000000000000000e+02 3.388119999999999798e+00 1.447289999999999965e+00 0.000000000000000000e+00
1.900000000000000000e+02 3.313029999999999919e+00 3.544179999999999886e+00 0.000000000000000000e+00
1.910000000000000000e+02 4.027199999999999669e+00 5.502080000000000304e+00 0.000000000000000000e+00
1.920000000000000000e+02 2.693449999999999900e+00 7.070839999999999570e+00 0.000000000000000000e+00
1.930000000000000000e+02 3.610339999999999883e+00 9.247120000000000672e+00 0.000000000000000000e+00
1.940000000000000000e+02 2.183510000000000062e+00 1.074192000000000036e+01 0.000000000000000000e+00
1.950000000000000000e+02 3.135609999999999786e+00 1.256089000000000055e+01 0.000000000000000000e+00
1.960000000000000000e+02 2.189249999999999918e+00 1.446423000000000059e+01 0.000000000000000000e+00
1.970000000000000000e+02 2.592189999999999994e+00 1.757657000000000025e+01 0.000000000000000000e+00
1.980000000000000000e+02 3.795630000000000059e+00 -1.795614000000000132e+01 0.000000000000000000e+00
1.990000000000000000e+02 4.160809999999999675e+00 -1.440703000000000067e+01 0.000000000000000000e+00
2.000000000000000000e+02 3.621780000000000221e+00 -1.237613999999999947e+01 0.000000000000000000e+00
2.010000000000000000e+02 5.057820000000000427e+00 -1.079449999999999932e+01 0.000000000000000000e+00
2.020000000000000000e+02 4.408839999999999648e+00 -8.803649999999999309e+00 0.000000000000000000e+00
2.030000000000000000e+02 5.877299999999999969e+00 -7.233249999999999957e+00 0.000000000000000000e+00
2.040000000000000000e+02 5.260500000000000398e+00 -4.555500000000000327e+00 0.000000000000000000e+00
2.050000000000000000e+02 5.529620000000000424e+00 -2.240969999999999906e+00 0.000000000000000000e+00
2.060000000000000000e+02 4.831019999999999648e+00 -2.127499999999999947e-01 0.000000000000000000e+00
2.070000000000000000e+02 5.411640000000000228e+00 1.882169999999999899e+00 0.000000000000000000e+00
2.080000000000000000e+02 5.383409999999999584e+00 3.942480000000000206e+00 0.000000000000000000e+00
2.090000000000000000e+02 6.302100000000000257e+00 5.900299999999999656e+00 0.000000000000000000e+00
2.100000000000000000e+02 4.794599999999999973e+00 7.439280000000000115e+00 0.000000000000000000e+00
2.110000000000000000e+02 5.593479999999999563e+00 9.824500000000000455e+00 0.000000000000000000e+00
2.120000000000000000e+02 5.194539999999999935e+00 1.193270000000000053e+01 0.000000000000000000e+00
2.130000000000000000e+02 4.600769999999999804e+00 1.411045999999999978e+01 0.000000000000000000e+00
2.140000000000000000e+02 4.056119999999999948e+00 1.613091999999999970e+01 0.000000000000000000e+00
2.150000000000000000e+02 4.509599999999999831e+00 1.920372000000000057e+01 0.000000000000000000e+00
2.160000000000000000e+02 5.894199999999999662e+00 -1.697866000000000142e+01 0.000000000000000000e+00
2.170000000000000000e+02 6.658909999999999663e+00 -1.488522999999999996e+01 0.000000000000000000e+00
2.180000000000000000e+02 5.811819999999999986e+00 -1.290925999999999974e+01 0.000000000000000000e+00
2.190000000000000000e+02 7.081360000000000099e+00 -1.123194999999999943e+01 0.000000000000000000e+00
2.200000000000000000e+02 6.549699999999999633e+00 -9.242340000000000444e+00 0.000000000000000000e+00
2.210000000000000000e+02 8.016840000000000188e+00 -7.655219999999999914e+00 0.000000000000000000e+00
2.220000000000000000e+02 7.572860000000000369e+00 -5.629139999999999588e+00 0.000000000000000000e+00
2.230000000000000000e+02 7.133549999999999613e+00 -3.627159999999999940e+00 0.000000000000000000e+00
2.240000000000000000e+02 7.503560000000000230e+00 -1.601730000000000098e+00 0.000000000000000000e+00
2.250000000000000000e+02 6.834319999999999951e+00 3.488800000000000234e-01 0.000000000000000000e+00
2.260000000000000000e+02 7.978320000000000078e+00 2.141270000000000007e+00 0.000000000000000000e+00
2.270000000000000000e+02 7.496419999999999639e+00 4.228349999999999831e+00 0.000000000000000000e+00
2.280000000000000000e+02 6.779659999999999798e+00 7.994939999999999714e+00 0.000000000000000000e+00
2.290000000000000000e+02 8.233309999999999462e+00 9.449780000000000513e+00 0.000000000000000000e+00
2.300000000000000000e+02 7.217319999999999958e+00 1.126185000000000080e+01 0.000000000000000000e+00
2.310000000000000000e+02 6.698080000000000034e+00 1.341569999999999929e+01 0.000000000000000000e+00
2.320000000000000000e+02 6.240099999999999980e+00 1.542672999999999917e+01 0.000000000000000000e+00
2.330000000000000000e+02 5.786999999999999922e+00 1.758577000000000012e+01 0.000000000000000000e+00
2.340000000000000000e+02 7.977140000000000342e+00 -1.807266999999999868e+01 0.000000000000000000e+00
2.350000000000000000e+02 8.428069999999999951e+00 -1.603494999999999848e+01 0.000000000000000000e+00
2.360000000000000000e+02 8.588540000000000063e+00 -1.394483999999999924e+01 0.000000000000000000e+00
2.370000000000000000e+02 9.100659999999999528e+00 -1.174576000000000064e+01 0.000000000000000000e+00
2.380000000000000000e+02 8.800599999999999312e+00 -9.663809999999999789e+00 0.000000000000000000e+00
2.390000000000000000e+02 9.610839999999999606e+00 -6.244239999999999569e+00 0.000000000000000000e+00
2.400000000000000000e+02 9.171590000000000131e+00 -4.164170000000000371e+00 0.000000000000000000e+00
2.410000000000000000e+02 9.541629999999999612e+00 -1.931170000000000053e+00 0.000000000000000000e+00
2.420000000000000000e+02 8.928470000000000795e+00 9.833000000000000074e-02 0.000000000000000000e+00
2.430000000000000000e+02 1.084192999999999962e+01 1.461330000000000018e+00 0.000000000000000000e+00
2.440000000000000000e+02 9.831899999999999196e+00 3.295599999999999863e+00 0.000000000000000000e+00
2.450000000000000000e+02 9.276439999999999131e+00 5.334959999999999702e+00 0.000000000000000000e+00
2.460000000000000000e+02 8.797670000000000101e+00 7.428659999999999819e+00 0.000000000000000000e+00
2.470000000000000000e+02 1.035637000000000008e+01 8.847379999999999356e+00 0.000000000000000000e+00
2.480000000000000000e+02 9.684390000000000498e+00 1.092018000000000022e+01 0.000000000000000000e+00
2.490000000000000000e+02 8.762090000000000600e+00 1.277485000000000070e+01 0.000000000000000000e+00
2.500000000000000000e+02 8.263299999999999201e+00 1.489242999999999917e+01 0.000000000000000000e+00
2.510000000000000000e+02 8.440830000000000055e+00 1.710748999999999853e+01 0.000000000000000000e+00
2.520000000000000000e+02 1.094721999999999973e+01 -1.760251999999999839e+01 0.000000000000000000e+00
2.530000000000000000e+02 1.036891999999999925e+01 -1.526187999999999967e+01 0.000000000000000000e+00
2.540000000000000000e+02 1.062016999999999989e+01 -1.317706000000000088e+01 0.000000000000000000e+00
2.550000000000000000e+02 1.075694000000000017e+01 -1.041765000000000008e+01 0.000000000000000000e+00
2.560000000000000000e+02 1.039793000000000056e+01 -8.272309999999999164e+00 0.000000000000000000e+00
2.570000000000000000e+02 1.195824999999999960e+01 -6.841520000000000046e+00 0.000000000000000000e+00
2.580000000000000000e+02 1.116352000000000011e+01 -4.778089999999999726e+00 0.000000000000000000e+00
2.590000000000000000e+02 1.154986000000000068e+01 -2.729530000000000012e+00 0.000000000000000000e+00
2.600000000000000000e+02 1.116871000000000080e+01 -6.207899999999999530e-01 0.000000000000000000e+00
2.610000000000000000e+02 1.286317999999999984e+01 8.804300000000000459e-01 0.000000000000000000e+00
2.620000000000000000e+02 1.258290000000000042e+01 3.079849999999999977e+00 0.000000000000000000e+00
2.630000000000000000e+02 1.135135999999999967e+01 4.813150000000000261e+00 0.000000000000000000e+00
2.640000000000000000e+02 1.093181000000000047e+01 6.855909999999999727e+00 0.000000000000000000e+00
2.650000000000000000e+02 1.259439000000000064e+01 8.731730000000000658e+00 0.000000000000000000e+00
2.660000000000000000e+02 1.224666000000000032e+01 1.083267000000000024e+01 0.000000000000000000e+00
2.670000000000000000e+02 1.094913999999999987e+01 1.258177000000000056e+01 0.000000000000000000e+00
2.680000000000000000e+02 1.032427999999999990e+01 1.454527999999999999e+01 0.000000000000000000e+00
2.690000000000000000e+02 1.087778999999999918e+01 1.681962000000000046e+01 0.000000000000000000e+00
2.700000000000000000e+02 1.254485000000000028e+01 -1.561578000000000088e+01 0.000000000000000000e+00
2.710000000000000000e+02 1.269172999999999973e+01 -1.353345000000000020e+01 0.000000000000000000e+00
2.720000000000000000e+02 1.267802999999999969e+01 -1.145433000000000057e+01 0.000000000000000000e+00
2.730000000000000000e+02 1.416294000000000075e+01 -1.004007999999999967e+01 0.000000000000000000e+00
2.740000000000000000e+02 1.234050000000000047e+01 -8.999299999999999855e+00 0.000000000000000000e+00
2.750000000000000000e+02 1.395429999999999993e+01 -7.603419999999999845e+00 0.000000000000000000e+00
2.760000000000000000e+02 1.355235000000000056e+01 -5.517059999999999853e+00 0.000000000000000000e+00
2.770000000000000000e+02 1.385979000000000028e+01 -3.249270000000000103e+00 0.000000000000000000e+00
2.780000000000000000e+02 1.315285000000000082e+01 -1.248259999999999925e+00 0.000000000000000000e+00
2.790000000000000000e+02 1.493432999999999922e+01 1.271160000000000068e+00 0.000000000000000000e+00
2.800000000000000000e+02 1.500704999999999956e+01 3.464350000000000041e+00 0.000000000000000000e+00
2.810000000000000000e+02 1.347799999999999976e+01 5.205029999999999824e+00 0.000000000000000000e+00
2.820000000000000000e+02 1.561889000000000038e+01 5.895400000000000418e+00 0.000000000000000000e+00
2.830000000000000000e+02 1.404363000000000028e+01 7.267619999999999969e+00 0.000000000000000000e+00
2.840000000000000000e+02 1.482116000000000078e+01 9.358599999999999142e+00 0.000000000000000000e+00
2.850000000000000000e+02 1.464211000000000062e+01 1.151566000000000045e+01 0.000000000000000000e+00
2.860000000000000000e+02 1.306404000000000032e+01 1.288298999999999950e+01 0.000000000000000000e+00
2.870000000000000000e+02 1.245266999999999946e+01 1.499553000000000047e+01 0.000000000000000000e+00
2.880000000000000000e+02 1.458468000000000053e+01 -1.438621000000000016e+01 0.000000000000000000e+00
2.890000000000000000e+02 1.466064000000000078e+01 -1.219936000000000043e+01 0.000000000000000000e+00
2.900000000000000000e+02 1.645929999999999893e+01 -1.118235999999999919e+01 0.000000000000000000e+00
2.910000000000000000e+02 1.779438000000000031e+01 -9.491080000000000183e+00 0.000000000000000000e+00
2.920000000000000000e+02 1.573887000000000036e+01 -8.652990000000000848e+00 0.000000000000000000e+00
2.930000000000000000e+02 1.713201000000000107e+01 -6.819049999999999834e+00 0.000000000000000000e+00
2.940000000000000000e+02 1.566047999999999973e+01 -5.166419999999999568e+00 0.000000000000000000e+00
2.950000000000000000e+02 1.597361000000000075e+01 -2.761530000000000040e+00 0.000000000000000000e+00
2.960000000000000000e+02 1.529161000000000037e+01 -8.057900000000000063e-01 0.000000000000000000e+00
2.970000000000000000e+02 1.765643000000000029e+01 -8.019399999999999862e-01 0.000000000000000000e+00
2.980000000000000000e+02 1.680626000000000175e+01 2.175510000000000055e+00 0.000000000000000000e+00
2.990000000000000000e+02 1.738237000000000165e+01 4.171120000000000161e+00 0.000000000000000000e+00
