0.000000000000000000e+00 -1.294941999999999993e+01 -1.546630000000000038e+01 0.000000000000000000e+00
1.000000000000000000e+00 -1.447828999999999944e+01 -1.406250000000000000e+01 0.000000000000000000e+00
2.000000000000000000e+00 -1.692588999999999899e+01 -8.772990000000000066e+00 0.000000000000000000e+00
3.000000000000000000e+00 -1.846947000000000116e+01 -7.088619999999999699e+00 0.000000000000000000e+00
4.000000000000000000e+00 -2.004172000000000153e+01 -5.093090000000000117e+00 0.000000000000000000e+00
5.000000000000000000e+00 -1.784975000000000023e+01 -5.105360000000000120e+00 0.000000000000000000e+00
6.000000000000000000e+00 -1.932778000000000063e+01 -2.082079999999999931e+00 0.000000000000000000e+00
7.000000000000000000e+00 -1.745138999999999996e+01 -3.045170000000000154e+00 0.000000000000000000e+00
8.000000000000000000e+00 -2.015559999999999974e+01 4.554199999999999915e-01 0.000000000000000000e+00
9.000000000000000000e+00 -1.811116000000000170e+01 8.135499999999999954e-01 0.000000000000000000e+00
1.000000000000000000e+01 -1.957316000000000145e+01 2.734100000000000197e+00 0.000000000000000000e+00
1.100000000000000000e+01 -1.864125999999999905e+01 4.842290000000000205e+00 0.000000000000000000e+00
1.200000000000000000e+01 -1.661199999999999832e+01 5.366959999999999731e+00 0.000000000000000000e+00
1.300000000000000000e+01 -1.584482000000000035e+01 7.279029999999999667e+00 0.000000000000000000e+00
1.400000000000000000e+01 -1.798382000000000147e+01 7.088199999999999612e+00 0.000000000000000000e+00
1.500000000000000000e+01 -1.749947999999999837e+01 9.085649999999999338e+00 0.000000000000000000e+00
1.600000000000000000e+01 -1.631293000000000148e+01 1.083918000000000070e+01 0.000000000000000000e+00
1.700000000000000000e+01 -1.534151999999999916e+01 1.310111999999999988e+01 0.000000000000000000e+00
1.800000000000000000e+01 -1.080341999999999913e+01 -1.498429999999999929e+01 0.000000000000000000e+00
1.900000000000000000e+01 -1.387726999999999933e+01 -1.167125000000000057e+01 0.000000000000000000e+00
2.000000000000000000e+01 -1.531556999999999924e+01 -1.017462000000000089e+01 0.000000000000000000e+00
2.100000000000000000e+01 -1.479071000000000069e+01 -8.138469999999999871e+00 0.000000000000000000e+00
2.200000000000000000e+01 -1.638589999999999947e+01 -6.650120000000000253e+00 0.000000000000000000e+00
2.300000000000000000e+01 -1.431833999999999918e+01 -6.000189999999999912e+00 0.000000000000000000e+00
2.400000000000000000e+01 -1.587898000000000032e+01 -4.474859999999999616e+00 0.000000000000000000e+00
2.500000000000000000e+01 -1.538981000000000066e+01 -2.379179999999999851e+00 0.000000000000000000e+00
2.600000000000000000e+01 -1.680280000000000129e+01 -8.660600000000000520e-01 0.000000000000000000e+00
2.700000000000000000e+01 -1.608143000000000100e+01 1.313739999999999908e+00 0.000000000000000000e+00
2.800000000000000000e+01 -1.749398000000000053e+01 2.835690000000000044e+00 0.000000000000000000e+00
2.900000000000000000e+01 -1.547539000000000087e+01 3.426829999999999821e+00 0.000000000000000000e+00
3.000000000000000000e+01 -1.454603999999999964e+01 5.640810000000000102e+00 0.000000000000000000e+00
3.100000000000000000e+01 -1.369703999999999944e+01 7.550349999999999895e+00 0.000000000000000000e+00
3.200000000000000000e+01 -1.478744999999999976e+01 9.328969999999999985e+00 0.000000000000000000e+00
3.300000000000000000e+01 -1.416027000000000058e+01 1.135037999999999947e+01 0.000000000000000000e+00
3.400000000000000000e+01 -1.324175999999999931e+01 1.342371999999999943e+01 0.000000000000000000e+00
3.500000000000000000e+01 -1.254876999999999931e+01 1.553259000000000079e+01 0.000000000000000000e+00
3.600000000000000000e+01 -9.301840000000000330e+00 -1.646209999999999951e+01 0.000000000000000000e+00
3.700000000000000000e+01 -1.248809999999999931e+01 -1.327116000000000007e+01 0.000000000000000000e+00
3.800000000000000000e+01 -1.171978000000000009e+01 -1.135472000000000037e+01 0.000000000000000000e+00
3.900000000000000000e+01 -1.328023999999999916e+01 -9.553240000000000620e+00 0.000000000000000000e+00
4.000000000000000000e+01 -1.283437999999999946e+01 -7.494150000000000311e+00 0.000000000000000000e+00
4.100000000000000000e+01 -1.234233000000000047e+01 -5.443159999999999776e+00 0.000000000000000000e+00
4.200000000000000000e+01 -1.389747999999999983e+01 -3.880230000000000068e+00 0.000000000000000000e+00
4.300000000000000000e+01 -1.326370999999999967e+01 -1.798179999999999890e+00 0.000000000000000000e+00
4.400000000000000000e+01 -1.466717000000000048e+01 -2.609699999999999798e-01 0.000000000000000000e+00
4.500000000000000000e+01 -1.264667999999999992e+01 2.671000000000000041e-01 0.000000000000000000e+00
4.600000000000000000e+01 -1.408271000000000051e+01 1.849830000000000085e+00 0.000000000000000000e+00
4.700000000000000000e+01 -1.335111000000000026e+01 3.955220000000000180e+00 0.000000000000000000e+00
4.800000000000000000e+01 -1.243257000000000012e+01 5.898060000000000080e+00 0.000000000000000000e+00
4.900000000000000000e+01 -1.133219000000000065e+01 8.037150000000000460e+00 0.000000000000000000e+00
5.000000000000000000e+01 -1.265840000000000032e+01 9.691090000000000870e+00 0.000000000000000000e+00
5.100000000000000000e+01 -1.203861000000000026e+01 1.170931999999999995e+01 0.000000000000000000e+00
5.200000000000000000e+01 -1.116489999999999938e+01 1.380137000000000036e+01 0.000000000000000000e+00
5.300000000000000000e+01 -1.023194999999999943e+01 1.587240000000000073e+01 0.000000000000000000e+00
5.400000000000000000e+01 -7.681090000000000195e+00 -1.785372999999999877e+01 0.000000000000000000e+00
5.500000000000000000e+01 -8.725360000000000227e+00 -1.438640999999999970e+01 0.000000000000000000e+00
5.600000000000000000e+01 -1.020101999999999975e+01 -1.281029999999999980e+01 0.000000000000000000e+00
5.700000000000000000e+01 -1.120687000000000033e+01 -9.271259999999999835e+00 0.000000000000000000e+00
5.800000000000000000e+01 -1.081611999999999973e+01 -7.074080000000000368e+00 0.000000000000000000e+00
5.900000000000000000e+01 -1.027628999999999948e+01 -5.059829999999999828e+00 0.000000000000000000e+00
6.000000000000000000e+01 -1.183649999999999913e+01 -3.406899999999999817e+00 0.000000000000000000e+00
6.100000000000000000e+01 -9.780070000000000263e+00 -3.029869999999999841e+00 0.000000000000000000e+00
6.200000000000000000e+01 -1.124578999999999951e+01 -1.405540000000000012e+00 0.000000000000000000e+00
6.300000000000000000e+01 -1.058004999999999995e+01 6.569300000000000139e-01 0.000000000000000000e+00
6.400000000000000000e+01 -9.785970000000000724e+00 2.631409999999999805e+00 0.000000000000000000e+00
6.500000000000000000e+01 -1.193816999999999950e+01 2.438860000000000028e+00 0.000000000000000000e+00
6.600000000000000000e+01 -1.107571000000000083e+01 4.308320000000000149e+00 0.000000000000000000e+00
6.700000000000000000e+01 -1.017022000000000048e+01 6.270710000000000228e+00 0.000000000000000000e+00
6.800000000000000000e+01 -1.059825999999999979e+01 9.997790000000000177e+00 0.000000000000000000e+00
6.900000000000000000e+01 -9.845549999999999358e+00 1.197748999999999953e+01 0.000000000000000000e+00
7.000000000000000000e+01 -8.977719999999999700e+00 1.397306999999999988e+01 0.000000000000000000e+00
7.100000000000000000e+01 -8.162760000000000460e+00 1.598325999999999958e+01 0.000000000000000000e+00
7.200000000000000000e+01 -5.489989999999999704e+00 -1.725375999999999976e+01 0.000000000000000000e+00
7.300000000000000000e+01 -6.936469999999999914e+00 -1.573999000000000059e+01 0.000000000000000000e+00
7.400000000000000000e+01 -8.113889999999999603e+00 -1.227513000000000076e+01 0.000000000000000000e+00
7.500000000000000000e+01 -9.641189999999999927e+00 -1.081273000000000017e+01 0.000000000000000000e+00
7.600000000000000000e+01 -9.192050000000000054e+00 -8.789749999999999730e+00 0.000000000000000000e+00
7.700000000000000000e+01 -8.759869999999999379e+00 -6.766169999999999796e+00 0.000000000000000000e+00
7.800000000000000000e+01 -8.197200000000000486e+00 -4.629279999999999617e+00 0.000000000000000000e+00
7.900000000000000000e+01 -7.721160000000000245e+00 -2.495210000000000150e+00 0.000000000000000000e+00
8.000000000000000000e+01 -9.177949999999999164e+00 -1.004860000000000086e+00 0.000000000000000000e+00
8.100000000000000000e+01 -8.547900000000000276e+00 9.731300000000000505e-01 0.000000000000000000e+00
8.200000000000000000e+01 -7.649530000000000385e+00 2.846999999999999975e+00 0.000000000000000000e+00
8.300000000000000000e+01 -9.016930000000000334e+00 4.562879999999999825e+00 0.000000000000000000e+00
8.400000000000000000e+01 -8.075820000000000221e+00 6.584590000000000387e+00 0.000000000000000000e+00
8.500000000000000000e+01 -9.277630000000000265e+00 8.326180000000000803e+00 0.000000000000000000e+00
8.600000000000000000e+01 -8.312390000000000612e+00 1.027323999999999948e+01 0.000000000000000000e+00
8.700000000000000000e+01 -7.716169999999999973e+00 1.227643999999999913e+01 0.000000000000000000e+00
8.800000000000000000e+01 -6.781189999999999607e+00 1.420238999999999940e+01 0.000000000000000000e+00
8.900000000000000000e+01 -5.935130000000000017e+00 1.625303999999999860e+01 0.000000000000000000e+00
9.000000000000000000e+01 -4.719389999999999752e+00 -1.524980000000000047e+01 0.000000000000000000e+00
9.100000000000000000e+01 -6.596910000000000274e+00 -1.369416999999999973e+01 0.000000000000000000e+00
9.200000000000000000e+01 -6.035199999999999676e+00 -1.171105000000000018e+01 0.000000000000000000e+00
9.300000000000000000e+01 -7.627349999999999852e+00 -1.020279999999999987e+01 0.000000000000000000e+00
9.400000000000000000e+01 -7.222400000000000375e+00 -8.139870000000000161e+00 0.000000000000000000e+00
9.500000000000000000e+01 -6.705729999999999968e+00 -6.083389999999999631e+00 0.000000000000000000e+00
9.600000000000000000e+01 -6.193959999999999688e+00 -4.039559999999999818e+00 0.000000000000000000e+00
9.700000000000000000e+01 -5.681610000000000049e+00 -2.013819999999999943e+00 0.000000000000000000e+00
9.800000000000000000e+01 -7.110789999999999722e+00 -5.133799999999999475e-01 0.000000000000000000e+00
9.900000000000000000e+01 -5.896670000000000300e+00 1.158949999999999925e+00 0.000000000000000000e+00
1.000000000000000000e+02 -5.583490000000000286e+00 3.261350000000000193e+00 0.000000000000000000e+00
1.010000000000000000e+02 -6.866249999999999964e+00 4.895279999999999632e+00 0.000000000000000000e+00
1.020000000000000000e+02 -5.824980000000000047e+00 6.675239999999999618e+00 0.000000000000000000e+00
1.030000000000000000e+02 -7.011160000000000281e+00 8.443669999999999121e+00 0.000000000000000000e+00
1.040000000000000000e+02 -6.207600000000000229e+00 1.043341000000000030e+01 0.000000000000000000e+00
1.050000000000000000e+02 -5.543330000000000091e+00 1.245102999999999938e+01 0.000000000000000000e+00
1.060000000000000000e+02 -4.656480000000000175e+00 1.436707000000000001e+01 0.000000000000000000e+00
1.070000000000000000e+02 -4.859790000000000276e+00 1.809926000000000101e+01 0.000000000000000000e+00
1.080000000000000000e+02 -4.171770000000000422e+00 -1.890615000000000023e+01 0.000000000000000000e+00
1.090000000000000000e+02 -2.710300000000000153e+00 -1.460042999999999935e+01 0.000000000000000000e+00
1.100000000000000000e+02 -4.462880000000000180e+00 -1.318260000000000076e+01 0.000000000000000000e+00
1.110000000000000000e+02 -4.053889999999999993e+00 -1.112071000000000076e+01 0.000000000000000000e+00
1.120000000000000000e+02 -5.636730000000000018e+00 -9.557949999999999946e+00 0.000000000000000000e+00
1.130000000000000000e+02 -5.183670000000000222e+00 -7.530969999999999942e+00 0.000000000000000000e+00
1.140000000000000000e+02 -4.683559999999999945e+00 -5.502049999999999663e+00 0.000000000000000000e+00
1.150000000000000000e+02 -4.157110000000000305e+00 -3.400980000000000114e+00 0.000000000000000000e+00
1.160000000000000000e+02 -3.711590000000000167e+00 -1.364090000000000025e+00 0.000000000000000000e+00
1.170000000000000000e+02 -3.856559999999999988e+00 7.104800000000000004e-01 0.000000000000000000e+00
1.180000000000000000e+02 -3.526829999999999909e+00 2.737130000000000063e+00 0.000000000000000000e+00
1.190000000000000000e+02 -4.280560000000000365e+00 4.943559999999999732e+00 0.000000000000000000e+00
1.200000000000000000e+02 -3.757810000000000095e+00 7.021010000000000417e+00 0.000000000000000000e+00
1.210000000000000000e+02 -4.906699999999999839e+00 8.729250000000000398e+00 0.000000000000000000e+00
1.220000000000000000e+02 -3.799380000000000202e+00 1.050939999999999941e+01 0.000000000000000000e+00
1.230000000000000000e+02 -3.467659999999999965e+00 1.258765000000000001e+01 0.000000000000000000e+00
1.240000000000000000e+02 -3.673880000000000035e+00 1.630559999999999832e+01 0.000000000000000000e+00
1.250000000000000000e+02 -2.323580000000000201e+00 1.786786000000000030e+01 0.000000000000000000e+00
1.260000000000000000e+02 -1.622659999999999991e+00 -1.842108999999999952e+01 0.000000000000000000e+00
1.270000000000000000e+02 -3.139120000000000132e+00 -1.681346999999999881e+01 0.000000000000000000e+00
1.280000000000000000e+02 -2.467950000000000088e+00 -1.254449999999999932e+01 0.000000000000000000e+00
1.290000000000000000e+02 -2.015420000000000211e+00 -1.051965000000000039e+01 0.000000000000000000e+00
1.300000000000000000e+02 -3.635139999999999816e+00 -8.910840000000000316e+00 0.000000000000000000e+00
1.310000000000000000e+02 -3.142949999999999910e+00 -6.869290000000000340e+00 0.000000000000000000e+00
1.320000000000000000e+02 -2.589879999999999960e+00 -4.883350000000000080e+00 0.000000000000000000e+00
1.330000000000000000e+02 -2.189249999999999918e+00 -2.781800000000000050e+00 0.000000000000000000e+00
1.340000000000000000e+02 -1.761889999999999956e+00 -6.954500000000000126e-01 0.000000000000000000e+00
1.350000000000000000e+02 -1.720420000000000060e+00 1.368190000000000017e+00 0.000000000000000000e+00
1.360000000000000000e+02 -1.538399999999999990e+00 3.438009999999999788e+00 0.000000000000000000e+00
1.370000000000000000e+02 -2.225680000000000103e+00 5.416129999999999889e+00 0.000000000000000000e+00
1.380000000000000000e+02 -1.606500000000000039e+00 7.410199999999999676e+00 0.000000000000000000e+00
1.390000000000000000e+02 -1.800019999999999953e+00 9.541339999999999932e+00 0.000000000000000000e+00
1.400000000000000000e+02 -1.595220000000000082e+00 1.162617000000000012e+01 0.000000000000000000e+00
1.410000000000000000e+02 -1.635659999999999892e+00 1.375314999999999976e+01 0.000000000000000000e+00
1.420000000000000000e+02 -1.647100000000000009e+00 1.583089000000000013e+01 0.000000000000000000e+00
1.430000000000000000e+02 2.149199999999999999e-01 1.895972000000000079e+01 0.000000000000000000e+00
1.440000000000000000e+02 -1.087390000000000079e+00 -1.603996000000000066e+01 0.000000000000000000e+00
1.450000000000000000e+02 -7.430299999999999683e-01 -1.393908000000000058e+01 0.000000000000000000e+00
1.460000000000000000e+02 -2.290899999999999881e-01 -1.188940000000000019e+01 0.000000000000000000e+00
1.470000000000000000e+02 -1.001999999999999939e-02 -9.765729999999999578e+00 0.000000000000000000e+00
1.480000000000000000e+02 -1.624079999999999968e+00 -8.469099999999999184e+00 0.000000000000000000e+00
1.490000000000000000e+02 -1.129620000000000068e+00 -6.442160000000000331e+00 0.000000000000000000e+00
1.500000000000000000e+02 -5.788499999999999757e-01 -4.107260000000000133e+00 0.000000000000000000e+00
1.510000000000000000e+02 -1.068800000000000028e-01 -1.989870000000000028e+00 0.000000000000000000e+00
1.520000000000000000e+02 1.848299999999999943e-01 4.827000000000000041e-02 0.000000000000000000e+00
1.530000000000000000e+02 2.942600000000000215e-01 2.175069999999999837e+00 0.000000000000000000e+00
1.540000000000000000e+02 3.805299999999999794e-01 4.243710000000000093e+00 0.000000000000000000e+00
1.550000000000000000e+02 1.821099999999999941e-01 6.367479999999999585e+00 0.000000000000000000e+00
1.560000000000000000e+02 1.846099999999999963e-01 8.473850000000000549e+00 0.000000000000000000e+00
1.570000000000000000e+02 1.939400000000000013e-01 1.057296000000000014e+01 0.000000000000000000e+00
1.580000000000000000e+02 2.349199999999999899e-01 1.268326000000000064e+01 0.000000000000000000e+00
1.590000000000000000e+02 3.214799999999999880e-01 1.473295000000000066e+01 0.000000000000000000e+00
1.600000000000000000e+02 1.963900000000000090e-01 1.681324000000000041e+01 0.000000000000000000e+00
1.610000000000000000e+02 2.010209999999999830e+00 2.009573999999999927e+01 0.000000000000000000e+00
1.620000000000000000e+02 1.426639999999999908e+00 -1.877070000000000149e+01 0.000000000000000000e+00
1.630000000000000000e+02 8.890000000000000124e-01 -1.527608000000000033e+01 0.000000000000000000e+00
1.640000000000000000e+02 1.350179999999999936e+00 -1.325576000000000043e+01 0.000000000000000000e+00
1.650000000000000000e+02 1.728779999999999983e+00 -1.119806999999999952e+01 0.000000000000000000e+00
1.660000000000000000e+02 2.145340000000000025e+00 -9.121700000000000585e+00 0.000000000000000000e+00
1.670000000000000000e+02 5.277100000000000124e-01 -7.716719999999999580e+00 0.000000000000000000e+00
1.680000000000000000e+02 8.302800000000000180e-01 -5.657639999999999780e+00 0.000000000000000000e+00
1.690000000000000000e+02 1.582750000000000101e+00 -3.183860000000000134e+00 0.000000000000000000e+00
1.700000000000000000e+02 1.940770000000000106e+00 -1.081639999999999935e+00 0.000000000000000000e+00
1.710000000000000000e+02 2.095990000000000020e+00 9.763800000000000257e-01 0.000000000000000000e+00
1.720000000000000000e+02 2.151959999999999873e+00 3.151580000000000048e+00 0.000000000000000000e+00
1.730000000000000000e+02 2.204260000000000108e+00 5.213059999999999583e+00 0.000000000000000000e+00
1.740000000000000000e+02 2.067419999999999813e+00 7.432979999999999698e+00 0.000000000000000000e+00
1.750000000000000000e+02 1.986560000000000104e+00 9.504820000000000491e+00 0.000000000000000000e+00
1.760000000000000000e+02 2.052160000000000206e+00 1.160031999999999996e+01 0.000000000000000000e+00
1.770000000000000000e+02 2.154310000000000169e+00 1.371432000000000073e+01 0.000000000000000000e+00
1.780000000000000000e+02 2.106780000000000097e+00 1.588378999999999941e+01 0.000000000000000000e+00
1.790000000000000000e+02 2.134500000000000064e+00 1.799383999999999872e+01 0.000000000000000000e+00
1.800000000000000000e+02 2.418829999999999814e+00 -1.669645999999999830e+01 0.000000000000000000e+00
1.810000000000000000e+02 2.952059999999999906e+00 -1.468607000000000085e+01 0.000000000000000000e+00
1.820000000000000000e+02 3.307929999999999815e+00 -1.263903999999999961e+01 0.000000000000000000e+00
1.830000000000000000e+02 3.785130000000000106e+00 -1.054025999999999996e+01 0.000000000000000000e+00
1.840000000000000000e+02 4.073150000000000048e+00 -8.377670000000000172e+00 0.000000000000000000e+00
1.850000000000000000e+02 2.474829999999999863e+00 -6.995840000000000281e+00 0.000000000000000000e+00
1.860000000000000000e+02 2.760260000000000158e+00 -4.922310000000000407e+00 0.000000000000000000e+00
1.870000000000000000e+02 3.769649999999999945e+00 -2.250919999999999810e+00 0.000000000000000000e+00
1.880000000000000000e+02 3.879140000000000033e+00 -1.253400000000000070e-01 0.000000000000000000e+00
1.890000000000000000e+02 5.739160000000000039e+00 8.795899999999999830e-01 0.000000000000000000e+00
1.900000000000000000e+02 3.900770000000000071e+00 1.951659999999999950e+00 0.000000000000000000e+00
1.910000000000000000e+02 3.970429999999999904e+00 4.140839999999999854e+00 0.000000000000000000e+00
1.920000000000000000e+02 3.950919999999999987e+00 6.300559999999999938e+00 0.000000000000000000e+00
1.930000000000000000e+02 3.850319999999999965e+00 8.573320000000000718e+00 0.000000000000000000e+00
1.940000000000000000e+02 3.917159999999999975e+00 1.069341000000000008e+01 0.000000000000000000e+00
1.950000000000000000e+02 3.999909999999999854e+00 1.277486000000000033e+01 0.000000000000000000e+00
1.960000000000000000e+02 4.004459999999999908e+00 1.486265000000000036e+01 0.000000000000000000e+00
1.970000000000000000e+02 4.005080000000000418e+00 1.692255000000000109e+01 0.000000000000000000e+00
1.980000000000000000e+02 4.816019999999999968e+00 -1.588358000000000025e+01 0.000000000000000000e+00
1.990000000000000000e+02 4.999939999999999607e+00 -1.383421000000000056e+01 0.000000000000000000e+00
2.000000000000000000e+02 5.449419999999999931e+00 -1.177053000000000083e+01 0.000000000000000000e+00
2.010000000000000000e+02 5.695739999999999803e+00 -9.672430000000000305e+00 0.000000000000000000e+00
2.020000000000000000e+02 6.025900000000000034e+00 -7.526010000000000311e+00 0.000000000000000000e+00
2.030000000000000000e+02 4.378790000000000404e+00 -6.210619999999999585e+00 0.000000000000000000e+00
2.040000000000000000e+02 6.294520000000000337e+00 -5.403520000000000323e+00 0.000000000000000000e+00
2.050000000000000000e+02 4.654720000000000191e+00 -4.122279999999999944e+00 0.000000000000000000e+00
2.060000000000000000e+02 5.618389999999999773e+00 -1.246010000000000062e+00 0.000000000000000000e+00
2.070000000000000000e+02 7.545219999999999594e+00 1.880239999999999911e+00 0.000000000000000000e+00
2.080000000000000000e+02 5.739209999999999923e+00 3.045859999999999790e+00 0.000000000000000000e+00
2.090000000000000000e+02 5.770929999999999893e+00 5.154939999999999856e+00 0.000000000000000000e+00
2.100000000000000000e+02 5.764940000000000175e+00 7.303370000000000140e+00 0.000000000000000000e+00
2.110000000000000000e+02 5.733489999999999753e+00 9.446780000000000399e+00 0.000000000000000000e+00
2.120000000000000000e+02 5.822829999999999728e+00 1.163875999999999955e+01 0.000000000000000000e+00
2.130000000000000000e+02 5.873140000000000249e+00 1.382347000000000037e+01 0.000000000000000000e+00
2.140000000000000000e+02 5.942339999999999733e+00 1.589000000000000057e+01 0.000000000000000000e+00
2.150000000000000000e+02 4.024849999999999817e+00 1.903368000000000038e+01 0.000000000000000000e+00
2.160000000000000000e+02 3.999460000000000015e+00 -1.817182999999999993e+01 0.000000000000000000e+00
2.170000000000000000e+02 6.960989999999999789e+00 -1.527421999999999969e+01 0.000000000000000000e+00
2.180000000000000000e+02 7.071460000000000079e+00 -1.318378000000000050e+01 0.000000000000000000e+00
2.190000000000000000e+02 7.485089999999999577e+00 -1.082882999999999996e+01 0.000000000000000000e+00
2.200000000000000000e+02 7.702429999999999666e+00 -8.768760000000000332e+00 0.000000000000000000e+00
2.210000000000000000e+02 7.995809999999999640e+00 -6.633860000000000312e+00 0.000000000000000000e+00
2.220000000000000000e+02 8.171490000000000364e+00 -4.383399999999999963e+00 0.000000000000000000e+00
2.230000000000000000e+02 6.465819999999999901e+00 -3.128089999999999815e+00 0.000000000000000000e+00
2.240000000000000000e+02 8.321619999999999351e+00 -2.192800000000000082e+00 0.000000000000000000e+00
2.250000000000000000e+02 7.461710000000000065e+00 -3.018000000000000127e-01 0.000000000000000000e+00
2.260000000000000000e+02 7.578920000000000101e+00 4.061420000000000030e+00 0.000000000000000000e+00
2.270000000000000000e+02 7.644330000000000069e+00 6.116740000000000066e+00 0.000000000000000000e+00
2.280000000000000000e+02 9.497450000000000614e+00 7.185929999999999929e+00 0.000000000000000000e+00
2.290000000000000000e+02 7.651779999999999582e+00 8.252230000000000842e+00 0.000000000000000000e+00
2.300000000000000000e+02 7.703090000000000437e+00 1.038658000000000037e+01 0.000000000000000000e+00
2.310000000000000000e+02 7.712670000000000137e+00 1.258732000000000006e+01 0.000000000000000000e+00
2.320000000000000000e+02 7.728810000000000180e+00 1.479545000000000066e+01 0.000000000000000000e+00
2.330000000000000000e+02 6.043330000000000091e+00 1.825278000000000134e+01 0.000000000000000000e+00
2.340000000000000000e+02 8.804180000000000561e+00 -1.654408000000000101e+01 0.000000000000000000e+00
2.350000000000000000e+02 8.999850000000000350e+00 -1.410867999999999967e+01 0.000000000000000000e+00
2.360000000000000000e+02 9.237529999999999575e+00 -1.195181999999999967e+01 0.000000000000000000e+00
2.370000000000000000e+02 9.482200000000000628e+00 -9.860860000000000625e+00 0.000000000000000000e+00
2.380000000000000000e+02 9.725809999999999178e+00 -7.798359999999999737e+00 0.000000000000000000e+00
2.390000000000000000e+02 9.917500000000000426e+00 -5.759830000000000005e+00 0.000000000000000000e+00
2.400000000000000000e+02 1.011012999999999984e+01 -3.385089999999999932e+00 0.000000000000000000e+00
2.410000000000000000e+02 1.191488999999999976e+01 -2.315980000000000150e+00 0.000000000000000000e+00
2.420000000000000000e+02 1.017928000000000033e+01 -1.198990000000000000e+00 0.000000000000000000e+00
2.430000000000000000e+02 9.348810000000000286e+00 7.611900000000000333e-01 0.000000000000000000e+00
2.440000000000000000e+02 9.411300000000000665e+00 2.931000000000000050e+00 0.000000000000000000e+00
2.450000000000000000e+02 9.414239999999999498e+00 5.078310000000000102e+00 0.000000000000000000e+00
2.460000000000000000e+02 1.125040000000000084e+01 6.087110000000000021e+00 0.000000000000000000e+00
2.470000000000000000e+02 1.125886000000000031e+01 8.269899999999999807e+00 0.000000000000000000e+00
2.480000000000000000e+02 9.463729999999999976e+00 9.296609999999999374e+00 0.000000000000000000e+00
2.490000000000000000e+02 9.477439999999999642e+00 1.142930999999999919e+01 0.000000000000000000e+00
2.500000000000000000e+02 9.592589999999999506e+00 1.356121000000000087e+01 0.000000000000000000e+00
2.510000000000000000e+02 8.626390000000000668e+00 1.670902999999999849e+01 0.000000000000000000e+00
2.520000000000000000e+02 1.062496999999999936e+01 -1.540835000000000043e+01 0.000000000000000000e+00
2.530000000000000000e+02 1.093056999999999945e+01 -1.329962000000000089e+01 0.000000000000000000e+00
2.540000000000000000e+02 1.126312000000000069e+01 -1.106643000000000043e+01 0.000000000000000000e+00
2.550000000000000000e+02 1.146519999999999939e+01 -9.008919999999999817e+00 0.000000000000000000e+00
2.560000000000000000e+02 1.161913999999999980e+01 -6.924210000000000420e+00 0.000000000000000000e+00
2.570000000000000000e+02 1.171195999999999948e+01 -4.755320000000000213e+00 0.000000000000000000e+00
2.580000000000000000e+02 1.358100999999999914e+01 -3.682529999999999859e+00 0.000000000000000000e+00
2.590000000000000000e+02 1.393558999999999948e+01 -1.179929999999999923e+00 0.000000000000000000e+00
2.600000000000000000e+02 1.198215000000000074e+01 -1.866500000000000103e-01 0.000000000000000000e+00
2.610000000000000000e+02 1.118962999999999930e+01 1.780189999999999939e+00 0.000000000000000000e+00
2.620000000000000000e+02 1.303847000000000023e+01 2.778630000000000155e+00 0.000000000000000000e+00
2.630000000000000000e+02 1.124836999999999954e+01 3.876020000000000021e+00 0.000000000000000000e+00
2.640000000000000000e+02 1.303553999999999924e+01 4.939029999999999809e+00 0.000000000000000000e+00
2.650000000000000000e+02 1.316624999999999979e+01 7.201089999999999769e+00 0.000000000000000000e+00
2.660000000000000000e+02 1.315138999999999925e+01 9.303259999999999863e+00 0.000000000000000000e+00
2.670000000000000000e+02 1.134772000000000070e+01 1.037135999999999925e+01 0.000000000000000000e+00
2.680000000000000000e+02 1.150178000000000011e+01 1.249137999999999948e+01 0.000000000000000000e+00
2.690000000000000000e+02 1.065759000000000079e+01 1.550672999999999924e+01 0.000000000000000000e+00
2.700000000000000000e+02 1.280695000000000050e+01 -1.456708000000000069e+01 0.000000000000000000e+00
2.710000000000000000e+02 1.301487999999999978e+01 -1.216488999999999976e+01 0.000000000000000000e+00
2.720000000000000000e+02 1.326934999999999931e+01 -1.007778000000000063e+01 0.000000000000000000e+00
2.730000000000000000e+02 1.531184999999999974e+01 -9.271929999999999339e+00 0.000000000000000000e+00
2.740000000000000000e+02 1.362837999999999994e+01 -8.028639999999999333e+00 0.000000000000000000e+00
2.750000000000000000e+02 1.351069000000000031e+01 -5.784629999999999939e+00 0.000000000000000000e+00
2.760000000000000000e+02 1.537986000000000075e+01 -4.842290000000000205e+00 0.000000000000000000e+00
2.770000000000000000e+02 1.577308999999999983e+01 -2.406470000000000109e+00 0.000000000000000000e+00
2.780000000000000000e+02 1.583331000000000088e+01 -1.509999999999999953e-01 0.000000000000000000e+00
2.790000000000000000e+02 1.393566000000000038e+01 9.228499999999999481e-01 0.000000000000000000e+00
2.800000000000000000e+02 1.581497000000000064e+01 1.932560000000000056e+00 0.000000000000000000e+00
2.810000000000000000e+02 1.497278999999999982e+01 3.983890000000000153e+00 0.000000000000000000e+00
2.820000000000000000e+02 1.745629999999999882e+01 5.923199999999999577e+00 0.000000000000000000e+00
2.830000000000000000e+02 1.522935000000000016e+01 6.173510000000000275e+00 0.000000000000000000e+00
2.840000000000000000e+02 1.701879999999999882e+01 8.081049999999999400e+00 0.000000000000000000e+00
2.850000000000000000e+02 1.494542999999999999e+01 8.235829999999999984e+00 0.000000000000000000e+00
2.860000000000000000e+02 1.504115999999999964e+01 1.031428000000000011e+01 0.000000000000000000e+00
2.870000000000000000e+02 1.333153000000000077e+01 1.148168000000000077e+01 0.000000000000000000e+00
2.880000000000000000e+02 1.465456999999999965e+01 -1.353448000000000029e+01 0.000000000000000000e+00
2.890000000000000000e+02 1.497006999999999977e+01 -1.139143999999999934e+01 0.000000000000000000e+00
2.900000000000000000e+02 1.700401000000000096e+01 -1.053598999999999997e+01 0.000000000000000000e+00
2.910000000000000000e+02 1.732702000000000098e+01 -8.424229999999999663e+00 0.000000000000000000e+00
2.920000000000000000e+02 1.550266000000000055e+01 -7.142940000000000289e+00 0.000000000000000000e+00
2.930000000000000000e+02 1.743000999999999934e+01 -5.778030000000000221e+00 0.000000000000000000e+00
2.940000000000000000e+02 1.738383999999999929e+01 -3.692439999999999944e+00 0.000000000000000000e+00
2.950000000000000000e+02 1.765195999999999898e+01 -1.286010000000000097e+00 0.000000000000000000e+00
2.960000000000000000e+02 1.942834999999999823e+01 -2.313600000000000101e-01 0.000000000000000000e+00
2.970000000000000000e+02 1.763021000000000171e+01 9.042200000000000237e-01 0.000000000000000000e+00
2.980000000000000000e+02 1.915186999999999884e+01 4.068939999999999557e+00 0.000000000000000000e+00
2.990000000000000000e+02 1.706255000000000166e+01 3.835269999999999957e+00 0.000000000000000000e+00
