0.000000000000000000e+00 -1.253858999999999924e+01 -1.539178000000000068e+01 0.000000000000000000e+00
1.000000000000000000e+00 -1.543882999999999939e+01 -1.048712000000000089e+01 0.000000000000000000e+00
2.000000000000000000e+00 -1.579587000000000074e+01 -8.459279999999999688e+00 0.000000000000000000e+00
3.000000000000000000e+00 -1.810785999999999873e+01 -7.611710000000000420e+00 0.000000000000000000e+00
4.000000000000000000e+00 -1.626462000000000074e+01 -6.403859999999999886e+00 0.000000000000000000e+00
5.000000000000000000e+00 -1.858810000000000073e+01 -3.875859999999999861e+00 0.000000000000000000e+00
6.000000000000000000e+00 -1.653560999999999837e+01 -4.248300000000000409e+00 0.000000000000000000e+00
7.000000000000000000e+00 -1.722397000000000133e+01 -2.217200000000000060e+00 0.000000000000000000e+00
8.000000000000000000e+00 -1.728300000000000125e+01 -1.408600000000000130e-01 0.000000000000000000e+00
9.000000000000000000e+00 -1.913219000000000136e+01 -1.173200000000000021e+00 0.000000000000000000e+00
1.000000000000000000e+01 -1.762331000000000003e+01 1.986240000000000006e+00 0.000000000000000000e+00
1.100000000000000000e+01 -1.606213999999999942e+01 3.359319999999999862e+00 0.000000000000000000e+00
1.200000000000000000e+01 -1.662374000000000152e+01 5.480889999999999596e+00 0.000000000000000000e+00
1.300000000000000000e+01 -1.815154000000000067e+01 4.074169999999999625e+00 0.000000000000000000e+00
1.400000000000000000e+01 -1.699616999999999933e+01 7.610129999999999839e+00 0.000000000000000000e+00
1.500000000000000000e+01 -1.544037999999999933e+01 8.963240000000000762e+00 0.000000000000000000e+00
1.600000000000000000e+01 -1.731891999999999854e+01 1.000123999999999924e+01 0.000000000000000000e+00
1.700000000000000000e+01 -1.562780000000000058e+01 1.128968000000000060e+01 0.000000000000000000e+00
1.800000000000000000e+01 -1.061106000000000016e+01 -1.611980000000000146e+01 0.000000000000000000e+00
1.900000000000000000e+01 -1.314972999999999992e+01 -1.335352999999999923e+01 0.000000000000000000e+00
2.000000000000000000e+01 -1.349703000000000053e+01 -1.123943000000000048e+01 0.000000000000000000e+00
2.100000000000000000e+01 -1.377445999999999948e+01 -9.058160000000000878e+00 0.000000000000000000e+00
2.200000000000000000e+01 -1.390593999999999930e+01 -6.887599999999999945e+00 0.000000000000000000e+00
2.300000000000000000e+01 -1.451786000000000065e+01 -4.854449999999999932e+00 0.000000000000000000e+00
2.400000000000000000e+01 -1.290260999999999925e+01 -3.491089999999999804e+00 0.000000000000000000e+00
2.500000000000000000e+01 -1.494298999999999999e+01 -2.830680000000000085e+00 0.000000000000000000e+00
2.600000000000000000e+01 -1.523099999999999987e+01 -7.599399999999999489e-01 0.000000000000000000e+00
2.700000000000000000e+01 -1.562260999999999989e+01 1.300259999999999971e+00 0.000000000000000000e+00
2.800000000000000000e+01 -1.987707999999999942e+01 1.431240000000000068e+00 0.000000000000000000e+00
2.900000000000000000e+01 -1.394407999999999959e+01 2.779990000000000183e+00 0.000000000000000000e+00
3.000000000000000000e+01 -1.448034999999999961e+01 4.906690000000000218e+00 0.000000000000000000e+00
3.100000000000000000e+01 -1.503157999999999994e+01 6.920829999999999593e+00 0.000000000000000000e+00
3.200000000000000000e+01 -1.368590999999999980e+01 1.057339999999999947e+01 0.000000000000000000e+00
3.300000000000000000e+01 -1.402049000000000056e+01 1.262947999999999915e+01 0.000000000000000000e+00
3.400000000000000000e+01 -1.275037000000000020e+01 1.433779999999999966e+01 0.000000000000000000e+00
3.500000000000000000e+01 -1.073526000000000025e+01 1.535458000000000034e+01 0.000000000000000000e+00
3.600000000000000000e+01 -8.651410000000000267e+00 -1.679278000000000048e+01 0.000000000000000000e+00
3.700000000000000000e+01 -1.096166000000000018e+01 -1.397527999999999970e+01 0.000000000000000000e+00
3.800000000000000000e+01 -1.141358999999999924e+01 -1.192120000000000068e+01 0.000000000000000000e+00
3.900000000000000000e+01 -1.161576999999999948e+01 -9.817069999999999297e+00 0.000000000000000000e+00
4.000000000000000000e+01 -1.200029999999999930e+01 -7.715950000000000308e+00 0.000000000000000000e+00
4.100000000000000000e+01 -1.238419999999999987e+01 -5.485599999999999810e+00 0.000000000000000000e+00
4.200000000000000000e+01 -1.076835999999999949e+01 -4.136790000000000411e+00 0.000000000000000000e+00
4.300000000000000000e+01 -1.117286000000000001e+01 -2.098689999999999944e+00 0.000000000000000000e+00
4.400000000000000000e+01 -1.321354000000000006e+01 -1.393580000000000041e+00 0.000000000000000000e+00
4.500000000000000000e+01 -1.356799999999999962e+01 6.840699999999999559e-01 0.000000000000000000e+00
4.600000000000000000e+01 -1.198260999999999932e+01 2.085840000000000138e+00 0.000000000000000000e+00
4.700000000000000000e+01 -1.240324999999999989e+01 4.247889999999999944e+00 0.000000000000000000e+00
4.800000000000000000e+01 -1.296097999999999928e+01 6.311329999999999885e+00 0.000000000000000000e+00
4.900000000000000000e+01 -1.325630999999999915e+01 8.537219999999999587e+00 0.000000000000000000e+00
5.000000000000000000e+01 -1.161008999999999958e+01 9.792120000000000601e+00 0.000000000000000000e+00
5.100000000000000000e+01 -1.208388000000000062e+01 1.186580999999999975e+01 0.000000000000000000e+00
5.200000000000000000e+01 -1.033414999999999928e+01 1.326077000000000083e+01 0.000000000000000000e+00
5.300000000000000000e+01 -9.024340000000000472e+00 1.692335999999999885e+01 0.000000000000000000e+00
5.400000000000000000e+01 -6.627609999999999779e+00 -1.724935999999999936e+01 0.000000000000000000e+00
5.500000000000000000e+01 -8.835470000000000823e+00 -1.454186999999999941e+01 0.000000000000000000e+00
5.600000000000000000e+01 -9.408759999999999124e+00 -1.252177000000000007e+01 0.000000000000000000e+00
5.700000000000000000e+01 -9.559910000000000352e+00 -1.038399000000000072e+01 0.000000000000000000e+00
5.800000000000000000e+01 -1.001106000000000051e+01 -8.375949999999999562e+00 0.000000000000000000e+00
5.900000000000000000e+01 -1.046302000000000021e+01 -6.335300000000000153e+00 0.000000000000000000e+00
6.000000000000000000e+01 -8.791140000000000398e+00 -4.812240000000000073e+00 0.000000000000000000e+00
6.100000000000000000e+01 -9.189700000000000202e+00 -2.769120000000000026e+00 0.000000000000000000e+00
6.200000000000000000e+01 -1.154670999999999914e+01 -1.332999999999999984e-02 0.000000000000000000e+00
6.300000000000000000e+01 -9.949370000000000047e+00 1.308370000000000033e+00 0.000000000000000000e+00
6.400000000000000000e+01 -1.033075999999999972e+01 3.367309999999999803e+00 0.000000000000000000e+00
6.500000000000000000e+01 -1.072179000000000038e+01 5.444539999999999935e+00 0.000000000000000000e+00
6.600000000000000000e+01 -1.122275999999999918e+01 7.500519999999999854e+00 0.000000000000000000e+00
6.700000000000000000e+01 -9.712979999999999947e+00 8.950889999999999347e+00 0.000000000000000000e+00
6.800000000000000000e+01 -1.005147000000000013e+01 1.113377999999999979e+01 0.000000000000000000e+00
6.900000000000000000e+01 -8.377860000000000085e+00 1.253506999999999927e+01 0.000000000000000000e+00
7.000000000000000000e+01 -8.623680000000000234e+00 1.459026000000000067e+01 0.000000000000000000e+00
7.100000000000000000e+01 -6.993789999999999729e+00 1.801861999999999853e+01 0.000000000000000000e+00
7.200000000000000000e+01 -6.871100000000000207e+00 -1.516497000000000028e+01 0.000000000000000000e+00
7.300000000000000000e+01 -7.268869999999999720e+00 -1.312964999999999982e+01 0.000000000000000000e+00
7.400000000000000000e+01 -7.603609999999999758e+00 -1.107318000000000069e+01 0.000000000000000000e+00
7.500000000000000000e+01 -7.983329999999999593e+00 -9.012079999999999202e+00 0.000000000000000000e+00
7.600000000000000000e+01 -8.357939999999999259e+00 -6.953459999999999752e+00 0.000000000000000000e+00
7.700000000000000000e+01 -6.811110000000000220e+00 -5.512439999999999785e+00 0.000000000000000000e+00
7.800000000000000000e+01 -7.203479999999999883e+00 -3.452440000000000175e+00 0.000000000000000000e+00
7.900000000000000000e+01 -7.558690000000000353e+00 -1.375979999999999981e+00 0.000000000000000000e+00
8.000000000000000000e+01 -9.609109999999999374e+00 -7.297000000000000153e-01 0.000000000000000000e+00
8.100000000000000000e+01 -7.941889999999999894e+00 6.600000000000000311e-01 0.000000000000000000e+00
8.200000000000000000e+01 -8.343590000000000728e+00 2.670479999999999965e+00 0.000000000000000000e+00
8.300000000000000000e+01 -8.780780000000000030e+00 4.753739999999999633e+00 0.000000000000000000e+00
8.400000000000000000e+01 -9.203950000000000742e+00 6.869970000000000354e+00 0.000000000000000000e+00
8.500000000000000000e+01 -7.661380000000000301e+00 8.232400000000000162e+00 0.000000000000000000e+00
8.600000000000000000e+01 -8.037950000000000372e+00 1.046152999999999977e+01 0.000000000000000000e+00
8.700000000000000000e+01 -6.697359999999999758e+00 1.381644000000000005e+01 0.000000000000000000e+00
8.800000000000000000e+01 -6.817300000000000360e+00 1.591084000000000032e+01 0.000000000000000000e+00
8.900000000000000000e+01 -5.042930000000000135e+00 1.874933000000000050e+01 0.000000000000000000e+00
9.000000000000000000e+01 -4.906830000000000247e+00 -1.590862000000000087e+01 0.000000000000000000e+00
9.100000000000000000e+01 -5.261429999999999829e+00 -1.385772000000000048e+01 0.000000000000000000e+00
9.200000000000000000e+01 -5.620289999999999786e+00 -1.174389000000000038e+01 0.000000000000000000e+00
9.300000000000000000e+01 -6.033699999999999619e+00 -9.691359999999999530e+00 0.000000000000000000e+00
9.400000000000000000e+01 -6.295790000000000219e+00 -7.647619999999999862e+00 0.000000000000000000e+00
9.500000000000000000e+01 -4.696819999999999773e+00 -6.246610000000000440e+00 0.000000000000000000e+00
9.600000000000000000e+01 -5.123170000000000002e+00 -4.164489999999999803e+00 0.000000000000000000e+00
9.700000000000000000e+01 -5.554669999999999774e+00 -2.136340000000000128e+00 0.000000000000000000e+00
9.800000000000000000e+01 -5.979529999999999568e+00 -2.193000000000000158e-02 0.000000000000000000e+00
9.900000000000000000e+01 -6.373149999999999871e+00 2.024230000000000196e+00 0.000000000000000000e+00
1.000000000000000000e+02 -6.754850000000000243e+00 4.147380000000000067e+00 0.000000000000000000e+00
1.010000000000000000e+02 -7.238000000000000433e+00 6.191970000000000418e+00 0.000000000000000000e+00
1.020000000000000000e+02 -5.661749999999999616e+00 7.611349999999999838e+00 0.000000000000000000e+00
1.030000000000000000e+02 -6.150409999999999933e+00 9.638180000000000192e+00 0.000000000000000000e+00
1.040000000000000000e+02 -6.427970000000000184e+00 1.176515000000000022e+01 0.000000000000000000e+00
1.050000000000000000e+02 -4.746360000000000134e+00 1.453151000000000082e+01 0.000000000000000000e+00
1.060000000000000000e+02 -4.877030000000000420e+00 1.667147999999999897e+01 0.000000000000000000e+00
1.070000000000000000e+02 -2.672750000000000181e+00 1.921957000000000093e+01 0.000000000000000000e+00
1.080000000000000000e+02 -4.744609999999999772e+00 -1.849558000000000035e+01 0.000000000000000000e+00
1.090000000000000000e+02 -3.084389999999999965e+00 -1.467802000000000007e+01 0.000000000000000000e+00
1.100000000000000000e+02 -3.575950000000000184e+00 -1.238142999999999994e+01 0.000000000000000000e+00
1.110000000000000000e+02 -4.021440000000000126e+00 -1.032447999999999944e+01 0.000000000000000000e+00
1.120000000000000000e+02 -4.295659999999999812e+00 -8.279899999999999594e+00 0.000000000000000000e+00
1.130000000000000000e+02 -2.592449999999999921e+00 -6.830460000000000420e+00 0.000000000000000000e+00
1.140000000000000000e+02 -3.140019999999999811e+00 -4.827790000000000248e+00 0.000000000000000000e+00
1.150000000000000000e+02 -3.533160000000000078e+00 -2.796450000000000102e+00 0.000000000000000000e+00
1.160000000000000000e+02 -3.822799999999999976e+00 -5.126699999999999591e-01 0.000000000000000000e+00
1.170000000000000000e+02 -4.322759999999999714e+00 1.490850000000000009e+00 0.000000000000000000e+00
1.180000000000000000e+02 -4.544730000000000381e+00 3.636140000000000150e+00 0.000000000000000000e+00
1.190000000000000000e+02 -3.189810000000000034e+00 5.233859999999999957e+00 0.000000000000000000e+00
1.200000000000000000e+02 -5.251000000000000334e+00 5.590329999999999799e+00 0.000000000000000000e+00
1.210000000000000000e+02 -4.143849999999999589e+00 9.008559999999999235e+00 0.000000000000000000e+00
1.220000000000000000e+02 -4.369989999999999597e+00 1.108938000000000024e+01 0.000000000000000000e+00
1.230000000000000000e+02 -3.338229999999999809e+00 1.294312000000000040e+01 0.000000000000000000e+00
1.240000000000000000e+02 -2.739259999999999806e+00 1.499633000000000038e+01 0.000000000000000000e+00
1.250000000000000000e+02 -2.824079999999999924e+00 1.714420000000000144e+01 0.000000000000000000e+00
1.260000000000000000e+02 -2.669740000000000002e+00 -1.886082999999999998e+01 0.000000000000000000e+00
1.270000000000000000e+02 -2.995239999999999903e+00 -1.676453000000000060e+01 0.000000000000000000e+00
1.280000000000000000e+02 -1.535749999999999948e+00 -1.316122000000000014e+01 0.000000000000000000e+00
1.290000000000000000e+02 -2.297439999999999927e+00 -8.993209999999999482e+00 0.000000000000000000e+00
1.300000000000000000e+02 -5.919200000000000017e-01 -7.536870000000000402e+00 0.000000000000000000e+00
1.310000000000000000e+02 -9.999099999999999655e-01 -5.503910000000000302e+00 0.000000000000000000e+00
1.320000000000000000e+02 -1.554570000000000007e+00 -3.482149999999999856e+00 0.000000000000000000e+00
1.330000000000000000e+02 -1.972820000000000018e+00 -1.447170000000000067e+00 0.000000000000000000e+00
1.340000000000000000e+02 -6.738699999999999690e-01 1.863799999999999901e-01 0.000000000000000000e+00
1.350000000000000000e+02 -2.247009999999999952e+00 1.519169999999999909e+00 0.000000000000000000e+00
1.360000000000000000e+02 -1.793490000000000029e+00 3.686319999999999819e+00 0.000000000000000000e+00
1.370000000000000000e+02 -1.215680000000000094e+00 5.822000000000000064e+00 0.000000000000000000e+00
1.380000000000000000e+02 -2.770970000000000155e+00 7.344809999999999839e+00 0.000000000000000000e+00
1.390000000000000000e+02 -2.077739999999999920e+00 9.330920000000000769e+00 0.000000000000000000e+00
1.400000000000000000e+02 -1.759679999999999911e+00 1.139882000000000062e+01 0.000000000000000000e+00
1.410000000000000000e+02 -1.243509999999999893e+00 1.339808999999999983e+01 0.000000000000000000e+00
1.420000000000000000e+02 -7.297200000000000353e-01 1.548010999999999981e+01 0.000000000000000000e+00
1.430000000000000000e+02 -4.398799999999999932e-01 1.754100999999999999e+01 0.000000000000000000e+00
1.440000000000000000e+02 -9.559699999999999864e-01 -1.733154000000000039e+01 0.000000000000000000e+00
1.450000000000000000e+02 -1.045909999999999895e+00 -1.525764999999999993e+01 0.000000000000000000e+00
1.460000000000000000e+02 4.979600000000000137e-01 -1.182854000000000028e+01 0.000000000000000000e+00
1.470000000000000000e+02 -1.858060000000000045e+00 -1.111478999999999928e+01 0.000000000000000000e+00
1.480000000000000000e+02 -1.580499999999999960e-01 -9.603249999999999176e+00 0.000000000000000000e+00
1.490000000000000000e+02 9.592399999999999816e-01 -6.140559999999999796e+00 0.000000000000000000e+00
1.500000000000000000e+02 4.532800000000000162e-01 -4.034760000000000346e+00 0.000000000000000000e+00
1.510000000000000000e+02 2.001900000000000068e-01 -1.835199999999999942e+00 0.000000000000000000e+00
1.520000000000000000e+02 1.352300000000000058e+00 8.245299999999999851e-01 0.000000000000000000e+00
1.530000000000000000e+02 1.821870000000000100e+00 2.849219999999999864e+00 0.000000000000000000e+00
1.540000000000000000e+02 -1.749300000000000022e-01 2.219599999999999795e+00 0.000000000000000000e+00
1.550000000000000000e+02 3.184100000000000263e-01 4.322420000000000151e+00 0.000000000000000000e+00
1.560000000000000000e+02 -5.906000000000000139e-01 7.812719999999999665e+00 0.000000000000000000e+00
1.570000000000000000e+02 -8.289000000000000534e-02 9.906140000000000612e+00 0.000000000000000000e+00
1.580000000000000000e+02 4.084300000000000153e-01 1.200676999999999950e+01 0.000000000000000000e+00
1.590000000000000000e+02 7.306099999999999817e-01 1.403631999999999991e+01 0.000000000000000000e+00
1.600000000000000000e+02 1.455200000000000049e+00 1.596864000000000061e+01 0.000000000000000000e+00
1.610000000000000000e+02 2.499000000000000110e-01 1.954101999999999961e+01 0.000000000000000000e+00
1.620000000000000000e+02 -2.859099999999999975e-01 -1.969253000000000142e+01 0.000000000000000000e+00
1.630000000000000000e+02 1.941210000000000102e+00 -1.570997999999999983e+01 0.000000000000000000e+00
1.640000000000000000e+02 5.464400000000000368e-01 -1.390831999999999979e+01 0.000000000000000000e+00
1.650000000000000000e+02 1.923620000000000108e+00 -1.012308999999999948e+01 0.000000000000000000e+00
1.660000000000000000e+02 1.802429999999999977e+00 -8.045529999999999404e+00 0.000000000000000000e+00
1.670000000000000000e+02 3.027169999999999916e+00 -6.352949999999999875e+00 0.000000000000000000e+00
1.680000000000000000e+02 3.707590000000000163e+00 -4.269510000000000360e+00 0.000000000000000000e+00
1.690000000000000000e+02 2.165379999999999860e+00 -2.832829999999999959e+00 0.000000000000000000e+00
1.700000000000000000e+02 2.708110000000000017e+00 -8.199100000000000277e-01 0.000000000000000000e+00
1.710000000000000000e+02 3.382029999999999870e+00 1.319839999999999902e+00 0.000000000000000000e+00
1.720000000000000000e+02 3.823669999999999902e+00 3.343729999999999869e+00 0.000000000000000000e+00
1.730000000000000000e+02 2.408650000000000180e+00 4.872720000000000162e+00 0.000000000000000000e+00
1.740000000000000000e+02 9.135199999999999987e-01 6.359210000000000029e+00 0.000000000000000000e+00
1.750000000000000000e+02 1.429049999999999931e+00 8.368290000000000006e+00 0.000000000000000000e+00
1.760000000000000000e+02 1.953179999999999916e+00 1.040789000000000009e+01 0.000000000000000000e+00
1.770000000000000000e+02 2.415849999999999831e+00 1.267345000000000077e+01 0.000000000000000000e+00
1.780000000000000000e+02 3.084690000000000154e+00 1.462152000000000029e+01 0.000000000000000000e+00
1.790000000000000000e+02 2.527590000000000003e+00 2.042311000000000121e+01 0.000000000000000000e+00
1.800000000000000000e+02 1.520180000000000087e+00 -1.778088999999999942e+01 0.000000000000000000e+00
1.810000000000000000e+02 2.707749999999999879e+00 -1.373949999999999960e+01 0.000000000000000000e+00
1.820000000000000000e+02 3.270579999999999821e+00 -1.173926999999999943e+01 0.000000000000000000e+00
1.830000000000000000e+02 3.966169999999999973e+00 -9.729380000000000805e+00 0.000000000000000000e+00
1.840000000000000000e+02 4.559009999999999785e+00 -7.733249999999999957e+00 0.000000000000000000e+00
1.850000000000000000e+02 5.180830000000000268e+00 -5.768360000000000376e+00 0.000000000000000000e+00
1.860000000000000000e+02 5.793280000000000207e+00 -3.636239999999999917e+00 0.000000000000000000e+00
1.870000000000000000e+02 4.215440000000000076e+00 -2.236909999999999954e+00 0.000000000000000000e+00
1.880000000000000000e+02 4.797959999999999781e+00 -2.086000000000000076e-01 0.000000000000000000e+00
1.890000000000000000e+02 5.376590000000000202e+00 1.895960000000000090e+00 0.000000000000000000e+00
1.900000000000000000e+02 5.900199999999999889e+00 3.970029999999999948e+00 0.000000000000000000e+00
1.910000000000000000e+02 4.438880000000000159e+00 5.444799999999999862e+00 0.000000000000000000e+00
1.920000000000000000e+02 2.932650000000000201e+00 6.901539999999999786e+00 0.000000000000000000e+00
1.930000000000000000e+02 3.455529999999999990e+00 8.975229999999999819e+00 0.000000000000000000e+00
1.940000000000000000e+02 3.966359999999999886e+00 1.097709000000000046e+01 0.000000000000000000e+00
1.950000000000000000e+02 4.574740000000000251e+00 1.297213999999999956e+01 0.000000000000000000e+00
1.960000000000000000e+02 3.455020000000000202e+00 1.665447999999999951e+01 0.000000000000000000e+00
1.970000000000000000e+02 1.877629999999999910e+00 1.798674000000000106e+01 0.000000000000000000e+00
1.980000000000000000e+02 3.522839999999999971e+00 -1.734331999999999852e+01 0.000000000000000000e+00
1.990000000000000000e+02 4.120940000000000047e+00 -1.531734999999999935e+01 0.000000000000000000e+00
2.000000000000000000e+02 4.721599999999999575e+00 -1.327191000000000010e+01 0.000000000000000000e+00
2.010000000000000000e+02 5.373440000000000438e+00 -1.129402999999999935e+01 0.000000000000000000e+00
2.020000000000000000e+02 6.044599999999999973e+00 -9.256560000000000343e+00 0.000000000000000000e+00
2.030000000000000000e+02 6.626949999999999896e+00 -7.254909999999999748e+00 0.000000000000000000e+00
2.040000000000000000e+02 7.202969999999999651e+00 -5.169349999999999667e+00 0.000000000000000000e+00
2.050000000000000000e+02 6.340230000000000032e+00 -1.647799999999999931e+00 0.000000000000000000e+00
2.060000000000000000e+02 8.360290000000000887e+00 -1.144300000000000095e+00 0.000000000000000000e+00
2.070000000000000000e+02 6.868879999999999875e+00 4.097199999999999731e-01 0.000000000000000000e+00
2.080000000000000000e+02 7.366799999999999571e+00 2.470680000000000209e+00 0.000000000000000000e+00
2.090000000000000000e+02 6.415399999999999991e+00 6.005639999999999645e+00 0.000000000000000000e+00
2.100000000000000000e+02 4.930559999999999832e+00 7.520900000000000141e+00 0.000000000000000000e+00
2.110000000000000000e+02 5.459399999999999586e+00 9.527540000000000120e+00 0.000000000000000000e+00
2.120000000000000000e+02 6.807669999999999888e+00 1.361279000000000039e+01 0.000000000000000000e+00
2.130000000000000000e+02 5.185740000000000016e+00 1.501234000000000002e+01 0.000000000000000000e+00
2.140000000000000000e+02 5.543510000000000382e+00 1.725757000000000119e+01 0.000000000000000000e+00
2.150000000000000000e+02 4.035239999999999938e+00 1.883765999999999963e+01 0.000000000000000000e+00
2.160000000000000000e+02 5.731090000000000018e+00 -1.678003999999999962e+01 0.000000000000000000e+00
2.170000000000000000e+02 6.363710000000000200e+00 -1.479429000000000016e+01 0.000000000000000000e+00
2.180000000000000000e+02 6.869790000000000063e+00 -1.279109000000000052e+01 0.000000000000000000e+00
2.190000000000000000e+02 7.520959999999999646e+00 -1.076009999999999955e+01 0.000000000000000000e+00
2.200000000000000000e+02 8.087149999999999395e+00 -8.740919999999999135e+00 0.000000000000000000e+00
2.210000000000000000e+02 8.622339999999999449e+00 -6.696209999999999773e+00 0.000000000000000000e+00
2.220000000000000000e+02 9.240270000000000650e+00 -4.701109999999999900e+00 0.000000000000000000e+00
2.230000000000000000e+02 7.867130000000000400e+00 -3.144760000000000222e+00 0.000000000000000000e+00
2.240000000000000000e+02 1.037668999999999997e+01 -5.529399999999999871e-01 0.000000000000000000e+00
2.250000000000000000e+02 8.855109999999999815e+00 9.852499999999999591e-01 0.000000000000000000e+00
2.260000000000000000e+02 9.428789999999999338e+00 3.036010000000000097e+00 0.000000000000000000e+00
2.270000000000000000e+02 7.940279999999999561e+00 4.493490000000000428e+00 0.000000000000000000e+00
2.280000000000000000e+02 8.469419999999999504e+00 6.541159999999999641e+00 0.000000000000000000e+00
2.290000000000000000e+02 6.968569999999999709e+00 8.012760000000000105e+00 0.000000000000000000e+00
2.300000000000000000e+02 6.114099999999999646e+00 1.157704999999999984e+01 0.000000000000000000e+00
2.310000000000000000e+02 7.511860000000000426e+00 9.999760000000000204e+00 0.000000000000000000e+00
2.320000000000000000e+02 7.420720000000000205e+00 1.560398999999999958e+01 0.000000000000000000e+00
2.330000000000000000e+02 8.230919999999999348e+00 1.763513000000000019e+01 0.000000000000000000e+00
2.340000000000000000e+02 2.640979999999999883e+00 -1.957835000000000036e+01 0.000000000000000000e+00
2.350000000000000000e+02 7.228119999999999656e+00 -1.835070999999999941e+01 0.000000000000000000e+00
2.360000000000000000e+02 8.408429999999999183e+00 -1.444950000000000045e+01 0.000000000000000000e+00
2.370000000000000000e+02 9.531950000000000145e+00 -1.022616000000000014e+01 0.000000000000000000e+00
2.380000000000000000e+02 1.012007000000000012e+01 -8.203440000000000509e+00 0.000000000000000000e+00
2.390000000000000000e+02 1.064831000000000039e+01 -6.219719999999999693e+00 0.000000000000000000e+00
2.400000000000000000e+02 1.127289999999999992e+01 -4.240639999999999965e+00 0.000000000000000000e+00
2.410000000000000000e+02 9.871420000000000528e+00 -2.586749999999999883e+00 0.000000000000000000e+00
2.420000000000000000e+02 1.259076999999999913e+01 -1.773999999999999883e-02 0.000000000000000000e+00
2.430000000000000000e+02 1.099150999999999989e+01 1.490439999999999987e+00 0.000000000000000000e+00
2.440000000000000000e+02 1.149436999999999998e+01 3.541059999999999874e+00 0.000000000000000000e+00
2.450000000000000000e+02 9.962260000000000559e+00 5.023789999999999978e+00 0.000000000000000000e+00
2.460000000000000000e+02 1.213890999999999920e+01 5.505099999999999660e+00 0.000000000000000000e+00
2.470000000000000000e+02 1.056873000000000040e+01 7.015329999999999622e+00 0.000000000000000000e+00
2.480000000000000000e+02 9.085029999999999717e+00 8.510989999999999611e+00 0.000000000000000000e+00
2.490000000000000000e+02 9.623549999999999827e+00 1.056413000000000046e+01 0.000000000000000000e+00
2.500000000000000000e+02 8.183310000000000528e+00 1.207923000000000080e+01 0.000000000000000000e+00
2.510000000000000000e+02 9.661170000000000258e+00 1.611607000000000056e+01 0.000000000000000000e+00
2.520000000000000000e+02 5.205989999999999895e+00 -1.883708999999999989e+01 0.000000000000000000e+00
2.530000000000000000e+02 8.181829999999999714e+00 -1.652625000000000099e+01 0.000000000000000000e+00
2.540000000000000000e+02 8.945000000000000284e+00 -1.227491999999999983e+01 0.000000000000000000e+00
2.550000000000000000e+02 1.155963999999999992e+01 -9.678100000000000591e+00 0.000000000000000000e+00
2.560000000000000000e+02 1.211589999999999989e+01 -7.703240000000000087e+00 0.000000000000000000e+00
2.570000000000000000e+02 1.272686000000000028e+01 -5.704570000000000363e+00 0.000000000000000000e+00
2.580000000000000000e+02 1.332008000000000081e+01 -3.717280000000000140e+00 0.000000000000000000e+00
2.590000000000000000e+02 1.190653000000000006e+01 -2.083060000000000134e+00 0.000000000000000000e+00
2.600000000000000000e+02 1.396341999999999928e+01 -1.646949999999999914e+00 0.000000000000000000e+00
2.610000000000000000e+02 1.459938000000000002e+01 4.165400000000000214e-01 0.000000000000000000e+00
2.620000000000000000e+02 1.298581000000000074e+01 2.084290000000000198e+00 0.000000000000000000e+00
2.630000000000000000e+02 1.372910000000000075e+01 4.067409999999999748e+00 0.000000000000000000e+00
2.640000000000000000e+02 1.431816000000000066e+01 6.082950000000000301e+00 0.000000000000000000e+00
2.650000000000000000e+02 1.274324000000000012e+01 7.473189999999999777e+00 0.000000000000000000e+00
2.660000000000000000e+02 1.118051999999999957e+01 9.046979999999999578e+00 0.000000000000000000e+00
2.670000000000000000e+02 1.192646000000000051e+01 1.096232000000000006e+01 0.000000000000000000e+00
2.680000000000000000e+02 1.023235000000000028e+01 1.255103000000000080e+01 0.000000000000000000e+00
2.690000000000000000e+02 8.876319999999999766e+00 1.411181000000000019e+01 0.000000000000000000e+00
2.700000000000000000e+02 1.021936000000000000e+01 -1.579552999999999940e+01 0.000000000000000000e+00
2.710000000000000000e+02 1.047968000000000011e+01 -1.370578000000000074e+01 0.000000000000000000e+00
2.720000000000000000e+02 1.100595999999999997e+01 -1.166644999999999932e+01 0.000000000000000000e+00
2.730000000000000000e+02 1.377341000000000015e+01 -9.261480000000000601e+00 0.000000000000000000e+00
2.740000000000000000e+02 1.421790000000000020e+01 -7.163260000000000183e+00 0.000000000000000000e+00
2.750000000000000000e+02 1.643964000000000070e+01 -7.026629999999999932e+00 0.000000000000000000e+00
2.760000000000000000e+02 1.478799000000000063e+01 -5.175959999999999894e+00 0.000000000000000000e+00
2.770000000000000000e+02 1.539372999999999969e+01 -3.152060000000000084e+00 0.000000000000000000e+00
2.780000000000000000e+02 1.598953999999999986e+01 -1.156039999999999957e+00 0.000000000000000000e+00
2.790000000000000000e+02 1.662728999999999857e+01 9.453500000000000236e-01 0.000000000000000000e+00
2.800000000000000000e+02 1.518389999999999951e+01 2.503280000000000172e+00 0.000000000000000000e+00
2.810000000000000000e+02 1.576360000000000028e+01 4.624119999999999564e+00 0.000000000000000000e+00
2.820000000000000000e+02 1.655795000000000172e+01 6.625429999999999708e+00 0.000000000000000000e+00
2.830000000000000000e+02 1.505272000000000077e+01 8.147690000000000765e+00 0.000000000000000000e+00
2.840000000000000000e+02 1.335527000000000086e+01 9.478329999999999700e+00 0.000000000000000000e+00
2.850000000000000000e+02 1.392434000000000083e+01 1.160237000000000052e+01 0.000000000000000000e+00
2.860000000000000000e+02 1.241423999999999950e+01 1.300010999999999939e+01 0.000000000000000000e+00
2.870000000000000000e+02 1.107845999999999975e+01 1.458170999999999928e+01 0.000000000000000000e+00
2.880000000000000000e+02 1.288097999999999921e+01 -1.330034999999999989e+01 0.000000000000000000e+00
2.890000000000000000e+02 1.302923999999999971e+01 -1.121551999999999971e+01 0.000000000000000000e+00
2.900000000000000000e+02 1.515469000000000044e+01 -1.117836999999999925e+01 0.000000000000000000e+00
2.910000000000000000e+02 1.583864999999999945e+01 -9.170489999999999142e+00 0.000000000000000000e+00
2.920000000000000000e+02 1.865290999999999855e+01 -6.771810000000000329e+00 0.000000000000000000e+00
2.930000000000000000e+02 1.688421999999999912e+01 -4.600080000000000169e+00 0.000000000000000000e+00
2.940000000000000000e+02 1.957838999999999885e+01 -3.413559999999999928e+00 0.000000000000000000e+00
2.950000000000000000e+02 1.762334999999999852e+01 -2.631079999999999863e+00 0.000000000000000000e+00
2.960000000000000000e+02 2.024251999999999896e+01 -1.929599999999999926e-01 0.000000000000000000e+00
2.970000000000000000e+02 1.810539999999999949e+01 -5.344299999999999606e-01 0.000000000000000000e+00
2.980000000000000000e+02 1.861204999999999998e+01 1.629159999999999942e+00 0.000000000000000000e+00
2.990000000000000000e+02 1.788305000000000078e+01 4.953159999999999563e+00 0.000000000000000000e+00
