0.000000000000000000e+00 -1.479490999999999978e+01 -1.365065000000000062e+01 0.000000000000000000e+00
1.000000000000000000e+00 -1.571343000000000067e+01 -1.174932000000000087e+01 0.000000000000000000e+00
2.000000000000000000e+00 -1.653851999999999833e+01 -9.863799999999999457e+00 0.000000000000000000e+00
3.000000000000000000e+00 -1.757811999999999841e+01 -8.056129999999999569e+00 0.000000000000000000e+00
4.000000000000000000e+00 -1.837400999999999840e+01 -6.125519999999999854e+00 0.000000000000000000e+00
5.000000000000000000e+00 -1.943365999999999971e+01 -4.239770000000000039e+00 0.000000000000000000e+00
6.000000000000000000e+00 -1.731594000000000122e+01 -4.335679999999999978e+00 0.000000000000000000e+00
7.000000000000000000e+00 -1.869089999999999918e+01 -2.191349999999999909e+00 0.000000000000000000e+00
8.000000000000000000e+00 -1.723172999999999888e+01 -7.257000000000000117e-01 0.000000000000000000e+00
9.000000000000000000e+00 -1.926394000000000162e+01 1.327000000000000055e-02 0.000000000000000000e+00
1.000000000000000000e+01 -1.777433999999999870e+01 1.949009999999999909e+00 0.000000000000000000e+00
1.100000000000000000e+01 -1.903304999999999936e+01 3.670100000000000140e+00 0.000000000000000000e+00
1.200000000000000000e+01 -1.734127000000000152e+01 6.083779999999999966e+00 0.000000000000000000e+00
1.300000000000000000e+01 -1.906392999999999915e+01 7.205619999999999692e+00 0.000000000000000000e+00
1.400000000000000000e+01 -1.733545000000000158e+01 8.373950000000000671e+00 0.000000000000000000e+00
1.500000000000000000e+01 -1.640978000000000137e+01 1.056166999999999945e+01 0.000000000000000000e+00
1.600000000000000000e+01 -1.586533999999999978e+01 1.280053000000000019e+01 0.000000000000000000e+00
1.700000000000000000e+01 -1.512668000000000035e+01 1.491849999999999987e+01 0.000000000000000000e+00
1.800000000000000000e+01 -1.387437000000000076e+01 -1.557455000000000034e+01 0.000000000000000000e+00
1.900000000000000000e+01 -1.270486999999999966e+01 -1.367427999999999955e+01 0.000000000000000000e+00
2.000000000000000000e+01 -1.363621999999999979e+01 -1.179618999999999929e+01 0.000000000000000000e+00
2.100000000000000000e+01 -1.441735000000000078e+01 -9.860319999999999752e+00 0.000000000000000000e+00
2.200000000000000000e+01 -1.527926000000000073e+01 -7.946799999999999642e+00 0.000000000000000000e+00
2.300000000000000000e+01 -1.626328000000000173e+01 -6.127729999999999677e+00 0.000000000000000000e+00
2.400000000000000000e+01 -1.514276000000000089e+01 -4.333510000000000417e+00 0.000000000000000000e+00
2.500000000000000000e+01 -1.619413000000000125e+01 -2.546079999999999899e+00 0.000000000000000000e+00
2.600000000000000000e+01 -1.484088999999999992e+01 -9.753199999999999648e-01 0.000000000000000000e+00
2.700000000000000000e+01 -1.594177999999999962e+01 8.706800000000000095e-01 0.000000000000000000e+00
2.800000000000000000e+01 -1.511016000000000048e+01 2.794500000000000206e+00 0.000000000000000000e+00
2.900000000000000000e+01 -1.693136000000000152e+01 3.829559999999999853e+00 0.000000000000000000e+00
3.000000000000000000e+01 -1.529119000000000028e+01 5.166000000000000369e+00 0.000000000000000000e+00
3.100000000000000000e+01 -1.558060000000000045e+01 7.258049999999999891e+00 0.000000000000000000e+00
3.200000000000000000e+01 -1.470026999999999973e+01 9.192220000000000724e+00 0.000000000000000000e+00
3.300000000000000000e+01 -1.443729000000000084e+01 1.128838999999999970e+01 0.000000000000000000e+00
3.400000000000000000e+01 -1.379617999999999967e+01 1.326117999999999952e+01 0.000000000000000000e+00
3.500000000000000000e+01 -1.344567999999999941e+01 1.621490999999999971e+01 0.000000000000000000e+00
3.600000000000000000e+01 -1.055818999999999974e+01 -1.717400999999999911e+01 0.000000000000000000e+00
3.700000000000000000e+01 -1.122236999999999973e+01 -1.514756000000000036e+01 0.000000000000000000e+00
3.800000000000000000e+01 -1.145733000000000068e+01 -1.194406000000000034e+01 0.000000000000000000e+00
3.900000000000000000e+01 -1.215089000000000041e+01 -9.934020000000000294e+00 0.000000000000000000e+00
4.000000000000000000e+01 -1.319439999999999991e+01 -8.134019999999999584e+00 0.000000000000000000e+00
4.100000000000000000e+01 -1.406052999999999997e+01 -6.246400000000000396e+00 0.000000000000000000e+00
4.200000000000000000e+01 -1.279301000000000066e+01 -4.605430000000000135e+00 0.000000000000000000e+00
4.300000000000000000e+01 -1.379069999999999929e+01 -2.749120000000000008e+00 0.000000000000000000e+00
4.400000000000000000e+01 -1.266915000000000013e+01 -1.001949999999999896e+00 0.000000000000000000e+00
4.500000000000000000e+01 -1.385416999999999987e+01 8.400499999999999634e-01 0.000000000000000000e+00
4.600000000000000000e+01 -1.297078999999999915e+01 2.756029999999999980e+00 0.000000000000000000e+00
4.700000000000000000e+01 -1.215246999999999922e+01 4.663840000000000430e+00 0.000000000000000000e+00
4.800000000000000000e+01 -1.352210000000000001e+01 6.226670000000000371e+00 0.000000000000000000e+00
4.900000000000000000e+01 -1.282751000000000019e+01 8.289469999999999672e+00 0.000000000000000000e+00
5.000000000000000000e+01 -1.256944999999999979e+01 1.037730999999999959e+01 0.000000000000000000e+00
5.100000000000000000e+01 -1.181267000000000067e+01 1.234267000000000003e+01 0.000000000000000000e+00
5.200000000000000000e+01 -1.206846999999999959e+01 1.453344000000000058e+01 0.000000000000000000e+00
5.300000000000000000e+01 -1.141216999999999970e+01 1.651878999999999920e+01 0.000000000000000000e+00
5.400000000000000000e+01 -8.657329999999999970e+00 -1.796107999999999905e+01 0.000000000000000000e+00
5.500000000000000000e+01 -9.094260000000000232e+00 -1.558647999999999989e+01 0.000000000000000000e+00
5.600000000000000000e+01 -9.968280000000000030e+00 -1.346820999999999913e+01 0.000000000000000000e+00
5.700000000000000000e+01 -1.010711000000000048e+01 -1.026402999999999999e+01 0.000000000000000000e+00
5.800000000000000000e+01 -1.074330999999999925e+01 -8.296239999999999171e+00 0.000000000000000000e+00
5.900000000000000000e+01 -1.164528999999999925e+01 -6.369720000000000049e+00 0.000000000000000000e+00
6.000000000000000000e+01 -1.053988999999999976e+01 -4.623949999999999783e+00 0.000000000000000000e+00
6.100000000000000000e+01 -1.162847999999999971e+01 -2.805349999999999788e+00 0.000000000000000000e+00
6.200000000000000000e+01 -1.056949000000000005e+01 -9.283599999999999630e-01 0.000000000000000000e+00
6.300000000000000000e+01 -1.169073000000000029e+01 8.193300000000000027e-01 0.000000000000000000e+00
6.400000000000000000e+01 -1.078951999999999956e+01 2.699969999999999981e+00 0.000000000000000000e+00
6.500000000000000000e+01 -1.006756999999999991e+01 4.641499999999999737e+00 0.000000000000000000e+00
6.600000000000000000e+01 -1.146302999999999983e+01 6.689309999999999867e+00 0.000000000000000000e+00
6.700000000000000000e+01 -1.050290999999999997e+01 8.543730000000000047e+00 0.000000000000000000e+00
6.800000000000000000e+01 -1.045032999999999923e+01 1.073576000000000086e+01 0.000000000000000000e+00
6.900000000000000000e+01 -1.012142000000000053e+01 1.363344999999999985e+01 0.000000000000000000e+00
7.000000000000000000e+01 -9.425530000000000186e+00 1.557840000000000025e+01 0.000000000000000000e+00
7.100000000000000000e+01 -9.125469999999999970e+00 1.762751000000000090e+01 0.000000000000000000e+00
7.200000000000000000e+01 -6.502150000000000318e+00 -1.793495000000000061e+01 0.000000000000000000e+00
7.300000000000000000e+01 -6.975209999999999688e+00 -1.582100999999999935e+01 0.000000000000000000e+00
7.400000000000000000e+01 -7.715779999999999639e+00 -1.370167999999999964e+01 0.000000000000000000e+00
7.500000000000000000e+01 -8.672560000000000713e+00 -1.184041000000000032e+01 0.000000000000000000e+00
7.600000000000000000e+01 -8.651350000000000762e+00 -8.405350000000000321e+00 0.000000000000000000e+00
7.700000000000000000e+01 -9.595269999999999300e+00 -6.529899999999999594e+00 0.000000000000000000e+00
7.800000000000000000e+01 -8.463939999999999131e+00 -4.582629999999999981e+00 0.000000000000000000e+00
7.900000000000000000e+01 -9.482329999999999259e+00 -2.697099999999999831e+00 0.000000000000000000e+00
8.000000000000000000e+01 -8.449299999999999145e+00 -8.296400000000000441e-01 0.000000000000000000e+00
8.100000000000000000e+01 -9.554800000000000182e+00 8.981299999999999839e-01 0.000000000000000000e+00
8.200000000000000000e+01 -8.695759999999999934e+00 2.790540000000000020e+00 0.000000000000000000e+00
8.300000000000000000e+01 -8.014549999999999841e+00 4.748940000000000161e+00 0.000000000000000000e+00
8.400000000000000000e+01 -9.305640000000000356e+00 6.556989999999999874e+00 0.000000000000000000e+00
8.500000000000000000e+01 -8.415350000000000108e+00 8.419159999999999755e+00 0.000000000000000000e+00
8.600000000000000000e+01 -8.839919999999999334e+00 1.201256000000000057e+01 0.000000000000000000e+00
8.700000000000000000e+01 -8.051539999999999253e+00 1.396599999999999930e+01 0.000000000000000000e+00
8.800000000000000000e+01 -7.373170000000000002e+00 1.601165999999999912e+01 0.000000000000000000e+00
8.900000000000000000e+01 -6.832889999999999908e+00 1.814411000000000129e+01 0.000000000000000000e+00
9.000000000000000000e+01 -5.492219999999999658e+00 -1.987657000000000096e+01 0.000000000000000000e+00
9.100000000000000000e+01 -4.825459999999999638e+00 -1.590000000000000036e+01 0.000000000000000000e+00
9.200000000000000000e+01 -5.619830000000000325e+00 -1.390967000000000020e+01 0.000000000000000000e+00
9.300000000000000000e+01 -6.555920000000000414e+00 -1.194200999999999979e+01 0.000000000000000000e+00
9.400000000000000000e+01 -7.324370000000000047e+00 -1.000733999999999924e+01 0.000000000000000000e+00
9.500000000000000000e+01 -7.392809999999999881e+00 -6.425099999999999589e+00 0.000000000000000000e+00
9.600000000000000000e+01 -6.358839999999999826e+00 -4.515930000000000000e+00 0.000000000000000000e+00
9.700000000000000000e+01 -7.370049999999999990e+00 -2.716250000000000053e+00 0.000000000000000000e+00
9.800000000000000000e+01 -6.268880000000000230e+00 -7.735999999999999543e-01 0.000000000000000000e+00
9.900000000000000000e+01 -7.472489999999999633e+00 1.049129999999999896e+00 0.000000000000000000e+00
1.000000000000000000e+02 -6.459950000000000081e+00 2.898750000000000160e+00 0.000000000000000000e+00
1.010000000000000000e+02 -5.808379999999999654e+00 4.964540000000000397e+00 0.000000000000000000e+00
1.020000000000000000e+02 -7.076260000000000439e+00 6.673750000000000071e+00 0.000000000000000000e+00
1.030000000000000000e+02 -7.591960000000000264e+00 1.032441999999999993e+01 0.000000000000000000e+00
1.040000000000000000e+02 -6.769210000000000171e+00 1.226174999999999926e+01 0.000000000000000000e+00
1.050000000000000000e+02 -5.900590000000000224e+00 1.422589999999999932e+01 0.000000000000000000e+00
1.060000000000000000e+02 -5.173370000000000246e+00 1.632901999999999987e+01 0.000000000000000000e+00
1.070000000000000000e+02 -6.034440000000000026e+00 2.011600999999999928e+01 0.000000000000000000e+00
1.080000000000000000e+02 -4.434619999999999784e+00 -1.791505000000000081e+01 0.000000000000000000e+00
1.090000000000000000e+02 -3.546400000000000219e+00 -1.387523000000000017e+01 0.000000000000000000e+00
1.100000000000000000e+02 -4.387929999999999886e+00 -1.190681999999999974e+01 0.000000000000000000e+00
1.110000000000000000e+02 -5.182940000000000325e+00 -9.996510000000000673e+00 0.000000000000000000e+00
1.120000000000000000e+02 -6.151040000000000063e+00 -8.115640000000000853e+00 0.000000000000000000e+00
1.130000000000000000e+02 -5.145789999999999864e+00 -6.214640000000000164e+00 0.000000000000000000e+00
1.140000000000000000e+02 -4.037930000000000241e+00 -4.409060000000000201e+00 0.000000000000000000e+00
1.150000000000000000e+02 -5.241100000000000314e+00 -2.687199999999999811e+00 0.000000000000000000e+00
1.160000000000000000e+02 -4.142500000000000071e+00 -6.862500000000000266e-01 0.000000000000000000e+00
1.170000000000000000e+02 -5.314090000000000202e+00 1.086629999999999985e+00 0.000000000000000000e+00
1.180000000000000000e+02 -4.280739999999999768e+00 3.083019999999999872e+00 0.000000000000000000e+00
1.190000000000000000e+02 -4.989720000000000155e+00 6.908760000000000012e+00 0.000000000000000000e+00
1.200000000000000000e+02 -6.359169999999999767e+00 8.609479999999999578e+00 0.000000000000000000e+00
1.210000000000000000e+02 -4.237980000000000302e+00 8.854269999999999641e+00 0.000000000000000000e+00
1.220000000000000000e+02 -5.521379999999999733e+00 1.052588000000000079e+01 0.000000000000000000e+00
1.230000000000000000e+02 -4.712550000000000239e+00 1.252616000000000085e+01 0.000000000000000000e+00
1.240000000000000000e+02 -3.879690000000000083e+00 1.461378999999999984e+01 0.000000000000000000e+00
1.250000000000000000e+02 -4.325459999999999638e+00 1.830029000000000039e+01 0.000000000000000000e+00
1.260000000000000000e+02 -1.905469999999999997e+00 -1.848288000000000153e+01 0.000000000000000000e+00
1.270000000000000000e+02 -2.872489999999999988e+00 -1.656195999999999913e+01 0.000000000000000000e+00
1.280000000000000000e+02 -2.229880000000000084e+00 -1.202317000000000036e+01 0.000000000000000000e+00
1.290000000000000000e+02 -3.068919999999999870e+00 -1.011806999999999945e+01 0.000000000000000000e+00
1.300000000000000000e+02 -4.030509999999999593e+00 -8.140200000000000102e+00 0.000000000000000000e+00
1.310000000000000000e+02 -2.928949999999999942e+00 -6.367300000000000182e+00 0.000000000000000000e+00
1.320000000000000000e+02 -1.948159999999999892e+00 -4.224540000000000184e+00 0.000000000000000000e+00
1.330000000000000000e+02 -3.124049999999999994e+00 -2.488249999999999851e+00 0.000000000000000000e+00
1.340000000000000000e+02 -2.060869999999999980e+00 -6.835900000000000309e-01 0.000000000000000000e+00
1.350000000000000000e+02 -3.207939999999999792e+00 1.148079999999999989e+00 0.000000000000000000e+00
1.360000000000000000e+02 -2.173709999999999809e+00 2.978880000000000194e+00 0.000000000000000000e+00
1.370000000000000000e+02 -3.699050000000000171e+00 5.223080000000000389e+00 0.000000000000000000e+00
1.380000000000000000e+02 -2.854029999999999845e+00 7.192849999999999966e+00 0.000000000000000000e+00
1.390000000000000000e+02 -2.118510000000000115e+00 9.181570000000000675e+00 0.000000000000000000e+00
1.400000000000000000e+02 -3.471589999999999954e+00 1.083878999999999948e+01 0.000000000000000000e+00
1.410000000000000000e+02 -2.655009999999999870e+00 1.282651000000000074e+01 0.000000000000000000e+00
1.420000000000000000e+02 -3.042870000000000186e+00 1.649606999999999957e+01 0.000000000000000000e+00
1.430000000000000000e+02 -2.172140000000000182e+00 1.865184999999999960e+01 0.000000000000000000e+00
1.440000000000000000e+02 -7.303800000000000292e-01 -1.667299999999999827e+01 0.000000000000000000e+00
1.450000000000000000e+02 -1.699510000000000076e+00 -1.483136000000000010e+01 0.000000000000000000e+00
1.460000000000000000e+02 -4.853999999999999981e-01 -1.312383999999999951e+01 0.000000000000000000e+00
1.470000000000000000e+02 -9.234700000000000131e-01 -1.027759999999999962e+01 0.000000000000000000e+00
1.480000000000000000e+02 -1.780159999999999965e+00 -8.339909999999999712e+00 0.000000000000000000e+00
1.490000000000000000e+02 2.234599999999999920e-01 -7.852879999999999860e+00 0.000000000000000000e+00
1.500000000000000000e+02 -8.241399999999999837e-01 -6.078990000000000116e+00 0.000000000000000000e+00
1.510000000000000000e+02 -7.805900000000000061e-01 -2.470239999999999991e+00 0.000000000000000000e+00
1.520000000000000000e+02 7.806000000000000438e-02 -5.402799999999999825e-01 0.000000000000000000e+00
1.530000000000000000e+02 -1.105739999999999945e+00 1.194180000000000019e+00 0.000000000000000000e+00
1.540000000000000000e+02 -1.652500000000000080e-01 3.601999999999999869e+00 0.000000000000000000e+00
1.550000000000000000e+02 -1.641049999999999898e+00 5.079460000000000086e+00 0.000000000000000000e+00
1.560000000000000000e+02 -7.891399999999999526e-01 7.491530000000000022e+00 0.000000000000000000e+00
1.570000000000000000e+02 -6.998999999999999666e-02 9.546699999999999520e+00 0.000000000000000000e+00
1.580000000000000000e+02 -1.277509999999999923e+00 1.123637000000000086e+01 0.000000000000000000e+00
1.590000000000000000e+02 -5.048200000000000465e-01 1.319161000000000072e+01 0.000000000000000000e+00
1.600000000000000000e+02 -1.655599999999999961e+00 1.491297999999999924e+01 0.000000000000000000e+00
1.610000000000000000e+02 -9.180899999999999617e-01 1.689188000000000045e+01 0.000000000000000000e+00
1.620000000000000000e+02 2.141200000000000048e-01 -1.928534000000000148e+01 0.000000000000000000e+00
1.630000000000000000e+02 1.295900000000000052e+00 -1.725865999999999900e+01 0.000000000000000000e+00
1.640000000000000000e+02 4.502999999999999781e-01 -1.495458999999999961e+01 0.000000000000000000e+00
1.650000000000000000e+02 9.384599999999999609e-01 -1.161237999999999992e+01 0.000000000000000000e+00
1.660000000000000000e+02 1.504219999999999891e+00 -9.619410000000000238e+00 0.000000000000000000e+00
1.670000000000000000e+02 1.839190000000000103e+00 -5.598620000000000374e+00 0.000000000000000000e+00
1.680000000000000000e+02 2.593400000000000150e-01 -4.248499999999999943e+00 0.000000000000000000e+00
1.690000000000000000e+02 1.289700000000000069e+00 -2.438050000000000050e+00 0.000000000000000000e+00
1.700000000000000000e+02 2.213760000000000172e+00 -2.865099999999999869e-01 0.000000000000000000e+00
1.710000000000000000e+02 9.726000000000000201e-01 1.389720000000000066e+00 0.000000000000000000e+00
1.720000000000000000e+02 2.092709999999999848e+00 3.156849999999999934e+00 0.000000000000000000e+00
1.730000000000000000e+02 2.384729999999999794e+00 5.226099999999999746e+00 0.000000000000000000e+00
1.740000000000000000e+02 3.596799999999999997e-01 5.601650000000000240e+00 0.000000000000000000e+00
1.750000000000000000e+02 2.010339999999999794e+00 9.640840000000000742e+00 0.000000000000000000e+00
1.760000000000000000e+02 8.626099999999999879e-01 1.141656000000000049e+01 0.000000000000000000e+00
1.770000000000000000e+02 1.545900000000000052e+00 1.336464999999999925e+01 0.000000000000000000e+00
1.780000000000000000e+02 4.095300000000000051e-01 1.512003999999999948e+01 0.000000000000000000e+00
1.790000000000000000e+02 1.350049999999999972e+00 1.907822000000000173e+01 0.000000000000000000e+00
1.800000000000000000e+02 2.551200000000000134e+00 -1.898339999999999961e+01 0.000000000000000000e+00
1.810000000000000000e+02 2.461460000000000203e+00 -1.556466999999999956e+01 0.000000000000000000e+00
1.820000000000000000e+02 2.006499999999999950e+00 -1.340478000000000058e+01 0.000000000000000000e+00
1.830000000000000000e+02 3.002149999999999874e+00 -1.155846000000000018e+01 0.000000000000000000e+00
1.840000000000000000e+02 2.443060000000000009e+00 -7.697680000000000078e+00 0.000000000000000000e+00
1.850000000000000000e+02 3.837680000000000202e+00 -6.157350000000000101e+00 0.000000000000000000e+00
1.860000000000000000e+02 3.763209999999999944e+00 -4.076399999999999579e+00 0.000000000000000000e+00
1.870000000000000000e+02 3.309550000000000214e+00 -2.024869999999999948e+00 0.000000000000000000e+00
1.880000000000000000e+02 4.442230000000000345e+00 -2.502800000000000025e-01 0.000000000000000000e+00
1.890000000000000000e+02 3.505930000000000213e+00 1.642360000000000042e+00 0.000000000000000000e+00
1.900000000000000000e+02 4.093609999999999971e+00 4.061880000000000379e+00 0.000000000000000000e+00
1.910000000000000000e+02 3.941510000000000069e+00 6.558900000000000396e+00 0.000000000000000000e+00
1.920000000000000000e+02 1.769069999999999920e+00 7.209800000000000431e+00 0.000000000000000000e+00
1.930000000000000000e+02 3.833330000000000126e+00 8.633589999999999876e+00 0.000000000000000000e+00
1.940000000000000000e+02 3.718220000000000081e+00 1.079287000000000063e+01 0.000000000000000000e+00
1.950000000000000000e+02 3.569999999999999840e+00 1.285670000000000002e+01 0.000000000000000000e+00
1.960000000000000000e+02 2.513609999999999900e+00 1.521183000000000085e+01 0.000000000000000000e+00
1.970000000000000000e+02 1.321870000000000100e+00 1.701510000000000034e+01 0.000000000000000000e+00
1.980000000000000000e+02 3.680200000000000138e+00 -1.722270999999999930e+01 0.000000000000000000e+00
1.990000000000000000e+02 4.581419999999999604e+00 -1.530447000000000024e+01 0.000000000000000000e+00
2.000000000000000000e+02 4.330119999999999969e+00 -1.318271000000000015e+01 0.000000000000000000e+00
2.010000000000000000e+02 5.055839999999999890e+00 -1.099761999999999951e+01 0.000000000000000000e+00
2.020000000000000000e+02 3.585480000000000000e+00 -9.426190000000000069e+00 0.000000000000000000e+00
2.030000000000000000e+02 5.027700000000000280e+00 -7.898749999999999716e+00 0.000000000000000000e+00
2.040000000000000000e+02 6.178110000000000213e+00 -6.169970000000000176e+00 0.000000000000000000e+00
2.050000000000000000e+02 5.390760000000000218e+00 -2.100690000000000168e+00 0.000000000000000000e+00
2.060000000000000000e+02 6.633409999999999584e+00 -4.463699999999999890e-01 0.000000000000000000e+00
2.070000000000000000e+02 5.675069999999999837e+00 1.426230000000000109e+00 0.000000000000000000e+00
2.080000000000000000e+02 6.076999999999999957e+00 3.461399999999999810e+00 0.000000000000000000e+00
2.090000000000000000e+02 5.772940000000000182e+00 5.538710000000000022e+00 0.000000000000000000e+00
2.100000000000000000e+02 5.712279999999999802e+00 7.608019999999999783e+00 0.000000000000000000e+00
2.110000000000000000e+02 5.591400000000000148e+00 9.764720000000000510e+00 0.000000000000000000e+00
2.120000000000000000e+02 5.538829999999999920e+00 1.185624999999999929e+01 0.000000000000000000e+00
2.130000000000000000e+02 5.367169999999999774e+00 1.396208000000000027e+01 0.000000000000000000e+00
2.140000000000000000e+02 4.534480000000000288e+00 1.590682999999999936e+01 0.000000000000000000e+00
2.150000000000000000e+02 4.420639999999999681e+00 1.812034999999999840e+01 0.000000000000000000e+00
2.160000000000000000e+02 5.759149999999999991e+00 -1.862319000000000102e+01 0.000000000000000000e+00
2.170000000000000000e+02 6.318800000000000416e+00 -1.654497999999999891e+01 0.000000000000000000e+00
2.180000000000000000e+02 6.416780000000000150e+00 -1.434664000000000073e+01 0.000000000000000000e+00
2.190000000000000000e+02 6.675839999999999996e+00 -1.225778999999999996e+01 0.000000000000000000e+00
2.200000000000000000e+02 6.930189999999999628e+00 -1.007159000000000049e+01 0.000000000000000000e+00
2.210000000000000000e+02 7.118660000000000210e+00 -8.005240000000000578e+00 0.000000000000000000e+00
2.220000000000000000e+02 7.936840000000000117e+00 -4.838639999999999830e+00 0.000000000000000000e+00
2.230000000000000000e+02 5.929689999999999905e+00 -4.101169999999999760e+00 0.000000000000000000e+00
2.240000000000000000e+02 7.422089999999999854e+00 -2.544859999999999900e+00 0.000000000000000000e+00
2.250000000000000000e+02 8.536039999999999850e+00 3.387000000000000011e-01 0.000000000000000000e+00
2.260000000000000000e+02 7.788230000000000430e+00 2.319690000000000030e+00 0.000000000000000000e+00
2.270000000000000000e+02 7.848489999999999966e+00 4.497790000000000177e+00 0.000000000000000000e+00
2.280000000000000000e+02 7.605400000000000382e+00 6.645450000000000301e+00 0.000000000000000000e+00
2.290000000000000000e+02 7.598519999999999719e+00 8.742290000000000560e+00 0.000000000000000000e+00
2.300000000000000000e+02 7.402980000000000338e+00 1.082005000000000017e+01 0.000000000000000000e+00
2.310000000000000000e+02 7.458169999999999966e+00 1.289879999999999960e+01 0.000000000000000000e+00
2.320000000000000000e+02 7.122550000000000381e+00 1.507188999999999979e+01 0.000000000000000000e+00
2.330000000000000000e+02 6.280389999999999695e+00 1.705636000000000152e+01 0.000000000000000000e+00
2.340000000000000000e+02 8.157339999999999591e+00 -1.764815000000000111e+01 0.000000000000000000e+00
2.350000000000000000e+02 8.321239999999999526e+00 -1.532333999999999996e+01 0.000000000000000000e+00
2.360000000000000000e+02 8.490119999999999223e+00 -1.322832000000000008e+01 0.000000000000000000e+00
2.370000000000000000e+02 8.766750000000000043e+00 -1.113514999999999944e+01 0.000000000000000000e+00
2.380000000000000000e+02 8.924060000000000770e+00 -9.028449999999999420e+00 0.000000000000000000e+00
2.390000000000000000e+02 8.924310000000000187e+00 -6.909370000000000012e+00 0.000000000000000000e+00
2.400000000000000000e+02 1.003734999999999999e+01 -5.134960000000000413e+00 0.000000000000000000e+00
2.410000000000000000e+02 9.436959999999999127e+00 -3.033030000000000115e+00 0.000000000000000000e+00
2.420000000000000000e+02 1.006028000000000056e+01 -1.059509999999999952e+00 0.000000000000000000e+00
2.430000000000000000e+02 1.023267000000000060e+01 1.686379999999999990e+00 0.000000000000000000e+00
2.440000000000000000e+02 1.060527000000000086e+01 3.745730000000000004e+00 0.000000000000000000e+00
2.450000000000000000e+02 9.609980000000000189e+00 5.586640000000000050e+00 0.000000000000000000e+00
2.460000000000000000e+02 9.468209999999999127e+00 7.678020000000000067e+00 0.000000000000000000e+00
2.470000000000000000e+02 9.487980000000000302e+00 9.767649999999999721e+00 0.000000000000000000e+00
2.480000000000000000e+02 9.363889999999999603e+00 1.192667999999999928e+01 0.000000000000000000e+00
2.490000000000000000e+02 9.405599999999999739e+00 1.403492999999999924e+01 0.000000000000000000e+00
2.500000000000000000e+02 8.956910000000000593e+00 1.622467999999999932e+01 0.000000000000000000e+00
2.510000000000000000e+02 8.040720000000000312e+00 1.817714000000000141e+01 0.000000000000000000e+00
2.520000000000000000e+02 1.003977000000000075e+01 -1.662479000000000084e+01 0.000000000000000000e+00
2.530000000000000000e+02 1.024895000000000067e+01 -1.436523000000000039e+01 0.000000000000000000e+00
2.540000000000000000e+02 1.051783000000000001e+01 -1.226562999999999981e+01 0.000000000000000000e+00
2.550000000000000000e+02 1.067445000000000022e+01 -1.019697000000000031e+01 0.000000000000000000e+00
2.560000000000000000e+02 1.091729999999999912e+01 -8.067140000000000200e+00 0.000000000000000000e+00
2.570000000000000000e+02 1.198086999999999946e+01 -6.139680000000000248e+00 0.000000000000000000e+00
2.580000000000000000e+02 1.186228999999999978e+01 -3.976370000000000182e+00 0.000000000000000000e+00
2.590000000000000000e+02 1.194879000000000069e+01 -1.895690000000000097e+00 0.000000000000000000e+00
2.600000000000000000e+02 1.180015999999999998e+01 2.065800000000000136e-01 0.000000000000000000e+00
2.610000000000000000e+02 1.391961000000000048e+01 1.175529999999999964e+00 0.000000000000000000e+00
2.620000000000000000e+02 1.224436999999999998e+01 2.373359999999999914e+00 0.000000000000000000e+00
2.630000000000000000e+02 1.363805999999999941e+01 5.459459999999999980e+00 0.000000000000000000e+00
2.640000000000000000e+02 1.165047999999999995e+01 6.253160000000000274e+00 0.000000000000000000e+00
2.650000000000000000e+02 1.133067999999999920e+01 8.530549999999999855e+00 0.000000000000000000e+00
2.660000000000000000e+02 1.130427000000000071e+01 1.075834000000000046e+01 0.000000000000000000e+00
2.670000000000000000e+02 1.128775000000000084e+01 1.282916999999999952e+01 0.000000000000000000e+00
2.680000000000000000e+02 1.129939000000000071e+01 1.503137000000000079e+01 0.000000000000000000e+00
2.690000000000000000e+02 1.103040000000000020e+01 1.720694999999999908e+01 0.000000000000000000e+00
2.700000000000000000e+02 1.188690000000000069e+01 -1.566273999999999944e+01 0.000000000000000000e+00
2.710000000000000000e+02 1.237029000000000067e+01 -1.343157000000000068e+01 0.000000000000000000e+00
2.720000000000000000e+02 1.252901999999999916e+01 -1.135890000000000022e+01 0.000000000000000000e+00
2.730000000000000000e+02 1.444702999999999982e+01 -1.046311000000000035e+01 0.000000000000000000e+00
2.740000000000000000e+02 1.260866000000000042e+01 -9.286899999999999267e+00 0.000000000000000000e+00
2.750000000000000000e+02 1.360685999999999929e+01 -7.482639999999999958e+00 0.000000000000000000e+00
2.760000000000000000e+02 1.394286999999999921e+01 -5.103530000000000122e+00 0.000000000000000000e+00
2.770000000000000000e+02 1.372465000000000046e+01 -2.961650000000000116e+00 0.000000000000000000e+00
2.780000000000000000e+02 1.376784999999999926e+01 -8.796199999999999575e-01 0.000000000000000000e+00
2.790000000000000000e+02 1.592692000000000085e+01 1.598980000000000068e+00 0.000000000000000000e+00
2.800000000000000000e+02 1.418825999999999965e+01 3.316850000000000076e+00 0.000000000000000000e+00
2.810000000000000000e+02 1.596715000000000018e+01 4.393329999999999735e+00 0.000000000000000000e+00
2.820000000000000000e+02 1.535890999999999984e+01 6.720019999999999882e+00 0.000000000000000000e+00
2.830000000000000000e+02 1.339645999999999937e+01 7.637349999999999639e+00 0.000000000000000000e+00
2.840000000000000000e+02 1.306131000000000064e+01 9.682579999999999742e+00 0.000000000000000000e+00
2.850000000000000000e+02 1.510954000000000086e+01 9.076589999999999492e+00 0.000000000000000000e+00
2.860000000000000000e+02 1.323559000000000019e+01 1.197846999999999973e+01 0.000000000000000000e+00
2.870000000000000000e+02 1.316214000000000084e+01 1.404620000000000068e+01 0.000000000000000000e+00
2.880000000000000000e+02 1.413031999999999933e+01 -1.474408000000000030e+01 0.000000000000000000e+00
2.890000000000000000e+02 1.432926999999999929e+01 -1.261025000000000063e+01 0.000000000000000000e+00
2.900000000000000000e+02 1.636241000000000057e+01 -1.122944999999999993e+01 0.000000000000000000e+00
2.910000000000000000e+02 1.750277000000000172e+01 -7.650439999999999685e+00 0.000000000000000000e+00
2.920000000000000000e+02 1.566469999999999985e+01 -8.608750000000000568e+00 0.000000000000000000e+00
2.930000000000000000e+02 1.551876000000000033e+01 -6.506389999999999674e+00 0.000000000000000000e+00
2.940000000000000000e+02 1.587114000000000047e+01 -4.213169999999999860e+00 0.000000000000000000e+00
2.950000000000000000e+02 1.752556999999999832e+01 -2.919249999999999901e+00 0.000000000000000000e+00
2.960000000000000000e+02 1.563099000000000061e+01 -1.850880000000000081e+00 0.000000000000000000e+00
2.970000000000000000e+02 1.768837999999999866e+01 5.414900000000000269e-01 0.000000000000000000e+00
2.980000000000000000e+02 1.778528000000000020e+01 3.417079999999999895e+00 0.000000000000000000e+00
2.990000000000000000e+02 1.737450000000000117e+01 6.130510000000000126e+00 0.000000000000000000e+00
