0.000000000000000000e+00 -1.145030999999999999e+01 -1.516661000000000037e+01 0.000000000000000000e+00
1.000000000000000000e+00 -1.276120000000000054e+01 -1.314916000000000018e+01 0.000000000000000000e+00
2.000000000000000000e+00 -1.609271000000000029e+01 -1.074751000000000012e+01 0.000000000000000000e+00
3.000000000000000000e+00 -1.694669000000000025e+01 -8.512280000000000513e+00 0.000000000000000000e+00
4.000000000000000000e+00 -1.769048000000000087e+01 -6.441709999999999603e+00 0.000000000000000000e+00
5.000000000000000000e+00 -1.905127999999999844e+01 -2.774410000000000043e+00 0.000000000000000000e+00
6.000000000000000000e+00 -1.696521999999999863e+01 -2.903449999999999864e+00 0.000000000000000000e+00
7.000000000000000000e+00 -1.957863000000000042e+01 -1.223999999999999914e-02 0.000000000000000000e+00
8.000000000000000000e+00 -1.744679999999999964e+01 -7.097099999999999520e-01 0.000000000000000000e+00
9.000000000000000000e+00 -1.804390000000000072e+01 1.367690000000000072e+00 0.000000000000000000e+00
1.000000000000000000e+01 -1.665775999999999968e+01 2.985189999999999788e+00 0.000000000000000000e+00
1.100000000000000000e+01 -1.892470000000000141e+01 3.394280000000000186e+00 0.000000000000000000e+00
1.200000000000000000e+01 -1.726520000000000010e+01 4.969850000000000101e+00 0.000000000000000000e+00
1.300000000000000000e+01 -1.750749000000000066e+01 7.229359999999999786e+00 0.000000000000000000e+00
1.400000000000000000e+01 -1.541468000000000060e+01 6.757130000000000081e+00 0.000000000000000000e+00
1.500000000000000000e+01 -1.595359000000000016e+01 8.866720000000000823e+00 0.000000000000000000e+00
1.600000000000000000e+01 -1.534102000000000032e+01 1.246003999999999934e+01 0.000000000000000000e+00
1.700000000000000000e+01 -1.359108999999999945e+01 1.422375000000000078e+01 0.000000000000000000e+00
1.800000000000000000e+01 -9.135799999999999699e+00 -1.515554999999999986e+01 0.000000000000000000e+00
1.900000000000000000e+01 -1.069603000000000037e+01 -1.322405999999999970e+01 0.000000000000000000e+00
2.000000000000000000e+01 -1.398225000000000051e+01 -1.122658999999999985e+01 0.000000000000000000e+00
2.100000000000000000e+01 -1.469854999999999912e+01 -8.853500000000000369e+00 0.000000000000000000e+00
2.200000000000000000e+01 -1.548760000000000048e+01 -6.846479999999999677e+00 0.000000000000000000e+00
2.300000000000000000e+01 -1.619564000000000092e+01 -4.859490000000000087e+00 0.000000000000000000e+00
2.400000000000000000e+01 -1.471721999999999930e+01 -3.113449999999999829e+00 0.000000000000000000e+00
2.500000000000000000e+01 -1.538414000000000037e+01 -1.117459999999999898e+00 0.000000000000000000e+00
2.600000000000000000e+01 -1.387992000000000026e+01 5.168599999999999861e-01 0.000000000000000000e+00
2.700000000000000000e+01 -1.588925000000000054e+01 1.007970000000000033e+00 0.000000000000000000e+00
2.800000000000000000e+01 -1.450253999999999976e+01 2.530489999999999906e+00 0.000000000000000000e+00
2.900000000000000000e+01 -1.514963999999999977e+01 4.575440000000000396e+00 0.000000000000000000e+00
3.000000000000000000e+01 -1.335863999999999940e+01 6.239060000000000272e+00 0.000000000000000000e+00
3.100000000000000000e+01 -1.397383999999999915e+01 8.254640000000000200e+00 0.000000000000000000e+00
3.200000000000000000e+01 -1.461528999999999989e+01 1.049995999999999974e+01 0.000000000000000000e+00
3.300000000000000000e+01 -1.317262999999999984e+01 1.209042999999999957e+01 0.000000000000000000e+00
3.400000000000000000e+01 -1.205311000000000021e+01 1.558900000000000041e+01 0.000000000000000000e+00
3.500000000000000000e+01 -1.060974000000000039e+01 1.723349999999999937e+01 0.000000000000000000e+00
3.600000000000000000e+01 -7.539200000000000124e+00 -1.680556999999999945e+01 0.000000000000000000e+00
3.700000000000000000e+01 -8.467190000000000438e+00 -1.313734999999999964e+01 0.000000000000000000e+00
3.800000000000000000e+01 -1.176022000000000034e+01 -1.135027000000000008e+01 0.000000000000000000e+00
3.900000000000000000e+01 -1.269777000000000022e+01 -9.386329999999999174e+00 0.000000000000000000e+00
4.000000000000000000e+01 -1.344255000000000067e+01 -7.210270000000000401e+00 0.000000000000000000e+00
4.100000000000000000e+01 -1.415179999999999971e+01 -5.212909999999999933e+00 0.000000000000000000e+00
4.200000000000000000e+01 -1.264498999999999995e+01 -3.660350000000000215e+00 0.000000000000000000e+00
4.300000000000000000e+01 -1.334562999999999988e+01 -1.538429999999999964e+00 0.000000000000000000e+00
4.400000000000000000e+01 -1.183344999999999914e+01 -5.120000000000000419e-03 0.000000000000000000e+00
4.500000000000000000e+01 -1.231770999999999994e+01 2.119240000000000013e+00 0.000000000000000000e+00
4.600000000000000000e+01 -1.100145999999999979e+01 3.722309999999999786e+00 0.000000000000000000e+00
4.700000000000000000e+01 -1.304438999999999993e+01 4.136870000000000047e+00 0.000000000000000000e+00
4.800000000000000000e+01 -1.191583999999999932e+01 7.759490000000000443e+00 0.000000000000000000e+00
4.900000000000000000e+01 -1.040450000000000053e+01 9.273949999999999250e+00 0.000000000000000000e+00
5.000000000000000000e+01 -1.245668000000000042e+01 9.796430000000000859e+00 0.000000000000000000e+00
5.100000000000000000e+01 -1.154454999999999920e+01 1.342599000000000053e+01 0.000000000000000000e+00
5.200000000000000000e+01 -1.000376999999999938e+01 1.504706999999999972e+01 0.000000000000000000e+00
5.300000000000000000e+01 -8.559020000000000294e+00 1.657025000000000148e+01 0.000000000000000000e+00
5.400000000000000000e+01 -5.506780000000000008e+00 -1.622875000000000156e+01 0.000000000000000000e+00
5.500000000000000000e+01 -6.894180000000000419e+00 -1.452937000000000012e+01 0.000000000000000000e+00
5.600000000000000000e+01 -9.639210000000000278e+00 -1.142371999999999943e+01 0.000000000000000000e+00
5.700000000000000000e+01 -1.060251000000000055e+01 -9.553649999999999309e+00 0.000000000000000000e+00
5.800000000000000000e+01 -1.143551000000000073e+01 -7.637570000000000192e+00 0.000000000000000000e+00
5.900000000000000000e+01 -1.201788999999999952e+01 -5.621319999999999872e+00 0.000000000000000000e+00
6.000000000000000000e+01 -1.058116000000000057e+01 -3.980059999999999931e+00 0.000000000000000000e+00
6.100000000000000000e+01 -1.120895999999999937e+01 -2.002240000000000020e+00 0.000000000000000000e+00
6.200000000000000000e+01 -9.782799999999999940e+00 -2.680699999999999750e-01 0.000000000000000000e+00
6.300000000000000000e+01 -1.024507999999999974e+01 1.752110000000000056e+00 0.000000000000000000e+00
6.400000000000000000e+01 -8.704629999999999868e+00 3.153519999999999879e+00 0.000000000000000000e+00
6.500000000000000000e+01 -1.129879000000000033e+01 5.782250000000000334e+00 0.000000000000000000e+00
6.600000000000000000e+01 -9.825150000000000716e+00 7.251949999999999896e+00 0.000000000000000000e+00
6.700000000000000000e+01 -8.370169999999999888e+00 8.712249999999999162e+00 0.000000000000000000e+00
6.800000000000000000e+01 -1.113540000000000063e+01 1.140085999999999977e+01 0.000000000000000000e+00
6.900000000000000000e+01 -9.537229999999999208e+00 1.283679000000000059e+01 0.000000000000000000e+00
7.000000000000000000e+01 -8.059530000000000527e+00 1.428720999999999997e+01 0.000000000000000000e+00
7.100000000000000000e+01 -5.181079999999999686e+00 1.744950000000000045e+01 0.000000000000000000e+00
7.200000000000000000e+01 -4.823839999999999684e+00 -1.816779000000000011e+01 0.000000000000000000e+00
7.300000000000000000e+01 -4.747130000000000294e+00 -1.427004999999999946e+01 0.000000000000000000e+00
7.400000000000000000e+01 -6.401119999999999699e+00 -1.249668999999999919e+01 0.000000000000000000e+00
7.500000000000000000e+01 -7.692099999999999937e+00 -1.072475000000000023e+01 0.000000000000000000e+00
7.600000000000000000e+01 -9.259180000000000632e+00 -7.935439999999999827e+00 0.000000000000000000e+00
7.700000000000000000e+01 -9.987049999999999983e+00 -5.971219999999999750e+00 0.000000000000000000e+00
7.800000000000000000e+01 -8.518980000000000885e+00 -4.332099999999999618e+00 0.000000000000000000e+00
7.900000000000000000e+01 -9.176249999999999574e+00 -2.373450000000000060e+00 0.000000000000000000e+00
8.000000000000000000e+01 -7.701800000000000423e+00 -8.522499999999999520e-01 0.000000000000000000e+00
8.100000000000000000e+01 -8.228339999999999321e+00 1.144099999999999895e+00 0.000000000000000000e+00
8.200000000000000000e+01 -6.694410000000000416e+00 2.707939999999999792e+00 0.000000000000000000e+00
8.300000000000000000e+01 -9.335539999999999949e+00 5.130069999999999908e+00 0.000000000000000000e+00
8.400000000000000000e+01 -7.775999999999999801e+00 6.719369999999999621e+00 0.000000000000000000e+00
8.500000000000000000e+01 -6.295740000000000336e+00 8.285420000000000229e+00 0.000000000000000000e+00
8.600000000000000000e+01 -8.967729999999999535e+00 1.085017999999999994e+01 0.000000000000000000e+00
8.700000000000000000e+01 -7.502580000000000027e+00 1.229804999999999993e+01 0.000000000000000000e+00
8.800000000000000000e+01 -6.552179999999999893e+00 1.581954999999999956e+01 0.000000000000000000e+00
8.900000000000000000e+01 -4.010069999999999801e+00 1.922050000000000125e+01 0.000000000000000000e+00
9.000000000000000000e+01 -3.492309999999999803e+00 -1.978419999999999845e+01 0.000000000000000000e+00
9.100000000000000000e+01 -3.323269999999999946e+00 -1.577602000000000082e+01 0.000000000000000000e+00
9.200000000000000000e+01 -4.324629999999999974e+00 -1.222625000000000028e+01 0.000000000000000000e+00
9.300000000000000000e+01 -5.628519999999999968e+00 -1.050616999999999912e+01 0.000000000000000000e+00
9.400000000000000000e+01 -6.984600000000000364e+00 -8.538309999999999178e+00 0.000000000000000000e+00
9.500000000000000000e+01 -7.850290000000000212e+00 -6.362989999999999924e+00 0.000000000000000000e+00
9.600000000000000000e+01 -6.464640000000000164e+00 -4.784150000000000347e+00 0.000000000000000000e+00
9.700000000000000000e+01 -7.096320000000000405e+00 -2.823949999999999960e+00 0.000000000000000000e+00
9.800000000000000000e+01 -5.680010000000000225e+00 -1.313339999999999952e+00 0.000000000000000000e+00
9.900000000000000000e+01 -6.177330000000000432e+00 6.919800000000000395e-01 0.000000000000000000e+00
1.000000000000000000e+02 -4.669859999999999900e+00 2.142910000000000093e+00 0.000000000000000000e+00
1.010000000000000000e+02 -5.218099999999999739e+00 4.206129999999999924e+00 0.000000000000000000e+00
1.020000000000000000e+02 -7.231119999999999770e+00 4.701260000000000439e+00 0.000000000000000000e+00
1.030000000000000000e+02 -5.767809999999999881e+00 6.192750000000000199e+00 0.000000000000000000e+00
1.040000000000000000e+02 -6.923930000000000362e+00 1.024479000000000006e+01 0.000000000000000000e+00
1.050000000000000000e+02 -5.977059999999999818e+00 1.384108999999999945e+01 0.000000000000000000e+00
1.060000000000000000e+02 -4.450719999999999565e+00 1.527469999999999928e+01 0.000000000000000000e+00
1.070000000000000000e+02 -1.534419999999999895e+00 1.837216000000000093e+01 0.000000000000000000e+00
1.080000000000000000e+02 -2.095920000000000005e+00 -1.745886000000000138e+01 0.000000000000000000e+00
1.090000000000000000e+02 -2.723559999999999981e+00 -1.377896999999999927e+01 0.000000000000000000e+00
1.100000000000000000e+02 -3.437600000000000211e+00 -1.016008000000000067e+01 0.000000000000000000e+00
1.110000000000000000e+02 -4.809960000000000235e+00 -8.617940000000000822e+00 0.000000000000000000e+00
1.120000000000000000e+02 -2.826550000000000118e+00 -8.023310000000000386e+00 0.000000000000000000e+00
1.130000000000000000e+02 -5.819510000000000183e+00 -6.800709999999999589e+00 0.000000000000000000e+00
1.140000000000000000e+02 -4.262769999999999726e+00 -5.447059999999999569e+00 0.000000000000000000e+00
1.150000000000000000e+02 -4.957629999999999981e+00 -3.378849999999999909e+00 0.000000000000000000e+00
1.160000000000000000e+02 -3.467919999999999892e+00 -1.896509999999999918e+00 0.000000000000000000e+00
1.170000000000000000e+02 -4.047729999999999606e+00 1.479999999999999927e-01 0.000000000000000000e+00
1.180000000000000000e+02 -2.572470000000000034e+00 1.675310000000000077e+00 0.000000000000000000e+00
1.190000000000000000e+02 -3.181299999999999795e+00 3.691790000000000127e+00 0.000000000000000000e+00
1.200000000000000000e+02 -3.757060000000000066e+00 5.705420000000000158e+00 0.000000000000000000e+00
1.210000000000000000e+02 -4.284989999999999633e+00 7.714879999999999960e+00 0.000000000000000000e+00
1.220000000000000000e+02 -4.796909999999999563e+00 9.755430000000000490e+00 0.000000000000000000e+00
1.230000000000000000e+02 -5.413389999999999702e+00 1.176179999999999914e+01 0.000000000000000000e+00
1.240000000000000000e+02 -3.942909999999999915e+00 1.323752999999999957e+01 0.000000000000000000e+00
1.250000000000000000e+02 -3.030749999999999833e+00 1.691480999999999923e+01 0.000000000000000000e+00
1.260000000000000000e+02 -6.525199999999999889e-01 -1.915173000000000059e+01 0.000000000000000000e+00
1.270000000000000000e+02 -1.284739999999999993e+00 -1.526214000000000048e+01 0.000000000000000000e+00
1.280000000000000000e+02 -1.978239999999999998e+00 -1.166648999999999958e+01 0.000000000000000000e+00
1.290000000000000000e+02 -1.456739999999999924e+00 -9.589600000000000790e+00 0.000000000000000000e+00
1.300000000000000000e+02 -8.008100000000000218e-01 -7.608889999999999709e+00 0.000000000000000000e+00
1.310000000000000000e+02 -2.245600000000000041e+00 -5.992359999999999687e+00 0.000000000000000000e+00
1.320000000000000000e+02 -2.838089999999999780e+00 -3.858859999999999957e+00 0.000000000000000000e+00
1.330000000000000000e+02 -1.452639999999999931e+00 -2.327210000000000001e+00 0.000000000000000000e+00
1.340000000000000000e+02 -2.050609999999999822e+00 -3.395199999999999885e-01 0.000000000000000000e+00
1.350000000000000000e+02 -5.181599999999999540e-01 1.126319999999999988e+00 0.000000000000000000e+00
1.360000000000000000e+02 -1.092549999999999910e+00 3.124579999999999913e+00 0.000000000000000000e+00
1.370000000000000000e+02 -1.640050000000000008e+00 5.140240000000000364e+00 0.000000000000000000e+00
1.380000000000000000e+02 -2.279970000000000052e+00 7.163820000000000299e+00 0.000000000000000000e+00
1.390000000000000000e+02 -2.780520000000000103e+00 9.159769999999999968e+00 0.000000000000000000e+00
1.400000000000000000e+02 -3.342769999999999797e+00 1.122277000000000058e+01 0.000000000000000000e+00
1.410000000000000000e+02 -1.879040000000000044e+00 1.277042999999999928e+01 0.000000000000000000e+00
1.420000000000000000e+02 -2.412310000000000176e+00 1.492032000000000025e+01 0.000000000000000000e+00
1.430000000000000000e+02 -8.652600000000000291e-01 1.632939000000000007e+01 0.000000000000000000e+00
1.440000000000000000e+02 -1.660000000000000017e-02 -1.701526000000000138e+01 0.000000000000000000e+00
1.450000000000000000e+02 7.560900000000000398e-01 -1.488169000000000075e+01 0.000000000000000000e+00
1.460000000000000000e+02 -5.609100000000000197e-01 -1.326497999999999955e+01 0.000000000000000000e+00
1.470000000000000000e+02 9.707999999999999963e-02 -1.114912999999999954e+01 0.000000000000000000e+00
1.480000000000000000e+02 6.247899999999999565e-01 -9.094659999999999300e+00 0.000000000000000000e+00
1.490000000000000000e+02 1.264979999999999993e+00 -7.072650000000000325e+00 0.000000000000000000e+00
1.500000000000000000e+02 -2.129800000000000026e-01 -5.609779999999999767e+00 0.000000000000000000e+00
1.510000000000000000e+02 1.862499999999999989e-01 -3.584309999999999885e+00 0.000000000000000000e+00
1.520000000000000000e+02 6.946299999999999697e-01 -1.524380000000000068e+00 0.000000000000000000e+00
1.530000000000000000e+02 1.451440000000000063e+00 5.479199999999999626e-01 0.000000000000000000e+00
1.540000000000000000e+02 9.530300000000000438e-01 2.579709999999999948e+00 0.000000000000000000e+00
1.550000000000000000e+02 3.730499999999999927e-01 4.646969999999999601e+00 0.000000000000000000e+00
1.560000000000000000e+02 -1.791899999999999882e-01 6.664979999999999905e+00 0.000000000000000000e+00
1.570000000000000000e+02 -7.269900000000000251e-01 8.657510000000000261e+00 0.000000000000000000e+00
1.580000000000000000e+02 -1.324510000000000076e+00 1.066239999999999988e+01 0.000000000000000000e+00
1.590000000000000000e+02 1.834199999999999997e-01 1.220679999999999943e+01 0.000000000000000000e+00
1.600000000000000000e+02 -2.824300000000000144e-01 1.425215999999999994e+01 0.000000000000000000e+00
1.610000000000000000e+02 2.665340000000000042e+00 1.742132000000000147e+01 0.000000000000000000e+00
1.620000000000000000e+02 1.671720000000000095e+00 -1.842983999999999867e+01 0.000000000000000000e+00
1.630000000000000000e+02 2.339519999999999822e+00 -1.631164000000000058e+01 0.000000000000000000e+00
1.640000000000000000e+02 1.497219999999999995e+00 -1.268369000000000035e+01 0.000000000000000000e+00
1.650000000000000000e+02 2.165659999999999918e+00 -1.068735000000000035e+01 0.000000000000000000e+00
1.660000000000000000e+02 2.778739999999999988e+00 -8.692619999999999791e+00 0.000000000000000000e+00
1.670000000000000000e+02 3.259020000000000028e+00 -6.461059999999999803e+00 0.000000000000000000e+00
1.680000000000000000e+02 1.798389999999999933e+00 -4.970270000000000188e+00 0.000000000000000000e+00
1.690000000000000000e+02 2.367879999999999985e+00 -2.966130000000000155e+00 0.000000000000000000e+00
1.700000000000000000e+02 2.948059999999999903e+00 -9.650199999999999889e-01 0.000000000000000000e+00
1.710000000000000000e+02 3.495120000000000005e+00 1.042079999999999895e+00 0.000000000000000000e+00
1.720000000000000000e+02 2.377829999999999888e+00 4.144580000000000375e+00 0.000000000000000000e+00
1.730000000000000000e+02 1.828840000000000021e+00 6.187070000000000292e+00 0.000000000000000000e+00
1.740000000000000000e+02 3.300949999999999829e+00 7.679429999999999978e+00 0.000000000000000000e+00
1.750000000000000000e+02 1.277809999999999890e+00 8.187649999999999650e+00 0.000000000000000000e+00
1.760000000000000000e+02 8.024400000000000421e-01 1.020367000000000068e+01 0.000000000000000000e+00
1.770000000000000000e+02 1.732580000000000009e+00 1.375182000000000038e+01 0.000000000000000000e+00
1.780000000000000000e+02 1.291479999999999961e+00 1.583422999999999981e+01 0.000000000000000000e+00
1.790000000000000000e+02 5.806000000000000050e-01 1.817878999999999934e+01 0.000000000000000000e+00
1.800000000000000000e+02 3.872539999999999871e+00 -1.790324000000000026e+01 0.000000000000000000e+00
1.810000000000000000e+02 2.862089999999999801e+00 -1.431611000000000011e+01 0.000000000000000000e+00
1.820000000000000000e+02 3.576410000000000089e+00 -1.227300999999999931e+01 0.000000000000000000e+00
1.830000000000000000e+02 4.226619999999999600e+00 -1.016810000000000080e+01 0.000000000000000000e+00
1.840000000000000000e+02 4.774829999999999686e+00 -8.112429999999999808e+00 0.000000000000000000e+00
1.850000000000000000e+02 5.275839999999999641e+00 -6.005749999999999922e+00 0.000000000000000000e+00
1.860000000000000000e+02 3.842909999999999826e+00 -4.482339999999999769e+00 0.000000000000000000e+00
1.870000000000000000e+02 4.368219999999999992e+00 -2.454480000000000217e+00 0.000000000000000000e+00
1.880000000000000000e+02 4.984840000000000160e+00 -4.871599999999999819e-01 0.000000000000000000e+00
1.890000000000000000e+02 4.154049999999999798e+00 3.058129999999999793e+00 0.000000000000000000e+00
1.900000000000000000e+02 6.154090000000000060e+00 3.547919999999999963e+00 0.000000000000000000e+00
1.910000000000000000e+02 4.272000000000000242e+00 5.246749999999999581e+00 0.000000000000000000e+00
1.920000000000000000e+02 5.284139999999999837e+00 7.067079999999999806e+00 0.000000000000000000e+00
1.930000000000000000e+02 2.797769999999999868e+00 9.673360000000000625e+00 0.000000000000000000e+00
1.940000000000000000e+02 2.216959999999999820e+00 1.174460000000000015e+01 0.000000000000000000e+00
1.950000000000000000e+02 3.834979999999999833e+00 1.325536999999999921e+01 0.000000000000000000e+00
1.960000000000000000e+02 3.331310000000000215e+00 1.540851999999999933e+01 0.000000000000000000e+00
1.970000000000000000e+02 2.832500000000000018e+00 1.953690999999999889e+01 0.000000000000000000e+00
1.980000000000000000e+02 4.383060000000000400e+00 -1.588697999999999944e+01 0.000000000000000000e+00
1.990000000000000000e+02 4.953529999999999767e+00 -1.390615000000000023e+01 0.000000000000000000e+00
2.000000000000000000e+02 5.606830000000000425e+00 -1.172625999999999991e+01 0.000000000000000000e+00
2.010000000000000000e+02 6.232269999999999754e+00 -9.558740000000000236e+00 0.000000000000000000e+00
2.020000000000000000e+02 6.760839999999999961e+00 -7.495470000000000077e+00 0.000000000000000000e+00
2.030000000000000000e+02 7.344179999999999708e+00 -5.483439999999999870e+00 0.000000000000000000e+00
2.040000000000000000e+02 5.851510000000000211e+00 -3.988150000000000084e+00 0.000000000000000000e+00
2.050000000000000000e+02 6.491950000000000109e+00 -1.965589999999999948e+00 0.000000000000000000e+00
2.060000000000000000e+02 7.006170000000000009e+00 3.624000000000000138e-02 0.000000000000000000e+00
2.070000000000000000e+02 5.595850000000000435e+00 1.551760000000000028e+00 0.000000000000000000e+00
2.080000000000000000e+02 8.180609999999999715e+00 4.068900000000000183e+00 0.000000000000000000e+00
2.090000000000000000e+02 6.744679999999999787e+00 5.568649999999999878e+00 0.000000000000000000e+00
2.100000000000000000e+02 8.908060000000000755e+00 6.132950000000000124e+00 0.000000000000000000e+00
2.110000000000000000e+02 4.794130000000000003e+00 9.099270000000000636e+00 0.000000000000000000e+00
2.120000000000000000e+02 4.246170000000000222e+00 1.119971999999999923e+01 0.000000000000000000e+00
2.130000000000000000e+02 5.813920000000000421e+00 1.264952000000000076e+01 0.000000000000000000e+00
2.140000000000000000e+02 5.387330000000000396e+00 1.478240000000000087e+01 0.000000000000000000e+00
2.150000000000000000e+02 5.070179999999999687e+00 1.701840999999999937e+01 0.000000000000000000e+00
2.160000000000000000e+02 6.450669999999999682e+00 -1.543779999999999930e+01 0.000000000000000000e+00
2.170000000000000000e+02 6.957679999999999865e+00 -1.328923999999999950e+01 0.000000000000000000e+00
2.180000000000000000e+02 7.636930000000000440e+00 -1.109036000000000044e+01 0.000000000000000000e+00
2.190000000000000000e+02 8.311070000000000846e+00 -9.144470000000000098e+00 0.000000000000000000e+00
2.200000000000000000e+02 8.849249999999999616e+00 -7.144110000000000404e+00 0.000000000000000000e+00
2.210000000000000000e+02 9.441700000000000870e+00 -5.009330000000000283e+00 0.000000000000000000e+00
2.220000000000000000e+02 8.010350000000000747e+00 -3.505619999999999958e+00 0.000000000000000000e+00
2.230000000000000000e+02 8.522690000000000765e+00 -1.499679999999999902e+00 0.000000000000000000e+00
2.240000000000000000e+02 9.099859999999999616e+00 5.261000000000000121e-01 0.000000000000000000e+00
2.250000000000000000e+02 7.622020000000000017e+00 2.073420000000000041e+00 0.000000000000000000e+00
2.260000000000000000e+02 9.712369999999999948e+00 2.547520000000000007e+00 0.000000000000000000e+00
2.270000000000000000e+02 1.024328000000000038e+01 4.556689999999999685e+00 0.000000000000000000e+00
2.280000000000000000e+02 1.106349999999999945e+01 6.713359999999999772e+00 0.000000000000000000e+00
2.290000000000000000e+02 7.428569999999999673e+00 7.659930000000000128e+00 0.000000000000000000e+00
2.300000000000000000e+02 6.304470000000000240e+00 1.054040999999999961e+01 0.000000000000000000e+00
2.310000000000000000e+02 7.977750000000000341e+00 1.194627999999999979e+01 0.000000000000000000e+00
2.320000000000000000e+02 7.371900000000000119e+00 1.404059999999999953e+01 0.000000000000000000e+00
2.330000000000000000e+02 7.036439999999999806e+00 1.611682000000000059e+01 0.000000000000000000e+00
2.340000000000000000e+02 5.863240000000000229e+00 -1.742335999999999885e+01 0.000000000000000000e+00
2.350000000000000000e+02 8.401220000000000354e+00 -1.475988000000000078e+01 0.000000000000000000e+00
2.360000000000000000e+02 8.976839999999999264e+00 -1.275709999999999944e+01 0.000000000000000000e+00
2.370000000000000000e+02 9.807589999999999364e+00 -1.057536999999999949e+01 0.000000000000000000e+00
2.380000000000000000e+02 1.043135000000000012e+01 -8.570619999999999905e+00 0.000000000000000000e+00
2.390000000000000000e+02 1.091965000000000074e+01 -6.538710000000000022e+00 0.000000000000000000e+00
2.400000000000000000e+02 1.146068999999999960e+01 -4.529989999999999739e+00 0.000000000000000000e+00
2.410000000000000000e+02 1.004683999999999955e+01 -2.960329999999999906e+00 0.000000000000000000e+00
2.420000000000000000e+02 1.264659999999999940e+01 -4.155400000000000205e-01 0.000000000000000000e+00
2.430000000000000000e+02 1.117606999999999928e+01 1.088240000000000096e+00 0.000000000000000000e+00
2.440000000000000000e+02 1.183482000000000056e+01 3.153080000000000105e+00 0.000000000000000000e+00
2.450000000000000000e+02 1.240408000000000044e+01 5.150210000000000399e+00 0.000000000000000000e+00
2.460000000000000000e+02 1.305814999999999948e+01 7.359320000000000306e+00 0.000000000000000000e+00
2.470000000000000000e+02 9.478249999999999176e+00 8.133940000000000836e+00 0.000000000000000000e+00
2.480000000000000000e+02 8.331269999999999953e+00 9.878700000000000259e+00 0.000000000000000000e+00
2.490000000000000000e+02 1.006075000000000053e+01 1.119928999999999952e+01 0.000000000000000000e+00
2.500000000000000000e+02 9.589320000000000732e+00 1.340662999999999982e+01 0.000000000000000000e+00
2.510000000000000000e+02 8.995829999999999771e+00 1.547253000000000078e+01 0.000000000000000000e+00
2.520000000000000000e+02 7.900739999999999874e+00 -1.694072999999999851e+01 0.000000000000000000e+00
2.530000000000000000e+02 1.053144999999999953e+01 -1.440709999999999980e+01 0.000000000000000000e+00
2.540000000000000000e+02 1.104241999999999990e+01 -1.232432000000000016e+01 0.000000000000000000e+00
2.550000000000000000e+02 1.182058999999999926e+01 -1.011461000000000077e+01 0.000000000000000000e+00
2.560000000000000000e+02 1.251778999999999975e+01 -8.143370000000000886e+00 0.000000000000000000e+00
2.570000000000000000e+02 1.296185999999999972e+01 -6.115079999999999849e+00 0.000000000000000000e+00
2.580000000000000000e+02 1.209650000000000070e+01 -2.506660000000000110e+00 0.000000000000000000e+00
2.590000000000000000e+02 1.057315000000000005e+01 -9.678499999999999881e-01 0.000000000000000000e+00
2.600000000000000000e+02 1.412555000000000049e+01 -1.996220000000000105e+00 0.000000000000000000e+00
2.610000000000000000e+02 1.471579000000000015e+01 2.528000000000000039e-02 0.000000000000000000e+00
2.620000000000000000e+02 1.323807000000000045e+01 1.636009999999999964e+00 0.000000000000000000e+00
2.630000000000000000e+02 1.386134999999999984e+01 3.681179999999999897e+00 0.000000000000000000e+00
2.640000000000000000e+02 1.453761000000000081e+01 5.864580000000000126e+00 0.000000000000000000e+00
2.650000000000000000e+02 1.506853000000000087e+01 7.912650000000000183e+00 0.000000000000000000e+00
2.660000000000000000e+02 1.150821999999999967e+01 8.730700000000000571e+00 0.000000000000000000e+00
2.670000000000000000e+02 1.219624999999999915e+01 1.086827000000000076e+01 0.000000000000000000e+00
2.680000000000000000e+02 1.171509000000000000e+01 1.298756000000000022e+01 0.000000000000000000e+00
2.690000000000000000e+02 1.139273999999999987e+01 1.505251999999999946e+01 0.000000000000000000e+00
2.700000000000000000e+02 1.002379999999999960e+01 -1.640332000000000079e+01 0.000000000000000000e+00
2.710000000000000000e+02 1.262859000000000087e+01 -1.370420999999999978e+01 0.000000000000000000e+00
2.720000000000000000e+02 1.316492000000000040e+01 -1.171773999999999916e+01 0.000000000000000000e+00
2.730000000000000000e+02 1.388730999999999938e+01 -9.682639999999999247e+00 0.000000000000000000e+00
2.740000000000000000e+02 1.452328999999999937e+01 -7.686930000000000263e+00 0.000000000000000000e+00
2.750000000000000000e+02 1.524874999999999936e+01 -5.642759999999999998e+00 0.000000000000000000e+00
2.760000000000000000e+02 1.354753999999999969e+01 -4.055880000000000152e+00 0.000000000000000000e+00
2.770000000000000000e+02 1.564315999999999995e+01 -3.555089999999999861e+00 0.000000000000000000e+00
2.780000000000000000e+02 1.641500999999999877e+01 -1.548859999999999904e+00 0.000000000000000000e+00
2.790000000000000000e+02 1.674337999999999838e+01 5.004699999999999704e-01 0.000000000000000000e+00
2.800000000000000000e+02 1.531262000000000079e+01 2.178749999999999964e+00 0.000000000000000000e+00
2.810000000000000000e+02 1.596343000000000067e+01 4.217830000000000190e+00 0.000000000000000000e+00
2.820000000000000000e+02 1.655018000000000100e+01 6.421999999999999709e+00 0.000000000000000000e+00
2.830000000000000000e+02 1.850979999999999848e+01 7.895909999999999762e+00 0.000000000000000000e+00
2.840000000000000000e+02 1.380578000000000038e+01 9.538449999999999207e+00 0.000000000000000000e+00
2.850000000000000000e+02 1.678074000000000154e+01 9.134669999999999845e+00 0.000000000000000000e+00
2.860000000000000000e+02 1.541849000000000025e+01 1.104237999999999964e+01 0.000000000000000000e+00
2.870000000000000000e+02 1.371890999999999927e+01 1.238199000000000005e+01 0.000000000000000000e+00
2.880000000000000000e+02 1.232807000000000031e+01 -1.577561000000000035e+01 0.000000000000000000e+00
2.890000000000000000e+02 1.494557999999999964e+01 -1.345900999999999925e+01 0.000000000000000000e+00
2.900000000000000000e+02 1.533384999999999998e+01 -1.139653999999999989e+01 0.000000000000000000e+00
2.910000000000000000e+02 1.594420000000000037e+01 -9.374420000000000641e+00 0.000000000000000000e+00
2.920000000000000000e+02 1.659561000000000064e+01 -7.216820000000000235e+00 0.000000000000000000e+00
2.930000000000000000e+02 1.730303999999999931e+01 -5.076509999999999856e+00 0.000000000000000000e+00
2.940000000000000000e+02 1.982911999999999964e+01 -2.357479999999999798e+00 0.000000000000000000e+00
2.950000000000000000e+02 1.788278000000000034e+01 -3.070009999999999906e+00 0.000000000000000000e+00
2.960000000000000000e+02 1.836268000000000100e+01 -8.497700000000000253e-01 0.000000000000000000e+00
2.970000000000000000e+02 1.893833000000000055e+01 1.174670000000000103e+00 0.000000000000000000e+00
2.980000000000000000e+02 1.736240000000000094e+01 2.642549999999999955e+00 0.000000000000000000e+00
2.990000000000000000e+02 1.828937000000000168e+01 5.145760000000000112e+00 0.000000000000000000e+00
