0.000000000000000000e+00 -1.092497999999999969e+01 -1.626905999999999963e+01 0.000000000000000000e+00
1.000000000000000000e+00 -1.484829000000000043e+01 -1.210504000000000069e+01 0.000000000000000000e+00
2.000000000000000000e+00 -1.540053999999999945e+01 -1.003461000000000070e+01 0.000000000000000000e+00
3.000000000000000000e+00 -1.546439999999999948e+01 -7.898130000000000095e+00 0.000000000000000000e+00
4.000000000000000000e+00 -1.744985000000000142e+01 -6.780499999999999972e+00 0.000000000000000000e+00
5.000000000000000000e+00 -1.776103000000000165e+01 -4.557640000000000136e+00 0.000000000000000000e+00
6.000000000000000000e+00 -1.774057000000000173e+01 -2.390540000000000109e+00 0.000000000000000000e+00
7.000000000000000000e+00 -1.982856999999999914e+01 -2.366719999999999935e+00 0.000000000000000000e+00
8.000000000000000000e+00 -1.593012000000000050e+01 -1.278610000000000024e+00 0.000000000000000000e+00
9.000000000000000000e+00 -1.773974000000000117e+01 -1.703099999999999892e-01 0.000000000000000000e+00
1.000000000000000000e+01 -1.778172999999999959e+01 2.857279999999999820e+00 0.000000000000000000e+00
1.100000000000000000e+01 -1.971545000000000059e+01 4.523159999999999847e+00 0.000000000000000000e+00
1.200000000000000000e+01 -1.775985000000000014e+01 5.173600000000000421e+00 0.000000000000000000e+00
1.300000000000000000e+01 -1.925091000000000108e+01 1.267649999999999944e+00 0.000000000000000000e+00
1.400000000000000000e+01 -1.756751999999999825e+01 7.549479999999999968e+00 0.000000000000000000e+00
1.500000000000000000e+01 -1.561758999999999986e+01 8.474339999999999762e+00 0.000000000000000000e+00
1.600000000000000000e+01 -1.555594999999999928e+01 1.091099999999999959e+01 0.000000000000000000e+00
1.700000000000000000e+01 -1.468796000000000035e+01 1.284708000000000006e+01 0.000000000000000000e+00
1.800000000000000000e+01 -8.782719999999999416e+00 -1.717584000000000088e+01 0.000000000000000000e+00
1.900000000000000000e+01 -1.295603000000000016e+01 -1.314390000000000036e+01 0.000000000000000000e+00
2.000000000000000000e+01 -1.312776000000000032e+01 -1.088156999999999996e+01 0.000000000000000000e+00
2.100000000000000000e+01 -1.342881000000000036e+01 -8.806119999999999948e+00 0.000000000000000000e+00
2.200000000000000000e+01 -1.368608000000000047e+01 -6.698380000000000223e+00 0.000000000000000000e+00
2.300000000000000000e+01 -1.560840999999999923e+01 -5.763729999999999798e+00 0.000000000000000000e+00
2.400000000000000000e+01 -1.393937000000000026e+01 -4.542449999999999655e+00 0.000000000000000000e+00
2.500000000000000000e+01 -1.592403999999999975e+01 -3.509700000000000042e+00 0.000000000000000000e+00
2.600000000000000000e+01 -1.414887000000000050e+01 -2.450000000000000178e+00 0.000000000000000000e+00
2.700000000000000000e+01 -1.442788000000000004e+01 1.588499999999999912e-01 0.000000000000000000e+00
2.800000000000000000e+01 -1.621732000000000085e+01 1.397690000000000099e+00 0.000000000000000000e+00
2.900000000000000000e+01 -1.601253000000000171e+01 3.944170000000000176e+00 0.000000000000000000e+00
3.000000000000000000e+01 -1.415150000000000041e+01 4.812660000000000160e+00 0.000000000000000000e+00
3.100000000000000000e+01 -1.587087000000000003e+01 6.040320000000000356e+00 0.000000000000000000e+00
3.200000000000000000e+01 -1.400319000000000003e+01 6.944980000000000153e+00 0.000000000000000000e+00
3.300000000000000000e+01 -1.371444999999999936e+01 9.311230000000000118e+00 0.000000000000000000e+00
3.400000000000000000e+01 -1.311363000000000056e+01 1.149141000000000012e+01 0.000000000000000000e+00
3.500000000000000000e+01 -1.272846000000000011e+01 1.376478999999999964e+01 0.000000000000000000e+00
3.600000000000000000e+01 -7.093320000000000292e+00 -1.872868000000000066e+01 0.000000000000000000e+00
3.700000000000000000e+01 -1.101924999999999955e+01 -1.387859000000000087e+01 0.000000000000000000e+00
3.800000000000000000e+01 -1.121321000000000012e+01 -1.176162000000000063e+01 0.000000000000000000e+00
3.900000000000000000e+01 -1.143842000000000070e+01 -9.683410000000000295e+00 0.000000000000000000e+00
4.000000000000000000e+01 -1.174225000000000030e+01 -7.572359999999999758e+00 0.000000000000000000e+00
4.100000000000000000e+01 -1.189146999999999998e+01 -5.492029999999999745e+00 0.000000000000000000e+00
4.200000000000000000e+01 -1.020201999999999920e+01 -4.135869999999999713e+00 0.000000000000000000e+00
4.300000000000000000e+01 -1.225615999999999950e+01 -3.339529999999999887e+00 0.000000000000000000e+00
4.400000000000000000e+01 -1.257743999999999929e+01 -1.089730000000000087e+00 0.000000000000000000e+00
4.500000000000000000e+01 -1.268862000000000023e+01 1.265770000000000062e+00 0.000000000000000000e+00
4.600000000000000000e+01 -1.437284000000000006e+01 2.483639999999999848e+00 0.000000000000000000e+00
4.700000000000000000e+01 -1.250544999999999973e+01 3.477730000000000210e+00 0.000000000000000000e+00
4.800000000000000000e+01 -1.227917000000000058e+01 5.683069999999999844e+00 0.000000000000000000e+00
4.900000000000000000e+01 -1.205423000000000044e+01 7.742689999999999628e+00 0.000000000000000000e+00
5.000000000000000000e+01 -1.136321000000000048e+01 9.909620000000000317e+00 0.000000000000000000e+00
5.100000000000000000e+01 -1.110870000000000068e+01 1.206212999999999980e+01 0.000000000000000000e+00
5.200000000000000000e+01 -1.048892000000000024e+01 1.411705000000000076e+01 0.000000000000000000e+00
5.300000000000000000e+01 -9.921450000000000102e+00 1.649468999999999852e+01 0.000000000000000000e+00
5.400000000000000000e+01 -1.161410000000000053e+00 -1.836438000000000059e+01 0.000000000000000000e+00
5.500000000000000000e+01 -9.253049999999999997e+00 -1.502422999999999931e+01 0.000000000000000000e+00
5.600000000000000000e+01 -9.237780000000000769e+00 -1.262857999999999947e+01 0.000000000000000000e+00
5.700000000000000000e+01 -9.547240000000000393e+00 -1.051773000000000025e+01 0.000000000000000000e+00
5.800000000000000000e+01 -9.733320000000000860e+00 -8.429389999999999716e+00 0.000000000000000000e+00
5.900000000000000000e+01 -9.971130000000000493e+00 -6.380219999999999558e+00 0.000000000000000000e+00
6.000000000000000000e+01 -8.440630000000000521e+00 -3.021809999999999885e+00 0.000000000000000000e+00
6.100000000000000000e+01 -1.054580999999999946e+01 -2.093729999999999869e+00 0.000000000000000000e+00
6.200000000000000000e+01 -1.077486999999999995e+01 4.390000000000000152e-02 0.000000000000000000e+00
6.300000000000000000e+01 -8.979689999999999728e+00 1.147680000000000033e+00 0.000000000000000000e+00
6.400000000000000000e+01 -1.076909000000000027e+01 2.256520000000000081e+00 0.000000000000000000e+00
6.500000000000000000e+01 -1.063648000000000060e+01 4.392979999999999663e+00 0.000000000000000000e+00
6.600000000000000000e+01 -1.033375000000000021e+01 6.487230000000000274e+00 0.000000000000000000e+00
6.700000000000000000e+01 -9.864420000000000854e+00 8.510780000000000456e+00 0.000000000000000000e+00
6.800000000000000000e+01 -9.425940000000000651e+00 1.079205999999999932e+01 0.000000000000000000e+00
6.900000000000000000e+01 -8.774020000000000152e+00 1.286119000000000057e+01 0.000000000000000000e+00
7.000000000000000000e+01 -8.402860000000000440e+00 1.489410999999999952e+01 0.000000000000000000e+00
7.100000000000000000e+01 -7.822000000000000064e+00 1.689730000000000132e+01 0.000000000000000000e+00
7.200000000000000000e+01 -7.133270000000000444e+00 -1.563077999999999967e+01 0.000000000000000000e+00
7.300000000000000000e+01 -7.332880000000000287e+00 -1.346618999999999922e+01 0.000000000000000000e+00
7.400000000000000000e+01 -7.571369999999999933e+00 -1.139832999999999963e+01 0.000000000000000000e+00
7.500000000000000000e+01 -7.780680000000000263e+00 -9.323589999999999378e+00 0.000000000000000000e+00
7.600000000000000000e+01 -8.019470000000000098e+00 -7.239010000000000389e+00 0.000000000000000000e+00
7.700000000000000000e+01 -8.315269999999999939e+00 -5.098589999999999733e+00 0.000000000000000000e+00
7.800000000000000000e+01 -6.354790000000000383e+00 -5.991889999999999716e+00 0.000000000000000000e+00
7.900000000000000000e+01 -6.595799999999999663e+00 -3.947259999999999991e+00 0.000000000000000000e+00
8.000000000000000000e+01 -8.827690000000000481e+00 -9.305099999999999483e-01 0.000000000000000000e+00
8.100000000000000000e+01 -7.062289999999999957e+00 2.662300000000000222e-01 0.000000000000000000e+00
8.200000000000000000e+01 -8.930080000000000240e+00 3.203930000000000167e+00 0.000000000000000000e+00
8.300000000000000000e+01 -8.681609999999999161e+00 5.240870000000000140e+00 0.000000000000000000e+00
8.400000000000000000e+01 -8.156570000000000320e+00 7.237729999999999997e+00 0.000000000000000000e+00
8.500000000000000000e+01 -7.770450000000000301e+00 9.278050000000000352e+00 0.000000000000000000e+00
8.600000000000000000e+01 -7.231709999999999638e+00 1.133203999999999922e+01 0.000000000000000000e+00
8.700000000000000000e+01 -6.716289999999999871e+00 1.335000999999999927e+01 0.000000000000000000e+00
8.800000000000000000e+01 -6.158290000000000042e+00 1.550545999999999935e+01 0.000000000000000000e+00
8.900000000000000000e+01 -5.851779999999999760e+00 1.763128999999999991e+01 0.000000000000000000e+00
9.000000000000000000e+01 -5.429299999999999571e+00 -1.682398999999999845e+01 0.000000000000000000e+00
9.100000000000000000e+01 -5.422390000000000043e+00 -1.447663999999999973e+01 0.000000000000000000e+00
9.200000000000000000e+01 -5.578000000000000291e+00 -1.229702999999999946e+01 0.000000000000000000e+00
9.300000000000000000e+01 -5.759940000000000282e+00 -1.019555000000000078e+01 0.000000000000000000e+00
9.400000000000000000e+01 -6.072110000000000340e+00 -8.059889999999999333e+00 0.000000000000000000e+00
9.500000000000000000e+01 -4.383399999999999963e+00 -6.844479999999999897e+00 0.000000000000000000e+00
9.600000000000000000e+01 -4.609429999999999694e+00 -4.740490000000000315e+00 0.000000000000000000e+00
9.700000000000000000e+01 -4.861509999999999998e+00 -2.638040000000000163e+00 0.000000000000000000e+00
9.800000000000000000e+01 -6.758589999999999876e+00 -1.787279999999999980e+00 0.000000000000000000e+00
9.900000000000000000e+01 -5.385640000000000427e+00 1.488320000000000087e+00 0.000000000000000000e+00
1.000000000000000000e+02 -6.821119999999999628e+00 2.988760000000000083e+00 0.000000000000000000e+00
1.010000000000000000e+02 -6.631910000000000416e+00 5.734689999999999621e+00 0.000000000000000000e+00
1.020000000000000000e+02 -6.157770000000000188e+00 7.847190000000000332e+00 0.000000000000000000e+00
1.030000000000000000e+02 -5.640579999999999927e+00 9.917540000000000688e+00 0.000000000000000000e+00
1.040000000000000000e+02 -5.130110000000000170e+00 1.195176999999999978e+01 0.000000000000000000e+00
1.050000000000000000e+02 -4.486320000000000086e+00 1.391531999999999947e+01 0.000000000000000000e+00
1.060000000000000000e+02 -4.154539999999999900e+00 1.605179000000000045e+01 0.000000000000000000e+00
1.070000000000000000e+02 -3.439750000000000085e+00 1.803816000000000130e+01 0.000000000000000000e+00
1.080000000000000000e+02 -3.257060000000000066e+00 -1.757673000000000130e+01 0.000000000000000000e+00
1.090000000000000000e+02 -3.358690000000000175e+00 -1.540438999999999936e+01 0.000000000000000000e+00
1.100000000000000000e+02 -3.679940000000000211e+00 -1.318535999999999930e+01 0.000000000000000000e+00
1.110000000000000000e+02 -3.821530000000000094e+00 -1.102614999999999945e+01 0.000000000000000000e+00
1.120000000000000000e+02 -4.092539999999999623e+00 -8.933960000000000790e+00 0.000000000000000000e+00
1.130000000000000000e+02 -2.442969999999999864e+00 -7.678539999999999921e+00 0.000000000000000000e+00
1.140000000000000000e+02 -2.714630000000000098e+00 -5.626979999999999649e+00 0.000000000000000000e+00
1.150000000000000000e+02 -2.952640000000000153e+00 -3.520719999999999850e+00 0.000000000000000000e+00
1.160000000000000000e+02 -3.196610000000000174e+00 -1.398900000000000032e+00 0.000000000000000000e+00
1.170000000000000000e+02 -5.074919999999999654e+00 -5.682899999999999618e-01 0.000000000000000000e+00
1.180000000000000000e+02 -3.729830000000000201e+00 2.743520000000000181e+00 0.000000000000000000e+00
1.190000000000000000e+02 -5.145129999999999981e+00 4.266530000000000378e+00 0.000000000000000000e+00
1.200000000000000000e+02 -4.633049999999999891e+00 6.299509999999999721e+00 0.000000000000000000e+00
1.210000000000000000e+02 -4.095620000000000260e+00 8.375370000000000203e+00 0.000000000000000000e+00
1.220000000000000000e+02 -3.563779999999999948e+00 1.036786999999999992e+01 0.000000000000000000e+00
1.230000000000000000e+02 -3.052729999999999944e+00 1.240080000000000027e+01 0.000000000000000000e+00
1.240000000000000000e+02 -2.421279999999999877e+00 1.441370000000000040e+01 0.000000000000000000e+00
1.250000000000000000e+02 -2.095860000000000056e+00 1.645286000000000115e+01 0.000000000000000000e+00
1.260000000000000000e+02 7.617399999999999727e-01 -1.912728999999999857e+01 0.000000000000000000e+00
1.270000000000000000e+02 -1.465789999999999926e+00 -1.626906999999999925e+01 0.000000000000000000e+00
1.280000000000000000e+02 -1.718690000000000051e+00 -1.407579999999999920e+01 0.000000000000000000e+00
1.290000000000000000e+02 -2.146110000000000184e+00 -9.762219999999999231e+00 0.000000000000000000e+00
1.300000000000000000e+02 -4.813000000000000056e-01 -8.517799999999999372e+00 0.000000000000000000e+00
1.310000000000000000e+02 -7.146299999999999875e-01 -6.460399999999999920e+00 0.000000000000000000e+00
1.320000000000000000e+02 -1.050440000000000040e+00 -4.359980000000000189e+00 0.000000000000000000e+00
1.330000000000000000e+02 -1.299860000000000015e+00 -2.235370000000000079e+00 0.000000000000000000e+00
1.340000000000000000e+02 -1.558410000000000073e+00 -1.191200000000000037e-01 0.000000000000000000e+00
1.350000000000000000e+02 -3.436010000000000009e+00 7.037700000000000067e-01 0.000000000000000000e+00
1.360000000000000000e+02 -1.688530000000000086e+00 3.234259999999999913e+00 0.000000000000000000e+00
1.370000000000000000e+02 -3.058019999999999960e+00 4.788719999999999644e+00 0.000000000000000000e+00
1.380000000000000000e+02 -2.619889999999999830e+00 6.857140000000000235e+00 0.000000000000000000e+00
1.390000000000000000e+02 -2.060529999999999973e+00 8.873400000000000176e+00 0.000000000000000000e+00
1.400000000000000000e+02 -1.446339999999999959e+00 1.087579000000000029e+01 0.000000000000000000e+00
1.410000000000000000e+02 -9.738499999999999934e-01 1.291023999999999994e+01 0.000000000000000000e+00
1.420000000000000000e+02 -4.036600000000000188e-01 1.492401000000000089e+01 0.000000000000000000e+00
1.430000000000000000e+02 -1.329569999999999919e+00 1.850591000000000008e+01 0.000000000000000000e+00
1.440000000000000000e+02 4.879299999999999748e-01 -1.706700000000000017e+01 0.000000000000000000e+00
1.450000000000000000e+02 2.881400000000000072e-01 -1.496114000000000033e+01 0.000000000000000000e+00
1.460000000000000000e+02 -3.561999999999999889e-02 -1.277990999999999921e+01 0.000000000000000000e+00
1.470000000000000000e+02 -1.961240000000000094e+00 -1.200609999999999999e+01 0.000000000000000000e+00
1.480000000000000000e+02 -2.316499999999999948e-01 -1.063861999999999952e+01 0.000000000000000000e+00
1.490000000000000000e+02 1.203189999999999982e+00 -7.246809999999999974e+00 0.000000000000000000e+00
1.500000000000000000e+02 9.023200000000000109e-01 -5.177469999999999573e+00 0.000000000000000000e+00
1.510000000000000000e+02 6.314499999999999558e-01 -3.096789999999999932e+00 0.000000000000000000e+00
1.520000000000000000e+02 4.019699999999999940e-01 -9.991600000000000481e-01 0.000000000000000000e+00
1.530000000000000000e+02 -1.723999999999999977e-01 1.784380000000000077e+00 0.000000000000000000e+00
1.540000000000000000e+02 3.082699999999999885e-01 3.787520000000000220e+00 0.000000000000000000e+00
1.550000000000000000e+02 -1.037830000000000030e+00 5.368000000000000327e+00 0.000000000000000000e+00
1.560000000000000000e+02 -5.982499999999999485e-01 7.380469999999999864e+00 0.000000000000000000e+00
1.570000000000000000e+02 2.077999999999999986e-02 9.392530000000000712e+00 0.000000000000000000e+00
1.580000000000000000e+02 5.779900000000000038e-01 1.140812999999999988e+01 0.000000000000000000e+00
1.590000000000000000e+02 1.049949999999999939e+00 1.345814999999999984e+01 0.000000000000000000e+00
1.600000000000000000e+02 3.955999999999999794e-02 1.694673999999999836e+01 0.000000000000000000e+00
1.610000000000000000e+02 1.317760000000000042e+00 1.947465000000000046e+01 0.000000000000000000e+00
1.620000000000000000e+02 4.144519999999999982e+00 -1.661767000000000039e+01 0.000000000000000000e+00
1.630000000000000000e+02 2.223850000000000104e+00 -1.585130999999999979e+01 0.000000000000000000e+00
1.640000000000000000e+02 1.982439999999999980e+00 -1.369923999999999964e+01 0.000000000000000000e+00
1.650000000000000000e+02 1.658490000000000020e+00 -1.145161000000000051e+01 0.000000000000000000e+00
1.660000000000000000e+02 1.433950000000000058e+00 -9.358610000000000539e+00 0.000000000000000000e+00
1.670000000000000000e+02 2.871780000000000221e+00 -5.968049999999999855e+00 0.000000000000000000e+00
1.680000000000000000e+02 2.550409999999999844e+00 -3.891370000000000218e+00 0.000000000000000000e+00
1.690000000000000000e+02 2.298140000000000072e+00 -1.832610000000000072e+00 0.000000000000000000e+00
1.700000000000000000e+02 2.027730000000000032e+00 2.935699999999999976e-01 0.000000000000000000e+00
1.710000000000000000e+02 1.816270000000000051e+00 2.380590000000000206e+00 0.000000000000000000e+00
1.720000000000000000e+02 2.374929999999999986e+00 4.352570000000000050e+00 0.000000000000000000e+00
1.730000000000000000e+02 9.400800000000000267e-01 5.981090000000000018e+00 0.000000000000000000e+00
1.740000000000000000e+02 3.006419999999999870e+00 6.453599999999999781e+00 0.000000000000000000e+00
1.750000000000000000e+02 1.545269999999999921e+00 7.960810000000000386e+00 0.000000000000000000e+00
1.760000000000000000e+02 2.075600000000000112e+00 9.967700000000000671e+00 0.000000000000000000e+00
1.770000000000000000e+02 2.568770000000000220e+00 1.204401000000000010e+01 0.000000000000000000e+00
1.780000000000000000e+02 1.633999999999999897e+00 1.546386000000000038e+01 0.000000000000000000e+00
1.790000000000000000e+02 4.123579999999999579e+00 1.827562999999999960e+01 0.000000000000000000e+00
1.800000000000000000e+02 2.620120000000000005e+00 -1.806520000000000081e+01 0.000000000000000000e+00
1.810000000000000000e+02 3.975969999999999782e+00 -1.445482999999999940e+01 0.000000000000000000e+00
1.820000000000000000e+02 3.581690000000000040e+00 -1.233259999999999934e+01 0.000000000000000000e+00
1.830000000000000000e+02 3.369650000000000034e+00 -1.018117999999999945e+01 0.000000000000000000e+00
1.840000000000000000e+02 3.116890000000000160e+00 -8.053520000000000678e+00 0.000000000000000000e+00
1.850000000000000000e+02 4.789010000000000211e+00 -6.815999999999999837e+00 0.000000000000000000e+00
1.860000000000000000e+02 4.503350000000000186e+00 -4.709150000000000169e+00 0.000000000000000000e+00
1.870000000000000000e+02 4.244060000000000166e+00 -2.638510000000000133e+00 0.000000000000000000e+00
1.880000000000000000e+02 3.991179999999999950e+00 -4.581799999999999762e-01 0.000000000000000000e+00
1.890000000000000000e+02 3.862800000000000011e+00 1.979559999999999986e+00 0.000000000000000000e+00
1.900000000000000000e+02 5.659360000000000390e+00 3.202189999999999870e+00 0.000000000000000000e+00
1.910000000000000000e+02 4.426829999999999821e+00 4.883420000000000094e+00 0.000000000000000000e+00
1.920000000000000000e+02 5.057240000000000180e+00 6.968250000000000277e+00 0.000000000000000000e+00
1.930000000000000000e+02 3.592560000000000198e+00 8.446960000000000690e+00 0.000000000000000000e+00
1.940000000000000000e+02 4.157949999999999591e+00 1.044203000000000081e+01 0.000000000000000000e+00
1.950000000000000000e+02 4.632620000000000182e+00 1.252126999999999946e+01 0.000000000000000000e+00
1.960000000000000000e+02 3.186240000000000183e+00 1.403473999999999933e+01 0.000000000000000000e+00
1.970000000000000000e+02 2.035540000000000127e+00 1.748232000000000141e+01 0.000000000000000000e+00
1.980000000000000000e+02 6.566169999999999618e+00 -1.758583000000000141e+01 0.000000000000000000e+00
1.990000000000000000e+02 5.853329999999999700e+00 -1.544274000000000058e+01 0.000000000000000000e+00
2.000000000000000000e+02 5.656209999999999738e+00 -1.314241999999999955e+01 0.000000000000000000e+00
2.010000000000000000e+02 5.366410000000000124e+00 -1.110687000000000069e+01 0.000000000000000000e+00
2.020000000000000000e+02 5.055640000000000356e+00 -8.887589999999999435e+00 0.000000000000000000e+00
2.030000000000000000e+02 6.715530000000000221e+00 -7.565159999999999663e+00 0.000000000000000000e+00
2.040000000000000000e+02 6.508709999999999773e+00 -5.505749999999999922e+00 0.000000000000000000e+00
2.050000000000000000e+02 6.157469999999999999e+00 -3.406919999999999948e+00 0.000000000000000000e+00
2.060000000000000000e+02 5.861539999999999750e+00 -1.361900000000000110e+00 0.000000000000000000e+00
2.070000000000000000e+02 5.662410000000000387e+00 9.854199999999999626e-01 0.000000000000000000e+00
2.080000000000000000e+02 7.431049999999999933e+00 2.042850000000000055e+00 0.000000000000000000e+00
2.090000000000000000e+02 6.532519999999999882e+00 5.479659999999999975e+00 0.000000000000000000e+00
2.100000000000000000e+02 7.136370000000000324e+00 7.511330000000000062e+00 0.000000000000000000e+00
2.110000000000000000e+02 5.675229999999999997e+00 9.002779999999999561e+00 0.000000000000000000e+00
2.120000000000000000e+02 6.203050000000000175e+00 1.101223000000000063e+01 0.000000000000000000e+00
2.130000000000000000e+02 6.648740000000000094e+00 1.303120999999999974e+01 0.000000000000000000e+00
2.140000000000000000e+02 5.222150000000000070e+00 1.462050999999999945e+01 0.000000000000000000e+00
2.150000000000000000e+02 3.640390000000000015e+00 1.606263999999999825e+01 0.000000000000000000e+00
2.160000000000000000e+02 8.012779999999999347e+00 -1.590062999999999960e+01 0.000000000000000000e+00
2.170000000000000000e+02 7.719299999999999606e+00 -1.384585000000000043e+01 0.000000000000000000e+00
2.180000000000000000e+02 7.327569999999999695e+00 -1.178270000000000017e+01 0.000000000000000000e+00
2.190000000000000000e+02 6.959509999999999863e+00 -9.751179999999999737e+00 0.000000000000000000e+00
2.200000000000000000e+02 8.651170000000000471e+00 -8.384399999999999409e+00 0.000000000000000000e+00
2.210000000000000000e+02 8.456770000000000564e+00 -6.311720000000000219e+00 0.000000000000000000e+00
2.220000000000000000e+02 8.144180000000000419e+00 -4.175659999999999705e+00 0.000000000000000000e+00
2.230000000000000000e+02 7.786850000000000271e+00 -2.106090000000000018e+00 0.000000000000000000e+00
2.240000000000000000e+02 9.609159999999999258e+00 -7.043199999999999461e-01 0.000000000000000000e+00
2.250000000000000000e+02 7.547500000000000320e+00 -2.578000000000000083e-02 0.000000000000000000e+00
2.260000000000000000e+02 9.423719999999999430e+00 1.373369999999999980e+00 0.000000000000000000e+00
2.270000000000000000e+02 8.025850000000000151e+00 4.017420000000000435e+00 0.000000000000000000e+00
2.280000000000000000e+02 8.580679999999999197e+00 5.989939999999999820e+00 0.000000000000000000e+00
2.290000000000000000e+02 9.192249999999999588e+00 7.994349999999999845e+00 0.000000000000000000e+00
2.300000000000000000e+02 7.692309999999999981e+00 9.485820000000000363e+00 0.000000000000000000e+00
2.310000000000000000e+02 8.214219999999999189e+00 1.158525000000000027e+01 0.000000000000000000e+00
2.320000000000000000e+02 5.692849999999999966e+00 1.677646000000000015e+01 0.000000000000000000e+00
2.330000000000000000e+02 6.163479999999999848e+00 1.880082000000000164e+01 0.000000000000000000e+00
2.340000000000000000e+02 9.915829999999999700e+00 -1.730398999999999887e+01 0.000000000000000000e+00
2.350000000000000000e+02 9.712749999999999773e+00 -1.463284999999999947e+01 0.000000000000000000e+00
2.360000000000000000e+02 9.320259999999999323e+00 -1.253500999999999976e+01 0.000000000000000000e+00
2.370000000000000000e+02 9.004929999999999879e+00 -1.048005999999999993e+01 0.000000000000000000e+00
2.380000000000000000e+02 1.048179999999999978e+01 -6.995809999999999640e+00 0.000000000000000000e+00
2.390000000000000000e+02 1.212764999999999915e+01 -5.676660000000000039e+00 0.000000000000000000e+00
2.400000000000000000e+02 1.014704000000000050e+01 -4.858559999999999768e+00 0.000000000000000000e+00
2.410000000000000000e+02 9.855349999999999611e+00 -2.797559999999999825e+00 0.000000000000000000e+00
2.420000000000000000e+02 1.156868000000000052e+01 -1.488779999999999992e+00 0.000000000000000000e+00
2.430000000000000000e+02 1.136959000000000053e+01 6.253199999999999870e-01 0.000000000000000000e+00
2.440000000000000000e+02 1.115268999999999977e+01 2.683840000000000003e+00 0.000000000000000000e+00
2.450000000000000000e+02 1.007958999999999961e+01 4.451089999999999769e+00 0.000000000000000000e+00
2.460000000000000000e+02 1.060331000000000046e+01 6.490219999999999878e+00 0.000000000000000000e+00
2.470000000000000000e+02 1.138856000000000002e+01 8.571350000000000691e+00 0.000000000000000000e+00
2.480000000000000000e+02 9.764939999999999287e+00 9.971679999999999211e+00 0.000000000000000000e+00
2.490000000000000000e+02 8.688990000000000435e+00 1.367672999999999917e+01 0.000000000000000000e+00
2.500000000000000000e+02 7.258329999999999949e+00 1.523379000000000083e+01 0.000000000000000000e+00
2.510000000000000000e+02 7.721269999999999634e+00 1.725236999999999910e+01 0.000000000000000000e+00
2.520000000000000000e+02 1.148152999999999935e+01 -1.589137000000000022e+01 0.000000000000000000e+00
2.530000000000000000e+02 1.132089000000000034e+01 -1.326854999999999940e+01 0.000000000000000000e+00
2.540000000000000000e+02 1.099732999999999983e+01 -1.122119999999999962e+01 0.000000000000000000e+00
2.550000000000000000e+02 1.070824999999999960e+01 -9.095860000000000056e+00 0.000000000000000000e+00
2.560000000000000000e+02 1.245843999999999951e+01 -7.706529999999999880e+00 0.000000000000000000e+00
2.570000000000000000e+02 1.411288000000000054e+01 -6.415820000000000078e+00 0.000000000000000000e+00
2.580000000000000000e+02 1.176745000000000019e+01 -3.592020000000000213e+00 0.000000000000000000e+00
2.590000000000000000e+02 1.346026999999999951e+01 -2.312440000000000051e+00 0.000000000000000000e+00
2.600000000000000000e+02 1.332720999999999911e+01 -2.208400000000000085e-01 0.000000000000000000e+00
2.610000000000000000e+02 1.310455999999999932e+01 1.923489999999999922e+00 0.000000000000000000e+00
2.620000000000000000e+02 1.629476000000000013e+01 4.831660000000000288e+00 0.000000000000000000e+00
2.630000000000000000e+02 1.478101000000000020e+01 3.182449999999999779e+00 0.000000000000000000e+00
2.640000000000000000e+02 1.237068000000000012e+01 4.339129999999999932e+00 0.000000000000000000e+00
2.650000000000000000e+02 1.275693000000000055e+01 6.857610000000000205e+00 0.000000000000000000e+00
2.660000000000000000e+02 1.352699999999999925e+01 9.069409999999999528e+00 0.000000000000000000e+00
2.670000000000000000e+02 1.177643999999999913e+01 1.061491000000000007e+01 0.000000000000000000e+00
2.680000000000000000e+02 1.023442999999999969e+01 1.199541999999999931e+01 0.000000000000000000e+00
2.690000000000000000e+02 9.328049999999999287e+00 1.588496999999999915e+01 0.000000000000000000e+00
2.700000000000000000e+02 1.306695999999999991e+01 -1.440088000000000079e+01 0.000000000000000000e+00
2.710000000000000000e+02 1.327959000000000067e+01 -1.231207000000000029e+01 0.000000000000000000e+00
2.720000000000000000e+02 1.261392000000000024e+01 -9.892450000000000188e+00 0.000000000000000000e+00
2.730000000000000000e+02 1.442597999999999914e+01 -8.824920000000000542e+00 0.000000000000000000e+00
2.740000000000000000e+02 1.602559000000000111e+01 -7.281509999999999927e+00 0.000000000000000000e+00
2.750000000000000000e+02 1.580348000000000042e+01 -5.178069999999999951e+00 0.000000000000000000e+00
2.760000000000000000e+02 1.374202000000000012e+01 -4.374839999999999840e+00 0.000000000000000000e+00
2.770000000000000000e+02 1.542107000000000028e+01 -3.131520000000000081e+00 0.000000000000000000e+00
2.780000000000000000e+02 1.535468000000000011e+01 -9.655599999999999739e-01 0.000000000000000000e+00
2.790000000000000000e+02 1.500057999999999936e+01 1.079749999999999988e+00 0.000000000000000000e+00
2.800000000000000000e+02 1.674132000000000176e+01 2.503940000000000055e+00 0.000000000000000000e+00
2.810000000000000000e+02 1.427748000000000062e+01 5.411319999999999908e+00 0.000000000000000000e+00
2.820000000000000000e+02 1.692109999999999914e+01 8.078860000000000596e+00 0.000000000000000000e+00
2.830000000000000000e+02 1.486131999999999920e+01 7.418140000000000178e+00 0.000000000000000000e+00
2.840000000000000000e+02 1.574921999999999933e+01 9.788410000000000721e+00 0.000000000000000000e+00
2.850000000000000000e+02 1.385784999999999911e+01 1.125399999999999956e+01 0.000000000000000000e+00
2.860000000000000000e+02 1.232380999999999993e+01 1.272982999999999976e+01 0.000000000000000000e+00
2.870000000000000000e+02 1.076826999999999934e+01 1.436717999999999940e+01 0.000000000000000000e+00
2.880000000000000000e+02 1.523396999999999935e+01 -1.316159000000000034e+01 0.000000000000000000e+00
2.890000000000000000e+02 1.485039000000000087e+01 -1.094846000000000075e+01 0.000000000000000000e+00
2.900000000000000000e+02 1.643258000000000152e+01 -9.556020000000000181e+00 0.000000000000000000e+00
2.910000000000000000e+02 1.981477999999999895e+01 -3.721490000000000187e+00 0.000000000000000000e+00
2.920000000000000000e+02 1.774096000000000117e+01 -6.096580000000000332e+00 0.000000000000000000e+00
2.930000000000000000e+02 1.890099000000000018e+01 -7.304800000000000182e-01 0.000000000000000000e+00
2.940000000000000000e+02 1.871719999999999828e+01 1.510939999999999950e+00 0.000000000000000000e+00
2.950000000000000000e+02 1.772297000000000011e+01 -3.989840000000000053e+00 0.000000000000000000e+00
2.960000000000000000e+02 1.718621999999999872e+01 -1.930220000000000047e+00 0.000000000000000000e+00
2.970000000000000000e+02 1.702148000000000039e+01 2.665000000000000147e-01 0.000000000000000000e+00
2.980000000000000000e+02 1.832184000000000168e+01 3.994709999999999983e+00 0.000000000000000000e+00
2.990000000000000000e+02 1.788834999999999908e+01 6.234379999999999811e+00 0.000000000000000000e+00
