0.000000000000000000e+00 -1.257778000000000063e+01 -1.508313000000000059e+01 0.000000000000000000e+00
1.000000000000000000e+00 -1.352840999999999916e+01 -1.325322000000000067e+01 0.000000000000000000e+00
2.000000000000000000e+00 -1.464087999999999923e+01 -1.146721999999999930e+01 0.000000000000000000e+00
3.000000000000000000e+00 -1.557817000000000007e+01 -9.525930000000000675e+00 0.000000000000000000e+00
4.000000000000000000e+00 -1.666214000000000084e+01 -7.766569999999999752e+00 0.000000000000000000e+00
5.000000000000000000e+00 -1.783715000000000117e+01 -6.061169999999999725e+00 0.000000000000000000e+00
6.000000000000000000e+00 -1.660970000000000013e+01 -4.111690000000000289e+00 0.000000000000000000e+00
7.000000000000000000e+00 -1.782515000000000072e+01 -2.144969999999999821e+00 0.000000000000000000e+00
8.000000000000000000e+00 -1.631241999999999948e+01 -2.792100000000000137e-01 0.000000000000000000e+00
9.000000000000000000e+00 -1.957640999999999920e+01 -1.031959999999999988e+00 0.000000000000000000e+00
1.000000000000000000e+01 -1.757983000000000118e+01 1.491260000000000030e+00 0.000000000000000000e+00
1.100000000000000000e+01 -1.754229000000000127e+01 5.416739999999999888e+00 0.000000000000000000e+00
1.200000000000000000e+01 -1.626418999999999926e+01 7.260650000000000048e+00 0.000000000000000000e+00
1.300000000000000000e+01 -1.879876000000000147e+01 3.534909999999999997e+00 0.000000000000000000e+00
1.400000000000000000e+01 -1.519599999999999973e+01 9.043160000000000309e+00 0.000000000000000000e+00
1.500000000000000000e+01 -1.606587000000000032e+01 1.097769000000000084e+01 0.000000000000000000e+00
1.600000000000000000e+01 -1.504519999999999946e+01 1.279665999999999926e+01 0.000000000000000000e+00
1.700000000000000000e+01 -1.170186999999999955e+01 1.454022999999999932e+01 0.000000000000000000e+00
1.800000000000000000e+01 -9.872170000000000556e+00 -1.521097999999999928e+01 0.000000000000000000e+00
1.900000000000000000e+01 -1.119083000000000006e+01 -1.332563000000000031e+01 0.000000000000000000e+00
2.000000000000000000e+01 -1.228259000000000079e+01 -1.144458999999999982e+01 0.000000000000000000e+00
2.100000000000000000e+01 -1.336679999999999957e+01 -9.657999999999999474e+00 0.000000000000000000e+00
2.200000000000000000e+01 -1.440681999999999974e+01 -7.723609999999999864e+00 0.000000000000000000e+00
2.300000000000000000e+01 -1.544824000000000019e+01 -5.925410000000000288e+00 0.000000000000000000e+00
2.400000000000000000e+01 -1.432418999999999976e+01 -4.110249999999999737e+00 0.000000000000000000e+00
2.500000000000000000e+01 -1.558647999999999989e+01 -2.257829999999999782e+00 0.000000000000000000e+00
2.600000000000000000e+01 -1.424098000000000042e+01 -4.204100000000000059e-01 0.000000000000000000e+00
2.700000000000000000e+01 -1.549103999999999992e+01 1.679810000000000025e+00 0.000000000000000000e+00
2.800000000000000000e+01 -1.659951999999999828e+01 3.544540000000000024e+00 0.000000000000000000e+00
2.900000000000000000e+01 -1.535370999999999952e+01 5.301249999999999574e+00 0.000000000000000000e+00
3.000000000000000000e+01 -1.417796000000000056e+01 7.108730000000000437e+00 0.000000000000000000e+00
3.100000000000000000e+01 -1.292322000000000060e+01 9.032999999999999474e+00 0.000000000000000000e+00
3.200000000000000000e+01 -1.394008999999999965e+01 1.088086000000000020e+01 0.000000000000000000e+00
3.300000000000000000e+01 -1.275643999999999956e+01 1.274083000000000077e+01 0.000000000000000000e+00
3.400000000000000000e+01 -1.077588000000000079e+01 1.644673999999999836e+01 0.000000000000000000e+00
3.500000000000000000e+01 -8.681369999999999365e+00 1.679269000000000034e+01 0.000000000000000000e+00
3.600000000000000000e+01 -9.052429999999999310e+00 -1.713475999999999999e+01 0.000000000000000000e+00
3.700000000000000000e+01 -8.963459999999999539e+00 -1.331953999999999994e+01 0.000000000000000000e+00
3.800000000000000000e+01 -1.009642000000000017e+01 -1.153331999999999979e+01 0.000000000000000000e+00
3.900000000000000000e+01 -1.123048000000000002e+01 -9.625489999999999213e+00 0.000000000000000000e+00
4.000000000000000000e+01 -1.230644000000000027e+01 -7.798610000000000042e+00 0.000000000000000000e+00
4.100000000000000000e+01 -1.332811000000000057e+01 -5.949970000000000425e+00 0.000000000000000000e+00
4.200000000000000000e+01 -1.226313000000000031e+01 -4.134859999999999758e+00 0.000000000000000000e+00
4.300000000000000000e+01 -1.327896999999999927e+01 -2.327449999999999797e+00 0.000000000000000000e+00
4.400000000000000000e+01 -1.216291999999999973e+01 -3.295699999999999741e-01 0.000000000000000000e+00
4.500000000000000000e+01 -1.331316999999999950e+01 1.681049999999999933e+00 0.000000000000000000e+00
4.600000000000000000e+01 -1.436617000000000033e+01 3.450450000000000017e+00 0.000000000000000000e+00
4.700000000000000000e+01 -1.326431999999999967e+01 5.259920000000000151e+00 0.000000000000000000e+00
4.800000000000000000e+01 -1.204171000000000014e+01 7.077539999999999942e+00 0.000000000000000000e+00
4.900000000000000000e+01 -1.084604000000000035e+01 8.899029999999999774e+00 0.000000000000000000e+00
5.000000000000000000e+01 -1.170343000000000089e+01 1.084017000000000053e+01 0.000000000000000000e+00
5.100000000000000000e+01 -1.059185000000000088e+01 1.273858000000000068e+01 0.000000000000000000e+00
5.200000000000000000e+01 -9.380689999999999529e+00 1.453980999999999923e+01 0.000000000000000000e+00
5.300000000000000000e+01 -6.432400000000000340e+00 1.634939999999999927e+01 0.000000000000000000e+00
5.400000000000000000e+01 -6.751450000000000173e+00 -1.701743000000000094e+01 0.000000000000000000e+00
5.500000000000000000e+01 -6.748190000000000133e+00 -1.341737999999999964e+01 0.000000000000000000e+00
5.600000000000000000e+01 -8.027520000000000877e+00 -1.144835999999999920e+01 0.000000000000000000e+00
5.700000000000000000e+01 -9.121750000000000469e+00 -9.686709999999999710e+00 0.000000000000000000e+00
5.800000000000000000e+01 -1.017017000000000060e+01 -7.826459999999999972e+00 0.000000000000000000e+00
5.900000000000000000e+01 -1.125783999999999985e+01 -6.006319999999999659e+00 0.000000000000000000e+00
6.000000000000000000e+01 -1.008252000000000059e+01 -4.186600000000000321e+00 0.000000000000000000e+00
6.100000000000000000e+01 -1.112393999999999927e+01 -2.336609999999999854e+00 0.000000000000000000e+00
6.200000000000000000e+01 -1.007240000000000002e+01 -4.889399999999999857e-01 0.000000000000000000e+00
6.300000000000000000e+01 -1.115620000000000012e+01 1.471430000000000016e+00 0.000000000000000000e+00
6.400000000000000000e+01 -1.215418000000000021e+01 3.416220000000000034e+00 0.000000000000000000e+00
6.500000000000000000e+01 -1.102704999999999913e+01 5.149169999999999803e+00 0.000000000000000000e+00
6.600000000000000000e+01 -9.981700000000000017e+00 6.961369999999999614e+00 0.000000000000000000e+00
6.700000000000000000e+01 -8.652659999999999130e+00 8.838179999999999481e+00 0.000000000000000000e+00
6.800000000000000000e+01 -9.625809999999999533e+00 1.089164000000000065e+01 0.000000000000000000e+00
6.900000000000000000e+01 -8.509600000000000719e+00 1.264498999999999995e+01 0.000000000000000000e+00
7.000000000000000000e+01 -7.236539999999999750e+00 1.428382000000000041e+01 0.000000000000000000e+00
7.100000000000000000e+01 -6.526790000000000092e+00 1.846000000000000085e+01 0.000000000000000000e+00
7.200000000000000000e+01 -2.004210000000000047e+00 -1.885370999999999952e+01 0.000000000000000000e+00
7.300000000000000000e+01 -7.806960000000000122e+00 -1.524125000000000085e+01 0.000000000000000000e+00
7.400000000000000000e+01 -4.485030000000000072e+00 -1.348306999999999967e+01 0.000000000000000000e+00
7.500000000000000000e+01 -6.892489999999999561e+00 -9.635450000000000514e+00 0.000000000000000000e+00
7.600000000000000000e+01 -8.003790000000000404e+00 -7.889569999999999972e+00 0.000000000000000000e+00
7.700000000000000000e+01 -8.976549999999999585e+00 -6.002080000000000304e+00 0.000000000000000000e+00
7.800000000000000000e+01 -7.988669999999999938e+00 -4.152239999999999931e+00 0.000000000000000000e+00
7.900000000000000000e+01 -9.031359999999999388e+00 -2.295549999999999979e+00 0.000000000000000000e+00
8.000000000000000000e+01 -7.950239999999999974e+00 -4.249800000000000244e-01 0.000000000000000000e+00
8.100000000000000000e+01 -9.104729999999999990e+00 1.378640000000000088e+00 0.000000000000000000e+00
8.200000000000000000e+01 -1.010989000000000004e+01 3.252899999999999903e+00 0.000000000000000000e+00
8.300000000000000000e+01 -8.950440000000000396e+00 5.098659999999999748e+00 0.000000000000000000e+00
8.400000000000000000e+01 -7.897230000000000416e+00 6.909189999999999721e+00 0.000000000000000000e+00
8.500000000000000000e+01 -6.580009999999999692e+00 8.605230000000000601e+00 0.000000000000000000e+00
8.600000000000000000e+01 -7.371789999999999843e+00 1.057024999999999970e+01 0.000000000000000000e+00
8.700000000000000000e+01 -6.395349999999999646e+00 1.240257000000000076e+01 0.000000000000000000e+00
8.800000000000000000e+01 -4.380989999999999718e+00 1.531770999999999994e+01 0.000000000000000000e+00
8.900000000000000000e+01 -4.651650000000000063e+00 1.737533000000000172e+01 0.000000000000000000e+00
9.000000000000000000e+01 2.587599999999999900e-01 -2.031645999999999930e+01 0.000000000000000000e+00
9.100000000000000000e+01 -5.689160000000000217e+00 -1.520214999999999961e+01 0.000000000000000000e+00
9.200000000000000000e+01 -3.690830000000000055e+00 -1.157094000000000023e+01 0.000000000000000000e+00
9.300000000000000000e+01 -5.878989999999999938e+00 -1.149277999999999977e+01 0.000000000000000000e+00
9.400000000000000000e+01 -5.767120000000000246e+00 -7.885030000000000427e+00 0.000000000000000000e+00
9.500000000000000000e+01 -6.817569999999999908e+00 -6.003569999999999851e+00 0.000000000000000000e+00
9.600000000000000000e+01 -5.739670000000000272e+00 -4.188659999999999606e+00 0.000000000000000000e+00
9.700000000000000000e+01 -6.885530000000000150e+00 -2.319339999999999957e+00 0.000000000000000000e+00
9.800000000000000000e+01 -5.765220000000000233e+00 -3.975500000000000145e-01 0.000000000000000000e+00
9.900000000000000000e+01 -6.902809999999999668e+00 1.402749999999999941e+00 0.000000000000000000e+00
1.000000000000000000e+02 -7.982120000000000104e+00 3.235549999999999926e+00 0.000000000000000000e+00
1.010000000000000000e+02 -6.841840000000000366e+00 5.069899999999999629e+00 0.000000000000000000e+00
1.020000000000000000e+02 -4.987949999999999662e+00 7.049330000000000318e+00 0.000000000000000000e+00
1.030000000000000000e+02 -4.563390000000000057e+00 9.079050000000000509e+00 0.000000000000000000e+00
1.040000000000000000e+02 -4.672150000000000247e+00 1.117848000000000042e+01 0.000000000000000000e+00
1.050000000000000000e+02 -4.408920000000000172e+00 1.323235999999999990e+01 0.000000000000000000e+00
1.060000000000000000e+02 -2.613609999999999989e+00 1.422635999999999967e+01 0.000000000000000000e+00
1.070000000000000000e+02 -2.853829999999999867e+00 1.862988999999999962e+01 0.000000000000000000e+00
1.080000000000000000e+02 -4.399210000000000065e+00 -1.756968000000000174e+01 0.000000000000000000e+00
1.090000000000000000e+02 -3.645140000000000047e+00 -1.561219000000000001e+01 0.000000000000000000e+00
1.100000000000000000e+02 -1.701869999999999994e+00 -1.225567000000000029e+01 0.000000000000000000e+00
1.110000000000000000e+02 -4.770100000000000229e+00 -9.701439999999999841e+00 0.000000000000000000e+00
1.120000000000000000e+02 -3.668159999999999865e+00 -7.876500000000000057e+00 0.000000000000000000e+00
1.130000000000000000e+02 -4.675959999999999894e+00 -6.052769999999999762e+00 0.000000000000000000e+00
1.140000000000000000e+02 -3.621929999999999872e+00 -4.166680000000000383e+00 0.000000000000000000e+00
1.150000000000000000e+02 -4.616850000000000342e+00 -2.344320000000000181e+00 0.000000000000000000e+00
1.160000000000000000e+02 -3.666049999999999809e+00 -4.485999999999999988e-01 0.000000000000000000e+00
1.170000000000000000e+02 -4.844630000000000436e+00 1.453640000000000043e+00 0.000000000000000000e+00
1.180000000000000000e+02 -5.905420000000000336e+00 3.241490000000000204e+00 0.000000000000000000e+00
1.190000000000000000e+02 -4.791000000000000369e+00 4.991889999999999716e+00 0.000000000000000000e+00
1.200000000000000000e+02 -2.853979999999999961e+00 5.806189999999999962e+00 0.000000000000000000e+00
1.210000000000000000e+02 -2.861169999999999991e+00 7.879310000000000258e+00 0.000000000000000000e+00
1.220000000000000000e+02 -2.685379999999999878e+00 1.002857999999999983e+01 0.000000000000000000e+00
1.230000000000000000e+02 -2.633719999999999839e+00 1.209787000000000035e+01 0.000000000000000000e+00
1.240000000000000000e+02 -7.550700000000000189e-01 1.518055000000000021e+01 0.000000000000000000e+00
1.250000000000000000e+02 -2.661119999999999930e+00 1.646539999999999893e+01 0.000000000000000000e+00
1.260000000000000000e+02 1.710739999999999927e+00 -1.886066999999999894e+01 0.000000000000000000e+00
1.270000000000000000e+02 -1.840479999999999894e+00 -1.668124999999999858e+01 0.000000000000000000e+00
1.280000000000000000e+02 -1.807220000000000049e+00 -1.431639000000000017e+01 0.000000000000000000e+00
1.290000000000000000e+02 -1.813609999999999944e+00 -1.015015999999999963e+01 0.000000000000000000e+00
1.300000000000000000e+02 -1.619439999999999991e+00 -8.007609999999999673e+00 0.000000000000000000e+00
1.310000000000000000e+02 -2.486990000000000034e+00 -6.139540000000000219e+00 0.000000000000000000e+00
1.320000000000000000e+02 -1.564300000000000024e+00 -4.055460000000000065e+00 0.000000000000000000e+00
1.330000000000000000e+02 -2.377400000000000180e+00 -2.121539999999999981e+00 0.000000000000000000e+00
1.340000000000000000e+02 -2.734929999999999861e+00 1.393769999999999953e+00 0.000000000000000000e+00
1.350000000000000000e+02 -1.054710000000000036e+00 2.582190000000000207e+00 0.000000000000000000e+00
1.360000000000000000e+02 -3.565129999999999910e+00 3.304180000000000117e+00 0.000000000000000000e+00
1.370000000000000000e+02 -1.100759999999999961e+00 4.667639999999999567e+00 0.000000000000000000e+00
1.380000000000000000e+02 -1.017970000000000041e+00 6.754800000000000360e+00 0.000000000000000000e+00
1.390000000000000000e+02 -9.675500000000000211e-01 8.875709999999999766e+00 0.000000000000000000e+00
1.400000000000000000e+02 -8.139499999999999513e-01 1.099370000000000047e+01 0.000000000000000000e+00
1.410000000000000000e+02 -7.812599999999999545e-01 1.309651999999999994e+01 0.000000000000000000e+00
1.420000000000000000e+02 -6.396899999999999809e-01 1.729716000000000165e+01 0.000000000000000000e+00
1.430000000000000000e+02 9.513099999999999890e-01 2.047652000000000072e+01 0.000000000000000000e+00
1.440000000000000000e+02 -1.147799999999999931e-01 -1.782141999999999982e+01 0.000000000000000000e+00
1.450000000000000000e+02 -3.581999999999999768e-02 -1.554424999999999990e+01 0.000000000000000000e+00
1.460000000000000000e+02 8.569999999999999840e-02 -1.336730999999999980e+01 0.000000000000000000e+00
1.470000000000000000e+02 7.333000000000000629e-02 -1.118063000000000073e+01 0.000000000000000000e+00
1.480000000000000000e+02 1.535400000000000098e-01 -9.096429999999999794e+00 0.000000000000000000e+00
1.490000000000000000e+02 1.809399999999999897e-01 -6.969210000000000349e+00 0.000000000000000000e+00
1.500000000000000000e+02 3.286000000000000032e-01 -4.882799999999999585e+00 0.000000000000000000e+00
1.510000000000000000e+02 3.530499999999999750e-01 -2.780679999999999819e+00 0.000000000000000000e+00
1.520000000000000000e+02 -1.425720000000000098e+00 -2.475799999999999945e-01 0.000000000000000000e+00
1.530000000000000000e+02 6.479500000000000259e-01 1.431669999999999998e+00 0.000000000000000000e+00
1.540000000000000000e+02 7.438599999999999657e-01 3.630990000000000162e+00 0.000000000000000000e+00
1.550000000000000000e+02 8.629200000000000204e-01 5.705549999999999677e+00 0.000000000000000000e+00
1.560000000000000000e+02 8.208800000000000541e-01 7.771029999999999660e+00 0.000000000000000000e+00
1.570000000000000000e+02 9.579600000000000337e-01 9.841730000000000089e+00 0.000000000000000000e+00
1.580000000000000000e+02 1.066959999999999908e+00 1.191783000000000037e+01 0.000000000000000000e+00
1.590000000000000000e+02 1.103969999999999896e+00 1.401751999999999931e+01 0.000000000000000000e+00
1.600000000000000000e+02 1.152169999999999916e+00 1.610317999999999827e+01 0.000000000000000000e+00
1.610000000000000000e+02 2.925899999999999945e+00 1.717366000000000170e+01 0.000000000000000000e+00
1.620000000000000000e+02 1.751300000000000079e+00 -1.665222999999999942e+01 0.000000000000000000e+00
1.630000000000000000e+02 1.895850000000000035e+00 -1.455439999999999934e+01 0.000000000000000000e+00
1.640000000000000000e+02 1.875490000000000101e+00 -1.229053000000000040e+01 0.000000000000000000e+00
1.650000000000000000e+02 1.982069999999999999e+00 -1.015525000000000055e+01 0.000000000000000000e+00
1.660000000000000000e+02 1.984599999999999920e+00 -8.073539999999999495e+00 0.000000000000000000e+00
1.670000000000000000e+02 2.078730000000000189e+00 -5.970589999999999620e+00 0.000000000000000000e+00
1.680000000000000000e+02 2.137890000000000068e+00 -3.835729999999999862e+00 0.000000000000000000e+00
1.690000000000000000e+02 2.387599999999999945e+00 -1.775870000000000060e+00 0.000000000000000000e+00
1.700000000000000000e+02 6.074100000000000055e-01 -6.867199999999999971e-01 0.000000000000000000e+00
1.710000000000000000e+02 2.395680000000000032e+00 3.395799999999999930e-01 0.000000000000000000e+00
1.720000000000000000e+02 2.465980000000000061e+00 2.418839999999999879e+00 0.000000000000000000e+00
1.730000000000000000e+02 2.647349999999999870e+00 4.591910000000000380e+00 0.000000000000000000e+00
1.740000000000000000e+02 2.680149999999999810e+00 6.729090000000000238e+00 0.000000000000000000e+00
1.750000000000000000e+02 2.808710000000000040e+00 8.799759999999999138e+00 0.000000000000000000e+00
1.760000000000000000e+02 2.914530000000000065e+00 1.092392000000000074e+01 0.000000000000000000e+00
1.770000000000000000e+02 2.920030000000000125e+00 1.298902000000000001e+01 0.000000000000000000e+00
1.780000000000000000e+02 2.946099999999999941e+00 1.507559000000000005e+01 0.000000000000000000e+00
1.790000000000000000e+02 1.197799999999999976e+00 1.836432999999999893e+01 0.000000000000000000e+00
1.800000000000000000e+02 3.755749999999999922e+00 -1.768736000000000175e+01 0.000000000000000000e+00
1.810000000000000000e+02 3.697470000000000034e+00 -1.558948999999999963e+01 0.000000000000000000e+00
1.820000000000000000e+02 3.714960000000000040e+00 -1.341775999999999947e+01 0.000000000000000000e+00
1.830000000000000000e+02 3.736450000000000049e+00 -1.126224000000000025e+01 0.000000000000000000e+00
1.840000000000000000e+02 3.932240000000000180e+00 -9.132889999999999731e+00 0.000000000000000000e+00
1.850000000000000000e+02 3.855090000000000128e+00 -7.076419999999999710e+00 0.000000000000000000e+00
1.860000000000000000e+02 4.050539999999999807e+00 -4.937030000000000030e+00 0.000000000000000000e+00
1.870000000000000000e+02 4.146609999999999907e+00 -2.868850000000000122e+00 0.000000000000000000e+00
1.880000000000000000e+02 4.178300000000000125e+00 -7.542100000000000470e-01 0.000000000000000000e+00
1.890000000000000000e+02 4.283459999999999823e+00 1.415759999999999907e+00 0.000000000000000000e+00
1.900000000000000000e+02 4.408549999999999969e+00 3.471740000000000048e+00 0.000000000000000000e+00
1.910000000000000000e+02 4.519350000000000200e+00 5.641619999999999635e+00 0.000000000000000000e+00
1.920000000000000000e+02 4.615120000000000111e+00 7.754879999999999995e+00 0.000000000000000000e+00
1.930000000000000000e+02 4.682870000000000310e+00 9.852009999999999934e+00 0.000000000000000000e+00
1.940000000000000000e+02 4.859020000000000117e+00 1.198849000000000053e+01 0.000000000000000000e+00
1.950000000000000000e+02 4.827679999999999971e+00 1.407765000000000022e+01 0.000000000000000000e+00
1.960000000000000000e+02 4.833779999999999966e+00 1.620109000000000066e+01 0.000000000000000000e+00
1.970000000000000000e+02 3.074549999999999894e+00 1.955308000000000135e+01 0.000000000000000000e+00
1.980000000000000000e+02 5.545679999999999943e+00 -1.663291999999999859e+01 0.000000000000000000e+00
1.990000000000000000e+02 5.561160000000000103e+00 -1.454001000000000055e+01 0.000000000000000000e+00
2.000000000000000000e+02 5.560419999999999696e+00 -1.240163000000000082e+01 0.000000000000000000e+00
2.010000000000000000e+02 5.677609999999999602e+00 -1.028663000000000061e+01 0.000000000000000000e+00
2.020000000000000000e+02 5.754260000000000375e+00 -8.155300000000000438e+00 0.000000000000000000e+00
2.030000000000000000e+02 5.830739999999999590e+00 -6.085829999999999629e+00 0.000000000000000000e+00
2.040000000000000000e+02 5.905240000000000045e+00 -3.963870000000000005e+00 0.000000000000000000e+00
2.050000000000000000e+02 6.030579999999999607e+00 -1.857169999999999987e+00 0.000000000000000000e+00
2.060000000000000000e+02 7.858719999999999928e+00 -8.498799999999999688e-01 0.000000000000000000e+00
2.070000000000000000e+02 6.062780000000000058e+00 2.240300000000000069e-01 0.000000000000000000e+00
2.080000000000000000e+02 6.183550000000000324e+00 2.335310000000000219e+00 0.000000000000000000e+00
2.090000000000000000e+02 6.279090000000000060e+00 4.467640000000000278e+00 0.000000000000000000e+00
2.100000000000000000e+02 6.367890000000000050e+00 6.609820000000000029e+00 0.000000000000000000e+00
2.110000000000000000e+02 6.467340000000000089e+00 8.685810000000000031e+00 0.000000000000000000e+00
2.120000000000000000e+02 6.592500000000000249e+00 1.081667000000000023e+01 0.000000000000000000e+00
2.130000000000000000e+02 6.675629999999999953e+00 1.296452999999999989e+01 0.000000000000000000e+00
2.140000000000000000e+02 6.739329999999999821e+00 1.515845000000000020e+01 0.000000000000000000e+00
2.150000000000000000e+02 4.980220000000000091e+00 1.831417000000000073e+01 0.000000000000000000e+00
2.160000000000000000e+02 7.372749999999999915e+00 -1.558976000000000006e+01 0.000000000000000000e+00
2.170000000000000000e+02 7.391580000000000261e+00 -1.352754000000000012e+01 0.000000000000000000e+00
2.180000000000000000e+02 7.405420000000000336e+00 -1.142111000000000054e+01 0.000000000000000000e+00
2.190000000000000000e+02 7.516300000000000203e+00 -9.312160000000000437e+00 0.000000000000000000e+00
2.200000000000000000e+02 7.689210000000000100e+00 -7.105949999999999989e+00 0.000000000000000000e+00
2.210000000000000000e+02 7.770880000000000010e+00 -5.048199999999999577e+00 0.000000000000000000e+00
2.220000000000000000e+02 9.638230000000000075e+00 -3.862670000000000048e+00 0.000000000000000000e+00
2.230000000000000000e+02 7.800010000000000332e+00 -2.922670000000000101e+00 0.000000000000000000e+00
2.240000000000000000e+02 9.715609999999999857e+00 1.124499999999999944e-01 0.000000000000000000e+00
2.250000000000000000e+02 7.940199999999999925e+00 1.223999999999999977e+00 0.000000000000000000e+00
2.260000000000000000e+02 9.804539999999999367e+00 2.226500000000000146e+00 0.000000000000000000e+00
2.270000000000000000e+02 8.046630000000000393e+00 3.372409999999999908e+00 0.000000000000000000e+00
2.280000000000000000e+02 8.196600000000000108e+00 5.448999999999999844e+00 0.000000000000000000e+00
2.290000000000000000e+02 8.297150000000000247e+00 7.670149999999999579e+00 0.000000000000000000e+00
2.300000000000000000e+02 8.409589999999999677e+00 9.736829999999999430e+00 0.000000000000000000e+00
2.310000000000000000e+02 8.625339999999999563e+00 1.182170999999999950e+01 0.000000000000000000e+00
2.320000000000000000e+02 8.472780000000000200e+00 1.404410000000000025e+01 0.000000000000000000e+00
2.330000000000000000e+02 8.948470000000000368e+00 1.617760000000000176e+01 0.000000000000000000e+00
2.340000000000000000e+02 5.664340000000000153e+00 -1.870082999999999984e+01 0.000000000000000000e+00
2.350000000000000000e+02 9.181469999999999132e+00 -1.456174000000000035e+01 0.000000000000000000e+00
2.360000000000000000e+02 9.276830000000000354e+00 -1.248549000000000042e+01 0.000000000000000000e+00
2.370000000000000000e+02 9.304439999999999600e+00 -1.039943000000000062e+01 0.000000000000000000e+00
2.380000000000000000e+02 9.409549999999999415e+00 -8.296129999999999782e+00 0.000000000000000000e+00
2.390000000000000000e+02 9.598710000000000520e+00 -6.057839999999999669e+00 0.000000000000000000e+00
2.400000000000000000e+02 1.151539000000000001e+01 -5.240199999999999747e+00 0.000000000000000000e+00
2.410000000000000000e+02 1.155142999999999986e+01 -3.112169999999999881e+00 0.000000000000000000e+00
2.420000000000000000e+02 1.150057999999999936e+01 -1.050939999999999985e+00 0.000000000000000000e+00
2.430000000000000000e+02 1.171865999999999985e+01 1.009249999999999980e+00 0.000000000000000000e+00
2.440000000000000000e+02 1.169642999999999944e+01 3.205099999999999838e+00 0.000000000000000000e+00
2.450000000000000000e+02 9.940899999999999181e+00 4.340139999999999887e+00 0.000000000000000000e+00
2.460000000000000000e+02 1.007305000000000028e+01 6.550639999999999574e+00 0.000000000000000000e+00
2.470000000000000000e+02 1.021179000000000059e+01 8.628690000000000637e+00 0.000000000000000000e+00
2.480000000000000000e+02 1.043459999999999965e+01 1.071923999999999921e+01 0.000000000000000000e+00
2.490000000000000000e+02 1.044397999999999982e+01 1.279429000000000016e+01 0.000000000000000000e+00
2.500000000000000000e+02 1.059534000000000020e+01 1.491422999999999988e+01 0.000000000000000000e+00
2.510000000000000000e+02 6.936480000000000423e+00 1.727891999999999939e+01 0.000000000000000000e+00
2.520000000000000000e+02 9.321630000000000749e+00 -1.734355000000000047e+01 0.000000000000000000e+00
2.530000000000000000e+02 1.105011999999999972e+01 -1.360026000000000046e+01 0.000000000000000000e+00
2.540000000000000000e+02 1.111847000000000030e+01 -1.153172999999999959e+01 0.000000000000000000e+00
2.550000000000000000e+02 1.119405000000000072e+01 -9.425779999999999603e+00 0.000000000000000000e+00
2.560000000000000000e+02 1.135945000000000071e+01 -7.334629999999999761e+00 0.000000000000000000e+00
2.570000000000000000e+02 1.326455999999999946e+01 -6.444200000000000372e+00 0.000000000000000000e+00
2.580000000000000000e+02 1.528850000000000087e+01 -5.504789999999999850e+00 0.000000000000000000e+00
2.590000000000000000e+02 1.337274999999999991e+01 -4.306079999999999686e+00 0.000000000000000000e+00
2.600000000000000000e+02 1.335754000000000019e+01 -2.102780000000000094e+00 0.000000000000000000e+00
2.610000000000000000e+02 1.355328000000000088e+01 -3.099000000000000019e-02 0.000000000000000000e+00
2.620000000000000000e+02 1.353789000000000087e+01 2.037339999999999929e+00 0.000000000000000000e+00
2.630000000000000000e+02 1.360814000000000057e+01 4.226230000000000153e+00 0.000000000000000000e+00
2.640000000000000000e+02 1.178306000000000076e+01 5.307450000000000223e+00 0.000000000000000000e+00
2.650000000000000000e+02 1.196077999999999975e+01 7.438279999999999781e+00 0.000000000000000000e+00
2.660000000000000000e+02 1.223437000000000019e+01 9.622510000000000119e+00 0.000000000000000000e+00
2.670000000000000000e+02 1.225567000000000029e+01 1.175702000000000069e+01 0.000000000000000000e+00
2.680000000000000000e+02 1.435336000000000034e+01 1.264209999999999923e+01 0.000000000000000000e+00
2.690000000000000000e+02 1.260723999999999911e+01 1.412589999999999968e+01 0.000000000000000000e+00
2.700000000000000000e+02 1.081441000000000052e+01 -1.591344999999999921e+01 0.000000000000000000e+00
2.710000000000000000e+02 1.296438999999999986e+01 -1.275805000000000078e+01 0.000000000000000000e+00
2.720000000000000000e+02 1.303356999999999921e+01 -1.067507999999999946e+01 0.000000000000000000e+00
2.730000000000000000e+02 1.490972000000000008e+01 -9.788159999999999528e+00 0.000000000000000000e+00
2.740000000000000000e+02 1.311506999999999934e+01 -8.586869999999999337e+00 0.000000000000000000e+00
2.750000000000000000e+02 1.499107000000000056e+01 -7.673250000000000348e+00 0.000000000000000000e+00
2.760000000000000000e+02 1.707589000000000112e+01 -4.446460000000000079e+00 0.000000000000000000e+00
2.770000000000000000e+02 1.528321000000000041e+01 -3.364269999999999872e+00 0.000000000000000000e+00
2.780000000000000000e+02 1.529064999999999941e+01 -1.196720000000000006e+00 0.000000000000000000e+00
2.790000000000000000e+02 1.539649999999999963e+01 9.340300000000000269e-01 0.000000000000000000e+00
2.800000000000000000e+02 1.535679000000000016e+01 3.031489999999999796e+00 0.000000000000000000e+00
2.810000000000000000e+02 1.554044999999999987e+01 5.261169999999999902e+00 0.000000000000000000e+00
2.820000000000000000e+02 1.759153999999999840e+01 6.424699999999999633e+00 0.000000000000000000e+00
2.830000000000000000e+02 1.373930000000000007e+01 6.349529999999999674e+00 0.000000000000000000e+00
2.840000000000000000e+02 1.574390000000000001e+01 7.364519999999999733e+00 0.000000000000000000e+00
2.850000000000000000e+02 1.397863000000000078e+01 8.510790000000000077e+00 0.000000000000000000e+00
2.860000000000000000e+02 1.609167000000000058e+01 9.425250000000000128e+00 0.000000000000000000e+00
2.870000000000000000e+02 1.420598999999999990e+01 1.056736000000000075e+01 0.000000000000000000e+00
2.880000000000000000e+02 1.282426000000000066e+01 -1.501215999999999973e+01 0.000000000000000000e+00
2.890000000000000000e+02 1.497207000000000043e+01 -1.227467000000000041e+01 0.000000000000000000e+00
2.900000000000000000e+02 1.675983000000000089e+01 -1.111275999999999975e+01 0.000000000000000000e+00
2.910000000000000000e+02 1.906810000000000116e+01 -2.988490000000000091e+00 0.000000000000000000e+00
2.920000000000000000e+02 1.681593000000000160e+01 -8.773139999999999716e+00 0.000000000000000000e+00
2.930000000000000000e+02 1.704758999999999958e+01 -6.568329999999999558e+00 0.000000000000000000e+00
2.940000000000000000e+02 1.912269999999999825e+01 -8.591499999999999693e-01 0.000000000000000000e+00
2.950000000000000000e+02 1.708079999999999998e+01 -2.274189999999999934e+00 0.000000000000000000e+00
2.960000000000000000e+02 1.719197000000000131e+01 -1.089999999999999997e-01 0.000000000000000000e+00
2.970000000000000000e+02 1.918992000000000075e+01 2.693470000000000031e+00 0.000000000000000000e+00
2.980000000000000000e+02 1.720573999999999870e+01 2.150830000000000020e+00 0.000000000000000000e+00
2.990000000000000000e+02 1.753582000000000107e+01 4.257810000000000095e+00 0.000000000000000000e+00
