0.000000000000000000e+00 -1.584473999999999982e+01 -1.645807999999999893e+01 0.000000000000000000e+00
1.000000000000000000e+00 -1.642137999999999920e+01 -1.437185999999999986e+01 0.000000000000000000e+00
2.000000000000000000e+00 -1.711204000000000036e+01 -1.237869000000000064e+01 0.000000000000000000e+00
3.000000000000000000e+00 -1.793095999999999890e+01 -1.035950000000000060e+01 0.000000000000000000e+00
4.000000000000000000e+00 -1.841151999999999944e+01 -7.665000000000000036e+00 0.000000000000000000e+00
5.000000000000000000e+00 -2.026769000000000176e+01 -6.696659999999999613e+00 0.000000000000000000e+00
6.000000000000000000e+00 -1.741339999999999932e+01 -4.504179999999999851e+00 0.000000000000000000e+00
7.000000000000000000e+00 -1.940138999999999925e+01 -3.766059999999999963e+00 0.000000000000000000e+00
8.000000000000000000e+00 -1.860914000000000001e+01 -1.799530000000000074e+00 0.000000000000000000e+00
9.000000000000000000e+00 -2.005196000000000112e+01 2.508799999999999919e-01 0.000000000000000000e+00
1.000000000000000000e+01 -1.904514999999999958e+01 2.308739999999999792e+00 0.000000000000000000e+00
1.100000000000000000e+01 -1.808185999999999893e+01 4.235660000000000203e+00 0.000000000000000000e+00
1.200000000000000000e+01 -1.824345999999999890e+01 6.502710000000000434e+00 0.000000000000000000e+00
1.300000000000000000e+01 -1.960924999999999940e+01 8.468220000000000525e+00 0.000000000000000000e+00
1.400000000000000000e+01 -1.756440999999999875e+01 9.009840000000000515e+00 0.000000000000000000e+00
1.500000000000000000e+01 -1.804024000000000072e+01 1.265193999999999974e+01 0.000000000000000000e+00
1.600000000000000000e+01 -1.718087999999999838e+01 1.456267000000000067e+01 0.000000000000000000e+00
1.700000000000000000e+01 -1.633127999999999957e+01 1.644924999999999926e+01 0.000000000000000000e+00
1.800000000000000000e+01 -1.364222999999999963e+01 -1.691069999999999851e+01 0.000000000000000000e+00
1.900000000000000000e+01 -1.423570999999999920e+01 -1.474953000000000003e+01 0.000000000000000000e+00
2.000000000000000000e+01 -1.508343999999999951e+01 -1.279147000000000034e+01 0.000000000000000000e+00
2.100000000000000000e+01 -1.584440000000000026e+01 -1.067777000000000065e+01 0.000000000000000000e+00
2.200000000000000000e+01 -1.657665000000000077e+01 -8.636630000000000251e+00 0.000000000000000000e+00
2.300000000000000000e+01 -1.664705000000000013e+01 -6.566270000000000273e+00 0.000000000000000000e+00
2.400000000000000000e+01 -1.519759999999999955e+01 -4.909889999999999866e+00 0.000000000000000000e+00
2.500000000000000000e+01 -1.581028000000000056e+01 -2.727399999999999824e+00 0.000000000000000000e+00
2.600000000000000000e+01 -1.622759999999999891e+01 -6.683200000000000252e-01 0.000000000000000000e+00
2.700000000000000000e+01 -1.787431000000000125e+01 5.708499999999999686e-01 0.000000000000000000e+00
2.800000000000000000e+01 -1.676773999999999987e+01 2.354270000000000085e+00 0.000000000000000000e+00
2.900000000000000000e+01 -1.614124999999999943e+01 5.043989999999999974e+00 0.000000000000000000e+00
3.000000000000000000e+01 -1.606850999999999985e+01 7.133370000000000211e+00 0.000000000000000000e+00
3.100000000000000000e+01 -1.544862000000000002e+01 9.102629999999999555e+00 0.000000000000000000e+00
3.200000000000000000e+01 -1.660041999999999973e+01 1.090573000000000015e+01 0.000000000000000000e+00
3.300000000000000000e+01 -1.578031000000000006e+01 1.283114999999999917e+01 0.000000000000000000e+00
3.400000000000000000e+01 -1.485199000000000069e+01 1.477549999999999919e+01 0.000000000000000000e+00
3.500000000000000000e+01 -1.412162000000000006e+01 1.673736999999999853e+01 0.000000000000000000e+00
3.600000000000000000e+01 -1.154246999999999979e+01 -1.726601000000000141e+01 0.000000000000000000e+00
3.700000000000000000e+01 -1.221011000000000024e+01 -1.524028999999999989e+01 0.000000000000000000e+00
3.800000000000000000e+01 -1.299219000000000079e+01 -1.305739999999999945e+01 0.000000000000000000e+00
3.900000000000000000e+01 -1.374296999999999969e+01 -1.093221999999999916e+01 0.000000000000000000e+00
4.000000000000000000e+01 -1.454776000000000025e+01 -9.006190000000000140e+00 0.000000000000000000e+00
4.100000000000000000e+01 -1.458512999999999948e+01 -6.931099999999999817e+00 0.000000000000000000e+00
4.200000000000000000e+01 -1.315468000000000082e+01 -5.268220000000000347e+00 0.000000000000000000e+00
4.300000000000000000e+01 -1.369608000000000025e+01 -3.251710000000000100e+00 0.000000000000000000e+00
4.400000000000000000e+01 -1.406753999999999927e+01 -8.673699999999999743e-01 0.000000000000000000e+00
4.500000000000000000e+01 -1.488245000000000040e+01 1.087660000000000071e+00 0.000000000000000000e+00
4.600000000000000000e+01 -1.491827999999999932e+01 3.376570000000000071e+00 0.000000000000000000e+00
4.700000000000000000e+01 -1.400905999999999985e+01 5.439729999999999954e+00 0.000000000000000000e+00
4.800000000000000000e+01 -1.400453000000000081e+01 7.510849999999999582e+00 0.000000000000000000e+00
4.900000000000000000e+01 -1.321535000000000082e+01 9.499269999999999214e+00 0.000000000000000000e+00
5.000000000000000000e+01 -1.451228000000000051e+01 1.110767000000000060e+01 0.000000000000000000e+00
5.100000000000000000e+01 -1.364109999999999978e+01 1.309299000000000035e+01 0.000000000000000000e+00
5.200000000000000000e+01 -1.281333000000000055e+01 1.510361999999999938e+01 0.000000000000000000e+00
5.300000000000000000e+01 -1.208638999999999974e+01 1.724456999999999951e+01 0.000000000000000000e+00
5.400000000000000000e+01 -9.458600000000000563e+00 -1.786890999999999963e+01 0.000000000000000000e+00
5.500000000000000000e+01 -1.014326999999999934e+01 -1.562650999999999968e+01 0.000000000000000000e+00
5.600000000000000000e+01 -1.076684999999999981e+01 -1.350121000000000038e+01 0.000000000000000000e+00
5.700000000000000000e+01 -1.153848999999999947e+01 -1.158309000000000033e+01 0.000000000000000000e+00
5.800000000000000000e+01 -1.221935000000000038e+01 -9.467320000000000846e+00 0.000000000000000000e+00
5.900000000000000000e+01 -1.255747999999999998e+01 -7.316189999999999749e+00 0.000000000000000000e+00
6.000000000000000000e+01 -1.108735000000000070e+01 -5.728220000000000312e+00 0.000000000000000000e+00
6.100000000000000000e+01 -1.139234000000000080e+01 -3.532570000000000210e+00 0.000000000000000000e+00
6.200000000000000000e+01 -1.205232999999999954e+01 -1.292829999999999924e+00 0.000000000000000000e+00
6.300000000000000000e+01 -1.258394999999999975e+01 7.125899999999999457e-01 0.000000000000000000e+00
6.400000000000000000e+01 -1.285314999999999941e+01 3.060960000000000125e+00 0.000000000000000000e+00
6.500000000000000000e+01 -1.190831000000000017e+01 5.358730000000000437e+00 0.000000000000000000e+00
6.600000000000000000e+01 -1.195261999999999958e+01 7.739969999999999573e+00 0.000000000000000000e+00
6.700000000000000000e+01 -1.102280999999999977e+01 9.632759999999999323e+00 0.000000000000000000e+00
6.800000000000000000e+01 -1.231568000000000040e+01 1.151163000000000025e+01 0.000000000000000000e+00
6.900000000000000000e+01 -1.145587000000000089e+01 1.345970999999999940e+01 0.000000000000000000e+00
7.000000000000000000e+01 -1.068856000000000073e+01 1.546794000000000047e+01 0.000000000000000000e+00
7.100000000000000000e+01 -1.034975999999999985e+01 1.840587000000000018e+01 0.000000000000000000e+00
7.200000000000000000e+01 -7.292419999999999902e+00 -1.799914000000000058e+01 0.000000000000000000e+00
7.300000000000000000e+01 -8.054380000000000095e+00 -1.593689999999999962e+01 0.000000000000000000e+00
7.400000000000000000e+01 -8.682280000000000442e+00 -1.383667999999999942e+01 0.000000000000000000e+00
7.500000000000000000e+01 -9.479599999999999582e+00 -1.190296999999999983e+01 0.000000000000000000e+00
7.600000000000000000e+01 -9.774250000000000327e+00 -9.831269999999999953e+00 0.000000000000000000e+00
7.700000000000000000e+01 -1.029416999999999938e+01 -7.758589999999999876e+00 0.000000000000000000e+00
7.800000000000000000e+01 -9.307100000000000151e+00 -4.703219999999999956e+00 0.000000000000000000e+00
7.900000000000000000e+01 -1.006357000000000035e+01 -1.905180000000000096e+00 0.000000000000000000e+00
8.000000000000000000e+01 -1.055302000000000007e+01 2.539500000000000091e-01 0.000000000000000000e+00
8.100000000000000000e+01 -8.995319999999999538e+00 1.827599999999999891e+00 0.000000000000000000e+00
8.200000000000000000e+01 -1.065855999999999959e+01 3.036820000000000075e+00 0.000000000000000000e+00
8.300000000000000000e+01 -9.739420000000000854e+00 5.261059999999999626e+00 0.000000000000000000e+00
8.400000000000000000e+01 -9.836560000000000414e+00 7.411950000000000038e+00 0.000000000000000000e+00
8.500000000000000000e+01 -8.950379999999999114e+00 9.953300000000000480e+00 0.000000000000000000e+00
8.600000000000000000e+01 -1.014164000000000065e+01 1.164658000000000015e+01 0.000000000000000000e+00
8.700000000000000000e+01 -9.391750000000000043e+00 1.362157000000000018e+01 0.000000000000000000e+00
8.800000000000000000e+01 -8.619889999999999830e+00 1.581616000000000000e+01 0.000000000000000000e+00
8.900000000000000000e+01 -8.122059999999999391e+00 1.784735999999999834e+01 0.000000000000000000e+00
9.000000000000000000e+01 -6.234499999999999709e+00 -2.009286000000000172e+01 0.000000000000000000e+00
9.100000000000000000e+01 -5.939409999999999634e+00 -1.628590000000000160e+01 0.000000000000000000e+00
9.200000000000000000e+01 -6.414310000000000400e+00 -1.422934000000000054e+01 0.000000000000000000e+00
9.300000000000000000e+01 -7.285140000000000171e+00 -1.232362000000000002e+01 0.000000000000000000e+00
9.400000000000000000e+01 -7.571080000000000254e+00 -1.023639999999999972e+01 0.000000000000000000e+00
9.500000000000000000e+01 -8.259230000000000516e+00 -8.160140000000000171e+00 0.000000000000000000e+00
9.600000000000000000e+01 -7.676999999999999602e+00 -6.123289999999999900e+00 0.000000000000000000e+00
9.700000000000000000e+01 -8.228429999999999467e+00 -2.911430000000000184e+00 0.000000000000000000e+00
9.800000000000000000e+01 -8.501620000000000843e+00 -4.235599999999999921e-01 0.000000000000000000e+00
9.900000000000000000e+01 -6.995190000000000019e+00 1.224909999999999943e+00 0.000000000000000000e+00
1.000000000000000000e+02 -8.092829999999999302e+00 3.856430000000000025e+00 0.000000000000000000e+00
1.010000000000000000e+02 -7.158120000000000260e+00 5.782370000000000232e+00 0.000000000000000000e+00
1.020000000000000000e+02 -7.890819999999999723e+00 8.175810000000000244e+00 0.000000000000000000e+00
1.030000000000000000e+02 -6.876290000000000013e+00 9.965999999999999304e+00 0.000000000000000000e+00
1.040000000000000000e+02 -7.941169999999999618e+00 1.178857999999999961e+01 0.000000000000000000e+00
1.050000000000000000e+02 -7.181239999999999846e+00 1.406597000000000008e+01 0.000000000000000000e+00
1.060000000000000000e+02 -6.629019999999999690e+00 1.639854000000000056e+01 0.000000000000000000e+00
1.070000000000000000e+02 -5.957029999999999603e+00 1.842913000000000068e+01 0.000000000000000000e+00
1.080000000000000000e+02 -5.201340000000000074e+00 -1.823039999999999949e+01 0.000000000000000000e+00
1.090000000000000000e+02 -3.927610000000000046e+00 -1.578945000000000043e+01 0.000000000000000000e+00
1.100000000000000000e+02 -4.412040000000000184e+00 -1.348948999999999998e+01 0.000000000000000000e+00
1.110000000000000000e+02 -5.307080000000000020e+00 -1.163394000000000084e+01 0.000000000000000000e+00
1.120000000000000000e+02 -5.714599999999999902e+00 -9.214309999999999334e+00 0.000000000000000000e+00
1.130000000000000000e+02 -5.824539999999999829e+00 -7.119229999999999947e+00 0.000000000000000000e+00
1.140000000000000000e+02 -4.742549999999999599e+00 -5.300489999999999924e+00 0.000000000000000000e+00
1.150000000000000000e+02 -6.548040000000000305e+00 -4.178670000000000329e+00 0.000000000000000000e+00
1.160000000000000000e+02 -6.429090000000000416e+00 -1.832770000000000010e+00 0.000000000000000000e+00
1.170000000000000000e+02 -5.058460000000000178e+00 -1.927000000000000102e-01 0.000000000000000000e+00
1.180000000000000000e+02 -5.927880000000000038e+00 3.053710000000000147e+00 0.000000000000000000e+00
1.190000000000000000e+02 -5.089150000000000063e+00 5.365610000000000213e+00 0.000000000000000000e+00
1.200000000000000000e+02 -5.827630000000000088e+00 7.443290000000000184e+00 0.000000000000000000e+00
1.210000000000000000e+02 -4.731270000000000309e+00 9.234750000000000014e+00 0.000000000000000000e+00
1.220000000000000000e+02 -5.287849999999999717e+00 1.140902999999999956e+01 0.000000000000000000e+00
1.230000000000000000e+02 -5.071329999999999671e+00 1.349027000000000065e+01 0.000000000000000000e+00
1.240000000000000000e+02 -4.616590000000000416e+00 1.563785999999999987e+01 0.000000000000000000e+00
1.250000000000000000e+02 -4.142769999999999619e+00 1.969797000000000153e+01 0.000000000000000000e+00
1.260000000000000000e+02 -2.387919999999999821e+00 -1.967470000000000141e+01 0.000000000000000000e+00
1.270000000000000000e+02 -3.036220000000000141e+00 -1.766642999999999830e+01 0.000000000000000000e+00
1.280000000000000000e+02 -2.470819999999999794e+00 -1.423743999999999943e+01 0.000000000000000000e+00
1.290000000000000000e+02 -3.121750000000000025e+00 -1.178322999999999965e+01 0.000000000000000000e+00
1.300000000000000000e+02 -3.530800000000000161e+00 -9.405929999999999680e+00 0.000000000000000000e+00
1.310000000000000000e+02 -3.448179999999999801e+00 -6.901550000000000296e+00 0.000000000000000000e+00
1.320000000000000000e+02 -2.915630000000000166e+00 -4.107840000000000380e+00 0.000000000000000000e+00
1.330000000000000000e+02 -4.628790000000000404e+00 -2.895509999999999806e+00 0.000000000000000000e+00
1.340000000000000000e+02 -2.693630000000000191e+00 -9.612300000000000288e-01 0.000000000000000000e+00
1.350000000000000000e+02 -3.561440000000000161e+00 1.222660000000000080e+00 0.000000000000000000e+00
1.360000000000000000e+02 -3.830140000000000100e+00 3.278519999999999879e+00 0.000000000000000000e+00
1.370000000000000000e+02 -2.858159999999999812e+00 5.161739999999999995e+00 0.000000000000000000e+00
1.380000000000000000e+02 -3.106700000000000017e+00 7.344540000000000290e+00 0.000000000000000000e+00
1.390000000000000000e+02 -2.548020000000000174e+00 9.725239999999999441e+00 0.000000000000000000e+00
1.400000000000000000e+02 -2.758529999999999927e+00 1.215381999999999962e+01 0.000000000000000000e+00
1.410000000000000000e+02 -2.901180000000000092e+00 1.443399999999999928e+01 0.000000000000000000e+00
1.420000000000000000e+02 -3.719190000000000218e+00 1.751634999999999920e+01 0.000000000000000000e+00
1.430000000000000000e+02 -2.129779999999999784e+00 1.922515999999999892e+01 0.000000000000000000e+00
1.440000000000000000e+02 -9.569499999999999673e-01 -1.806201000000000079e+01 0.000000000000000000e+00
1.450000000000000000e+02 -9.187800000000000411e-01 -1.600431000000000026e+01 0.000000000000000000e+00
1.460000000000000000e+02 -4.470799999999999774e-01 -1.382155999999999985e+01 0.000000000000000000e+00
1.470000000000000000e+02 -9.228300000000000392e-01 -1.177230999999999916e+01 0.000000000000000000e+00
1.480000000000000000e+02 -8.629000000000000004e-01 -9.649490000000000123e+00 0.000000000000000000e+00
1.490000000000000000e+02 -1.449330000000000007e+00 -7.646889999999999965e+00 0.000000000000000000e+00
1.500000000000000000e+02 -1.399350000000000094e+00 -5.553810000000000358e+00 0.000000000000000000e+00
1.510000000000000000e+02 -9.231399999999999606e-01 -3.313299999999999912e+00 0.000000000000000000e+00
1.520000000000000000e+02 -4.467700000000000005e-01 -1.225109999999999921e+00 0.000000000000000000e+00
1.530000000000000000e+02 -1.383049999999999891e+00 7.007700000000000040e-01 0.000000000000000000e+00
1.540000000000000000e+02 -7.218299999999999716e-01 4.523920000000000385e+00 0.000000000000000000e+00
1.550000000000000000e+02 -5.975300000000000056e-01 6.583590000000000053e+00 0.000000000000000000e+00
1.560000000000000000e+02 -7.340700000000000003e-01 8.683820000000000761e+00 0.000000000000000000e+00
1.570000000000000000e+02 -7.645399999999999974e-01 1.088654000000000011e+01 0.000000000000000000e+00
1.580000000000000000e+02 -8.074099999999999611e-01 1.299130000000000074e+01 0.000000000000000000e+00
1.590000000000000000e+02 -9.456999999999999851e-01 1.517753000000000085e+01 0.000000000000000000e+00
1.600000000000000000e+02 -1.247169999999999890e+00 1.728497000000000128e+01 0.000000000000000000e+00
1.610000000000000000e+02 3.274299999999999988e-01 1.876255000000000095e+01 0.000000000000000000e+00
1.620000000000000000e+02 5.363200000000000189e-01 -1.967579999999999885e+01 0.000000000000000000e+00
1.630000000000000000e+02 1.275849999999999929e+00 -1.702030999999999850e+01 0.000000000000000000e+00
1.640000000000000000e+02 1.334219999999999962e+00 -1.494096000000000046e+01 0.000000000000000000e+00
1.650000000000000000e+02 1.359050000000000091e+00 -1.270539999999999914e+01 0.000000000000000000e+00
1.660000000000000000e+02 1.126989999999999936e+00 -1.058337000000000039e+01 0.000000000000000000e+00
1.670000000000000000e+02 6.703799999999999759e-01 -8.083149999999999835e+00 0.000000000000000000e+00
1.680000000000000000e+02 8.612699999999999800e-01 -5.641259999999999941e+00 0.000000000000000000e+00
1.690000000000000000e+02 1.335900000000000087e+00 -3.634240000000000137e+00 0.000000000000000000e+00
1.700000000000000000e+02 1.657909999999999995e+00 -1.370489999999999986e+00 0.000000000000000000e+00
1.710000000000000000e+02 1.090359999999999996e+00 7.046400000000000441e-01 0.000000000000000000e+00
1.720000000000000000e+02 -8.182999999999999996e-02 2.403960000000000097e+00 0.000000000000000000e+00
1.730000000000000000e+02 1.147990000000000066e+00 5.441300000000000026e+00 0.000000000000000000e+00
1.740000000000000000e+02 1.624819999999999931e+00 7.505119999999999791e+00 0.000000000000000000e+00
1.750000000000000000e+02 1.406290000000000040e+00 9.683180000000000121e+00 0.000000000000000000e+00
1.760000000000000000e+02 1.216860000000000053e+00 1.196827000000000041e+01 0.000000000000000000e+00
1.770000000000000000e+02 1.037730000000000041e+00 1.458239000000000019e+01 0.000000000000000000e+00
1.780000000000000000e+02 8.159600000000000186e-01 1.671201999999999899e+01 0.000000000000000000e+00
1.790000000000000000e+02 1.626840000000000064e+00 2.039698999999999884e+01 0.000000000000000000e+00
1.800000000000000000e+02 2.882219999999999782e+00 -1.857280000000000086e+01 0.000000000000000000e+00
1.810000000000000000e+02 3.148099999999999898e+00 -1.610607999999999862e+01 0.000000000000000000e+00
1.820000000000000000e+02 3.140649999999999942e+00 -1.395336999999999961e+01 0.000000000000000000e+00
1.830000000000000000e+02 3.263939999999999841e+00 -1.186294999999999966e+01 0.000000000000000000e+00
1.840000000000000000e+02 3.252940000000000165e+00 -9.652789999999999537e+00 0.000000000000000000e+00
1.850000000000000000e+02 2.850540000000000074e+00 -7.498599999999999710e+00 0.000000000000000000e+00
1.860000000000000000e+02 3.108610000000000095e+00 -5.319259999999999877e+00 0.000000000000000000e+00
1.870000000000000000e+02 3.342919999999999892e+00 -3.162869999999999848e+00 0.000000000000000000e+00
1.880000000000000000e+02 3.801149999999999807e+00 -4.143899999999999806e-01 0.000000000000000000e+00
1.890000000000000000e+02 2.949889999999999901e+00 1.636649999999999938e+00 0.000000000000000000e+00
1.900000000000000000e+02 2.744699999999999918e+00 3.724070000000000213e+00 0.000000000000000000e+00
1.910000000000000000e+02 4.452930000000000277e+00 5.557850000000000179e+00 0.000000000000000000e+00
1.920000000000000000e+02 4.119629999999999903e+00 7.786590000000000344e+00 0.000000000000000000e+00
1.930000000000000000e+02 3.746170000000000222e+00 9.953630000000000422e+00 0.000000000000000000e+00
1.940000000000000000e+02 3.517650000000000166e+00 1.200159000000000020e+01 0.000000000000000000e+00
1.950000000000000000e+02 3.167429999999999968e+00 1.407039999999999935e+01 0.000000000000000000e+00
1.960000000000000000e+02 2.995220000000000216e+00 1.612671999999999883e+01 0.000000000000000000e+00
1.970000000000000000e+02 2.461640000000000050e+00 1.827290999999999954e+01 0.000000000000000000e+00
1.980000000000000000e+02 4.774130000000000429e+00 -1.774210000000000065e+01 0.000000000000000000e+00
1.990000000000000000e+02 5.174979999999999691e+00 -1.563364999999999938e+01 0.000000000000000000e+00
2.000000000000000000e+02 5.434140000000000192e+00 -1.348007999999999917e+01 0.000000000000000000e+00
2.010000000000000000e+02 5.327300000000000146e+00 -1.138181999999999938e+01 0.000000000000000000e+00
2.020000000000000000e+02 5.390609999999999680e+00 -9.311410000000000409e+00 0.000000000000000000e+00
2.030000000000000000e+02 5.200580000000000425e+00 -7.214070000000000427e+00 0.000000000000000000e+00
2.040000000000000000e+02 5.251629999999999576e+00 -5.038619999999999877e+00 0.000000000000000000e+00
2.050000000000000000e+02 5.762179999999999858e+00 -2.664709999999999912e+00 0.000000000000000000e+00
2.060000000000000000e+02 6.270889999999999631e+00 -3.661900000000000155e-01 0.000000000000000000e+00
2.070000000000000000e+02 6.224029999999999951e+00 1.738140000000000018e+00 0.000000000000000000e+00
2.080000000000000000e+02 5.164869999999999628e+00 3.544049999999999923e+00 0.000000000000000000e+00
2.090000000000000000e+02 6.898060000000000080e+00 5.366699999999999804e+00 0.000000000000000000e+00
2.100000000000000000e+02 6.262909999999999755e+00 7.680119999999999614e+00 0.000000000000000000e+00
2.110000000000000000e+02 5.820490000000000386e+00 9.869369999999999976e+00 0.000000000000000000e+00
2.120000000000000000e+02 5.745619999999999727e+00 1.194832000000000072e+01 0.000000000000000000e+00
2.130000000000000000e+02 5.244710000000000427e+00 1.412941999999999965e+01 0.000000000000000000e+00
2.140000000000000000e+02 5.208719999999999573e+00 1.620353000000000065e+01 0.000000000000000000e+00
2.150000000000000000e+02 4.856390000000000207e+00 1.854658999999999835e+01 0.000000000000000000e+00
2.160000000000000000e+02 6.338460000000000427e+00 -1.915783000000000058e+01 0.000000000000000000e+00
2.170000000000000000e+02 6.743769999999999598e+00 -1.704804000000000030e+01 0.000000000000000000e+00
2.180000000000000000e+02 7.088809999999999611e+00 -1.478083999999999953e+01 0.000000000000000000e+00
2.190000000000000000e+02 7.410730000000000040e+00 -1.260450999999999944e+01 0.000000000000000000e+00
2.200000000000000000e+02 7.363949999999999996e+00 -1.045382000000000033e+01 0.000000000000000000e+00
2.210000000000000000e+02 7.277079999999999771e+00 -8.351720000000000255e+00 0.000000000000000000e+00
2.220000000000000000e+02 7.676099999999999923e+00 -6.285999999999999588e+00 0.000000000000000000e+00
2.230000000000000000e+02 7.228410000000000224e+00 -4.120610000000000106e+00 0.000000000000000000e+00
2.240000000000000000e+02 7.700779999999999959e+00 -1.922760000000000025e+00 0.000000000000000000e+00
2.250000000000000000e+02 8.335969999999999658e+00 1.396600000000000064e-01 0.000000000000000000e+00
2.260000000000000000e+02 8.615330000000000155e+00 2.594320000000000181e+00 0.000000000000000000e+00
2.270000000000000000e+02 8.886279999999999291e+00 4.808320000000000149e+00 0.000000000000000000e+00
2.280000000000000000e+02 8.317370000000000374e+00 7.020699999999999719e+00 0.000000000000000000e+00
2.290000000000000000e+02 7.791339999999999932e+00 9.139170000000000016e+00 0.000000000000000000e+00
2.300000000000000000e+02 7.659370000000000012e+00 1.119663000000000075e+01 0.000000000000000000e+00
2.310000000000000000e+02 7.330560000000000187e+00 1.330518999999999963e+01 0.000000000000000000e+00
2.320000000000000000e+02 7.151539999999999786e+00 1.537400000000000055e+01 0.000000000000000000e+00
2.330000000000000000e+02 7.002740000000000187e+00 1.747519000000000133e+01 0.000000000000000000e+00
2.340000000000000000e+02 8.398260000000000502e+00 -1.829732999999999876e+01 0.000000000000000000e+00
2.350000000000000000e+02 8.723599999999999355e+00 -1.624864000000000175e+01 0.000000000000000000e+00
2.360000000000000000e+02 9.201299999999999812e+00 -1.419026000000000032e+01 0.000000000000000000e+00
2.370000000000000000e+02 9.530070000000000263e+00 -1.177411999999999992e+01 0.000000000000000000e+00
2.380000000000000000e+02 9.273569999999999425e+00 -9.627299999999999969e+00 0.000000000000000000e+00
2.390000000000000000e+02 9.429919999999999192e+00 -7.496299999999999741e+00 0.000000000000000000e+00
2.400000000000000000e+02 1.003142000000000067e+01 -5.323419999999999597e+00 0.000000000000000000e+00
2.410000000000000000e+02 9.229279999999999262e+00 -3.422439999999999927e+00 0.000000000000000000e+00
2.420000000000000000e+02 9.847350000000000492e+00 -1.351050000000000084e+00 0.000000000000000000e+00
2.430000000000000000e+02 1.074483999999999995e+01 5.512399999999999523e-01 0.000000000000000000e+00
2.440000000000000000e+02 1.097312999999999938e+01 3.829870000000000108e+00 0.000000000000000000e+00
2.450000000000000000e+02 1.029287000000000063e+01 6.382850000000000357e+00 0.000000000000000000e+00
2.460000000000000000e+02 9.914529999999999177e+00 8.594379999999999242e+00 0.000000000000000000e+00
2.470000000000000000e+02 9.739599999999999369e+00 1.071092999999999940e+01 0.000000000000000000e+00
2.480000000000000000e+02 9.579219999999999402e+00 1.280573000000000050e+01 0.000000000000000000e+00
2.490000000000000000e+02 9.233950000000000102e+00 1.507587000000000010e+01 0.000000000000000000e+00
2.500000000000000000e+02 9.080730000000000857e+00 1.723513000000000162e+01 0.000000000000000000e+00
2.510000000000000000e+02 8.356629999999999114e+00 1.922622000000000142e+01 0.000000000000000000e+00
2.520000000000000000e+02 1.054471999999999987e+01 -1.765308999999999884e+01 0.000000000000000000e+00
2.530000000000000000e+02 1.089747000000000021e+01 -1.555878000000000050e+01 0.000000000000000000e+00
2.540000000000000000e+02 1.124727999999999994e+01 -1.348770000000000024e+01 0.000000000000000000e+00
2.550000000000000000e+02 1.203888000000000069e+01 -1.089151999999999987e+01 0.000000000000000000e+00
2.560000000000000000e+02 1.123090999999999973e+01 -8.952009999999999579e+00 0.000000000000000000e+00
2.570000000000000000e+02 1.151285000000000025e+01 -6.802459999999999951e+00 0.000000000000000000e+00
2.580000000000000000e+02 1.250676999999999950e+01 -4.918499999999999872e+00 0.000000000000000000e+00
2.590000000000000000e+02 1.130851999999999968e+01 -3.240689999999999849e+00 0.000000000000000000e+00
2.600000000000000000e+02 1.198474000000000039e+01 -1.220879999999999965e+00 0.000000000000000000e+00
2.610000000000000000e+02 1.280395000000000039e+01 8.300699999999999745e-01 0.000000000000000000e+00
2.620000000000000000e+02 1.322996999999999979e+01 3.071590000000000042e+00 0.000000000000000000e+00
2.630000000000000000e+02 1.231733999999999973e+01 5.550629999999999953e+00 0.000000000000000000e+00
2.640000000000000000e+02 1.250144000000000055e+01 7.758110000000000284e+00 0.000000000000000000e+00
2.650000000000000000e+02 1.187514000000000003e+01 9.897399999999999309e+00 0.000000000000000000e+00
2.660000000000000000e+02 1.154019000000000084e+01 1.193599999999999994e+01 0.000000000000000000e+00
2.670000000000000000e+02 1.121109000000000044e+01 1.413880999999999943e+01 0.000000000000000000e+00
2.680000000000000000e+02 1.097081999999999979e+01 1.627575999999999823e+01 0.000000000000000000e+00
2.690000000000000000e+02 1.256283999999999956e+01 1.758307999999999893e+01 0.000000000000000000e+00
2.700000000000000000e+02 1.264475000000000016e+01 -1.690510000000000090e+01 0.000000000000000000e+00
2.710000000000000000e+02 1.285936000000000057e+01 -1.485228999999999999e+01 0.000000000000000000e+00
2.720000000000000000e+02 1.333938999999999986e+01 -1.280677999999999983e+01 0.000000000000000000e+00
2.730000000000000000e+02 1.454751000000000083e+01 -1.099736000000000047e+01 0.000000000000000000e+00
2.740000000000000000e+02 1.330636999999999937e+01 -9.221320000000000405e+00 0.000000000000000000e+00
2.750000000000000000e+02 1.360845999999999911e+01 -7.188019999999999854e+00 0.000000000000000000e+00
2.760000000000000000e+02 1.459338999999999942e+01 -5.259999999999999787e+00 0.000000000000000000e+00
2.770000000000000000e+02 1.340503999999999962e+01 -2.872450000000000170e+00 0.000000000000000000e+00
2.780000000000000000e+02 1.415987999999999936e+01 -8.338400000000000256e-01 0.000000000000000000e+00
2.790000000000000000e+02 1.486147000000000062e+01 1.172320000000000029e+00 0.000000000000000000e+00
2.800000000000000000e+02 1.541769999999999996e+01 3.239399999999999835e+00 0.000000000000000000e+00
2.810000000000000000e+02 1.439442000000000021e+01 5.220390000000000086e+00 0.000000000000000000e+00
2.820000000000000000e+02 1.451396000000000086e+01 7.286579999999999835e+00 0.000000000000000000e+00
2.830000000000000000e+02 1.386904999999999966e+01 9.310700000000000642e+00 0.000000000000000000e+00
2.840000000000000000e+02 1.358548000000000044e+01 1.140041000000000082e+01 0.000000000000000000e+00
2.850000000000000000e+02 1.575488000000000000e+01 1.195456000000000074e+01 0.000000000000000000e+00
2.860000000000000000e+02 1.418477999999999994e+01 1.341999000000000031e+01 0.000000000000000000e+00
2.870000000000000000e+02 1.290523999999999916e+01 1.529987999999999992e+01 0.000000000000000000e+00
2.880000000000000000e+02 1.466088000000000058e+01 -1.607351999999999848e+01 0.000000000000000000e+00
2.890000000000000000e+02 1.528833999999999982e+01 -1.399352999999999980e+01 0.000000000000000000e+00
2.900000000000000000e+02 1.642770000000000152e+01 -1.224274999999999913e+01 0.000000000000000000e+00
2.910000000000000000e+02 1.740982999999999947e+01 -1.042413999999999952e+01 0.000000000000000000e+00
2.920000000000000000e+02 1.543703999999999965e+01 -9.087669999999999249e+00 0.000000000000000000e+00
2.930000000000000000e+02 1.597071000000000041e+01 -6.925699999999999967e+00 0.000000000000000000e+00
2.940000000000000000e+02 1.772500000000000142e+01 -5.760620000000000296e+00 0.000000000000000000e+00
2.950000000000000000e+02 1.547836999999999996e+01 -2.562289999999999957e+00 0.000000000000000000e+00
2.960000000000000000e+02 1.631494000000000000e+01 -4.521600000000000064e-01 0.000000000000000000e+00
2.970000000000000000e+02 1.821969999999999956e+01 5.586699999999999999e-01 0.000000000000000000e+00
2.980000000000000000e+02 1.752636000000000038e+01 3.043029999999999902e+00 0.000000000000000000e+00
2.990000000000000000e+02 1.647120999999999924e+01 4.996830000000000105e+00 0.000000000000000000e+00
