0.000000000000000000e+00 -1.074932000000000087e+01 -1.514380000000000059e+01 0.000000000000000000e+00
1.000000000000000000e+00 -1.356700000000000017e+01 -1.342768000000000050e+01 0.000000000000000000e+00
2.000000000000000000e+00 -1.465299000000000085e+01 -1.145730999999999966e+01 0.000000000000000000e+00
3.000000000000000000e+00 -1.532400999999999947e+01 -9.254469999999999530e+00 0.000000000000000000e+00
4.000000000000000000e+00 -1.656218000000000146e+01 -7.541909999999999670e+00 0.000000000000000000e+00
5.000000000000000000e+00 -1.732016000000000133e+01 -5.486869999999999692e+00 0.000000000000000000e+00
6.000000000000000000e+00 -1.610467999999999833e+01 -3.472980000000000178e+00 0.000000000000000000e+00
7.000000000000000000e+00 -1.827929999999999922e+01 -3.424929999999999808e+00 0.000000000000000000e+00
8.000000000000000000e+00 -1.693887000000000143e+01 -1.459729999999999972e+00 0.000000000000000000e+00
9.000000000000000000e+00 -1.959479999999999933e+01 -1.702409999999999979e+00 0.000000000000000000e+00
1.000000000000000000e+01 -1.800450000000000017e+01 5.233499999999999819e-01 0.000000000000000000e+00
1.100000000000000000e+01 -2.003464999999999918e+01 1.265779999999999905e+00 0.000000000000000000e+00
1.200000000000000000e+01 -1.619330000000000069e+01 6.296039999999999637e+00 0.000000000000000000e+00
1.300000000000000000e+01 -1.768047999999999931e+01 4.829989999999999561e+00 0.000000000000000000e+00
1.400000000000000000e+01 -1.867706000000000088e+01 2.836689999999999934e+00 0.000000000000000000e+00
1.500000000000000000e+01 -1.706588999999999956e+01 9.157640000000000668e+00 0.000000000000000000e+00
1.600000000000000000e+01 -1.499418999999999969e+01 1.252809000000000061e+01 0.000000000000000000e+00
1.700000000000000000e+01 -1.295462999999999987e+01 1.412981000000000087e+01 0.000000000000000000e+00
1.800000000000000000e+01 -8.620599999999999596e+00 -1.533812999999999960e+01 0.000000000000000000e+00
1.900000000000000000e+01 -1.149548000000000059e+01 -1.319242999999999988e+01 0.000000000000000000e+00
2.000000000000000000e+01 -1.234669000000000061e+01 -1.124967000000000006e+01 0.000000000000000000e+00
2.100000000000000000e+01 -1.316924999999999990e+01 -9.354169999999999874e+00 0.000000000000000000e+00
2.200000000000000000e+01 -1.429030999999999985e+01 -7.452060000000000350e+00 0.000000000000000000e+00
2.300000000000000000e+01 -1.510336000000000034e+01 -5.537819999999999965e+00 0.000000000000000000e+00
2.400000000000000000e+01 -1.399559999999999960e+01 -3.714609999999999967e+00 0.000000000000000000e+00
2.500000000000000000e+01 -1.484584000000000081e+01 -1.584410000000000096e+00 0.000000000000000000e+00
2.600000000000000000e+01 -1.364664999999999928e+01 1.324899999999999967e-01 0.000000000000000000e+00
2.700000000000000000e+01 -1.576465999999999923e+01 2.778399999999999759e-01 0.000000000000000000e+00
2.800000000000000000e+01 -1.671164999999999878e+01 2.123170000000000002e+00 0.000000000000000000e+00
2.900000000000000000e+01 -1.546912000000000020e+01 4.015920000000000378e+00 0.000000000000000000e+00
3.000000000000000000e+01 -1.415321999999999925e+01 5.711389999999999745e+00 0.000000000000000000e+00
3.100000000000000000e+01 -1.297336999999999918e+01 7.452250000000000263e+00 0.000000000000000000e+00
3.200000000000000000e+01 -1.501059000000000054e+01 7.989200000000000301e+00 0.000000000000000000e+00
3.300000000000000000e+01 -1.534479999999999933e+01 1.045002000000000031e+01 0.000000000000000000e+00
3.400000000000000000e+01 -1.104609999999999914e+01 1.300644999999999918e+01 0.000000000000000000e+00
3.500000000000000000e+01 -1.101234000000000002e+01 1.509037999999999968e+01 0.000000000000000000e+00
3.600000000000000000e+01 -8.278140000000000498e+00 -1.739789000000000030e+01 0.000000000000000000e+00
3.700000000000000000e+01 -9.392030000000000101e+00 -1.332002999999999915e+01 0.000000000000000000e+00
3.800000000000000000e+01 -1.023892000000000024e+01 -1.134684999999999988e+01 0.000000000000000000e+00
3.900000000000000000e+01 -1.111322999999999972e+01 -9.474500000000000810e+00 0.000000000000000000e+00
4.000000000000000000e+01 -1.212960999999999956e+01 -7.526139999999999830e+00 0.000000000000000000e+00
4.100000000000000000e+01 -1.305727000000000082e+01 -5.655759999999999899e+00 0.000000000000000000e+00
4.200000000000000000e+01 -1.174632000000000076e+01 -3.954450000000000021e+00 0.000000000000000000e+00
4.300000000000000000e+01 -1.270246999999999993e+01 -2.032329999999999970e+00 0.000000000000000000e+00
4.400000000000000000e+01 -1.159619000000000000e+01 -1.021500000000000047e-01 0.000000000000000000e+00
4.500000000000000000e+01 -1.243618000000000023e+01 1.805449999999999999e+00 0.000000000000000000e+00
4.600000000000000000e+01 -1.460401000000000060e+01 1.986070000000000002e+00 0.000000000000000000e+00
4.700000000000000000e+01 -1.332943000000000033e+01 3.727669999999999817e+00 0.000000000000000000e+00
4.800000000000000000e+01 -1.207443999999999917e+01 5.435279999999999667e+00 0.000000000000000000e+00
4.900000000000000000e+01 -1.136900999999999939e+01 8.759359999999999147e+00 0.000000000000000000e+00
5.000000000000000000e+01 -1.314134999999999920e+01 9.948620000000000019e+00 0.000000000000000000e+00
5.100000000000000000e+01 -1.292760999999999960e+01 1.200464000000000020e+01 0.000000000000000000e+00
5.200000000000000000e+01 -9.141629999999999256e+00 1.387419000000000047e+01 0.000000000000000000e+00
5.300000000000000000e+01 -9.099019999999999442e+00 1.603395000000000081e+01 0.000000000000000000e+00
5.400000000000000000e+01 -6.256759999999999877e+00 -1.555153999999999925e+01 0.000000000000000000e+00
5.500000000000000000e+01 -7.201609999999999623e+00 -1.366372999999999927e+01 0.000000000000000000e+00
5.600000000000000000e+01 -8.084220000000000184e+00 -1.172109000000000023e+01 0.000000000000000000e+00
5.700000000000000000e+01 -9.016809999999999548e+00 -9.635109999999999175e+00 0.000000000000000000e+00
5.800000000000000000e+01 -9.948479999999999990e+00 -7.725609999999999644e+00 0.000000000000000000e+00
5.900000000000000000e+01 -1.086458000000000013e+01 -5.849459999999999660e+00 0.000000000000000000e+00
6.000000000000000000e+01 -9.589880000000000848e+00 -4.062689999999999912e+00 0.000000000000000000e+00
6.100000000000000000e+01 -1.058561000000000085e+01 -2.194630000000000081e+00 0.000000000000000000e+00
6.200000000000000000e+01 -9.524540000000000006e+00 -3.616400000000000170e-01 0.000000000000000000e+00
6.300000000000000000e+01 -1.036847000000000030e+01 1.587080000000000046e+00 0.000000000000000000e+00
6.400000000000000000e+01 -1.116557000000000066e+01 3.526860000000000106e+00 0.000000000000000000e+00
6.500000000000000000e+01 -9.985929999999999751e+00 5.254129999999999967e+00 0.000000000000000000e+00
6.600000000000000000e+01 -9.749769999999999825e+00 7.486200000000000188e+00 0.000000000000000000e+00
6.700000000000000000e+01 -9.488519999999999399e+00 9.664839999999999876e+00 0.000000000000000000e+00
6.800000000000000000e+01 -1.120997999999999983e+01 1.082145000000000046e+01 0.000000000000000000e+00
6.900000000000000000e+01 -9.340339999999999421e+00 1.180458999999999925e+01 0.000000000000000000e+00
7.000000000000000000e+01 -7.245169999999999888e+00 1.469064999999999976e+01 0.000000000000000000e+00
7.100000000000000000e+01 -7.184260000000000090e+00 1.684750999999999976e+01 0.000000000000000000e+00
7.200000000000000000e+01 -5.282350000000000101e+00 -1.741716999999999871e+01 0.000000000000000000e+00
7.300000000000000000e+01 -5.116539999999999644e+00 -1.375370999999999988e+01 0.000000000000000000e+00
7.400000000000000000e+01 -6.023550000000000182e+00 -1.184121000000000024e+01 0.000000000000000000e+00
7.500000000000000000e+01 -6.944650000000000212e+00 -9.889369999999999550e+00 0.000000000000000000e+00
7.600000000000000000e+01 -7.790650000000000297e+00 -7.930600000000000094e+00 0.000000000000000000e+00
7.700000000000000000e+01 -8.701810000000000045e+00 -6.062940000000000218e+00 0.000000000000000000e+00
7.800000000000000000e+01 -7.506560000000000343e+00 -4.271189999999999820e+00 0.000000000000000000e+00
7.900000000000000000e+01 -8.517200000000000770e+00 -2.247189999999999799e+00 0.000000000000000000e+00
8.000000000000000000e+01 -7.393629999999999924e+00 -4.168399999999999883e-01 0.000000000000000000e+00
8.100000000000000000e+01 -8.310330000000000439e+00 1.426069999999999949e+00 0.000000000000000000e+00
8.200000000000000000e+01 -8.746809999999999974e+00 3.574629999999999974e+00 0.000000000000000000e+00
8.300000000000000000e+01 -6.512579999999999814e+00 4.893299999999999983e+00 0.000000000000000000e+00
8.400000000000000000e+01 -8.120749999999999247e+00 6.203299999999999592e+00 0.000000000000000000e+00
8.500000000000000000e+01 -7.847940000000000360e+00 8.354350000000000165e+00 0.000000000000000000e+00
8.600000000000000000e+01 -7.561250000000000249e+00 1.052441999999999922e+01 0.000000000000000000e+00
8.700000000000000000e+01 -7.381470000000000198e+00 1.257874999999999943e+01 0.000000000000000000e+00
8.800000000000000000e+01 -5.313769999999999882e+00 1.330245000000000033e+01 0.000000000000000000e+00
8.900000000000000000e+01 -4.957729999999999748e+00 1.752606000000000108e+01 0.000000000000000000e+00
9.000000000000000000e+01 -4.047240000000000393e+00 -1.917548999999999992e+01 0.000000000000000000e+00
9.100000000000000000e+01 -3.981279999999999930e+00 -1.578336000000000006e+01 0.000000000000000000e+00
9.200000000000000000e+01 -3.924389999999999823e+00 -1.183417000000000030e+01 0.000000000000000000e+00
9.300000000000000000e+01 -4.761149999999999771e+00 -9.864010000000000389e+00 0.000000000000000000e+00
9.400000000000000000e+01 -5.679249999999999687e+00 -7.965349999999999930e+00 0.000000000000000000e+00
9.500000000000000000e+01 -6.446439999999999948e+00 -6.050379999999999647e+00 0.000000000000000000e+00
9.600000000000000000e+01 -5.110179999999999723e+00 -4.219330000000000247e+00 0.000000000000000000e+00
9.700000000000000000e+01 -6.316519999999999690e+00 -2.520290000000000141e+00 0.000000000000000000e+00
9.800000000000000000e+01 -5.298630000000000173e+00 -6.103499999999999481e-01 0.000000000000000000e+00
9.900000000000000000e+01 -5.183510000000000062e+00 1.515379999999999949e+00 0.000000000000000000e+00
1.000000000000000000e+02 -6.812490000000000379e+00 2.838319999999999954e+00 0.000000000000000000e+00
1.010000000000000000e+02 -4.862250000000000405e+00 3.599680000000000213e+00 0.000000000000000000e+00
1.020000000000000000e+02 -6.171909999999999563e+00 7.030739999999999768e+00 0.000000000000000000e+00
1.030000000000000000e+02 -4.243149999999999977e+00 7.804809999999999803e+00 0.000000000000000000e+00
1.040000000000000000e+02 -5.923700000000000188e+00 9.152359999999999829e+00 0.000000000000000000e+00
1.050000000000000000e+02 -5.562490000000000379e+00 1.125885000000000069e+01 0.000000000000000000e+00
1.060000000000000000e+02 -5.208510000000000417e+00 1.542149000000000036e+01 0.000000000000000000e+00
1.070000000000000000e+02 -2.252609999999999779e+00 1.897570999999999941e+01 0.000000000000000000e+00
1.080000000000000000e+02 -2.738210000000000033e+00 -1.755846999999999980e+01 0.000000000000000000e+00
1.090000000000000000e+02 -2.989959999999999951e+00 -1.372554000000000052e+01 0.000000000000000000e+00
1.100000000000000000e+02 -1.851709999999999967e+00 -1.199773000000000067e+01 0.000000000000000000e+00
1.110000000000000000e+02 -2.647940000000000182e+00 -1.004881999999999920e+01 0.000000000000000000e+00
1.120000000000000000e+02 -3.576430000000000220e+00 -8.143309999999999604e+00 0.000000000000000000e+00
1.130000000000000000e+02 -4.383849999999999802e+00 -6.191419999999999924e+00 0.000000000000000000e+00
1.140000000000000000e+02 -2.556369999999999809e+00 -5.213449999999999918e+00 0.000000000000000000e+00
1.150000000000000000e+02 -4.134450000000000180e+00 -2.319129999999999914e+00 0.000000000000000000e+00
1.160000000000000000e+02 -1.817800000000000082e+00 -9.978099999999999747e-01 0.000000000000000000e+00
1.170000000000000000e+02 -3.450079999999999814e+00 3.048000000000000154e-01 0.000000000000000000e+00
1.180000000000000000e+02 -3.149179999999999868e+00 2.353930000000000078e+00 0.000000000000000000e+00
1.190000000000000000e+02 -4.610129999999999839e+00 5.676510000000000389e+00 0.000000000000000000e+00
1.200000000000000000e+02 -2.594959999999999933e+00 6.570359999999999978e+00 0.000000000000000000e+00
1.210000000000000000e+02 -2.338340000000000085e+00 8.623570000000000846e+00 0.000000000000000000e+00
1.220000000000000000e+02 -3.966270000000000184e+00 9.924450000000000216e+00 0.000000000000000000e+00
1.230000000000000000e+02 -3.641099999999999781e+00 1.203963000000000072e+01 0.000000000000000000e+00
1.240000000000000000e+02 -3.376650000000000151e+00 1.411276999999999937e+01 0.000000000000000000e+00
1.250000000000000000e+02 -3.177109999999999879e+00 1.628349000000000046e+01 0.000000000000000000e+00
1.260000000000000000e+02 -7.204899999999999638e-01 -1.917901000000000167e+01 0.000000000000000000e+00
1.270000000000000000e+02 -1.731670000000000043e+00 -1.556795999999999935e+01 0.000000000000000000e+00
1.280000000000000000e+02 -5.677100000000000479e-01 -1.386612000000000045e+01 0.000000000000000000e+00
1.290000000000000000e+02 2.099199999999999955e-01 -1.195799000000000056e+01 0.000000000000000000e+00
1.300000000000000000e+02 -1.243859999999999966e+00 -8.517939999999999401e+00 0.000000000000000000e+00
1.310000000000000000e+02 -8.934800000000000519e-01 -6.421160000000000423e+00 0.000000000000000000e+00
1.320000000000000000e+02 -5.820499999999999563e-01 -4.375569999999999737e+00 0.000000000000000000e+00
1.330000000000000000e+02 -2.213540000000000063e+00 -3.126119999999999788e+00 0.000000000000000000e+00
1.340000000000000000e+02 9.575999999999999790e-02 -2.134300000000000086e-01 0.000000000000000000e+00
1.350000000000000000e+02 -1.541719999999999979e+00 1.045630000000000059e+00 0.000000000000000000e+00
1.360000000000000000e+02 -2.928110000000000213e+00 4.475520000000000387e+00 0.000000000000000000e+00
1.370000000000000000e+02 -9.116699999999999804e-01 5.305039999999999978e+00 0.000000000000000000e+00
1.380000000000000000e+02 -6.757199999999999873e-01 7.404950000000000365e+00 0.000000000000000000e+00
1.390000000000000000e+02 -4.027100000000000124e-01 9.487019999999999342e+00 0.000000000000000000e+00
1.400000000000000000e+02 -2.058800000000000185e+00 1.071313999999999922e+01 0.000000000000000000e+00
1.410000000000000000e+02 -1.723190000000000000e+00 1.282380000000000031e+01 0.000000000000000000e+00
1.420000000000000000e+02 -1.488180000000000058e+00 1.492365000000000030e+01 0.000000000000000000e+00
1.430000000000000000e+02 -1.259009999999999962e+00 1.715497999999999834e+01 0.000000000000000000e+00
1.440000000000000000e+02 -2.652100000000000013e-01 -1.709794000000000125e+01 0.000000000000000000e+00
1.450000000000000000e+02 1.046969999999999956e+00 -1.543659000000000070e+01 0.000000000000000000e+00
1.460000000000000000e+02 1.677280000000000104e+00 -1.345386000000000060e+01 0.000000000000000000e+00
1.470000000000000000e+02 3.713600000000000234e-01 -9.908620000000000871e+00 0.000000000000000000e+00
1.480000000000000000e+02 7.305599999999999872e-01 -7.842959999999999710e+00 0.000000000000000000e+00
1.490000000000000000e+02 2.692670000000000119e+00 -7.054789999999999672e+00 0.000000000000000000e+00
1.500000000000000000e+02 1.079360000000000097e+00 -5.606650000000000134e+00 0.000000000000000000e+00
1.510000000000000000e+02 -1.694700000000000095e-01 -2.301130000000000120e+00 0.000000000000000000e+00
1.520000000000000000e+02 1.760639999999999983e+00 -1.503530000000000033e+00 0.000000000000000000e+00
1.530000000000000000e+02 4.291099999999999914e-01 1.890840000000000076e+00 0.000000000000000000e+00
1.540000000000000000e+02 -1.176690000000000014e+00 3.228089999999999904e+00 0.000000000000000000e+00
1.550000000000000000e+02 7.592499999999999805e-01 3.949300000000000033e+00 0.000000000000000000e+00
1.560000000000000000e+02 1.039479999999999960e+00 6.020599999999999952e+00 0.000000000000000000e+00
1.570000000000000000e+02 1.344910000000000050e+00 8.159580000000000055e+00 0.000000000000000000e+00
1.580000000000000000e+02 4.028000000000000330e-02 1.151415000000000077e+01 0.000000000000000000e+00
1.590000000000000000e+02 2.416600000000000137e-01 1.361476000000000042e+01 0.000000000000000000e+00
1.600000000000000000e+02 5.961999999999999522e-01 1.570420000000000016e+01 0.000000000000000000e+00
1.610000000000000000e+02 9.546200000000000241e-01 1.785453000000000046e+01 0.000000000000000000e+00
1.620000000000000000e+02 1.821630000000000082e+00 -1.862143999999999977e+01 0.000000000000000000e+00
1.630000000000000000e+02 2.718440000000000190e+00 -1.669397999999999982e+01 0.000000000000000000e+00
1.640000000000000000e+02 3.510299999999999976e+00 -1.474643000000000015e+01 0.000000000000000000e+00
1.650000000000000000e+02 2.182570000000000121e+00 -1.129810999999999943e+01 0.000000000000000000e+00
1.660000000000000000e+02 2.514860000000000095e+00 -9.199909999999999144e+00 0.000000000000000000e+00
1.670000000000000000e+02 3.078809999999999825e+00 -4.932629999999999626e+00 0.000000000000000000e+00
1.680000000000000000e+02 1.483680000000000110e+00 -3.565859999999999808e+00 0.000000000000000000e+00
1.690000000000000000e+02 3.420100000000000140e+00 -2.813810000000000144e+00 0.000000000000000000e+00
1.700000000000000000e+02 3.696520000000000028e+00 -7.429499999999999993e-01 0.000000000000000000e+00
1.710000000000000000e+02 2.024189999999999934e+00 5.658300000000000551e-01 0.000000000000000000e+00
1.720000000000000000e+02 2.353509999999999991e+00 2.658090000000000064e+00 0.000000000000000000e+00
1.730000000000000000e+02 2.665309999999999846e+00 4.740070000000000228e+00 0.000000000000000000e+00
1.740000000000000000e+02 2.971060000000000034e+00 6.867149999999999643e+00 0.000000000000000000e+00
1.750000000000000000e+02 3.331249999999999822e+00 8.907450000000000756e+00 0.000000000000000000e+00
1.760000000000000000e+02 1.710569999999999924e+00 1.018083999999999989e+01 0.000000000000000000e+00
1.770000000000000000e+02 2.009500000000000064e+00 1.226797000000000004e+01 0.000000000000000000e+00
1.780000000000000000e+02 2.190139999999999976e+00 1.435083000000000020e+01 0.000000000000000000e+00
1.790000000000000000e+02 2.834789999999999921e+00 1.893019999999999925e+01 0.000000000000000000e+00
1.800000000000000000e+02 4.548589999999999911e+00 -1.824023000000000039e+01 0.000000000000000000e+00
1.810000000000000000e+02 5.193520000000000358e+00 -1.619667000000000101e+01 0.000000000000000000e+00
1.820000000000000000e+02 3.904459999999999820e+00 -1.272330000000000005e+01 0.000000000000000000e+00
1.830000000000000000e+02 4.156290000000000262e+00 -1.058744000000000085e+01 0.000000000000000000e+00
1.840000000000000000e+02 4.394230000000000302e+00 -8.313539999999999708e+00 0.000000000000000000e+00
1.850000000000000000e+02 4.727920000000000122e+00 -6.268930000000000113e+00 0.000000000000000000e+00
1.860000000000000000e+02 5.019630000000000258e+00 -4.214850000000000207e+00 0.000000000000000000e+00
1.870000000000000000e+02 5.391300000000000203e+00 -2.138300000000000090e+00 0.000000000000000000e+00
1.880000000000000000e+02 5.625600000000000378e+00 9.399999999999999719e-04 0.000000000000000000e+00
1.890000000000000000e+02 4.004859999999999864e+00 1.314300000000000024e+00 0.000000000000000000e+00
1.900000000000000000e+02 4.302450000000000330e+00 3.476269999999999971e+00 0.000000000000000000e+00
1.910000000000000000e+02 4.607179999999999609e+00 5.618109999999999715e+00 0.000000000000000000e+00
1.920000000000000000e+02 4.986110000000000042e+00 7.638630000000000031e+00 0.000000000000000000e+00
1.930000000000000000e+02 5.280999999999999694e+00 9.712460000000000093e+00 0.000000000000000000e+00
1.940000000000000000e+02 3.637939999999999952e+00 1.099187000000000047e+01 0.000000000000000000e+00
1.950000000000000000e+02 3.931140000000000079e+00 1.306953999999999994e+01 0.000000000000000000e+00
1.960000000000000000e+02 4.153039999999999843e+00 1.515079000000000065e+01 0.000000000000000000e+00
1.970000000000000000e+02 2.606529999999999792e+00 1.652316000000000074e+01 0.000000000000000000e+00
1.980000000000000000e+02 6.915040000000000298e+00 -1.750412999999999997e+01 0.000000000000000000e+00
1.990000000000000000e+02 5.531740000000000101e+00 -1.407122999999999990e+01 0.000000000000000000e+00
2.000000000000000000e+02 5.795770000000000088e+00 -1.188832999999999984e+01 0.000000000000000000e+00
2.010000000000000000e+02 6.091230000000000366e+00 -9.674189999999999401e+00 0.000000000000000000e+00
2.020000000000000000e+02 6.401880000000000237e+00 -7.622239999999999682e+00 0.000000000000000000e+00
2.030000000000000000e+02 6.713870000000000005e+00 -5.478860000000000063e+00 0.000000000000000000e+00
2.040000000000000000e+02 7.060120000000000395e+00 -3.451909999999999812e+00 0.000000000000000000e+00
2.050000000000000000e+02 7.376559999999999562e+00 -1.316210000000000102e+00 0.000000000000000000e+00
2.060000000000000000e+02 7.593989999999999796e+00 7.979100000000000081e-01 0.000000000000000000e+00
2.070000000000000000e+02 5.967509999999999870e+00 2.092970000000000219e+00 0.000000000000000000e+00
2.080000000000000000e+02 6.239779999999999660e+00 4.193900000000000183e+00 0.000000000000000000e+00
2.090000000000000000e+02 6.674419999999999575e+00 6.309499999999999886e+00 0.000000000000000000e+00
2.100000000000000000e+02 6.965620000000000367e+00 8.357590000000000074e+00 0.000000000000000000e+00
2.110000000000000000e+02 7.328490000000000393e+00 1.047940000000000005e+01 0.000000000000000000e+00
2.120000000000000000e+02 5.664349999999999774e+00 1.181926999999999950e+01 0.000000000000000000e+00
2.130000000000000000e+02 5.891630000000000145e+00 1.400371999999999950e+01 0.000000000000000000e+00
2.140000000000000000e+02 6.027029999999999887e+00 1.610631000000000057e+01 0.000000000000000000e+00
2.150000000000000000e+02 4.579530000000000101e+00 1.758621000000000123e+01 0.000000000000000000e+00
2.160000000000000000e+02 8.942040000000000433e+00 -1.658833999999999875e+01 0.000000000000000000e+00
2.170000000000000000e+02 7.219100000000000072e+00 -1.544255000000000067e+01 0.000000000000000000e+00
2.180000000000000000e+02 7.429240000000000066e+00 -1.317007000000000083e+01 0.000000000000000000e+00
2.190000000000000000e+02 7.703319999999999723e+00 -1.111856000000000044e+01 0.000000000000000000e+00
2.200000000000000000e+02 8.031359999999999388e+00 -8.941959999999999908e+00 0.000000000000000000e+00
2.210000000000000000e+02 8.327370000000000161e+00 -6.819989999999999775e+00 0.000000000000000000e+00
2.220000000000000000e+02 8.654339999999999478e+00 -4.770509999999999806e+00 0.000000000000000000e+00
2.230000000000000000e+02 8.972160000000000579e+00 -2.694830000000000059e+00 0.000000000000000000e+00
2.240000000000000000e+02 9.347099999999999298e+00 -5.833800000000000097e-01 0.000000000000000000e+00
2.250000000000000000e+02 9.529479999999999507e+00 1.535099999999999909e+00 0.000000000000000000e+00
2.260000000000000000e+02 7.888919999999999710e+00 2.958680000000000199e+00 0.000000000000000000e+00
2.270000000000000000e+02 8.280049999999999244e+00 4.974809999999999732e+00 0.000000000000000000e+00
2.280000000000000000e+02 8.692370000000000374e+00 7.015410000000000146e+00 0.000000000000000000e+00
2.290000000000000000e+02 8.917469999999999786e+00 9.068559999999999732e+00 0.000000000000000000e+00
2.300000000000000000e+02 9.262449999999999406e+00 1.128480000000000061e+01 0.000000000000000000e+00
2.310000000000000000e+02 7.604630000000000223e+00 1.253017999999999965e+01 0.000000000000000000e+00
2.320000000000000000e+02 7.963440000000000296e+00 1.473551999999999929e+01 0.000000000000000000e+00
2.330000000000000000e+02 6.824099999999999611e+00 1.843129000000000062e+01 0.000000000000000000e+00
2.340000000000000000e+02 3.616429999999999811e+00 -2.011214999999999975e+01 0.000000000000000000e+00
2.350000000000000000e+02 9.197939999999999117e+00 -1.450416000000000061e+01 0.000000000000000000e+00
2.360000000000000000e+02 9.418689999999999785e+00 -1.233459000000000039e+01 0.000000000000000000e+00
2.370000000000000000e+02 9.791969999999999175e+00 -1.030166999999999966e+01 0.000000000000000000e+00
2.380000000000000000e+02 9.926140000000000185e+00 -8.135329999999999728e+00 0.000000000000000000e+00
2.390000000000000000e+02 1.026196000000000019e+01 -6.095349999999999824e+00 0.000000000000000000e+00
2.400000000000000000e+02 1.057633000000000045e+01 -4.026609999999999800e+00 0.000000000000000000e+00
2.410000000000000000e+02 1.095866999999999969e+01 -1.949899999999999967e+00 0.000000000000000000e+00
2.420000000000000000e+02 1.132906000000000013e+01 1.038800000000000001e-01 0.000000000000000000e+00
2.430000000000000000e+02 1.161776000000000053e+01 2.199230000000000018e+00 0.000000000000000000e+00
2.440000000000000000e+02 9.912839999999999208e+00 3.633700000000000152e+00 0.000000000000000000e+00
2.450000000000000000e+02 1.027502999999999922e+01 5.686200000000000365e+00 0.000000000000000000e+00
2.460000000000000000e+02 1.068833000000000055e+01 7.878680000000000128e+00 0.000000000000000000e+00
2.470000000000000000e+02 1.109708000000000006e+01 9.988210000000000477e+00 0.000000000000000000e+00
2.480000000000000000e+02 1.133453000000000088e+01 1.204221000000000075e+01 0.000000000000000000e+00
2.490000000000000000e+02 9.567439999999999500e+00 1.338837999999999973e+01 0.000000000000000000e+00
2.500000000000000000e+02 9.941990000000000549e+00 1.555490999999999957e+01 0.000000000000000000e+00
2.510000000000000000e+02 8.136820000000000164e+00 1.683274000000000115e+01 0.000000000000000000e+00
2.520000000000000000e+02 1.086636999999999986e+01 -1.578538999999999959e+01 0.000000000000000000e+00
2.530000000000000000e+02 1.120062000000000069e+01 -1.370015000000000072e+01 0.000000000000000000e+00
2.540000000000000000e+02 1.163889999999999958e+01 -1.161415000000000042e+01 0.000000000000000000e+00
2.550000000000000000e+02 1.177535999999999916e+01 -9.528969999999999274e+00 0.000000000000000000e+00
2.560000000000000000e+02 1.205311000000000021e+01 -7.442960000000000242e+00 0.000000000000000000e+00
2.570000000000000000e+02 1.221255000000000024e+01 -5.373249999999999638e+00 0.000000000000000000e+00
2.580000000000000000e+02 1.254157999999999973e+01 -3.325320000000000054e+00 0.000000000000000000e+00
2.590000000000000000e+02 1.289090999999999987e+01 -1.231309999999999905e+00 0.000000000000000000e+00
2.600000000000000000e+02 1.328942999999999941e+01 8.540100000000000469e-01 0.000000000000000000e+00
2.610000000000000000e+02 1.532295000000000051e+01 1.688180000000000014e+00 0.000000000000000000e+00
2.620000000000000000e+02 1.366449000000000069e+01 2.943950000000000067e+00 0.000000000000000000e+00
2.630000000000000000e+02 1.190886000000000067e+01 4.263519999999999754e+00 0.000000000000000000e+00
2.640000000000000000e+02 1.224282000000000004e+01 6.504570000000000185e+00 0.000000000000000000e+00
2.650000000000000000e+02 1.264428000000000019e+01 8.566629999999999967e+00 0.000000000000000000e+00
2.660000000000000000e+02 1.319145999999999930e+01 1.080771000000000015e+01 0.000000000000000000e+00
2.670000000000000000e+02 1.368713999999999942e+01 1.282315000000000005e+01 0.000000000000000000e+00
2.680000000000000000e+02 1.180232999999999954e+01 1.406819999999999915e+01 0.000000000000000000e+00
2.690000000000000000e+02 1.210102000000000011e+01 1.615748999999999924e+01 0.000000000000000000e+00
2.700000000000000000e+02 1.283351000000000042e+01 -1.497963000000000022e+01 0.000000000000000000e+00
2.710000000000000000e+02 1.330987999999999971e+01 -1.292202999999999946e+01 0.000000000000000000e+00
2.720000000000000000e+02 1.360426000000000002e+01 -1.084309999999999974e+01 0.000000000000000000e+00
2.730000000000000000e+02 1.370847000000000016e+01 -8.723000000000000753e+00 0.000000000000000000e+00
2.740000000000000000e+02 1.399261000000000088e+01 -6.635399999999999743e+00 0.000000000000000000e+00
2.750000000000000000e+02 1.419401000000000046e+01 -4.573970000000000091e+00 0.000000000000000000e+00
2.760000000000000000e+02 1.626284000000000063e+01 -3.687510000000000066e+00 0.000000000000000000e+00
2.770000000000000000e+02 1.456087999999999916e+01 -2.531800000000000050e+00 0.000000000000000000e+00
2.780000000000000000e+02 1.499918000000000085e+01 -3.752699999999999925e-01 0.000000000000000000e+00
2.790000000000000000e+02 1.740749999999999886e+01 2.265439999999999898e+00 0.000000000000000000e+00
2.800000000000000000e+02 1.557503999999999955e+01 3.734770000000000145e+00 0.000000000000000000e+00
2.810000000000000000e+02 1.397165000000000035e+01 5.051680000000000170e+00 0.000000000000000000e+00
2.820000000000000000e+02 1.795464000000000127e+01 6.838070000000000093e+00 0.000000000000000000e+00
2.830000000000000000e+02 1.425200000000000067e+01 7.188930000000000042e+00 0.000000000000000000e+00
2.840000000000000000e+02 1.465038999999999980e+01 9.311650000000000205e+00 0.000000000000000000e+00
2.850000000000000000e+02 1.619152000000000058e+01 7.917069999999999830e+00 0.000000000000000000e+00
2.860000000000000000e+02 1.518585999999999991e+01 1.137889000000000017e+01 0.000000000000000000e+00
2.870000000000000000e+02 1.378248999999999924e+01 1.495482999999999940e+01 0.000000000000000000e+00
2.880000000000000000e+02 1.551889000000000074e+01 -9.999029999999999418e+00 0.000000000000000000e+00
2.890000000000000000e+02 1.565615999999999985e+01 -7.900280000000000413e+00 0.000000000000000000e+00
2.900000000000000000e+02 1.810255000000000081e+01 -4.828299999999999592e+00 0.000000000000000000e+00
2.910000000000000000e+02 1.955681999999999832e+01 -1.393710000000000004e+00 0.000000000000000000e+00
2.920000000000000000e+02 1.757854000000000028e+01 -7.052920000000000300e+00 0.000000000000000000e+00
2.930000000000000000e+02 1.594787999999999961e+01 -5.779939999999999856e+00 0.000000000000000000e+00
2.940000000000000000e+02 1.910303000000000040e+01 8.739599999999999591e-01 0.000000000000000000e+00
2.950000000000000000e+02 1.750215999999999994e+01 -1.759719999999999951e+00 0.000000000000000000e+00
2.960000000000000000e+02 1.704313000000000144e+01 2.456699999999999995e-01 0.000000000000000000e+00
2.970000000000000000e+02 1.957574999999999932e+01 5.033350000000000435e+00 0.000000000000000000e+00
2.980000000000000000e+02 1.755837999999999965e+01 4.400050000000000239e+00 0.000000000000000000e+00
2.990000000000000000e+02 1.595917000000000030e+01 5.794170000000000265e+00 0.000000000000000000e+00
