0.000000000000000000e+00 -1.558738999999999919e+01 -1.481803000000000026e+01 0.000000000000000000e+00
1.000000000000000000e+00 -1.576359000000000066e+01 -1.275272999999999968e+01 0.000000000000000000e+00
2.000000000000000000e+00 -1.617394000000000176e+01 -1.068247000000000035e+01 0.000000000000000000e+00
3.000000000000000000e+00 -1.641638999999999982e+01 -8.493940000000000268e+00 0.000000000000000000e+00
4.000000000000000000e+00 -1.827925000000000111e+01 -7.625339999999999563e+00 0.000000000000000000e+00
5.000000000000000000e+00 -2.011607000000000056e+01 -6.425060000000000215e+00 0.000000000000000000e+00
6.000000000000000000e+00 -1.835123000000000104e+01 -5.036299999999999777e+00 0.000000000000000000e+00
7.000000000000000000e+00 -1.824883000000000166e+01 -2.672219999999999818e+00 0.000000000000000000e+00
8.000000000000000000e+00 -1.787797000000000125e+01 -1.022200000000000053e-01 0.000000000000000000e+00
9.000000000000000000e+00 -1.959716999999999842e+01 1.214550000000000018e+00 0.000000000000000000e+00
1.000000000000000000e+01 -1.909042000000000172e+01 3.302020000000000177e+00 0.000000000000000000e+00
1.100000000000000000e+01 -1.706715000000000160e+01 3.997669999999999835e+00 0.000000000000000000e+00
1.200000000000000000e+01 -1.662811999999999912e+01 6.060780000000000278e+00 0.000000000000000000e+00
1.300000000000000000e+01 -1.831731999999999871e+01 7.445199999999999818e+00 0.000000000000000000e+00
1.400000000000000000e+01 -1.631147999999999954e+01 8.221040000000000347e+00 0.000000000000000000e+00
1.500000000000000000e+01 -1.589607999999999954e+01 1.026571999999999996e+01 0.000000000000000000e+00
1.600000000000000000e+01 -1.584168999999999983e+01 1.245881999999999934e+01 0.000000000000000000e+00
1.700000000000000000e+01 -1.519297000000000075e+01 1.450516000000000005e+01 0.000000000000000000e+00
1.800000000000000000e+01 -1.376631000000000071e+01 -1.581554000000000038e+01 0.000000000000000000e+00
1.900000000000000000e+01 -1.376568999999999932e+01 -1.372620000000000040e+01 0.000000000000000000e+00
2.000000000000000000e+01 -1.403325000000000067e+01 -1.161355999999999966e+01 0.000000000000000000e+00
2.100000000000000000e+01 -1.435041000000000011e+01 -9.503780000000000783e+00 0.000000000000000000e+00
2.200000000000000000e+01 -1.467816000000000010e+01 -7.263639999999999652e+00 0.000000000000000000e+00
2.300000000000000000e+01 -1.662348000000000070e+01 -6.284440000000000026e+00 0.000000000000000000e+00
2.400000000000000000e+01 -1.488897000000000048e+01 -5.138700000000000045e+00 0.000000000000000000e+00
2.500000000000000000e+01 -1.657454999999999856e+01 -3.864829999999999988e+00 0.000000000000000000e+00
2.600000000000000000e+01 -1.631918999999999897e+01 -1.789930000000000021e+00 0.000000000000000000e+00
2.700000000000000000e+01 -1.584226999999999919e+01 3.992200000000000193e-01 0.000000000000000000e+00
2.800000000000000000e+01 -1.746933999999999898e+01 1.969379999999999908e+00 0.000000000000000000e+00
2.900000000000000000e+01 -1.538832000000000022e+01 2.421749999999999847e+00 0.000000000000000000e+00
3.000000000000000000e+01 -1.497716999999999921e+01 4.537420000000000009e+00 0.000000000000000000e+00
3.100000000000000000e+01 -1.447844000000000086e+01 6.638700000000000045e+00 0.000000000000000000e+00
3.200000000000000000e+01 -1.430132000000000048e+01 8.904939999999999856e+00 0.000000000000000000e+00
3.300000000000000000e+01 -1.391060000000000052e+01 1.108301999999999943e+01 0.000000000000000000e+00
3.400000000000000000e+01 -1.352046999999999954e+01 1.319783999999999935e+01 0.000000000000000000e+00
3.500000000000000000e+01 -1.326243000000000016e+01 1.529039000000000037e+01 0.000000000000000000e+00
3.600000000000000000e+01 -1.184455999999999953e+01 -1.663683999999999941e+01 0.000000000000000000e+00
3.700000000000000000e+01 -1.183564999999999934e+01 -1.451943999999999946e+01 0.000000000000000000e+00
3.800000000000000000e+01 -1.210354000000000063e+01 -1.245153999999999961e+01 0.000000000000000000e+00
3.900000000000000000e+01 -1.238058000000000014e+01 -1.028511999999999915e+01 0.000000000000000000e+00
4.000000000000000000e+01 -1.270867999999999931e+01 -8.082819999999999894e+00 0.000000000000000000e+00
4.100000000000000000e+01 -1.292205000000000048e+01 -5.938290000000000290e+00 0.000000000000000000e+00
4.200000000000000000e+01 -1.120049999999999990e+01 -4.681540000000000035e+00 0.000000000000000000e+00
4.300000000000000000e+01 -1.241333000000000020e+01 -2.698929999999999829e+00 0.000000000000000000e+00
4.400000000000000000e+01 -1.463113000000000063e+01 -2.990299999999999958e+00 0.000000000000000000e+00
4.500000000000000000e+01 -1.421895999999999916e+01 -8.713600000000000234e-01 0.000000000000000000e+00
4.600000000000000000e+01 -1.369210999999999956e+01 1.145680000000000032e+00 0.000000000000000000e+00
4.700000000000000000e+01 -1.319984000000000002e+01 3.178259999999999863e+00 0.000000000000000000e+00
4.800000000000000000e+01 -1.276671999999999940e+01 5.192859999999999587e+00 0.000000000000000000e+00
4.900000000000000000e+01 -1.261186000000000007e+01 7.520590000000000330e+00 0.000000000000000000e+00
5.000000000000000000e+01 -1.227037999999999940e+01 9.637259999999999494e+00 0.000000000000000000e+00
5.100000000000000000e+01 -1.185272999999999932e+01 1.181140000000000079e+01 0.000000000000000000e+00
5.200000000000000000e+01 -1.159848000000000035e+01 1.397696000000000005e+01 0.000000000000000000e+00
5.300000000000000000e+01 -1.134337999999999980e+01 1.603652999999999906e+01 0.000000000000000000e+00
5.400000000000000000e+01 -9.896570000000000533e+00 -1.766110000000000113e+01 0.000000000000000000e+00
5.500000000000000000e+01 -1.001702000000000048e+01 -1.553168999999999933e+01 0.000000000000000000e+00
5.600000000000000000e+01 -1.017881999999999998e+01 -1.327312000000000047e+01 0.000000000000000000e+00
5.700000000000000000e+01 -1.046111999999999931e+01 -1.105505999999999922e+01 0.000000000000000000e+00
5.800000000000000000e+01 -1.079365999999999914e+01 -8.899869999999999948e+00 0.000000000000000000e+00
5.900000000000000000e+01 -1.093618999999999986e+01 -6.771219999999999573e+00 0.000000000000000000e+00
6.000000000000000000e+01 -9.244600000000000151e+00 -5.499729999999999563e+00 0.000000000000000000e+00
6.100000000000000000e+01 -9.450440000000000396e+00 -3.445300000000000029e+00 0.000000000000000000e+00
6.200000000000000000e+01 -1.056573999999999991e+01 -1.679580000000000073e+00 0.000000000000000000e+00
6.300000000000000000e+01 -1.219481000000000037e+01 -2.759800000000000031e-01 0.000000000000000000e+00
6.400000000000000000e+01 -1.169530999999999921e+01 1.727759999999999962e+00 0.000000000000000000e+00
6.500000000000000000e+01 -1.121655999999999942e+01 3.800720000000000098e+00 0.000000000000000000e+00
6.600000000000000000e+01 -1.092056999999999967e+01 6.148530000000000051e+00 0.000000000000000000e+00
6.700000000000000000e+01 -1.069261000000000017e+01 8.297919999999999519e+00 0.000000000000000000e+00
6.800000000000000000e+01 -1.029509000000000007e+01 1.046888000000000041e+01 0.000000000000000000e+00
6.900000000000000000e+01 -9.938169999999999504e+00 1.265930999999999962e+01 0.000000000000000000e+00
7.000000000000000000e+01 -9.621650000000000702e+00 1.474947000000000052e+01 0.000000000000000000e+00
7.100000000000000000e+01 -9.265470000000000539e+00 1.678894000000000020e+01 0.000000000000000000e+00
7.200000000000000000e+01 -7.962769999999999904e+00 -1.636696999999999846e+01 0.000000000000000000e+00
7.300000000000000000e+01 -8.229670000000000485e+00 -1.423986999999999981e+01 0.000000000000000000e+00
7.400000000000000000e+01 -8.455650000000000333e+00 -1.207770000000000010e+01 0.000000000000000000e+00
7.500000000000000000e+01 -8.724759999999999849e+00 -9.889010000000000744e+00 0.000000000000000000e+00
7.600000000000000000e+01 -9.083840000000000359e+00 -7.699930000000000163e+00 0.000000000000000000e+00
7.700000000000000000e+01 -7.326819999999999666e+00 -6.416809999999999903e+00 0.000000000000000000e+00
7.800000000000000000e+01 -7.566510000000000069e+00 -4.273100000000000342e+00 0.000000000000000000e+00
7.900000000000000000e+01 -8.375080000000000524e+00 -1.258299999999999974e+00 0.000000000000000000e+00
8.000000000000000000e+01 -1.008486000000000082e+01 3.385699999999999821e-01 0.000000000000000000e+00
8.100000000000000000e+01 -8.012679999999999580e+00 7.993299999999999850e-01 0.000000000000000000e+00
8.200000000000000000e+01 -9.646900000000000475e+00 2.455960000000000143e+00 0.000000000000000000e+00
8.300000000000000000e+01 -9.163790000000000546e+00 4.546540000000000248e+00 0.000000000000000000e+00
8.400000000000000000e+01 -8.970489999999999853e+00 7.032460000000000377e+00 0.000000000000000000e+00
8.500000000000000000e+01 -8.627150000000000318e+00 9.185610000000000497e+00 0.000000000000000000e+00
8.600000000000000000e+01 -8.315649999999999764e+00 1.128153000000000006e+01 0.000000000000000000e+00
8.700000000000000000e+01 -7.984650000000000247e+00 1.335002000000000066e+01 0.000000000000000000e+00
8.800000000000000000e+01 -7.645970000000000155e+00 1.542605999999999966e+01 0.000000000000000000e+00
8.900000000000000000e+01 -7.403889999999999638e+00 1.771811999999999898e+01 0.000000000000000000e+00
9.000000000000000000e+01 -7.416430000000000078e+00 -1.845371000000000095e+01 0.000000000000000000e+00
9.100000000000000000e+01 -6.280140000000000278e+00 -1.496855000000000047e+01 0.000000000000000000e+00
9.200000000000000000e+01 -6.498389999999999667e+00 -1.276037999999999961e+01 0.000000000000000000e+00
9.300000000000000000e+01 -6.757649999999999935e+00 -1.067881999999999998e+01 0.000000000000000000e+00
9.400000000000000000e+01 -7.091169999999999973e+00 -8.511409999999999698e+00 0.000000000000000000e+00
9.500000000000000000e+01 -5.435819999999999652e+00 -7.277630000000000265e+00 0.000000000000000000e+00
9.600000000000000000e+01 -5.689149999999999707e+00 -5.148080000000000211e+00 0.000000000000000000e+00
9.700000000000000000e+01 -6.136190000000000033e+00 -2.712619999999999809e+00 0.000000000000000000e+00
9.800000000000000000e+01 -6.344059999999999810e+00 -4.421399999999999775e-01 0.000000000000000000e+00
9.900000000000000000e+01 -6.095010000000000261e+00 1.618619999999999948e+00 0.000000000000000000e+00
1.000000000000000000e+02 -7.521069999999999922e+00 3.293550000000000200e+00 0.000000000000000000e+00
1.010000000000000000e+02 -7.384689999999999976e+00 5.733179999999999943e+00 0.000000000000000000e+00
1.020000000000000000e+02 -7.019910000000000316e+00 7.902919999999999945e+00 0.000000000000000000e+00
1.030000000000000000e+02 -6.678230000000000111e+00 9.972279999999999589e+00 0.000000000000000000e+00
1.040000000000000000e+02 -6.256099999999999994e+00 1.202835999999999927e+01 0.000000000000000000e+00
1.050000000000000000e+02 -5.967279999999999696e+00 1.409981999999999935e+01 0.000000000000000000e+00
1.060000000000000000e+02 -5.774869999999999948e+00 1.634577000000000169e+01 0.000000000000000000e+00
1.070000000000000000e+02 -4.950899999999999856e+00 1.865374999999999872e+01 0.000000000000000000e+00
1.080000000000000000e+02 -4.150389999999999802e+00 -1.821350999999999942e+01 0.000000000000000000e+00
1.090000000000000000e+02 -4.362440000000000317e+00 -1.595616000000000057e+01 0.000000000000000000e+00
1.100000000000000000e+02 -4.619320000000000093e+00 -1.363931999999999967e+01 0.000000000000000000e+00
1.110000000000000000e+02 -4.835740000000000371e+00 -1.152081000000000088e+01 0.000000000000000000e+00
1.120000000000000000e+02 -5.078430000000000000e+00 -9.389110000000000511e+00 0.000000000000000000e+00
1.130000000000000000e+02 -3.492030000000000189e+00 -8.006320000000000547e+00 0.000000000000000000e+00
1.140000000000000000e+02 -3.774880000000000013e+00 -5.962460000000000093e+00 0.000000000000000000e+00
1.150000000000000000e+02 -4.057529999999999859e+00 -3.855970000000000120e+00 0.000000000000000000e+00
1.160000000000000000e+02 -4.319910000000000139e+00 -1.653310000000000057e+00 0.000000000000000000e+00
1.170000000000000000e+02 -4.368389999999999773e+00 4.627000000000000002e-01 0.000000000000000000e+00
1.180000000000000000e+02 -4.293630000000000280e+00 2.874750000000000139e+00 0.000000000000000000e+00
1.190000000000000000e+02 -5.723110000000000142e+00 4.390839999999999854e+00 0.000000000000000000e+00
1.200000000000000000e+02 -5.441320000000000157e+00 6.546850000000000058e+00 0.000000000000000000e+00
1.210000000000000000e+02 -5.073039999999999772e+00 8.594780000000000086e+00 0.000000000000000000e+00
1.220000000000000000e+02 -4.711330000000000240e+00 1.063884999999999970e+01 0.000000000000000000e+00
1.230000000000000000e+02 -4.273920000000000385e+00 1.278863999999999912e+01 0.000000000000000000e+00
1.240000000000000000e+02 -4.029860000000000220e+00 1.492309999999999981e+01 0.000000000000000000e+00
1.250000000000000000e+02 -3.568620000000000125e+00 1.694407999999999959e+01 0.000000000000000000e+00
1.260000000000000000e+02 -1.833879999999999955e+00 -1.883766999999999925e+01 0.000000000000000000e+00
1.270000000000000000e+02 -2.205729999999999968e+00 -1.671280000000000143e+01 0.000000000000000000e+00
1.280000000000000000e+02 -2.612150000000000194e+00 -1.443436999999999948e+01 0.000000000000000000e+00
1.290000000000000000e+02 -3.180419999999999803e+00 -1.024177000000000071e+01 0.000000000000000000e+00
1.300000000000000000e+02 -1.566859999999999919e+00 -8.922319999999999141e+00 0.000000000000000000e+00
1.310000000000000000e+02 -1.764559999999999906e+00 -6.837299999999999933e+00 0.000000000000000000e+00
1.320000000000000000e+02 -2.174370000000000136e+00 -4.679960000000000342e+00 0.000000000000000000e+00
1.330000000000000000e+02 -2.361870000000000136e+00 -2.589160000000000128e+00 0.000000000000000000e+00
1.340000000000000000e+02 -2.525209999999999955e+00 -5.402400000000000535e-01 0.000000000000000000e+00
1.350000000000000000e+02 -2.646419999999999995e+00 1.635320000000000107e+00 0.000000000000000000e+00
1.360000000000000000e+02 -2.341650000000000009e+00 3.685239999999999849e+00 0.000000000000000000e+00
1.370000000000000000e+02 -3.665849999999999831e+00 5.256350000000000300e+00 0.000000000000000000e+00
1.380000000000000000e+02 -3.375719999999999832e+00 7.359580000000000233e+00 0.000000000000000000e+00
1.390000000000000000e+02 -3.041510000000000158e+00 9.397759999999999891e+00 0.000000000000000000e+00
1.400000000000000000e+02 -2.705470000000000041e+00 1.143426999999999971e+01 0.000000000000000000e+00
1.410000000000000000e+02 -2.363389999999999880e+00 1.362079999999999913e+01 0.000000000000000000e+00
1.420000000000000000e+02 -1.835409999999999986e+00 1.562364999999999959e+01 0.000000000000000000e+00
1.430000000000000000e+02 -1.671699999999999964e+00 1.777136000000000138e+01 0.000000000000000000e+00
1.440000000000000000e+02 -2.582900000000000196e-01 -1.746932999999999936e+01 0.000000000000000000e+00
1.450000000000000000e+02 -6.280499999999999972e-01 -1.525207999999999942e+01 0.000000000000000000e+00
1.460000000000000000e+02 -9.827599999999999669e-01 -1.311142000000000074e+01 0.000000000000000000e+00
1.470000000000000000e+02 -2.936440000000000161e+00 -1.238521000000000072e+01 0.000000000000000000e+00
1.480000000000000000e+02 -1.264119999999999910e+00 -1.104053000000000040e+01 0.000000000000000000e+00
1.490000000000000000e+02 1.221499999999999947e-01 -7.715889999999999915e+00 0.000000000000000000e+00
1.500000000000000000e+02 -1.572600000000000109e-01 -5.540770000000000195e+00 0.000000000000000000e+00
1.510000000000000000e+02 -4.624500000000000277e-01 -3.449300000000000033e+00 0.000000000000000000e+00
1.520000000000000000e+02 -5.598100000000000298e-01 -1.381860000000000088e+00 0.000000000000000000e+00
1.530000000000000000e+02 -7.929500000000000437e-01 7.222800000000000331e-01 0.000000000000000000e+00
1.540000000000000000e+02 -4.842000000000000193e-01 2.779139999999999944e+00 0.000000000000000000e+00
1.550000000000000000e+02 -1.612000000000000099e+00 5.905770000000000408e+00 0.000000000000000000e+00
1.560000000000000000e+02 -1.283130000000000104e+00 7.968609999999999971e+00 0.000000000000000000e+00
1.570000000000000000e+02 -1.000539999999999985e+00 1.008230999999999966e+01 0.000000000000000000e+00
1.580000000000000000e+02 -6.661799999999999944e-01 1.214423000000000030e+01 0.000000000000000000e+00
1.590000000000000000e+02 -1.207099999999999979e-01 1.425599000000000061e+01 0.000000000000000000e+00
1.600000000000000000e+02 1.940999999999999948e-01 1.633986000000000161e+01 0.000000000000000000e+00
1.610000000000000000e+02 4.427400000000000224e-01 1.842848000000000042e+01 0.000000000000000000e+00
1.620000000000000000e+02 1.802229999999999999e+00 -1.828096000000000032e+01 0.000000000000000000e+00
1.630000000000000000e+02 1.488550000000000040e+00 -1.616443999999999903e+01 0.000000000000000000e+00
1.640000000000000000e+02 1.074889999999999901e+00 -1.397029000000000032e+01 0.000000000000000000e+00
1.650000000000000000e+02 6.668899999999999828e-01 -1.184503999999999913e+01 0.000000000000000000e+00
1.660000000000000000e+02 4.650500000000000189e-01 -9.766870000000000829e+00 0.000000000000000000e+00
1.670000000000000000e+02 1.796710000000000029e+00 -6.489329999999999821e+00 0.000000000000000000e+00
1.680000000000000000e+02 1.951270000000000060e+00 -4.264649999999999608e+00 0.000000000000000000e+00
1.690000000000000000e+02 1.281979999999999897e+00 -2.321060000000000123e+00 0.000000000000000000e+00
1.700000000000000000e+02 2.241280000000000161e+00 -2.977799999999999891e-01 0.000000000000000000e+00
1.710000000000000000e+02 1.147469999999999990e+00 1.452039999999999997e+00 0.000000000000000000e+00
1.720000000000000000e+02 1.780059999999999976e+00 3.417860000000000120e+00 0.000000000000000000e+00
1.730000000000000000e+02 2.013699999999999934e-01 4.758610000000000007e+00 0.000000000000000000e+00
1.740000000000000000e+02 4.339399999999999924e-01 6.805349999999999788e+00 0.000000000000000000e+00
1.750000000000000000e+02 9.288399999999999990e-01 8.822089999999999321e+00 0.000000000000000000e+00
1.760000000000000000e+02 9.725000000000000311e-01 1.087770000000000081e+01 0.000000000000000000e+00
1.770000000000000000e+02 1.554529999999999967e+00 1.288327999999999918e+01 0.000000000000000000e+00
1.780000000000000000e+02 2.655159999999999965e+00 1.503946000000000005e+01 0.000000000000000000e+00
1.790000000000000000e+02 -1.054880000000000040e+00 1.985676000000000130e+01 0.000000000000000000e+00
1.800000000000000000e+02 3.906940000000000079e+00 -1.904510000000000147e+01 0.000000000000000000e+00
1.810000000000000000e+02 3.064599999999999991e+00 -1.482619000000000042e+01 0.000000000000000000e+00
1.820000000000000000e+02 2.707949999999999857e+00 -1.266820000000000057e+01 0.000000000000000000e+00
1.830000000000000000e+02 2.489009999999999945e+00 -1.059520999999999979e+01 0.000000000000000000e+00
1.840000000000000000e+02 2.186920000000000197e+00 -8.547269999999999257e+00 0.000000000000000000e+00
1.850000000000000000e+02 3.700619999999999798e+00 -5.669859999999999900e+00 0.000000000000000000e+00
1.860000000000000000e+02 4.614010000000000389e+00 -3.775669999999999860e+00 0.000000000000000000e+00
1.870000000000000000e+02 3.348679999999999879e+00 -2.095629999999999882e+00 0.000000000000000000e+00
1.880000000000000000e+02 4.295849999999999724e+00 -2.112999999999999948e-02 0.000000000000000000e+00
1.890000000000000000e+02 3.199889999999999901e+00 1.725479999999999903e+00 0.000000000000000000e+00
1.900000000000000000e+02 4.123079999999999856e+00 3.650739999999999874e+00 0.000000000000000000e+00
1.910000000000000000e+02 2.841759999999999842e+00 5.285210000000000186e+00 0.000000000000000000e+00
1.920000000000000000e+02 2.434759999999999813e+00 7.317239999999999966e+00 0.000000000000000000e+00
1.930000000000000000e+02 3.138570000000000082e+00 9.305440000000000822e+00 0.000000000000000000e+00
1.940000000000000000e+02 2.972199999999999953e+00 1.136564000000000085e+01 0.000000000000000000e+00
1.950000000000000000e+02 3.781610000000000138e+00 1.326191000000000031e+01 0.000000000000000000e+00
1.960000000000000000e+02 2.152800000000000047e+00 1.722494999999999976e+01 0.000000000000000000e+00
1.970000000000000000e+02 3.384619999999999962e+00 1.896902000000000044e+01 0.000000000000000000e+00
1.980000000000000000e+02 3.459249999999999936e+00 -1.700328000000000017e+01 0.000000000000000000e+00
1.990000000000000000e+02 5.313740000000000130e+00 -1.557133999999999929e+01 0.000000000000000000e+00
2.000000000000000000e+02 4.671319999999999695e+00 -1.348676000000000030e+01 0.000000000000000000e+00
2.010000000000000000e+02 4.475450000000000372e+00 -1.142897999999999925e+01 0.000000000000000000e+00
2.020000000000000000e+02 4.142240000000000144e+00 -9.370860000000000412e+00 0.000000000000000000e+00
2.030000000000000000e+02 4.907230000000000203e+00 -7.396020000000000039e+00 0.000000000000000000e+00
2.040000000000000000e+02 5.847159999999999691e+00 -5.460399999999999920e+00 0.000000000000000000e+00
2.050000000000000000e+02 5.438469999999999693e+00 -1.837259999999999893e+00 0.000000000000000000e+00
2.060000000000000000e+02 6.355760000000000076e+00 5.546999999999999847e-02 0.000000000000000000e+00
2.070000000000000000e+02 5.328140000000000320e+00 1.850330000000000030e+00 0.000000000000000000e+00
2.080000000000000000e+02 6.352050000000000196e+00 3.729950000000000099e+00 0.000000000000000000e+00
2.090000000000000000e+02 5.011809999999999654e+00 5.591849999999999987e+00 0.000000000000000000e+00
2.100000000000000000e+02 6.598429999999999573e+00 7.538050000000000139e+00 0.000000000000000000e+00
2.110000000000000000e+02 4.473119999999999763e+00 7.699539999999999829e+00 0.000000000000000000e+00
2.120000000000000000e+02 5.070149999999999935e+00 1.150040000000000084e+01 0.000000000000000000e+00
2.130000000000000000e+02 6.191589999999999705e+00 1.330031999999999925e+01 0.000000000000000000e+00
2.140000000000000000e+02 4.861769999999999925e+00 1.503384999999999927e+01 0.000000000000000000e+00
2.150000000000000000e+02 4.217719999999999914e+00 1.700109000000000137e+01 0.000000000000000000e+00
2.160000000000000000e+02 5.885539999999999772e+00 -1.767934999999999945e+01 0.000000000000000000e+00
2.170000000000000000e+02 7.100290000000000212e+00 -1.430202000000000062e+01 0.000000000000000000e+00
2.180000000000000000e+02 6.390649999999999942e+00 -1.230288999999999966e+01 0.000000000000000000e+00
2.190000000000000000e+02 7.598980000000000068e+00 -1.053604999999999947e+01 0.000000000000000000e+00
2.200000000000000000e+02 6.197610000000000063e+00 -9.007059999999999178e+00 0.000000000000000000e+00
2.210000000000000000e+02 7.097839999999999705e+00 -7.140950000000000131e+00 0.000000000000000000e+00
2.220000000000000000e+02 7.963280000000000136e+00 -5.239580000000000126e+00 0.000000000000000000e+00
2.230000000000000000e+02 6.673709999999999809e+00 -3.532750000000000057e+00 0.000000000000000000e+00
2.240000000000000000e+02 8.148379999999999512e+00 -1.058629999999999960e+00 0.000000000000000000e+00
2.250000000000000000e+02 7.394429999999999836e+00 1.864449999999999941e+00 0.000000000000000000e+00
2.260000000000000000e+02 8.406349999999999767e+00 3.679139999999999855e+00 0.000000000000000000e+00
2.270000000000000000e+02 7.356980000000000075e+00 5.533619999999999983e+00 0.000000000000000000e+00
2.280000000000000000e+02 8.648690000000000211e+00 7.166260000000000296e+00 0.000000000000000000e+00
2.290000000000000000e+02 7.825109999999999566e+00 9.267440000000000566e+00 0.000000000000000000e+00
2.300000000000000000e+02 5.734849999999999781e+00 9.479419999999999291e+00 0.000000000000000000e+00
2.310000000000000000e+02 7.137620000000000076e+00 1.123414000000000001e+01 0.000000000000000000e+00
2.320000000000000000e+02 6.300169999999999604e+00 1.682528999999999897e+01 0.000000000000000000e+00
2.330000000000000000e+02 5.779919999999999725e+00 1.886038999999999888e+01 0.000000000000000000e+00
2.340000000000000000e+02 8.226229999999999265e+00 -1.834136000000000166e+01 0.000000000000000000e+00
2.350000000000000000e+02 7.650019999999999598e+00 -1.634909999999999997e+01 0.000000000000000000e+00
2.360000000000000000e+02 8.507540000000000546e+00 -1.259772000000000070e+01 0.000000000000000000e+00
2.370000000000000000e+02 9.711410000000000764e+00 -1.045429999999999993e+01 0.000000000000000000e+00
2.380000000000000000e+02 8.539939999999999642e+00 -8.685119999999999507e+00 0.000000000000000000e+00
2.390000000000000000e+02 9.373010000000000730e+00 -6.790090000000000181e+00 0.000000000000000000e+00
2.400000000000000000e+02 1.001068000000000069e+01 -4.807199999999999918e+00 0.000000000000000000e+00
2.410000000000000000e+02 8.822960000000000136e+00 -3.132270000000000110e+00 0.000000000000000000e+00
2.420000000000000000e+02 1.022053999999999974e+01 -9.691300000000000470e-01 0.000000000000000000e+00
2.430000000000000000e+02 9.282600000000000406e+00 9.546599999999999531e-01 0.000000000000000000e+00
2.440000000000000000e+02 1.032414999999999949e+01 2.850200000000000067e+00 0.000000000000000000e+00
2.450000000000000000e+02 9.750790000000000290e+00 5.281080000000000219e+00 0.000000000000000000e+00
2.460000000000000000e+02 1.093515999999999977e+01 6.984040000000000248e+00 0.000000000000000000e+00
2.470000000000000000e+02 9.922689999999999344e+00 8.811130000000000351e+00 0.000000000000000000e+00
2.480000000000000000e+02 9.236539999999999750e+00 1.079472999999999949e+01 0.000000000000000000e+00
2.490000000000000000e+02 8.400349999999999540e+00 1.289976000000000056e+01 0.000000000000000000e+00
2.500000000000000000e+02 7.380930000000000213e+00 1.504256999999999955e+01 0.000000000000000000e+00
2.510000000000000000e+02 7.918370000000000353e+00 1.818137000000000114e+01 0.000000000000000000e+00
2.520000000000000000e+02 9.706749999999999545e+00 -1.679402999999999935e+01 0.000000000000000000e+00
2.530000000000000000e+02 9.648820000000000618e+00 -1.441306999999999938e+01 0.000000000000000000e+00
2.540000000000000000e+02 1.059188999999999936e+01 -1.235506999999999955e+01 0.000000000000000000e+00
2.550000000000000000e+02 1.185235999999999912e+01 -1.017988000000000071e+01 0.000000000000000000e+00
2.560000000000000000e+02 1.062415000000000020e+01 -8.474370000000000402e+00 0.000000000000000000e+00
2.570000000000000000e+02 1.144197999999999915e+01 -6.581170000000000186e+00 0.000000000000000000e+00
2.580000000000000000e+02 1.227487999999999957e+01 -4.686230000000000118e+00 0.000000000000000000e+00
2.590000000000000000e+02 1.104787999999999926e+01 -3.000300000000000189e+00 0.000000000000000000e+00
2.600000000000000000e+02 1.236617999999999995e+01 -1.125539999999999985e+00 0.000000000000000000e+00
2.610000000000000000e+02 1.136031999999999975e+01 8.403800000000000159e-01 0.000000000000000000e+00
2.620000000000000000e+02 1.241586999999999996e+01 2.694960000000000022e+00 0.000000000000000000e+00
2.630000000000000000e+02 1.175117999999999974e+01 4.685399999999999565e+00 0.000000000000000000e+00
2.640000000000000000e+02 1.297841000000000022e+01 6.541409999999999947e+00 0.000000000000000000e+00
2.650000000000000000e+02 1.243693999999999988e+01 8.536450000000000315e+00 0.000000000000000000e+00
2.660000000000000000e+02 1.133526999999999951e+01 1.037954000000000043e+01 0.000000000000000000e+00
2.670000000000000000e+02 1.063096999999999959e+01 1.234839999999999982e+01 0.000000000000000000e+00
2.680000000000000000e+02 9.957599999999999341e+00 1.431348999999999982e+01 0.000000000000000000e+00
2.690000000000000000e+02 9.132949999999999235e+00 1.637360999999999933e+01 0.000000000000000000e+00
2.700000000000000000e+02 1.141530999999999985e+01 -1.558745000000000047e+01 0.000000000000000000e+00
2.710000000000000000e+02 1.232963999999999949e+01 -1.373250999999999955e+01 0.000000000000000000e+00
2.720000000000000000e+02 1.316732000000000014e+01 -1.181476999999999933e+01 0.000000000000000000e+00
2.730000000000000000e+02 1.386791999999999980e+01 -9.340820000000000789e+00 0.000000000000000000e+00
2.740000000000000000e+02 1.342430000000000057e+01 -7.214809999999999945e+00 0.000000000000000000e+00
2.750000000000000000e+02 1.546031999999999940e+01 -7.773150000000000226e+00 0.000000000000000000e+00
2.760000000000000000e+02 1.441024999999999956e+01 -5.276589999999999669e+00 0.000000000000000000e+00
2.770000000000000000e+02 1.347362000000000037e+01 -3.002499999999999947e+00 0.000000000000000000e+00
2.780000000000000000e+02 1.450572000000000017e+01 -9.178500000000000547e-01 0.000000000000000000e+00
2.790000000000000000e+02 1.343923999999999985e+01 8.690799999999999637e-01 0.000000000000000000e+00
2.800000000000000000e+02 1.477908000000000044e+01 2.572239999999999860e+00 0.000000000000000000e+00
2.810000000000000000e+02 1.394692000000000043e+01 4.689639999999999809e+00 0.000000000000000000e+00
2.820000000000000000e+02 1.509041000000000032e+01 6.546940000000000204e+00 0.000000000000000000e+00
2.830000000000000000e+02 1.532665000000000077e+01 8.683680000000000732e+00 0.000000000000000000e+00
2.840000000000000000e+02 1.373452999999999946e+01 1.013873000000000069e+01 0.000000000000000000e+00
2.850000000000000000e+02 1.271271999999999913e+01 1.193327999999999989e+01 0.000000000000000000e+00
2.860000000000000000e+02 1.213458999999999932e+01 1.400093000000000032e+01 0.000000000000000000e+00
2.870000000000000000e+02 1.132022000000000084e+01 1.591656000000000049e+01 0.000000000000000000e+00
2.880000000000000000e+02 1.350422000000000011e+01 -1.555846000000000018e+01 0.000000000000000000e+00
2.890000000000000000e+02 1.440112000000000059e+01 -1.353966999999999921e+01 0.000000000000000000e+00
2.900000000000000000e+02 1.541763000000000083e+01 -1.171297999999999995e+01 0.000000000000000000e+00
2.910000000000000000e+02 1.639403000000000077e+01 -9.780530000000000612e+00 0.000000000000000000e+00
2.920000000000000000e+02 1.764039000000000001e+01 -7.317389999999999617e+00 0.000000000000000000e+00
2.930000000000000000e+02 1.667936999999999870e+01 -4.882299999999999862e+00 0.000000000000000000e+00
2.940000000000000000e+02 1.765588999999999942e+01 -2.863140000000000018e+00 0.000000000000000000e+00
2.950000000000000000e+02 1.559960000000000058e+01 -3.035410000000000164e+00 0.000000000000000000e+00
2.960000000000000000e+02 1.840428999999999959e+01 1.086300000000000043e+00 0.000000000000000000e+00
2.970000000000000000e+02 1.641892999999999958e+01 2.664000000000000049e-02 0.000000000000000000e+00
2.980000000000000000e+02 1.687847000000000008e+01 2.538790000000000102e+00 0.000000000000000000e+00
2.990000000000000000e+02 1.639714999999999989e+01 4.874259999999999593e+00 0.000000000000000000e+00
