0.000000000000000000e+00 -1.484015999999999913e+01 -1.446934000000000076e+01 0.000000000000000000e+00
1.000000000000000000e+00 -1.581404999999999994e+01 -1.261908999999999992e+01 0.000000000000000000e+00
2.000000000000000000e+00 -1.482644999999999946e+01 -1.079068999999999967e+01 0.000000000000000000e+00
3.000000000000000000e+00 -1.597000000000000064e+01 -9.024010000000000531e+00 0.000000000000000000e+00
4.000000000000000000e+00 -1.730527999999999977e+01 -7.386250000000000426e+00 0.000000000000000000e+00
5.000000000000000000e+00 -1.828922000000000025e+01 -5.534559999999999924e+00 0.000000000000000000e+00
6.000000000000000000e+00 -1.707317000000000107e+01 -3.336110000000000131e+00 0.000000000000000000e+00
7.000000000000000000e+00 -1.843812000000000140e+01 -1.731130000000000058e+00 0.000000000000000000e+00
8.000000000000000000e+00 -1.615099000000000018e+01 -1.428670000000000107e+00 0.000000000000000000e+00
9.000000000000000000e+00 -1.945261999999999958e+01 2.468500000000000139e-01 0.000000000000000000e+00
1.000000000000000000e+01 -1.885532999999999859e+01 2.714249999999999829e+00 0.000000000000000000e+00
1.100000000000000000e+01 -1.731766000000000005e+01 4.164869999999999628e+00 0.000000000000000000e+00
1.200000000000000000e+01 -1.651532999999999873e+01 6.347489999999999633e+00 0.000000000000000000e+00
1.300000000000000000e+01 -1.733354999999999890e+01 8.304280000000000328e+00 0.000000000000000000e+00
1.400000000000000000e+01 -1.525932000000000066e+01 8.071830000000000283e+00 0.000000000000000000e+00
1.500000000000000000e+01 -1.613392999999999944e+01 1.008878999999999948e+01 0.000000000000000000e+00
1.600000000000000000e+01 -1.493674999999999997e+01 1.187762000000000029e+01 0.000000000000000000e+00
1.700000000000000000e+01 -1.333830999999999989e+01 1.399975000000000058e+01 0.000000000000000000e+00
1.800000000000000000e+01 -1.085962999999999923e+01 -1.623534000000000077e+01 0.000000000000000000e+00
1.900000000000000000e+01 -1.226243000000000016e+01 -1.462368000000000023e+01 0.000000000000000000e+00
2.000000000000000000e+01 -1.351726000000000028e+01 -1.247758999999999929e+01 0.000000000000000000e+00
2.100000000000000000e+01 -1.380737000000000059e+01 -8.764900000000000801e+00 0.000000000000000000e+00
2.200000000000000000e+01 -1.490419999999999945e+01 -6.958890000000000242e+00 0.000000000000000000e+00
2.300000000000000000e+01 -1.602552000000000021e+01 -5.172189999999999621e+00 0.000000000000000000e+00
2.400000000000000000e+01 -1.498263999999999996e+01 -3.256200000000000205e+00 0.000000000000000000e+00
2.500000000000000000e+01 -1.404475000000000051e+01 -1.374519999999999964e+00 0.000000000000000000e+00
2.600000000000000000e+01 -1.512214999999999954e+01 3.800700000000000189e-01 0.000000000000000000e+00
2.700000000000000000e+01 -1.739929000000000059e+01 4.324899999999999856e-01 0.000000000000000000e+00
2.800000000000000000e+01 -1.625103000000000009e+01 2.282639999999999780e+00 0.000000000000000000e+00
2.900000000000000000e+01 -1.523263999999999996e+01 4.338940000000000019e+00 0.000000000000000000e+00
3.000000000000000000e+01 -1.429687999999999981e+01 6.197770000000000223e+00 0.000000000000000000e+00
3.100000000000000000e+01 -1.302513000000000076e+01 8.143240000000000478e+00 0.000000000000000000e+00
3.200000000000000000e+01 -1.407089000000000034e+01 9.951359999999999317e+00 0.000000000000000000e+00
3.300000000000000000e+01 -1.286988999999999983e+01 1.195096000000000025e+01 0.000000000000000000e+00
3.400000000000000000e+01 -1.122098000000000084e+01 1.395861000000000018e+01 0.000000000000000000e+00
3.500000000000000000e+01 -9.749390000000000001e+00 1.553738000000000063e+01 0.000000000000000000e+00
3.600000000000000000e+01 -8.648709999999999454e+00 -1.610078000000000031e+01 0.000000000000000000e+00
3.700000000000000000e+01 -1.016987999999999914e+01 -1.424337000000000053e+01 0.000000000000000000e+00
3.800000000000000000e+01 -1.143562000000000012e+01 -1.247545999999999999e+01 0.000000000000000000e+00
3.900000000000000000e+01 -1.264160000000000039e+01 -1.061387000000000036e+01 0.000000000000000000e+00
4.000000000000000000e+01 -1.283320999999999934e+01 -6.868249999999999744e+00 0.000000000000000000e+00
4.100000000000000000e+01 -1.386481999999999992e+01 -4.990240000000000009e+00 0.000000000000000000e+00
4.200000000000000000e+01 -1.177895000000000003e+01 -4.997209999999999930e+00 0.000000000000000000e+00
4.300000000000000000e+01 -1.282215000000000060e+01 -3.207190000000000207e+00 0.000000000000000000e+00
4.400000000000000000e+01 -1.189508999999999972e+01 -1.252529999999999921e+00 0.000000000000000000e+00
4.500000000000000000e+01 -1.305302000000000007e+01 4.792500000000000093e-01 0.000000000000000000e+00
4.600000000000000000e+01 -1.418561000000000050e+01 2.343690000000000051e+00 0.000000000000000000e+00
4.700000000000000000e+01 -1.314772999999999925e+01 4.232160000000000366e+00 0.000000000000000000e+00
4.800000000000000000e+01 -1.218504000000000076e+01 6.085300000000000153e+00 0.000000000000000000e+00
4.900000000000000000e+01 -1.092540999999999940e+01 8.128140000000000143e+00 0.000000000000000000e+00
5.000000000000000000e+01 -1.197963999999999984e+01 9.938439999999999941e+00 0.000000000000000000e+00
5.100000000000000000e+01 -1.068922000000000061e+01 1.186700000000000088e+01 0.000000000000000000e+00
5.200000000000000000e+01 -8.995210000000000150e+00 1.359392000000000067e+01 0.000000000000000000e+00
5.300000000000000000e+01 -8.342259999999999565e+00 1.708183000000000007e+01 0.000000000000000000e+00
5.400000000000000000e+01 -7.155470000000000219e+00 -1.783755000000000024e+01 0.000000000000000000e+00
5.500000000000000000e+01 -8.039600000000000080e+00 -1.405119000000000007e+01 0.000000000000000000e+00
5.600000000000000000e+01 -9.313480000000000203e+00 -1.227230999999999916e+01 0.000000000000000000e+00
5.700000000000000000e+01 -1.044008000000000003e+01 -1.050754000000000055e+01 0.000000000000000000e+00
5.800000000000000000e+01 -1.173762999999999934e+01 -8.614940000000000708e+00 0.000000000000000000e+00
5.900000000000000000e+01 -1.073698000000000086e+01 -6.784600000000000186e+00 0.000000000000000000e+00
6.000000000000000000e+01 -9.692589999999999151e+00 -4.908179999999999765e+00 0.000000000000000000e+00
6.100000000000000000e+01 -1.076004999999999967e+01 -3.127860000000000085e+00 0.000000000000000000e+00
6.200000000000000000e+01 -9.838870000000000005e+00 -1.227409999999999890e+00 0.000000000000000000e+00
6.300000000000000000e+01 -1.098652000000000051e+01 6.295399999999999885e-01 0.000000000000000000e+00
6.400000000000000000e+01 -1.208878999999999948e+01 2.470600000000000129e+00 0.000000000000000000e+00
6.500000000000000000e+01 -1.106423999999999985e+01 4.259000000000000341e+00 0.000000000000000000e+00
6.600000000000000000e+01 -9.884439999999999671e+00 6.257060000000000066e+00 0.000000000000000000e+00
6.700000000000000000e+01 -8.803520000000000678e+00 8.043430000000000746e+00 0.000000000000000000e+00
6.800000000000000000e+01 -9.765829999999999345e+00 9.910289999999999822e+00 0.000000000000000000e+00
6.900000000000000000e+01 -8.554539999999999367e+00 1.158304000000000045e+01 0.000000000000000000e+00
7.000000000000000000e+01 -7.449740000000000251e+00 1.514248000000000083e+01 0.000000000000000000e+00
7.100000000000000000e+01 -6.114840000000000053e+00 1.856636999999999915e+01 0.000000000000000000e+00
7.200000000000000000e+01 -4.166280000000000427e+00 -1.877098000000000155e+01 0.000000000000000000e+00
7.300000000000000000e+01 -6.543350000000000222e+00 -1.571536000000000044e+01 0.000000000000000000e+00
7.400000000000000000e+01 -7.154320000000000235e+00 -1.212956999999999930e+01 0.000000000000000000e+00
7.500000000000000000e+01 -8.387249999999999872e+00 -1.033300000000000018e+01 0.000000000000000000e+00
7.600000000000000000e+01 -9.636250000000000426e+00 -8.552530000000000854e+00 0.000000000000000000e+00
7.700000000000000000e+01 -8.659430000000000405e+00 -6.734320000000000306e+00 0.000000000000000000e+00
7.800000000000000000e+01 -7.562870000000000203e+00 -4.926120000000000054e+00 0.000000000000000000e+00
7.900000000000000000e+01 -8.685969999999999303e+00 -3.076569999999999805e+00 0.000000000000000000e+00
8.000000000000000000e+01 -8.842480000000000118e+00 6.325100000000000167e-01 0.000000000000000000e+00
8.100000000000000000e+01 -9.944330000000000780e+00 2.528849999999999820e+00 0.000000000000000000e+00
8.200000000000000000e+01 -8.796099999999999142e+00 4.334270000000000067e+00 0.000000000000000000e+00
8.300000000000000000e+01 -6.701999999999999957e+00 4.286590000000000344e+00 0.000000000000000000e+00
8.400000000000000000e+01 -7.807610000000000383e+00 6.168020000000000280e+00 0.000000000000000000e+00
8.500000000000000000e+01 -6.588519999999999932e+00 8.135930000000000106e+00 0.000000000000000000e+00
8.600000000000000000e+01 -7.022599999999999731e+00 1.019589999999999996e+01 0.000000000000000000e+00
8.700000000000000000e+01 -6.995470000000000077e+00 1.302515000000000001e+01 0.000000000000000000e+00
8.800000000000000000e+01 -3.797140000000000182e+00 1.767414000000000129e+01 0.000000000000000000e+00
8.900000000000000000e+01 -5.741249999999999964e+00 1.648946000000000112e+01 0.000000000000000000e+00
9.000000000000000000e+01 -2.534870000000000179e+00 -1.733483999999999980e+01 0.000000000000000000e+00
9.100000000000000000e+01 -4.363010000000000055e+00 -1.632545999999999964e+01 0.000000000000000000e+00
9.200000000000000000e+01 -5.099319999999999631e+00 -1.220604999999999940e+01 0.000000000000000000e+00
9.300000000000000000e+01 -6.307299999999999685e+00 -1.024442999999999948e+01 0.000000000000000000e+00
9.400000000000000000e+01 -7.466169999999999973e+00 -8.493660000000000210e+00 0.000000000000000000e+00
9.500000000000000000e+01 -6.398950000000000138e+00 -6.668059999999999654e+00 0.000000000000000000e+00
9.600000000000000000e+01 -5.385609999999999786e+00 -4.818909999999999805e+00 0.000000000000000000e+00
9.700000000000000000e+01 -6.613310000000000244e+00 -3.080249999999999932e+00 0.000000000000000000e+00
9.800000000000000000e+01 -7.736259999999999692e+00 -1.212949999999999973e+00 0.000000000000000000e+00
9.900000000000000000e+01 -6.738800000000000345e+00 6.568199999999999594e-01 0.000000000000000000e+00
1.000000000000000000e+02 -7.869489999999999874e+00 2.476480000000000015e+00 0.000000000000000000e+00
1.010000000000000000e+02 -3.360329999999999817e+00 2.680829999999999824e+00 0.000000000000000000e+00
1.020000000000000000e+02 -5.702440000000000175e+00 6.137920000000000265e+00 0.000000000000000000e+00
1.030000000000000000e+02 -4.945380000000000109e+00 9.920059999999999434e+00 0.000000000000000000e+00
1.040000000000000000e+02 -5.176590000000000025e+00 1.198297999999999952e+01 0.000000000000000000e+00
1.050000000000000000e+02 -5.483559999999999768e+00 1.445543999999999940e+01 0.000000000000000000e+00
1.060000000000000000e+02 -4.199519999999999698e+00 1.977357999999999905e+01 0.000000000000000000e+00
1.070000000000000000e+02 1.918600000000000028e-01 2.019253000000000142e+01 0.000000000000000000e+00
1.080000000000000000e+02 -2.620120000000000005e+00 -1.514267000000000074e+01 0.000000000000000000e+00
1.090000000000000000e+02 -4.955589999999999939e+00 -1.426903000000000077e+01 0.000000000000000000e+00
1.100000000000000000e+02 -3.203870000000000218e+00 -1.308684000000000047e+01 0.000000000000000000e+00
1.110000000000000000e+02 -4.220889999999999809e+00 -1.026687000000000083e+01 0.000000000000000000e+00
1.120000000000000000e+02 -5.272420000000000329e+00 -8.434620000000000672e+00 0.000000000000000000e+00
1.130000000000000000e+02 -4.289089999999999847e+00 -6.567680000000000184e+00 0.000000000000000000e+00
1.140000000000000000e+02 -2.998190000000000133e+00 -4.882600000000000051e+00 0.000000000000000000e+00
1.150000000000000000e+02 -4.432170000000000165e+00 -2.969359999999999999e+00 0.000000000000000000e+00
1.160000000000000000e+02 -5.613139999999999574e+00 -1.244899999999999896e+00 0.000000000000000000e+00
1.170000000000000000e+02 -4.569490000000000052e+00 6.825099999999999500e-01 0.000000000000000000e+00
1.180000000000000000e+02 -5.546630000000000393e+00 2.556690000000000129e+00 0.000000000000000000e+00
1.190000000000000000e+02 -4.479700000000000237e+00 4.420969999999999622e+00 0.000000000000000000e+00
1.200000000000000000e+02 -4.542169999999999597e+00 7.835119999999999862e+00 0.000000000000000000e+00
1.210000000000000000e+02 -2.996189999999999909e+00 9.231479999999999464e+00 0.000000000000000000e+00
1.220000000000000000e+02 -3.162329999999999863e+00 1.136032999999999937e+01 0.000000000000000000e+00
1.230000000000000000e+02 -3.510229999999999961e+00 1.339977000000000018e+01 0.000000000000000000e+00
1.240000000000000000e+02 -3.496589999999999865e+00 1.560205000000000020e+01 0.000000000000000000e+00
1.250000000000000000e+02 -1.916309999999999958e+00 1.893572999999999951e+01 0.000000000000000000e+00
1.260000000000000000e+02 -1.148209999999999953e+00 -1.890243999999999858e+01 0.000000000000000000e+00
1.270000000000000000e+02 -6.789199999999999680e-01 -1.634183000000000163e+01 0.000000000000000000e+00
1.280000000000000000e+02 -6.243900000000000006e-01 -1.422621999999999964e+01 0.000000000000000000e+00
1.290000000000000000e+02 -2.351789999999999825e+00 -1.115155999999999992e+01 0.000000000000000000e+00
1.300000000000000000e+02 -2.317340000000000177e+00 -9.047330000000000538e+00 0.000000000000000000e+00
1.310000000000000000e+02 -2.239580000000000126e+00 -6.878260000000000041e+00 0.000000000000000000e+00
1.320000000000000000e+02 -2.333079999999999821e+00 -2.877400000000000180e+00 0.000000000000000000e+00
1.330000000000000000e+02 -3.537319999999999798e+00 -1.106919999999999904e+00 0.000000000000000000e+00
1.340000000000000000e+02 -5.410599999999999854e-01 -1.770550000000000068e+00 0.000000000000000000e+00
1.350000000000000000e+02 -2.478180000000000049e+00 7.941200000000000481e-01 0.000000000000000000e+00
1.360000000000000000e+02 -1.226120000000000099e+00 2.424679999999999946e+00 0.000000000000000000e+00
1.370000000000000000e+02 -1.976580000000000004e+00 4.374880000000000102e+00 0.000000000000000000e+00
1.380000000000000000e+02 -3.204540000000000166e+00 6.219100000000000072e+00 0.000000000000000000e+00
1.390000000000000000e+02 -1.267849999999999921e+00 1.040352999999999994e+01 0.000000000000000000e+00
1.400000000000000000e+02 -1.434390000000000054e+00 1.260533000000000037e+01 0.000000000000000000e+00
1.410000000000000000e+02 -1.619310000000000027e+00 1.469089999999999918e+01 0.000000000000000000e+00
1.420000000000000000e+02 -1.785879999999999912e+00 1.687438999999999822e+01 0.000000000000000000e+00
1.430000000000000000e+02 9.080000000000000571e-02 1.804883999999999844e+01 0.000000000000000000e+00
1.440000000000000000e+02 1.075599999999999890e+00 -1.783414000000000144e+01 0.000000000000000000e+00
1.450000000000000000e+02 1.201980000000000048e+00 -1.536082999999999998e+01 0.000000000000000000e+00
1.460000000000000000e+02 -4.870999999999999774e-01 -1.214485999999999954e+01 0.000000000000000000e+00
1.470000000000000000e+02 -4.916200000000000014e-01 -1.008291000000000004e+01 0.000000000000000000e+00
1.480000000000000000e+02 -4.202500000000000124e-01 -8.021409999999999485e+00 0.000000000000000000e+00
1.490000000000000000e+02 -4.083100000000000063e-01 -5.929599999999999760e+00 0.000000000000000000e+00
1.500000000000000000e+02 -5.201700000000000212e-01 -3.875620000000000065e+00 0.000000000000000000e+00
1.510000000000000000e+02 1.283050000000000024e+00 -2.797660000000000036e+00 0.000000000000000000e+00
1.520000000000000000e+02 1.324759999999999938e+00 -7.211899999999999977e-01 0.000000000000000000e+00
1.530000000000000000e+02 -4.720500000000000251e-01 3.224799999999999889e-01 0.000000000000000000e+00
1.540000000000000000e+02 7.243800000000000239e-01 3.317219999999999835e+00 0.000000000000000000e+00
1.550000000000000000e+02 -9.431599999999999984e-01 6.213599999999999568e+00 0.000000000000000000e+00
1.560000000000000000e+02 -1.133219999999999894e+00 8.288959999999999440e+00 0.000000000000000000e+00
1.570000000000000000e+02 6.355600000000000138e-01 9.528879999999999129e+00 0.000000000000000000e+00
1.580000000000000000e+02 6.059099999999999486e-01 1.163796999999999926e+01 0.000000000000000000e+00
1.590000000000000000e+02 2.692999999999999838e-01 1.389287999999999990e+01 0.000000000000000000e+00
1.600000000000000000e+02 8.941999999999999948e-02 1.597818000000000005e+01 0.000000000000000000e+00
1.610000000000000000e+02 2.045069999999999943e+00 1.726051999999999964e+01 0.000000000000000000e+00
1.620000000000000000e+02 8.851700000000000124e-01 -2.001484999999999914e+01 0.000000000000000000e+00
1.630000000000000000e+02 2.933279999999999887e+00 -1.654774000000000100e+01 0.000000000000000000e+00
1.640000000000000000e+02 1.369660000000000100e+00 -1.327562999999999960e+01 0.000000000000000000e+00
1.650000000000000000e+02 1.411510000000000042e+00 -1.118800000000000061e+01 0.000000000000000000e+00
1.660000000000000000e+02 1.351769999999999916e+00 -9.087680000000000646e+00 0.000000000000000000e+00
1.670000000000000000e+02 1.400360000000000049e+00 -6.964170000000000194e+00 0.000000000000000000e+00
1.680000000000000000e+02 1.386069999999999913e+00 -4.886280000000000179e+00 0.000000000000000000e+00
1.690000000000000000e+02 3.206319999999999837e+00 -1.710050000000000070e+00 0.000000000000000000e+00
1.700000000000000000e+02 3.184260000000000090e+00 3.667900000000000049e-01 0.000000000000000000e+00
1.710000000000000000e+02 1.347779999999999978e+00 1.348370000000000068e+00 0.000000000000000000e+00
1.720000000000000000e+02 9.804100000000000037e-01 5.368100000000000094e+00 0.000000000000000000e+00
1.730000000000000000e+02 2.869219999999999882e+00 4.519610000000000127e+00 0.000000000000000000e+00
1.740000000000000000e+02 7.532600000000000406e-01 7.461859999999999715e+00 0.000000000000000000e+00
1.750000000000000000e+02 2.577869999999999884e+00 8.711579999999999657e+00 0.000000000000000000e+00
1.760000000000000000e+02 2.567820000000000213e+00 1.091150000000000020e+01 0.000000000000000000e+00
1.770000000000000000e+02 2.206339999999999968e+00 1.296208999999999989e+01 0.000000000000000000e+00
1.780000000000000000e+02 2.146199999999999886e+00 1.513152000000000008e+01 0.000000000000000000e+00
1.790000000000000000e+02 4.130580000000000140e+00 1.853477000000000174e+01 0.000000000000000000e+00
1.800000000000000000e+02 2.969700000000000006e+00 -1.870170999999999850e+01 0.000000000000000000e+00
1.810000000000000000e+02 3.294540000000000024e+00 -1.436982000000000070e+01 0.000000000000000000e+00
1.820000000000000000e+02 3.219539999999999846e+00 -1.220340999999999987e+01 0.000000000000000000e+00
1.830000000000000000e+02 3.264130000000000198e+00 -1.011289999999999978e+01 0.000000000000000000e+00
1.840000000000000000e+02 3.225410000000000110e+00 -7.941729999999999734e+00 0.000000000000000000e+00
1.850000000000000000e+02 3.219160000000000021e+00 -5.880650000000000155e+00 0.000000000000000000e+00
1.860000000000000000e+02 3.166959999999999997e+00 -3.809190000000000076e+00 0.000000000000000000e+00
1.870000000000000000e+02 5.009299999999999642e+00 -2.713330000000000020e+00 0.000000000000000000e+00
1.880000000000000000e+02 5.038249999999999673e+00 -5.503400000000000514e-01 0.000000000000000000e+00
1.890000000000000000e+02 4.950409999999999755e+00 1.514720000000000066e+00 0.000000000000000000e+00
1.900000000000000000e+02 3.097859999999999836e+00 2.458650000000000002e+00 0.000000000000000000e+00
1.910000000000000000e+02 4.639960000000000306e+00 5.670910000000000117e+00 0.000000000000000000e+00
1.920000000000000000e+02 2.689299999999999802e+00 6.591899999999999871e+00 0.000000000000000000e+00
1.930000000000000000e+02 4.562579999999999636e+00 7.759170000000000122e+00 0.000000000000000000e+00
1.940000000000000000e+02 4.465989999999999682e+00 9.916589999999999350e+00 0.000000000000000000e+00
1.950000000000000000e+02 4.341890000000000249e+00 1.202882999999999925e+01 0.000000000000000000e+00
1.960000000000000000e+02 3.948319999999999830e+00 1.407710999999999935e+01 0.000000000000000000e+00
1.970000000000000000e+02 3.977819999999999911e+00 1.613954999999999984e+01 0.000000000000000000e+00
1.980000000000000000e+02 5.192709999999999937e+00 -1.765806999999999860e+01 0.000000000000000000e+00
1.990000000000000000e+02 5.098019999999999996e+00 -1.557774000000000036e+01 0.000000000000000000e+00
2.000000000000000000e+02 5.021110000000000184e+00 -1.327176000000000045e+01 0.000000000000000000e+00
2.010000000000000000e+02 5.028120000000000367e+00 -1.118154999999999966e+01 0.000000000000000000e+00
2.020000000000000000e+02 5.088149999999999729e+00 -9.115890000000000271e+00 0.000000000000000000e+00
2.030000000000000000e+02 5.061040000000000205e+00 -6.963650000000000340e+00 0.000000000000000000e+00
2.040000000000000000e+02 5.039699999999999847e+00 -4.858430000000000248e+00 0.000000000000000000e+00
2.050000000000000000e+02 6.921719999999999651e+00 -1.530140000000000056e+00 0.000000000000000000e+00
2.060000000000000000e+02 6.827720000000000233e+00 5.760699999999999710e-01 0.000000000000000000e+00
2.070000000000000000e+02 6.714319999999999844e+00 2.653000000000000025e+00 0.000000000000000000e+00
2.080000000000000000e+02 4.841660000000000075e+00 3.615330000000000155e+00 0.000000000000000000e+00
2.090000000000000000e+02 6.570560000000000400e+00 4.752670000000000172e+00 0.000000000000000000e+00
2.100000000000000000e+02 6.455860000000000376e+00 6.852979999999999627e+00 0.000000000000000000e+00
2.110000000000000000e+02 6.319539999999999935e+00 8.959080000000000155e+00 0.000000000000000000e+00
2.120000000000000000e+02 6.211859999999999715e+00 1.107019000000000020e+01 0.000000000000000000e+00
2.130000000000000000e+02 6.201970000000000205e+00 1.321179000000000059e+01 0.000000000000000000e+00
2.140000000000000000e+02 5.855419999999999625e+00 1.523800999999999917e+01 0.000000000000000000e+00
2.150000000000000000e+02 5.822720000000000340e+00 1.735375000000000156e+01 0.000000000000000000e+00
2.160000000000000000e+02 7.033260000000000289e+00 -1.641686999999999941e+01 0.000000000000000000e+00
2.170000000000000000e+02 6.996979999999999755e+00 -1.431792000000000087e+01 0.000000000000000000e+00
2.180000000000000000e+02 6.982269999999999754e+00 -1.221868000000000087e+01 0.000000000000000000e+00
2.190000000000000000e+02 6.901989999999999625e+00 -1.009312000000000076e+01 0.000000000000000000e+00
2.200000000000000000e+02 6.928810000000000358e+00 -8.011240000000000805e+00 0.000000000000000000e+00
2.210000000000000000e+02 6.899560000000000137e+00 -5.782350000000000101e+00 0.000000000000000000e+00
2.220000000000000000e+02 8.722789999999999822e+00 -4.752779999999999561e+00 0.000000000000000000e+00
2.230000000000000000e+02 6.889450000000000074e+00 -3.682209999999999983e+00 0.000000000000000000e+00
2.240000000000000000e+02 8.738440000000000651e+00 -2.583699999999999886e+00 0.000000000000000000e+00
2.250000000000000000e+02 8.684450000000000003e+00 -4.201400000000000134e-01 0.000000000000000000e+00
2.260000000000000000e+02 8.604609999999999204e+00 1.699750000000000094e+00 0.000000000000000000e+00
2.270000000000000000e+02 8.419760000000000133e+00 3.821019999999999861e+00 0.000000000000000000e+00
2.280000000000000000e+02 8.302329999999999544e+00 5.887039999999999829e+00 0.000000000000000000e+00
2.290000000000000000e+02 8.244740000000000180e+00 8.074529999999999319e+00 0.000000000000000000e+00
2.300000000000000000e+02 8.222220000000000084e+00 1.013472999999999935e+01 0.000000000000000000e+00
2.310000000000000000e+02 8.012890000000000512e+00 1.223342000000000063e+01 0.000000000000000000e+00
2.320000000000000000e+02 8.024549999999999628e+00 1.438518999999999970e+01 0.000000000000000000e+00
2.330000000000000000e+02 7.890819999999999723e+00 1.655578999999999823e+01 0.000000000000000000e+00
2.340000000000000000e+02 9.294999999999999929e+00 -1.769386000000000081e+01 0.000000000000000000e+00
2.350000000000000000e+02 8.896259999999999835e+00 -1.534521999999999942e+01 0.000000000000000000e+00
2.360000000000000000e+02 8.868029999999999191e+00 -1.310950000000000060e+01 0.000000000000000000e+00
2.370000000000000000e+02 8.798429999999999751e+00 -1.095448000000000022e+01 0.000000000000000000e+00
2.380000000000000000e+02 8.797169999999999490e+00 -8.892839999999999634e+00 0.000000000000000000e+00
2.390000000000000000e+02 8.688769999999999882e+00 -6.830940000000000012e+00 0.000000000000000000e+00
2.400000000000000000e+02 1.077689999999999948e+01 -5.726230000000000153e+00 0.000000000000000000e+00
2.410000000000000000e+02 1.060036999999999985e+01 -3.644569999999999865e+00 0.000000000000000000e+00
2.420000000000000000e+02 1.058249999999999957e+01 -1.522359999999999935e+00 0.000000000000000000e+00
2.430000000000000000e+02 1.042423999999999928e+01 6.753000000000000114e-01 0.000000000000000000e+00
2.440000000000000000e+02 1.033780999999999928e+01 2.964989999999999792e+00 0.000000000000000000e+00
2.450000000000000000e+02 1.030733000000000033e+01 5.023080000000000211e+00 0.000000000000000000e+00
2.460000000000000000e+02 1.010087000000000046e+01 7.152630000000000265e+00 0.000000000000000000e+00
2.470000000000000000e+02 1.024624999999999986e+01 9.236710000000000420e+00 0.000000000000000000e+00
2.480000000000000000e+02 1.008596999999999966e+01 1.130339000000000027e+01 0.000000000000000000e+00
2.490000000000000000e+02 9.928269999999999484e+00 1.351228000000000051e+01 0.000000000000000000e+00
2.500000000000000000e+02 9.732340000000000657e+00 1.562481999999999971e+01 0.000000000000000000e+00
2.510000000000000000e+02 9.456599999999999895e+00 1.814805000000000135e+01 0.000000000000000000e+00
2.520000000000000000e+02 1.087158999999999942e+01 -1.623000000000000043e+01 0.000000000000000000e+00
2.530000000000000000e+02 1.067314000000000007e+01 -1.412738000000000049e+01 0.000000000000000000e+00
2.540000000000000000e+02 1.066394000000000020e+01 -1.199965000000000082e+01 0.000000000000000000e+00
2.550000000000000000e+02 1.066973999999999911e+01 -9.858169999999999433e+00 0.000000000000000000e+00
2.560000000000000000e+02 1.065738999999999947e+01 -7.784559999999999924e+00 0.000000000000000000e+00
2.570000000000000000e+02 1.265720999999999918e+01 -6.589730000000000310e+00 0.000000000000000000e+00
2.580000000000000000e+02 1.253388999999999953e+01 -4.500899999999999679e+00 0.000000000000000000e+00
2.590000000000000000e+02 1.252776000000000067e+01 -2.406460000000000043e+00 0.000000000000000000e+00
2.600000000000000000e+02 1.231222999999999956e+01 -2.775400000000000089e-01 0.000000000000000000e+00
2.610000000000000000e+02 1.413762000000000008e+01 1.006070000000000020e+00 0.000000000000000000e+00
2.620000000000000000e+02 1.221955999999999953e+01 1.799919999999999964e+00 0.000000000000000000e+00
2.630000000000000000e+02 1.223349999999999937e+01 3.969250000000000167e+00 0.000000000000000000e+00
2.640000000000000000e+02 1.198868000000000045e+01 6.293260000000000076e+00 0.000000000000000000e+00
2.650000000000000000e+02 1.215961000000000070e+01 8.350559999999999761e+00 0.000000000000000000e+00
2.660000000000000000e+02 1.217692000000000085e+01 1.042065000000000019e+01 0.000000000000000000e+00
2.670000000000000000e+02 1.186544999999999916e+01 1.250783000000000023e+01 0.000000000000000000e+00
2.680000000000000000e+02 1.170486000000000004e+01 1.477684999999999960e+01 0.000000000000000000e+00
2.690000000000000000e+02 1.129125999999999941e+01 1.697779999999999845e+01 0.000000000000000000e+00
2.700000000000000000e+02 1.280457999999999963e+01 -1.544092000000000020e+01 0.000000000000000000e+00
2.710000000000000000e+02 1.250247000000000064e+01 -1.307521000000000022e+01 0.000000000000000000e+00
2.720000000000000000e+02 1.243018000000000001e+01 -1.094472000000000023e+01 0.000000000000000000e+00
2.730000000000000000e+02 1.427637999999999963e+01 -9.819649999999999324e+00 0.000000000000000000e+00
2.740000000000000000e+02 1.246391999999999989e+01 -8.773379999999999512e+00 0.000000000000000000e+00
2.750000000000000000e+02 1.459685999999999950e+01 -7.680830000000000268e+00 0.000000000000000000e+00
2.760000000000000000e+02 1.441907999999999923e+01 -5.503519999999999968e+00 0.000000000000000000e+00
2.770000000000000000e+02 1.438679999999999914e+01 -3.447480000000000100e+00 0.000000000000000000e+00
2.780000000000000000e+02 1.420256000000000007e+01 -1.094899999999999984e+00 0.000000000000000000e+00
2.790000000000000000e+02 1.605943999999999861e+01 1.908999999999999933e-02 0.000000000000000000e+00
2.800000000000000000e+02 1.414201000000000086e+01 3.179419999999999913e+00 0.000000000000000000e+00
2.810000000000000000e+02 1.390071000000000012e+01 5.363909999999999734e+00 0.000000000000000000e+00
2.820000000000000000e+02 1.595527000000000051e+01 6.586660000000000181e+00 0.000000000000000000e+00
2.830000000000000000e+02 1.400902999999999921e+01 7.419889999999999652e+00 0.000000000000000000e+00
2.840000000000000000e+02 1.418825999999999965e+01 9.650330000000000297e+00 0.000000000000000000e+00
2.850000000000000000e+02 1.611780999999999864e+01 8.675599999999999312e+00 0.000000000000000000e+00
2.860000000000000000e+02 1.428271999999999942e+01 1.180119000000000007e+01 0.000000000000000000e+00
2.870000000000000000e+02 1.352134000000000036e+01 1.378162999999999982e+01 0.000000000000000000e+00
2.880000000000000000e+02 1.432302999999999926e+01 -1.403936999999999991e+01 0.000000000000000000e+00
2.890000000000000000e+02 1.438339999999999996e+01 -1.189506000000000085e+01 0.000000000000000000e+00
2.900000000000000000e+02 1.643521000000000143e+01 -1.127434000000000047e+01 0.000000000000000000e+00
2.910000000000000000e+02 1.834937000000000040e+01 -5.293639999999999901e+00 0.000000000000000000e+00
2.920000000000000000e+02 1.628380999999999901e+01 -8.927820000000000533e+00 0.000000000000000000e+00
2.930000000000000000e+02 1.639904999999999902e+01 -6.307140000000000413e+00 0.000000000000000000e+00
2.940000000000000000e+02 1.643975999999999971e+01 -4.158430000000000071e+00 0.000000000000000000e+00
2.950000000000000000e+02 1.825557999999999836e+01 -2.882769999999999833e+00 0.000000000000000000e+00
2.960000000000000000e+02 1.613328999999999880e+01 -2.040369999999999795e+00 0.000000000000000000e+00
2.970000000000000000e+02 1.791597000000000151e+01 1.270920000000000050e+00 0.000000000000000000e+00
2.980000000000000000e+02 1.610761000000000109e+01 2.325709999999999944e+00 0.000000000000000000e+00
2.990000000000000000e+02 1.625864999999999938e+01 4.431029999999999802e+00 0.000000000000000000e+00
