0.000000000000000000e+00 -1.282972000000000001e+01 -1.514700000000000024e+01 0.000000000000000000e+00
1.000000000000000000e+00 -1.382957000000000036e+01 -1.329443999999999981e+01 0.000000000000000000e+00
2.000000000000000000e+00 -1.460111000000000026e+01 -1.129804000000000030e+01 0.000000000000000000e+00
3.000000000000000000e+00 -1.600685000000000002e+01 -9.721949999999999648e+00 0.000000000000000000e+00
4.000000000000000000e+00 -1.683095000000000141e+01 -7.689239999999999853e+00 0.000000000000000000e+00
5.000000000000000000e+00 -1.796791999999999945e+01 -5.711059999999999803e+00 0.000000000000000000e+00
6.000000000000000000e+00 -1.661088000000000164e+01 -3.879820000000000046e+00 0.000000000000000000e+00
7.000000000000000000e+00 -1.790375999999999834e+01 -2.143670000000000186e+00 0.000000000000000000e+00
8.000000000000000000e+00 -1.655236999999999981e+01 -3.079999999999999960e-01 0.000000000000000000e+00
9.000000000000000000e+00 -1.775844000000000023e+01 1.476699999999999902e+00 0.000000000000000000e+00
1.000000000000000000e+01 -1.881400999999999968e+01 3.578339999999999854e+00 0.000000000000000000e+00
1.100000000000000000e+01 -1.745842000000000027e+01 5.511840000000000295e+00 0.000000000000000000e+00
1.200000000000000000e+01 -1.630286999999999864e+01 7.285989999999999966e+00 0.000000000000000000e+00
1.300000000000000000e+01 -1.843804000000000087e+01 7.390170000000000350e+00 0.000000000000000000e+00
1.400000000000000000e+01 -1.521236999999999995e+01 9.089140000000000441e+00 0.000000000000000000e+00
1.500000000000000000e+01 -1.625003999999999849e+01 1.098728000000000016e+01 0.000000000000000000e+00
1.600000000000000000e+01 -1.509229000000000021e+01 1.270537999999999990e+01 0.000000000000000000e+00
1.700000000000000000e+01 -1.186536000000000080e+01 1.460909000000000013e+01 0.000000000000000000e+00
1.800000000000000000e+01 -1.061090000000000089e+01 -1.503688000000000002e+01 0.000000000000000000e+00
1.900000000000000000e+01 -1.151556000000000068e+01 -1.317202999999999946e+01 0.000000000000000000e+00
2.000000000000000000e+01 -1.247409000000000034e+01 -1.129263000000000083e+01 0.000000000000000000e+00
2.100000000000000000e+01 -1.351956999999999987e+01 -9.481529999999999347e+00 0.000000000000000000e+00
2.200000000000000000e+01 -1.473504999999999932e+01 -7.789509999999999934e+00 0.000000000000000000e+00
2.300000000000000000e+01 -1.571528999999999954e+01 -5.918129999999999669e+00 0.000000000000000000e+00
2.400000000000000000e+01 -1.449089999999999989e+01 -4.012139999999999596e+00 0.000000000000000000e+00
2.500000000000000000e+01 -1.553082000000000029e+01 -2.111099999999999977e+00 0.000000000000000000e+00
2.600000000000000000e+01 -1.444565000000000055e+01 -3.434800000000000075e-01 0.000000000000000000e+00
2.700000000000000000e+01 -1.555550999999999995e+01 1.549690000000000012e+00 0.000000000000000000e+00
2.800000000000000000e+01 -1.670758000000000010e+01 3.554670000000000218e+00 0.000000000000000000e+00
2.900000000000000000e+01 -1.525933000000000028e+01 5.378669999999999618e+00 0.000000000000000000e+00
3.000000000000000000e+01 -1.422711999999999932e+01 7.251310000000000144e+00 0.000000000000000000e+00
3.100000000000000000e+01 -1.306241999999999948e+01 9.049070000000000391e+00 0.000000000000000000e+00
3.200000000000000000e+01 -1.406766999999999967e+01 1.085882999999999932e+01 0.000000000000000000e+00
3.300000000000000000e+01 -1.281622999999999912e+01 1.273668999999999940e+01 0.000000000000000000e+00
3.400000000000000000e+01 -1.055195999999999934e+01 1.623650999999999911e+01 0.000000000000000000e+00
3.500000000000000000e+01 -8.424549999999999983e+00 1.636729000000000056e+01 0.000000000000000000e+00
3.600000000000000000e+01 -9.523789999999999978e+00 -1.689364000000000132e+01 0.000000000000000000e+00
3.700000000000000000e+01 -9.356709999999999638e+00 -1.322741000000000078e+01 0.000000000000000000e+00
3.800000000000000000e+01 -1.039128000000000007e+01 -1.140029000000000003e+01 0.000000000000000000e+00
3.900000000000000000e+01 -1.143918000000000035e+01 -9.503159999999999386e+00 0.000000000000000000e+00
4.000000000000000000e+01 -1.252021000000000051e+01 -7.672789999999999999e+00 0.000000000000000000e+00
4.100000000000000000e+01 -1.358585000000000065e+01 -5.875280000000000058e+00 0.000000000000000000e+00
4.200000000000000000e+01 -1.237088999999999928e+01 -4.025420000000000442e+00 0.000000000000000000e+00
4.300000000000000000e+01 -1.343410000000000082e+01 -2.223209999999999908e+00 0.000000000000000000e+00
4.400000000000000000e+01 -1.237106999999999957e+01 -3.123500000000000165e-01 0.000000000000000000e+00
4.500000000000000000e+01 -1.342172000000000054e+01 1.518270000000000008e+00 0.000000000000000000e+00
4.600000000000000000e+01 -1.441864999999999952e+01 3.479150000000000187e+00 0.000000000000000000e+00
4.700000000000000000e+01 -1.318369999999999997e+01 5.299789999999999779e+00 0.000000000000000000e+00
4.800000000000000000e+01 -1.210828000000000060e+01 7.081430000000000113e+00 0.000000000000000000e+00
4.900000000000000000e+01 -1.090822999999999965e+01 8.931190000000000850e+00 0.000000000000000000e+00
5.000000000000000000e+01 -1.188400000000000034e+01 1.079962000000000089e+01 0.000000000000000000e+00
5.100000000000000000e+01 -1.063866999999999940e+01 1.274233000000000082e+01 0.000000000000000000e+00
5.200000000000000000e+01 -9.254350000000000520e+00 1.433778000000000041e+01 0.000000000000000000e+00
5.300000000000000000e+01 -6.346359999999999779e+00 1.618661000000000172e+01 0.000000000000000000e+00
5.400000000000000000e+01 -7.248310000000000031e+00 -1.690345999999999904e+01 0.000000000000000000e+00
5.500000000000000000e+01 -7.282339999999999591e+00 -1.326669000000000054e+01 0.000000000000000000e+00
5.600000000000000000e+01 -8.248570000000000846e+00 -1.142969000000000079e+01 0.000000000000000000e+00
5.700000000000000000e+01 -9.314650000000000318e+00 -9.596550000000000580e+00 0.000000000000000000e+00
5.800000000000000000e+01 -1.040192000000000050e+01 -7.685710000000000264e+00 0.000000000000000000e+00
5.900000000000000000e+01 -1.133018999999999998e+01 -5.833230000000000359e+00 0.000000000000000000e+00
6.000000000000000000e+01 -1.027260000000000062e+01 -4.045720000000000205e+00 0.000000000000000000e+00
6.100000000000000000e+01 -1.130504999999999960e+01 -2.217630000000000212e+00 0.000000000000000000e+00
6.200000000000000000e+01 -1.025074000000000041e+01 -4.359899999999999887e-01 0.000000000000000000e+00
6.300000000000000000e+01 -1.125085999999999942e+01 1.483470000000000066e+00 0.000000000000000000e+00
6.400000000000000000e+01 -1.231949999999999967e+01 3.438660000000000050e+00 0.000000000000000000e+00
6.500000000000000000e+01 -1.111184000000000083e+01 5.117340000000000444e+00 0.000000000000000000e+00
6.600000000000000000e+01 -9.987669999999999604e+00 6.959310000000000329e+00 0.000000000000000000e+00
6.700000000000000000e+01 -8.815210000000000434e+00 8.766320000000000334e+00 0.000000000000000000e+00
6.800000000000000000e+01 -9.705249999999999488e+00 1.067863000000000007e+01 0.000000000000000000e+00
6.900000000000000000e+01 -8.516610000000000014e+00 1.238682999999999979e+01 0.000000000000000000e+00
7.000000000000000000e+01 -7.163199999999999790e+00 1.425791000000000075e+01 0.000000000000000000e+00
7.100000000000000000e+01 -6.840440000000000076e+00 1.841200999999999866e+01 0.000000000000000000e+00
7.200000000000000000e+01 -3.986289999999999889e+00 -1.874040000000000106e+01 0.000000000000000000e+00
7.300000000000000000e+01 -8.370340000000000558e+00 -1.508057999999999943e+01 0.000000000000000000e+00
7.400000000000000000e+01 -5.154180000000000206e+00 -1.325440000000000040e+01 0.000000000000000000e+00
7.500000000000000000e+01 -7.179059999999999775e+00 -9.577920000000000655e+00 0.000000000000000000e+00
7.600000000000000000e+01 -8.293430000000000746e+00 -7.783159999999999634e+00 0.000000000000000000e+00
7.700000000000000000e+01 -9.219039999999999679e+00 -5.852710000000000079e+00 0.000000000000000000e+00
7.800000000000000000e+01 -8.087120000000000530e+00 -4.116710000000000313e+00 0.000000000000000000e+00
7.900000000000000000e+01 -9.119210000000000704e+00 -2.313540000000000152e+00 0.000000000000000000e+00
8.000000000000000000e+01 -8.162570000000000547e+00 -4.299000000000000044e-01 0.000000000000000000e+00
8.100000000000000000e+01 -9.174099999999999255e+00 1.364109999999999934e+00 0.000000000000000000e+00
8.200000000000000000e+01 -1.014445000000000086e+01 3.282500000000000195e+00 0.000000000000000000e+00
8.300000000000000000e+01 -9.013379999999999725e+00 5.027110000000000412e+00 0.000000000000000000e+00
8.400000000000000000e+01 -7.914030000000000342e+00 6.808550000000000324e+00 0.000000000000000000e+00
8.500000000000000000e+01 -6.698570000000000135e+00 8.649200000000000443e+00 0.000000000000000000e+00
8.600000000000000000e+01 -7.621870000000000367e+00 1.052730999999999995e+01 0.000000000000000000e+00
8.700000000000000000e+01 -6.451380000000000337e+00 1.231507000000000041e+01 0.000000000000000000e+00
8.800000000000000000e+01 -4.342170000000000307e+00 1.544659000000000049e+01 0.000000000000000000e+00
8.900000000000000000e+01 -4.819410000000000416e+00 1.779298000000000002e+01 0.000000000000000000e+00
9.000000000000000000e+01 -1.759390000000000009e+00 -1.900550000000000139e+01 0.000000000000000000e+00
9.100000000000000000e+01 -6.202919999999999767e+00 -1.504762999999999984e+01 0.000000000000000000e+00
9.200000000000000000e+01 -4.105229999999999713e+00 -1.140333000000000041e+01 0.000000000000000000e+00
9.300000000000000000e+01 -6.174019999999999619e+00 -1.138700000000000045e+01 0.000000000000000000e+00
9.400000000000000000e+01 -5.999780000000000335e+00 -7.716569999999999929e+00 0.000000000000000000e+00
9.500000000000000000e+01 -7.085510000000000197e+00 -5.923829999999999707e+00 0.000000000000000000e+00
9.600000000000000000e+01 -5.890069999999999695e+00 -4.190310000000000201e+00 0.000000000000000000e+00
9.700000000000000000e+01 -7.029490000000000016e+00 -2.305379999999999985e+00 0.000000000000000000e+00
9.800000000000000000e+01 -5.883519999999999861e+00 -5.578100000000000280e-01 0.000000000000000000e+00
9.900000000000000000e+01 -6.980139999999999567e+00 1.278589999999999893e+00 0.000000000000000000e+00
1.000000000000000000e+02 -8.006140000000000256e+00 3.158889999999999976e+00 0.000000000000000000e+00
1.010000000000000000e+02 -6.758429999999999715e+00 5.067540000000000155e+00 0.000000000000000000e+00
1.020000000000000000e+02 -5.444329999999999892e+00 6.758510000000000240e+00 0.000000000000000000e+00
1.030000000000000000e+02 -4.684339999999999726e+00 9.042569999999999553e+00 0.000000000000000000e+00
1.040000000000000000e+02 -4.684040000000000425e+00 1.115193000000000012e+01 0.000000000000000000e+00
1.050000000000000000e+02 -4.526480000000000281e+00 1.332902999999999949e+01 0.000000000000000000e+00
1.060000000000000000e+02 -2.651139999999999830e+00 1.422776999999999958e+01 0.000000000000000000e+00
1.070000000000000000e+02 -3.071930000000000049e+00 1.888163000000000125e+01 0.000000000000000000e+00
1.080000000000000000e+02 -5.145979999999999777e+00 -1.689094000000000051e+01 0.000000000000000000e+00
1.090000000000000000e+02 -4.056600000000000428e+00 -1.512201999999999913e+01 0.000000000000000000e+00
1.100000000000000000e+02 -2.076979999999999826e+00 -1.178672000000000075e+01 0.000000000000000000e+00
1.110000000000000000e+02 -5.091649999999999565e+00 -9.565649999999999764e+00 0.000000000000000000e+00
1.120000000000000000e+02 -3.908599999999999852e+00 -7.840600000000000236e+00 0.000000000000000000e+00
1.130000000000000000e+02 -4.832709999999999617e+00 -5.991150000000000198e+00 0.000000000000000000e+00
1.140000000000000000e+02 -3.814039999999999875e+00 -4.183840000000000003e+00 0.000000000000000000e+00
1.150000000000000000e+02 -4.830709999999999837e+00 -2.360770000000000035e+00 0.000000000000000000e+00
1.160000000000000000e+02 -3.791589999999999794e+00 -4.761500000000000177e-01 0.000000000000000000e+00
1.170000000000000000e+02 -4.900920000000000165e+00 1.285169999999999924e+00 0.000000000000000000e+00
1.180000000000000000e+02 -5.943340000000000067e+00 3.137659999999999894e+00 0.000000000000000000e+00
1.190000000000000000e+02 -4.683919999999999639e+00 4.842389999999999972e+00 0.000000000000000000e+00
1.200000000000000000e+02 -2.866039999999999921e+00 5.834719999999999906e+00 0.000000000000000000e+00
1.210000000000000000e+02 -2.910079999999999778e+00 7.936919999999999753e+00 0.000000000000000000e+00
1.220000000000000000e+02 -2.771049999999999791e+00 1.003287000000000084e+01 0.000000000000000000e+00
1.230000000000000000e+02 -2.789829999999999810e+00 1.215246999999999922e+01 0.000000000000000000e+00
1.240000000000000000e+02 -8.666899999999999604e-01 1.549821000000000026e+01 0.000000000000000000e+00
1.250000000000000000e+02 -2.698620000000000019e+00 1.677167000000000030e+01 0.000000000000000000e+00
1.260000000000000000e+02 1.393990000000000062e+00 -1.901379000000000019e+01 0.000000000000000000e+00
1.270000000000000000e+02 -2.675009999999999888e+00 -1.702736000000000161e+01 0.000000000000000000e+00
1.280000000000000000e+02 -2.297880000000000145e+00 -1.387612999999999985e+01 0.000000000000000000e+00
1.290000000000000000e+02 -2.886429999999999829e+00 -9.699089999999999989e+00 0.000000000000000000e+00
1.300000000000000000e+02 -1.788470000000000004e+00 -7.853729999999999656e+00 0.000000000000000000e+00
1.310000000000000000e+02 -2.690510000000000179e+00 -5.934179999999999566e+00 0.000000000000000000e+00
1.320000000000000000e+02 -1.738240000000000007e+00 -4.095489999999999853e+00 0.000000000000000000e+00
1.330000000000000000e+02 -2.507499999999999840e+00 -2.148590000000000000e+00 0.000000000000000000e+00
1.340000000000000000e+02 -2.809140000000000192e+00 1.370419999999999972e+00 0.000000000000000000e+00
1.350000000000000000e+02 -1.107509999999999994e+00 2.556519999999999904e+00 0.000000000000000000e+00
1.360000000000000000e+02 -3.005250000000000199e+00 3.439729999999999954e+00 0.000000000000000000e+00
1.370000000000000000e+02 -1.089970000000000105e+00 4.674529999999999852e+00 0.000000000000000000e+00
1.380000000000000000e+02 -1.040129999999999999e+00 6.862339999999999662e+00 0.000000000000000000e+00
1.390000000000000000e+02 -9.578999999999999737e-01 8.912570000000000547e+00 0.000000000000000000e+00
1.400000000000000000e+02 -9.361099999999999977e-01 1.105270999999999937e+01 0.000000000000000000e+00
1.410000000000000000e+02 -9.018800000000000150e-01 1.313134999999999941e+01 0.000000000000000000e+00
1.420000000000000000e+02 -7.955200000000000049e-01 1.757421000000000078e+01 0.000000000000000000e+00
1.430000000000000000e+02 -9.989599999999999591e-01 1.967725000000000080e+01 0.000000000000000000e+00
1.440000000000000000e+02 -4.806500000000000217e-01 -1.726199000000000083e+01 0.000000000000000000e+00
1.450000000000000000e+02 -6.010600000000000387e-01 -1.515978999999999921e+01 0.000000000000000000e+00
1.460000000000000000e+02 -3.030999999999999805e-01 -1.311036000000000001e+01 0.000000000000000000e+00
1.470000000000000000e+02 -1.645500000000000018e-01 -1.100783000000000023e+01 0.000000000000000000e+00
1.480000000000000000e+02 7.817999999999999949e-02 -8.945990000000000109e+00 0.000000000000000000e+00
1.490000000000000000e+02 1.205200000000000021e-01 -6.840300000000000047e+00 0.000000000000000000e+00
1.500000000000000000e+02 2.671000000000000041e-01 -4.727730000000000210e+00 0.000000000000000000e+00
1.510000000000000000e+02 -7.233000000000000540e-02 -2.636060000000000070e+00 0.000000000000000000e+00
1.520000000000000000e+02 -1.568289999999999962e+00 -2.841699999999999782e-01 0.000000000000000000e+00
1.530000000000000000e+02 6.514400000000000190e-01 1.445540000000000047e+00 0.000000000000000000e+00
1.540000000000000000e+02 7.065700000000000314e-01 3.584519999999999929e+00 0.000000000000000000e+00
1.550000000000000000e+02 7.436700000000000532e-01 5.699860000000000149e+00 0.000000000000000000e+00
1.560000000000000000e+02 8.136900000000000244e-01 7.818740000000000023e+00 0.000000000000000000e+00
1.570000000000000000e+02 9.072099999999999609e-01 9.917699999999999960e+00 0.000000000000000000e+00
1.580000000000000000e+02 9.561100000000000154e-01 1.210829999999999984e+01 0.000000000000000000e+00
1.590000000000000000e+02 8.347900000000000320e-01 1.426238000000000028e+01 0.000000000000000000e+00
1.600000000000000000e+02 1.077120000000000077e+00 1.634984999999999999e+01 0.000000000000000000e+00
1.610000000000000000e+02 3.001500000000000057e+00 1.740540000000000020e+01 0.000000000000000000e+00
1.620000000000000000e+02 1.677759999999999918e+00 -1.688059000000000154e+01 0.000000000000000000e+00
1.630000000000000000e+02 1.362190000000000012e+00 -1.453570999999999991e+01 0.000000000000000000e+00
1.640000000000000000e+02 1.576750000000000096e+00 -1.220404000000000089e+01 0.000000000000000000e+00
1.650000000000000000e+02 1.762420000000000098e+00 -1.013939000000000057e+01 0.000000000000000000e+00
1.660000000000000000e+02 1.908549999999999969e+00 -7.997779999999999667e+00 0.000000000000000000e+00
1.670000000000000000e+02 2.022089999999999943e+00 -5.854840000000000266e+00 0.000000000000000000e+00
1.680000000000000000e+02 2.187370000000000037e+00 -3.790369999999999795e+00 0.000000000000000000e+00
1.690000000000000000e+02 2.229270000000000085e+00 -1.720920000000000005e+00 0.000000000000000000e+00
1.700000000000000000e+02 4.791599999999999748e-01 -6.162400000000000100e-01 0.000000000000000000e+00
1.710000000000000000e+02 2.407960000000000100e+00 3.543200000000000238e-01 0.000000000000000000e+00
1.720000000000000000e+02 2.472809999999999953e+00 2.466600000000000126e+00 0.000000000000000000e+00
1.730000000000000000e+02 2.661090000000000177e+00 4.563869999999999649e+00 0.000000000000000000e+00
1.740000000000000000e+02 2.628429999999999822e+00 6.674210000000000420e+00 0.000000000000000000e+00
1.750000000000000000e+02 2.763079999999999981e+00 8.766379999999999839e+00 0.000000000000000000e+00
1.760000000000000000e+02 2.733820000000000139e+00 1.099004000000000048e+01 0.000000000000000000e+00
1.770000000000000000e+02 2.728569999999999940e+00 1.320339000000000063e+01 0.000000000000000000e+00
1.780000000000000000e+02 2.830210000000000115e+00 1.526064000000000043e+01 0.000000000000000000e+00
1.790000000000000000e+02 1.078330000000000011e+00 1.842510000000000048e+01 0.000000000000000000e+00
1.800000000000000000e+02 3.641099999999999781e+00 -1.801555000000000106e+01 0.000000000000000000e+00
1.810000000000000000e+02 3.311529999999999863e+00 -1.556032000000000082e+01 0.000000000000000000e+00
1.820000000000000000e+02 3.291669999999999874e+00 -1.348080000000000034e+01 0.000000000000000000e+00
1.830000000000000000e+02 3.472840000000000149e+00 -1.132037000000000049e+01 0.000000000000000000e+00
1.840000000000000000e+02 3.634910000000000085e+00 -9.149300000000000210e+00 0.000000000000000000e+00
1.850000000000000000e+02 3.800899999999999945e+00 -7.011350000000000193e+00 0.000000000000000000e+00
1.860000000000000000e+02 3.935970000000000191e+00 -4.917220000000000368e+00 0.000000000000000000e+00
1.870000000000000000e+02 4.070759999999999934e+00 -2.844180000000000152e+00 0.000000000000000000e+00
1.880000000000000000e+02 4.183029999999999582e+00 -7.145299999999999985e-01 0.000000000000000000e+00
1.890000000000000000e+02 4.244699999999999918e+00 1.339720000000000022e+00 0.000000000000000000e+00
1.900000000000000000e+02 4.442090000000000316e+00 3.475449999999999928e+00 0.000000000000000000e+00
1.910000000000000000e+02 4.528209999999999624e+00 5.532060000000000421e+00 0.000000000000000000e+00
1.920000000000000000e+02 4.531290000000000262e+00 7.607380000000000031e+00 0.000000000000000000e+00
1.930000000000000000e+02 4.607910000000000394e+00 9.691879999999999384e+00 0.000000000000000000e+00
1.940000000000000000e+02 4.665160000000000196e+00 1.179462000000000010e+01 0.000000000000000000e+00
1.950000000000000000e+02 4.615249999999999631e+00 1.419177999999999962e+01 0.000000000000000000e+00
1.960000000000000000e+02 4.943480000000000096e+00 1.627793000000000134e+01 0.000000000000000000e+00
1.970000000000000000e+02 2.866159999999999819e+00 1.985614999999999952e+01 0.000000000000000000e+00
1.980000000000000000e+02 5.177500000000000213e+00 -1.661475000000000080e+01 0.000000000000000000e+00
1.990000000000000000e+02 5.141409999999999592e+00 -1.452140999999999948e+01 0.000000000000000000e+00
2.000000000000000000e+02 5.313469999999999693e+00 -1.239109999999999978e+01 0.000000000000000000e+00
2.010000000000000000e+02 5.468939999999999912e+00 -1.029424000000000028e+01 0.000000000000000000e+00
2.020000000000000000e+02 5.661109999999999864e+00 -8.190920000000000201e+00 0.000000000000000000e+00
2.030000000000000000e+02 5.658890000000000420e+00 -6.122379999999999711e+00 0.000000000000000000e+00
2.040000000000000000e+02 5.786500000000000199e+00 -4.000589999999999868e+00 0.000000000000000000e+00
2.050000000000000000e+02 5.958219999999999850e+00 -1.852370000000000072e+00 0.000000000000000000e+00
2.060000000000000000e+02 7.858500000000000263e+00 -8.994900000000000118e-01 0.000000000000000000e+00
2.070000000000000000e+02 6.036310000000000286e+00 2.218199999999999894e-01 0.000000000000000000e+00
2.080000000000000000e+02 6.177789999999999893e+00 2.342610000000000081e+00 0.000000000000000000e+00
2.090000000000000000e+02 6.301350000000000229e+00 4.454139999999999766e+00 0.000000000000000000e+00
2.100000000000000000e+02 6.411220000000000141e+00 6.604630000000000223e+00 0.000000000000000000e+00
2.110000000000000000e+02 6.509570000000000078e+00 8.689130000000000464e+00 0.000000000000000000e+00
2.120000000000000000e+02 6.493949999999999889e+00 1.084120000000000061e+01 0.000000000000000000e+00
2.130000000000000000e+02 6.394969999999999821e+00 1.292034999999999911e+01 0.000000000000000000e+00
2.140000000000000000e+02 6.688159999999999883e+00 1.499643999999999977e+01 0.000000000000000000e+00
2.150000000000000000e+02 5.251299999999999635e+00 1.854946999999999946e+01 0.000000000000000000e+00
2.160000000000000000e+02 7.119139999999999802e+00 -1.578547000000000011e+01 0.000000000000000000e+00
2.170000000000000000e+02 7.047620000000000218e+00 -1.355442999999999998e+01 0.000000000000000000e+00
2.180000000000000000e+02 7.227179999999999715e+00 -1.149346000000000068e+01 0.000000000000000000e+00
2.190000000000000000e+02 7.344660000000000188e+00 -9.378180000000000405e+00 0.000000000000000000e+00
2.200000000000000000e+02 7.523789999999999978e+00 -7.299640000000000128e+00 0.000000000000000000e+00
2.210000000000000000e+02 7.509220000000000006e+00 -5.155219999999999914e+00 0.000000000000000000e+00
2.220000000000000000e+02 9.486689999999999401e+00 -4.135449999999999626e+00 0.000000000000000000e+00
2.230000000000000000e+02 7.729300000000000281e+00 -3.027400000000000091e+00 0.000000000000000000e+00
2.240000000000000000e+02 9.749879999999999214e+00 -3.278999999999999970e-02 0.000000000000000000e+00
2.250000000000000000e+02 7.898489999999999789e+00 1.185950000000000060e+00 0.000000000000000000e+00
2.260000000000000000e+02 9.825799999999999201e+00 2.101710000000000189e+00 0.000000000000000000e+00
2.270000000000000000e+02 8.031430000000000291e+00 3.255580000000000140e+00 0.000000000000000000e+00
2.280000000000000000e+02 8.225390000000000867e+00 5.452799999999999869e+00 0.000000000000000000e+00
2.290000000000000000e+02 8.284129999999999328e+00 7.524659999999999904e+00 0.000000000000000000e+00
2.300000000000000000e+02 8.331099999999999284e+00 9.776889999999999858e+00 0.000000000000000000e+00
2.310000000000000000e+02 8.328699999999999548e+00 1.188481999999999950e+01 0.000000000000000000e+00
2.320000000000000000e+02 8.516799999999999926e+00 1.399530999999999992e+01 0.000000000000000000e+00
2.330000000000000000e+02 8.600059999999999150e+00 1.608485999999999905e+01 0.000000000000000000e+00
2.340000000000000000e+02 7.157009999999999650e+00 -1.794232999999999834e+01 0.000000000000000000e+00
2.350000000000000000e+02 8.890610000000000568e+00 -1.462237999999999971e+01 0.000000000000000000e+00
2.360000000000000000e+02 9.097810000000000841e+00 -1.256284999999999918e+01 0.000000000000000000e+00
2.370000000000000000e+02 9.191369999999999152e+00 -1.048006999999999955e+01 0.000000000000000000e+00
2.380000000000000000e+02 9.290409999999999613e+00 -8.390169999999999462e+00 0.000000000000000000e+00
2.390000000000000000e+02 9.294850000000000279e+00 -6.204469999999999708e+00 0.000000000000000000e+00
2.400000000000000000e+02 1.127280000000000015e+01 -5.272579999999999600e+00 0.000000000000000000e+00
2.410000000000000000e+02 1.132109999999999950e+01 -3.167209999999999859e+00 0.000000000000000000e+00
2.420000000000000000e+02 1.154486999999999952e+01 -1.086319999999999952e+00 0.000000000000000000e+00
2.430000000000000000e+02 1.171271999999999913e+01 1.045840000000000103e+00 0.000000000000000000e+00
2.440000000000000000e+02 1.179473999999999911e+01 3.183759999999999923e+00 0.000000000000000000e+00
2.450000000000000000e+02 9.995449999999999946e+00 4.291080000000000005e+00 0.000000000000000000e+00
2.460000000000000000e+02 1.005673999999999957e+01 6.443609999999999616e+00 0.000000000000000000e+00
2.470000000000000000e+02 1.009282999999999930e+01 8.658419999999999561e+00 0.000000000000000000e+00
2.480000000000000000e+02 1.017689999999999984e+01 1.081584999999999930e+01 0.000000000000000000e+00
2.490000000000000000e+02 1.028213000000000044e+01 1.289550000000000018e+01 0.000000000000000000e+00
2.500000000000000000e+02 1.047930000000000028e+01 1.501864999999999917e+01 0.000000000000000000e+00
2.510000000000000000e+02 6.817960000000000242e+00 1.720129000000000019e+01 0.000000000000000000e+00
2.520000000000000000e+02 8.934639999999999915e+00 -1.683201000000000036e+01 0.000000000000000000e+00
2.530000000000000000e+02 1.098532999999999937e+01 -1.371602000000000032e+01 0.000000000000000000e+00
2.540000000000000000e+02 1.094073000000000029e+01 -1.161898000000000053e+01 0.000000000000000000e+00
2.550000000000000000e+02 1.105180999999999969e+01 -9.463380000000000791e+00 0.000000000000000000e+00
2.560000000000000000e+02 1.115450000000000053e+01 -7.345799999999999663e+00 0.000000000000000000e+00
2.570000000000000000e+02 1.310954000000000086e+01 -6.282960000000000100e+00 0.000000000000000000e+00
2.580000000000000000e+02 1.540986000000000011e+01 -5.428910000000000124e+00 0.000000000000000000e+00
2.590000000000000000e+02 1.318866000000000049e+01 -4.188990000000000435e+00 0.000000000000000000e+00
2.600000000000000000e+02 1.334055999999999997e+01 -2.130599999999999827e+00 0.000000000000000000e+00
2.610000000000000000e+02 1.357208999999999932e+01 3.187999999999999862e-02 0.000000000000000000e+00
2.620000000000000000e+02 1.366377999999999915e+01 2.187800000000000189e+00 0.000000000000000000e+00
2.630000000000000000e+02 1.365488999999999997e+01 4.337049999999999628e+00 0.000000000000000000e+00
2.640000000000000000e+02 1.184608000000000061e+01 5.333230000000000359e+00 0.000000000000000000e+00
2.650000000000000000e+02 1.184121000000000024e+01 7.536170000000000258e+00 0.000000000000000000e+00
2.660000000000000000e+02 1.194795000000000051e+01 9.601139999999999119e+00 0.000000000000000000e+00
2.670000000000000000e+02 1.206770000000000032e+01 1.170139999999999958e+01 0.000000000000000000e+00
2.680000000000000000e+02 1.408248999999999995e+01 1.270953000000000088e+01 0.000000000000000000e+00
2.690000000000000000e+02 1.220016999999999996e+01 1.378963000000000072e+01 0.000000000000000000e+00
2.700000000000000000e+02 1.089342000000000077e+01 -1.580841000000000030e+01 0.000000000000000000e+00
2.710000000000000000e+02 1.283037999999999990e+01 -1.266431000000000040e+01 0.000000000000000000e+00
2.720000000000000000e+02 1.290734999999999921e+01 -1.049742999999999959e+01 0.000000000000000000e+00
2.730000000000000000e+02 1.479294999999999938e+01 -9.614300000000000068e+00 0.000000000000000000e+00
2.740000000000000000e+02 1.298353999999999964e+01 -8.339309999999999334e+00 0.000000000000000000e+00
2.750000000000000000e+02 1.496579999999999977e+01 -7.482940000000000147e+00 0.000000000000000000e+00
2.760000000000000000e+02 1.731952000000000069e+01 -4.642050000000000232e+00 0.000000000000000000e+00
2.770000000000000000e+02 1.505732000000000070e+01 -3.304120000000000168e+00 0.000000000000000000e+00
2.780000000000000000e+02 1.533763000000000076e+01 -1.125939999999999941e+00 0.000000000000000000e+00
2.790000000000000000e+02 1.538785999999999987e+01 1.016790000000000083e+00 0.000000000000000000e+00
2.800000000000000000e+02 1.546256999999999948e+01 3.229400000000000048e+00 0.000000000000000000e+00
2.810000000000000000e+02 1.545673000000000030e+01 5.388530000000000264e+00 0.000000000000000000e+00
2.820000000000000000e+02 1.742382999999999882e+01 6.480579999999999785e+00 0.000000000000000000e+00
2.830000000000000000e+02 1.363266999999999918e+01 6.406589999999999563e+00 0.000000000000000000e+00
2.840000000000000000e+02 1.554799000000000042e+01 7.550080000000000346e+00 0.000000000000000000e+00
2.850000000000000000e+02 1.370054000000000016e+01 8.526040000000000063e+00 0.000000000000000000e+00
2.860000000000000000e+02 1.576942999999999984e+01 9.852600000000000691e+00 0.000000000000000000e+00
2.870000000000000000e+02 1.383994999999999997e+01 1.061764999999999937e+01 0.000000000000000000e+00
2.880000000000000000e+02 1.279649000000000036e+01 -1.490014000000000038e+01 0.000000000000000000e+00
2.890000000000000000e+02 1.476487000000000016e+01 -1.190545000000000009e+01 0.000000000000000000e+00
2.900000000000000000e+02 1.662932999999999950e+01 -1.088513999999999982e+01 0.000000000000000000e+00
2.910000000000000000e+02 1.909918000000000049e+01 -1.480769999999999920e+00 0.000000000000000000e+00
2.920000000000000000e+02 1.673264999999999958e+01 -8.642720000000000624e+00 0.000000000000000000e+00
2.930000000000000000e+02 1.751350000000000051e+01 -6.720939999999999692e+00 0.000000000000000000e+00
2.940000000000000000e+02 1.899248000000000047e+01 8.171100000000000030e-01 0.000000000000000000e+00
2.950000000000000000e+02 1.705114999999999981e+01 -2.275360000000000049e+00 0.000000000000000000e+00
2.960000000000000000e+02 1.719678000000000040e+01 -1.858599999999999974e-01 0.000000000000000000e+00
2.970000000000000000e+02 1.939392000000000138e+01 4.312949999999999839e+00 0.000000000000000000e+00
2.980000000000000000e+02 1.724134000000000100e+01 1.966739999999999933e+00 0.000000000000000000e+00
2.990000000000000000e+02 1.729290999999999912e+01 4.282169999999999810e+00 0.000000000000000000e+00
