0.000000000000000000e+00 -1.519574000000000069e+01 -1.383380000000000010e+01 0.000000000000000000e+00
1.000000000000000000e+00 -1.551370999999999967e+01 -1.179813000000000045e+01 0.000000000000000000e+00
2.000000000000000000e+00 -1.581868000000000052e+01 -9.744450000000000500e+00 0.000000000000000000e+00
3.000000000000000000e+00 -1.547438000000000002e+01 -7.704500000000000348e+00 0.000000000000000000e+00
4.000000000000000000e+00 -1.753641999999999967e+01 -7.022339999999999804e+00 0.000000000000000000e+00
5.000000000000000000e+00 -1.989786000000000143e+01 -4.378009999999999735e+00 0.000000000000000000e+00
6.000000000000000000e+00 -1.758903000000000105e+01 -4.825730000000000075e+00 0.000000000000000000e+00
7.000000000000000000e+00 -1.770203000000000060e+01 -2.620629999999999793e+00 0.000000000000000000e+00
8.000000000000000000e+00 -1.810823999999999856e+01 -2.425900000000000001e-01 0.000000000000000000e+00
9.000000000000000000e+00 -1.960240999999999900e+01 -1.813229999999999897e+00 0.000000000000000000e+00
1.000000000000000000e+01 -1.799659000000000120e+01 2.115390000000000104e+00 0.000000000000000000e+00
1.100000000000000000e+01 -1.630827999999999989e+01 3.322589999999999932e+00 0.000000000000000000e+00
1.200000000000000000e+01 -1.606650000000000134e+01 5.454460000000000086e+00 0.000000000000000000e+00
1.300000000000000000e+01 -1.798003999999999891e+01 6.248409999999999798e+00 0.000000000000000000e+00
1.400000000000000000e+01 -1.587806999999999924e+01 7.619600000000000151e+00 0.000000000000000000e+00
1.500000000000000000e+01 -1.633221999999999952e+01 9.724500000000000810e+00 0.000000000000000000e+00
1.600000000000000000e+01 -1.529287000000000063e+01 1.184285000000000032e+01 0.000000000000000000e+00
1.700000000000000000e+01 -1.495224999999999937e+01 1.389906000000000041e+01 0.000000000000000000e+00
1.800000000000000000e+01 -1.342830000000000013e+01 -1.494781000000000049e+01 0.000000000000000000e+00
1.900000000000000000e+01 -1.336744000000000021e+01 -1.276055000000000028e+01 0.000000000000000000e+00
2.000000000000000000e+01 -1.370960000000000001e+01 -1.072469000000000072e+01 0.000000000000000000e+00
2.100000000000000000e+01 -1.358633999999999986e+01 -8.580489999999999284e+00 0.000000000000000000e+00
2.200000000000000000e+01 -1.368188999999999922e+01 -6.523710000000000342e+00 0.000000000000000000e+00
2.300000000000000000e+01 -1.566597999999999935e+01 -5.636589999999999989e+00 0.000000000000000000e+00
2.400000000000000000e+01 -1.387653000000000070e+01 -4.477199999999999847e+00 0.000000000000000000e+00
2.500000000000000000e+01 -1.584833000000000069e+01 -3.576080000000000148e+00 0.000000000000000000e+00
2.600000000000000000e+01 -1.608549999999999969e+01 -1.343299999999999939e+00 0.000000000000000000e+00
2.700000000000000000e+01 -1.421297999999999995e+01 -3.133299999999999974e-01 0.000000000000000000e+00
2.800000000000000000e+01 -1.623977000000000004e+01 9.764199999999999546e-01 0.000000000000000000e+00
2.900000000000000000e+01 -1.420705000000000062e+01 1.993710000000000093e+00 0.000000000000000000e+00
3.000000000000000000e+01 -1.433098999999999990e+01 4.095880000000000187e+00 0.000000000000000000e+00
3.100000000000000000e+01 -1.411636999999999986e+01 6.331129999999999924e+00 0.000000000000000000e+00
3.200000000000000000e+01 -1.389685000000000059e+01 8.514979999999999549e+00 0.000000000000000000e+00
3.300000000000000000e+01 -1.340296000000000021e+01 1.071383999999999936e+01 0.000000000000000000e+00
3.400000000000000000e+01 -1.314053999999999967e+01 1.279935000000000045e+01 0.000000000000000000e+00
3.500000000000000000e+01 -1.307801000000000080e+01 1.490610999999999997e+01 0.000000000000000000e+00
3.600000000000000000e+01 -1.154912999999999990e+01 -1.598206000000000060e+01 0.000000000000000000e+00
3.700000000000000000e+01 -1.157081999999999944e+01 -1.386805999999999983e+01 0.000000000000000000e+00
3.800000000000000000e+01 -1.156854000000000049e+01 -1.174164000000000030e+01 0.000000000000000000e+00
3.900000000000000000e+01 -1.167356999999999978e+01 -9.565179999999999794e+00 0.000000000000000000e+00
4.000000000000000000e+01 -1.171940999999999988e+01 -7.415130000000000443e+00 0.000000000000000000e+00
4.100000000000000000e+01 -1.192581999999999987e+01 -5.290890000000000093e+00 0.000000000000000000e+00
4.200000000000000000e+01 -1.020589000000000013e+01 -4.141429999999999723e+00 0.000000000000000000e+00
4.300000000000000000e+01 -1.208461999999999925e+01 -3.218550000000000022e+00 0.000000000000000000e+00
4.400000000000000000e+01 -1.412546999999999997e+01 -2.391649999999999832e+00 0.000000000000000000e+00
4.500000000000000000e+01 -1.223338999999999999e+01 -1.126829999999999998e+00 0.000000000000000000e+00
4.600000000000000000e+01 -1.234576999999999991e+01 9.401199999999999557e-01 0.000000000000000000e+00
4.700000000000000000e+01 -1.240867000000000075e+01 3.057040000000000202e+00 0.000000000000000000e+00
4.800000000000000000e+01 -1.228705000000000069e+01 5.162320000000000242e+00 0.000000000000000000e+00
4.900000000000000000e+01 -1.217977999999999916e+01 7.319020000000000081e+00 0.000000000000000000e+00
5.000000000000000000e+01 -1.183205000000000062e+01 9.361800000000000566e+00 0.000000000000000000e+00
5.100000000000000000e+01 -1.145390000000000086e+01 1.149723999999999968e+01 0.000000000000000000e+00
5.200000000000000000e+01 -1.121964999999999968e+01 1.369848999999999961e+01 0.000000000000000000e+00
5.300000000000000000e+01 -1.111983000000000033e+01 1.578407999999999944e+01 0.000000000000000000e+00
5.400000000000000000e+01 -9.748490000000000322e+00 -1.752208999999999861e+01 0.000000000000000000e+00
5.500000000000000000e+01 -9.742549999999999599e+00 -1.489864999999999995e+01 0.000000000000000000e+00
5.600000000000000000e+01 -9.700689999999999813e+00 -1.271443999999999974e+01 0.000000000000000000e+00
5.700000000000000000e+01 -9.864670000000000272e+00 -1.054972000000000065e+01 0.000000000000000000e+00
5.800000000000000000e+01 -9.890700000000000713e+00 -8.475540000000000518e+00 0.000000000000000000e+00
5.900000000000000000e+01 -1.001661999999999964e+01 -6.194950000000000401e+00 0.000000000000000000e+00
6.000000000000000000e+01 -8.237560000000000215e+00 -5.090650000000000119e+00 0.000000000000000000e+00
6.100000000000000000e+01 -8.417180000000000106e+00 -2.983270000000000088e+00 0.000000000000000000e+00
6.200000000000000000e+01 -1.032513999999999932e+01 -2.097189999999999888e+00 0.000000000000000000e+00
6.300000000000000000e+01 -1.047037000000000084e+01 1.685999999999999999e-02 0.000000000000000000e+00
6.400000000000000000e+01 -1.059788999999999959e+01 2.069949999999999957e+00 0.000000000000000000e+00
6.500000000000000000e+01 -1.046396999999999977e+01 4.134629999999999583e+00 0.000000000000000000e+00
6.600000000000000000e+01 -1.044562999999999953e+01 6.181680000000000064e+00 0.000000000000000000e+00
6.700000000000000000e+01 -1.007479999999999976e+01 8.265819999999999723e+00 0.000000000000000000e+00
6.800000000000000000e+01 -9.703010000000000801e+00 1.034768000000000043e+01 0.000000000000000000e+00
6.900000000000000000e+01 -9.497859999999999303e+00 1.241058999999999912e+01 0.000000000000000000e+00
7.000000000000000000e+01 -9.297150000000000247e+00 1.446433000000000035e+01 0.000000000000000000e+00
7.100000000000000000e+01 -9.215009999999999479e+00 1.680927000000000149e+01 0.000000000000000000e+00
7.200000000000000000e+01 -7.595670000000000144e+00 -1.578725000000000023e+01 0.000000000000000000e+00
7.300000000000000000e+01 -7.845699999999999896e+00 -1.373024000000000022e+01 0.000000000000000000e+00
7.400000000000000000e+01 -7.951080000000000148e+00 -1.139544000000000068e+01 0.000000000000000000e+00
7.500000000000000000e+01 -8.018879999999999342e+00 -9.341490000000000293e+00 0.000000000000000000e+00
7.600000000000000000e+01 -8.139239999999999142e+00 -7.208700000000000330e+00 0.000000000000000000e+00
7.700000000000000000e+01 -6.334139999999999660e+00 -6.065010000000000012e+00 0.000000000000000000e+00
7.800000000000000000e+01 -6.532820000000000071e+00 -3.847490000000000077e+00 0.000000000000000000e+00
7.900000000000000000e+01 -6.660820000000000185e+00 -1.782110000000000083e+00 0.000000000000000000e+00
8.000000000000000000e+01 -8.435100000000000264e+00 -5.773200000000000554e-01 0.000000000000000000e+00
8.100000000000000000e+01 -6.705630000000000202e+00 5.814099999999999824e-01 0.000000000000000000e+00
8.200000000000000000e+01 -8.538169999999999149e+00 1.563579999999999970e+00 0.000000000000000000e+00
8.300000000000000000e+01 -8.407349999999999213e+00 4.488780000000000214e+00 0.000000000000000000e+00
8.400000000000000000e+01 -8.349149999999999849e+00 6.644779999999999909e+00 0.000000000000000000e+00
8.500000000000000000e+01 -7.954959999999999809e+00 8.821799999999999642e+00 0.000000000000000000e+00
8.600000000000000000e+01 -7.782329999999999970e+00 1.111031000000000013e+01 0.000000000000000000e+00
8.700000000000000000e+01 -7.610899999999999999e+00 1.324502999999999986e+01 0.000000000000000000e+00
8.800000000000000000e+01 -7.413859999999999673e+00 1.532981999999999978e+01 0.000000000000000000e+00
8.900000000000000000e+01 -7.063760000000000261e+00 1.738056999999999874e+01 0.000000000000000000e+00
9.000000000000000000e+01 -5.802929999999999922e+00 -1.705283999999999978e+01 0.000000000000000000e+00
9.100000000000000000e+01 -5.867619999999999614e+00 -1.450036000000000058e+01 0.000000000000000000e+00
9.200000000000000000e+01 -6.088409999999999656e+00 -1.238331999999999944e+01 0.000000000000000000e+00
9.300000000000000000e+01 -6.153480000000000061e+00 -1.026767000000000074e+01 0.000000000000000000e+00
9.400000000000000000e+01 -6.232850000000000001e+00 -8.136309999999999931e+00 0.000000000000000000e+00
9.500000000000000000e+01 -4.459710000000000285e+00 -6.930559999999999832e+00 0.000000000000000000e+00
9.600000000000000000e+01 -4.669360000000000177e+00 -4.813970000000000304e+00 0.000000000000000000e+00
9.700000000000000000e+01 -4.762240000000000251e+00 -2.690869999999999873e+00 0.000000000000000000e+00
9.800000000000000000e+01 -4.964769999999999683e+00 -5.624000000000000110e-01 0.000000000000000000e+00
9.900000000000000000e+01 -5.010900000000000354e+00 1.885119999999999907e+00 0.000000000000000000e+00
1.000000000000000000e+02 -6.836409999999999876e+00 3.000169999999999781e+00 0.000000000000000000e+00
1.010000000000000000e+02 -6.515710000000000335e+00 5.410429999999999851e+00 0.000000000000000000e+00
1.020000000000000000e+02 -6.328199999999999825e+00 7.548860000000000348e+00 0.000000000000000000e+00
1.030000000000000000e+02 -6.041039999999999743e+00 9.664469999999999672e+00 0.000000000000000000e+00
1.040000000000000000e+02 -5.834839999999999804e+00 1.188311000000000028e+01 0.000000000000000000e+00
1.050000000000000000e+02 -5.664380000000000415e+00 1.399048999999999943e+01 0.000000000000000000e+00
1.060000000000000000e+02 -5.370180000000000398e+00 1.608101999999999876e+01 0.000000000000000000e+00
1.070000000000000000e+02 -5.225970000000000226e+00 1.831327999999999889e+01 0.000000000000000000e+00
1.080000000000000000e+02 -3.760499999999999954e+00 -1.776132000000000133e+01 0.000000000000000000e+00
1.090000000000000000e+02 -4.206290000000000084e+00 -1.574216000000000015e+01 0.000000000000000000e+00
1.100000000000000000e+02 -4.120120000000000005e+00 -1.335708999999999946e+01 0.000000000000000000e+00
1.110000000000000000e+02 -4.327180000000000248e+00 -1.122342000000000084e+01 0.000000000000000000e+00
1.120000000000000000e+02 -4.362849999999999895e+00 -9.053520000000000678e+00 0.000000000000000000e+00
1.130000000000000000e+02 -2.609989999999999810e+00 -7.898710000000000342e+00 0.000000000000000000e+00
1.140000000000000000e+02 -2.792549999999999866e+00 -5.703829999999999956e+00 0.000000000000000000e+00
1.150000000000000000e+02 -2.896780000000000133e+00 -3.599130000000000162e+00 0.000000000000000000e+00
1.160000000000000000e+02 -2.984319999999999862e+00 -1.475610000000000088e+00 0.000000000000000000e+00
1.170000000000000000e+02 -3.189200000000000035e+00 7.013500000000000290e-01 0.000000000000000000e+00
1.180000000000000000e+02 -3.134850000000000136e+00 2.815319999999999823e+00 0.000000000000000000e+00
1.190000000000000000e+02 -4.972599999999999909e+00 3.982349999999999834e+00 0.000000000000000000e+00
1.200000000000000000e+02 -4.649759999999999671e+00 6.306980000000000253e+00 0.000000000000000000e+00
1.210000000000000000e+02 -4.373540000000000205e+00 8.391999999999999460e+00 0.000000000000000000e+00
1.220000000000000000e+02 -4.154860000000000220e+00 1.050055000000000049e+01 0.000000000000000000e+00
1.230000000000000000e+02 -3.927259999999999973e+00 1.274395999999999951e+01 0.000000000000000000e+00
1.240000000000000000e+02 -3.731050000000000200e+00 1.479809999999999981e+01 0.000000000000000000e+00
1.250000000000000000e+02 -3.445739999999999803e+00 1.687628000000000128e+01 0.000000000000000000e+00
1.260000000000000000e+02 -1.804710000000000036e+00 -1.894782999999999973e+01 0.000000000000000000e+00
1.270000000000000000e+02 -2.134110000000000174e+00 -1.646877999999999886e+01 0.000000000000000000e+00
1.280000000000000000e+02 -2.263380000000000170e+00 -1.438115999999999950e+01 0.000000000000000000e+00
1.290000000000000000e+02 -2.514769999999999950e+00 -9.989689999999999515e+00 0.000000000000000000e+00
1.300000000000000000e+02 -7.716800000000000326e-01 -8.852700000000000458e+00 0.000000000000000000e+00
1.310000000000000000e+02 -8.568599999999999550e-01 -6.661229999999999762e+00 0.000000000000000000e+00
1.320000000000000000e+02 -1.013360000000000039e+00 -4.608249999999999957e+00 0.000000000000000000e+00
1.330000000000000000e+02 -1.134279999999999955e+00 -2.528200000000000003e+00 0.000000000000000000e+00
1.340000000000000000e+02 -1.209629999999999983e+00 -4.379000000000000115e-01 0.000000000000000000e+00
1.350000000000000000e+02 -1.302699999999999969e+00 1.624970000000000026e+00 0.000000000000000000e+00
1.360000000000000000e+02 -1.264639999999999986e+00 3.788920000000000066e+00 0.000000000000000000e+00
1.370000000000000000e+02 -3.070990000000000109e+00 4.991500000000000270e+00 0.000000000000000000e+00
1.380000000000000000e+02 -2.702869999999999884e+00 7.023380000000000400e+00 0.000000000000000000e+00
1.390000000000000000e+02 -2.451799999999999979e+00 9.145220000000000127e+00 0.000000000000000000e+00
1.400000000000000000e+02 -2.232149999999999856e+00 1.141633000000000031e+01 0.000000000000000000e+00
1.410000000000000000e+02 -1.873429999999999929e+00 1.356485999999999947e+01 0.000000000000000000e+00
1.420000000000000000e+02 -1.621159999999999934e+00 1.564146000000000036e+01 0.000000000000000000e+00
1.430000000000000000e+02 -1.400989999999999958e+00 1.772290999999999883e+01 0.000000000000000000e+00
1.440000000000000000e+02 -3.733999999999999819e-02 -1.740398000000000067e+01 0.000000000000000000e+00
1.450000000000000000e+02 -4.122000000000000108e-01 -1.529238999999999926e+01 0.000000000000000000e+00
1.460000000000000000e+02 -5.956099999999999728e-01 -1.312044999999999995e+01 0.000000000000000000e+00
1.470000000000000000e+02 -2.441289999999999960e+00 -1.210524999999999984e+01 0.000000000000000000e+00
1.480000000000000000e+02 -6.627100000000000213e-01 -1.093050999999999995e+01 0.000000000000000000e+00
1.490000000000000000e+02 9.740999999999999659e-01 -7.744320000000000093e+00 0.000000000000000000e+00
1.500000000000000000e+02 9.589699999999999891e-01 -5.573719999999999786e+00 0.000000000000000000e+00
1.510000000000000000e+02 8.675800000000000178e-01 -3.501529999999999809e+00 0.000000000000000000e+00
1.520000000000000000e+02 6.711899999999999533e-01 -1.447510000000000074e+00 0.000000000000000000e+00
1.530000000000000000e+02 5.845200000000000395e-01 6.171400000000000219e-01 0.000000000000000000e+00
1.540000000000000000e+02 5.693899999999999517e-01 2.706890000000000018e+00 0.000000000000000000e+00
1.550000000000000000e+02 -9.247499999999999609e-01 5.881610000000000227e+00 0.000000000000000000e+00
1.560000000000000000e+02 -7.683600000000000430e-01 7.941360000000000419e+00 0.000000000000000000e+00
1.570000000000000000e+02 -5.731699999999999573e-01 1.019342999999999932e+01 0.000000000000000000e+00
1.580000000000000000e+02 -2.608099999999999863e-01 1.223021999999999920e+01 0.000000000000000000e+00
1.590000000000000000e+02 8.022999999999999576e-02 1.433624000000000009e+01 0.000000000000000000e+00
1.600000000000000000e+02 2.558599999999999763e-01 1.650035000000000096e+01 0.000000000000000000e+00
1.610000000000000000e+02 6.648300000000000320e-01 1.900950999999999880e+01 0.000000000000000000e+00
1.620000000000000000e+02 1.782159999999999966e+00 -1.871764999999999901e+01 0.000000000000000000e+00
1.630000000000000000e+02 1.548399999999999999e+00 -1.599282999999999966e+01 0.000000000000000000e+00
1.640000000000000000e+02 1.358729999999999993e+00 -1.393585999999999991e+01 0.000000000000000000e+00
1.650000000000000000e+02 1.190139999999999976e+00 -1.186224999999999952e+01 0.000000000000000000e+00
1.660000000000000000e+02 1.111019999999999897e+00 -9.800169999999999604e+00 0.000000000000000000e+00
1.670000000000000000e+02 2.845019999999999882e+00 -6.513580000000000148e+00 0.000000000000000000e+00
1.680000000000000000e+02 2.711650000000000116e+00 -4.451240000000000308e+00 0.000000000000000000e+00
1.690000000000000000e+02 2.576280000000000125e+00 -2.362729999999999997e+00 0.000000000000000000e+00
1.700000000000000000e+02 2.431900000000000173e+00 -3.173400000000000110e-01 0.000000000000000000e+00
1.710000000000000000e+02 2.398540000000000116e+00 1.753470000000000084e+00 0.000000000000000000e+00
1.720000000000000000e+02 2.713420000000000165e+00 3.827210000000000001e+00 0.000000000000000000e+00
1.730000000000000000e+02 9.005600000000000271e-01 4.810389999999999944e+00 0.000000000000000000e+00
1.740000000000000000e+02 9.857200000000000406e-01 6.875820000000000043e+00 0.000000000000000000e+00
1.750000000000000000e+02 1.106449999999999934e+00 9.006759999999999877e+00 0.000000000000000000e+00
1.760000000000000000e+02 1.841690000000000049e+00 1.097932999999999915e+01 0.000000000000000000e+00
1.770000000000000000e+02 1.778129999999999988e+00 1.314066000000000045e+01 0.000000000000000000e+00
1.780000000000000000e+02 1.972550000000000026e+00 1.523225000000000051e+01 0.000000000000000000e+00
1.790000000000000000e+02 -3.268170000000000019e+00 1.904495999999999967e+01 0.000000000000000000e+00
1.800000000000000000e+02 4.009549999999999947e+00 -1.970795999999999992e+01 0.000000000000000000e+00
1.810000000000000000e+02 3.452329999999999899e+00 -1.495457999999999998e+01 0.000000000000000000e+00
1.820000000000000000e+02 3.149309999999999832e+00 -1.286538000000000004e+01 0.000000000000000000e+00
1.830000000000000000e+02 2.956789999999999807e+00 -1.078049999999999997e+01 0.000000000000000000e+00
1.840000000000000000e+02 2.882779999999999898e+00 -8.579459999999999198e+00 0.000000000000000000e+00
1.850000000000000000e+02 4.614010000000000389e+00 -5.390119999999999578e+00 0.000000000000000000e+00
1.860000000000000000e+02 4.468140000000000001e+00 -3.325009999999999799e+00 0.000000000000000000e+00
1.870000000000000000e+02 4.342609999999999637e+00 -1.220849999999999991e+00 0.000000000000000000e+00
1.880000000000000000e+02 5.341709999999999958e+00 6.483400000000000274e-01 0.000000000000000000e+00
1.890000000000000000e+02 4.360430000000000028e+00 2.454670000000000130e+00 0.000000000000000000e+00
1.900000000000000000e+02 5.132690000000000197e+00 4.378779999999999895e+00 0.000000000000000000e+00
1.910000000000000000e+02 3.551039999999999974e+00 5.730540000000000411e+00 0.000000000000000000e+00
1.920000000000000000e+02 2.868030000000000079e+00 7.771069999999999922e+00 0.000000000000000000e+00
1.930000000000000000e+02 3.575880000000000170e+00 9.818139999999999645e+00 0.000000000000000000e+00
1.940000000000000000e+02 4.102229999999999599e+00 1.186646999999999963e+01 0.000000000000000000e+00
1.950000000000000000e+02 3.674430000000000085e+00 1.396166000000000018e+01 0.000000000000000000e+00
1.960000000000000000e+02 2.220079999999999831e+00 1.731478999999999857e+01 0.000000000000000000e+00
1.970000000000000000e+02 2.710719999999999796e+00 1.992792000000000030e+01 0.000000000000000000e+00
1.980000000000000000e+02 3.336219999999999963e+00 -1.704983000000000004e+01 0.000000000000000000e+00
1.990000000000000000e+02 5.515220000000000233e+00 -1.586297000000000068e+01 0.000000000000000000e+00
2.000000000000000000e+02 5.258890000000000065e+00 -1.373033000000000037e+01 0.000000000000000000e+00
2.010000000000000000e+02 4.949119999999999742e+00 -1.167540999999999940e+01 0.000000000000000000e+00
2.020000000000000000e+02 4.761919999999999931e+00 -9.511659999999999116e+00 0.000000000000000000e+00
2.030000000000000000e+02 4.846820000000000128e+00 -7.445599999999999774e+00 0.000000000000000000e+00
2.040000000000000000e+02 6.603710000000000413e+00 -4.767439999999999678e+00 0.000000000000000000e+00
2.050000000000000000e+02 6.466859999999999609e+00 -1.241160000000000041e+00 0.000000000000000000e+00
2.060000000000000000e+02 7.398240000000000371e+00 8.861400000000000388e-01 0.000000000000000000e+00
2.070000000000000000e+02 6.452799999999999869e+00 2.729569999999999830e+00 0.000000000000000000e+00
2.080000000000000000e+02 7.229370000000000296e+00 4.641720000000000290e+00 0.000000000000000000e+00
2.090000000000000000e+02 6.046490000000000364e+00 6.342789999999999928e+00 0.000000000000000000e+00
2.100000000000000000e+02 8.143309999999999604e+00 6.580350000000000144e+00 0.000000000000000000e+00
2.110000000000000000e+02 4.896099999999999675e+00 8.176999999999999602e+00 0.000000000000000000e+00
2.120000000000000000e+02 5.576780000000000292e+00 1.035298000000000052e+01 0.000000000000000000e+00
2.130000000000000000e+02 6.278629999999999711e+00 1.250258000000000003e+01 0.000000000000000000e+00
2.140000000000000000e+02 5.738369999999999749e+00 1.464597000000000016e+01 0.000000000000000000e+00
2.150000000000000000e+02 3.983519999999999950e+00 1.602317000000000036e+01 0.000000000000000000e+00
2.160000000000000000e+02 5.440649999999999764e+00 -1.798135999999999868e+01 0.000000000000000000e+00
2.170000000000000000e+02 7.165969999999999729e+00 -1.456736000000000075e+01 0.000000000000000000e+00
2.180000000000000000e+02 6.914930000000000021e+00 -1.249545999999999957e+01 0.000000000000000000e+00
2.190000000000000000e+02 6.619869999999999699e+00 -1.044431999999999938e+01 0.000000000000000000e+00
2.200000000000000000e+02 6.740289999999999893e+00 -8.326819999999999666e+00 0.000000000000000000e+00
2.210000000000000000e+02 7.782219999999999693e+00 -6.529919999999999725e+00 0.000000000000000000e+00
2.220000000000000000e+02 8.899200000000000443e+00 -4.759089999999999598e+00 0.000000000000000000e+00
2.230000000000000000e+02 7.682199999999999918e+00 -2.915319999999999911e+00 0.000000000000000000e+00
2.240000000000000000e+02 8.601160000000000139e+00 -8.175599999999999534e-01 0.000000000000000000e+00
2.250000000000000000e+02 8.541610000000000369e+00 2.906369999999999898e+00 0.000000000000000000e+00
2.260000000000000000e+02 1.057446999999999981e+01 3.251440000000000108e+00 0.000000000000000000e+00
2.270000000000000000e+02 9.393179999999999197e+00 4.932120000000000282e+00 0.000000000000000000e+00
2.280000000000000000e+02 1.020517000000000074e+01 6.854560000000000208e+00 0.000000000000000000e+00
2.290000000000000000e+02 8.993119999999999337e+00 8.634930000000000661e+00 0.000000000000000000e+00
2.300000000000000000e+02 6.938790000000000013e+00 8.367119999999999891e+00 0.000000000000000000e+00
2.310000000000000000e+02 7.724380000000000024e+00 1.030607999999999969e+01 0.000000000000000000e+00
2.320000000000000000e+02 5.921050000000000146e+00 1.678878999999999877e+01 0.000000000000000000e+00
2.330000000000000000e+02 4.288420000000000343e+00 1.814070999999999856e+01 0.000000000000000000e+00
2.340000000000000000e+02 1.031123999999999974e+01 -1.734395999999999916e+01 0.000000000000000000e+00
2.350000000000000000e+02 7.443870000000000431e+00 -1.672175000000000011e+01 0.000000000000000000e+00
2.360000000000000000e+02 8.545429999999999637e+00 -1.123800999999999917e+01 0.000000000000000000e+00
2.370000000000000000e+02 1.025796000000000063e+01 -1.009220999999999968e+01 0.000000000000000000e+00
2.380000000000000000e+02 8.822609999999999175e+00 -8.523609999999999687e+00 0.000000000000000000e+00
2.390000000000000000e+02 1.007586000000000048e+01 -6.486810000000000187e+00 0.000000000000000000e+00
2.400000000000000000e+02 1.098314000000000057e+01 -4.600979999999999848e+00 0.000000000000000000e+00
2.410000000000000000e+02 9.764829999999999899e+00 -2.617389999999999883e+00 0.000000000000000000e+00
2.420000000000000000e+02 1.069059999999999988e+01 -6.760500000000000398e-01 0.000000000000000000e+00
2.430000000000000000e+02 9.530720000000000525e+00 1.096540000000000070e+00 0.000000000000000000e+00
2.440000000000000000e+02 1.268825000000000003e+01 3.100020000000000220e+00 0.000000000000000000e+00
2.450000000000000000e+02 1.145325000000000060e+01 5.151570000000000427e+00 0.000000000000000000e+00
2.460000000000000000e+02 1.233018000000000036e+01 7.042119999999999713e+00 0.000000000000000000e+00
2.470000000000000000e+02 1.103476999999999997e+01 8.927759999999999252e+00 0.000000000000000000e+00
2.480000000000000000e+02 9.926299999999999457e+00 1.067200000000000060e+01 0.000000000000000000e+00
2.490000000000000000e+02 8.505869999999999820e+00 1.224206000000000039e+01 0.000000000000000000e+00
2.500000000000000000e+02 8.060760000000000147e+00 1.428354999999999997e+01 0.000000000000000000e+00
2.510000000000000000e+02 7.707510000000000083e+00 1.802981000000000122e+01 0.000000000000000000e+00
2.520000000000000000e+02 9.198969999999999203e+00 -1.548401999999999923e+01 0.000000000000000000e+00
2.530000000000000000e+02 8.925140000000000740e+00 -1.343060999999999972e+01 0.000000000000000000e+00
2.540000000000000000e+02 1.076402000000000037e+01 -1.214499999999999957e+01 0.000000000000000000e+00
2.550000000000000000e+02 1.238860999999999990e+01 -9.977639999999999176e+00 0.000000000000000000e+00
2.560000000000000000e+02 1.125553000000000026e+01 -8.224859999999999616e+00 0.000000000000000000e+00
2.570000000000000000e+02 1.219780000000000086e+01 -6.334229999999999805e+00 0.000000000000000000e+00
2.580000000000000000e+02 1.307136999999999993e+01 -4.381429999999999936e+00 0.000000000000000000e+00
2.590000000000000000e+02 1.186456000000000088e+01 -2.709480000000000111e+00 0.000000000000000000e+00
2.600000000000000000e+02 1.276214000000000048e+01 -8.354300000000000059e-01 0.000000000000000000e+00
2.610000000000000000e+02 1.165024000000000015e+01 1.226040000000000019e+00 0.000000000000000000e+00
2.620000000000000000e+02 1.483558999999999983e+01 3.417100000000000026e+00 0.000000000000000000e+00
2.630000000000000000e+02 1.350765999999999956e+01 5.045010000000000439e+00 0.000000000000000000e+00
2.640000000000000000e+02 1.440244000000000035e+01 7.109140000000000015e+00 0.000000000000000000e+00
2.650000000000000000e+02 1.317043999999999926e+01 8.967299999999999827e+00 0.000000000000000000e+00
2.660000000000000000e+02 1.205480000000000018e+01 1.084440999999999988e+01 0.000000000000000000e+00
2.670000000000000000e+02 1.078914999999999935e+01 1.257138999999999918e+01 0.000000000000000000e+00
2.680000000000000000e+02 1.017871000000000059e+01 1.456758999999999915e+01 0.000000000000000000e+00
2.690000000000000000e+02 8.862640000000000740e+00 1.618355999999999995e+01 0.000000000000000000e+00
2.700000000000000000e+02 1.093481000000000058e+01 -1.423347000000000051e+01 0.000000000000000000e+00
2.710000000000000000e+02 1.308976000000000006e+01 -1.402552000000000021e+01 0.000000000000000000e+00
2.720000000000000000e+02 1.300259999999999927e+01 -1.195303000000000004e+01 0.000000000000000000e+00
2.730000000000000000e+02 1.337696000000000041e+01 -8.146819999999999951e+00 0.000000000000000000e+00
2.740000000000000000e+02 1.424732999999999983e+01 -6.234880000000000422e+00 0.000000000000000000e+00
2.750000000000000000e+02 1.637434999999999974e+01 -6.091990000000000016e+00 0.000000000000000000e+00
2.760000000000000000e+02 1.515424999999999933e+01 -4.291430000000000078e+00 0.000000000000000000e+00
2.770000000000000000e+02 1.407348999999999961e+01 -2.493790000000000173e+00 0.000000000000000000e+00
2.780000000000000000e+02 1.504626999999999981e+01 -6.417300000000000226e-01 0.000000000000000000e+00
2.790000000000000000e+02 1.379156000000000049e+01 1.180889999999999995e+00 0.000000000000000000e+00
2.800000000000000000e+02 1.582954999999999934e+01 1.573390000000000066e+00 0.000000000000000000e+00
2.810000000000000000e+02 1.572308999999999912e+01 5.490980000000000416e+00 0.000000000000000000e+00
2.820000000000000000e+02 1.693778999999999968e+01 7.275170000000000137e+00 0.000000000000000000e+00
2.830000000000000000e+02 1.547377999999999965e+01 8.987349999999999284e+00 0.000000000000000000e+00
2.840000000000000000e+02 1.432108000000000025e+01 1.082404000000000011e+01 0.000000000000000000e+00
2.850000000000000000e+02 1.338546999999999976e+01 1.279165000000000063e+01 0.000000000000000000e+00
2.860000000000000000e+02 1.239879999999999960e+01 1.460614999999999952e+01 0.000000000000000000e+00
2.870000000000000000e+02 1.134876000000000040e+01 1.647701999999999956e+01 0.000000000000000000e+00
2.880000000000000000e+02 1.506197000000000052e+01 -1.227604000000000006e+01 0.000000000000000000e+00
2.890000000000000000e+02 1.669479000000000113e+01 -1.042828000000000088e+01 0.000000000000000000e+00
2.900000000000000000e+02 1.448051000000000066e+01 -1.011583000000000077e+01 0.000000000000000000e+00
2.910000000000000000e+02 1.546158999999999928e+01 -8.146459999999999368e+00 0.000000000000000000e+00
2.920000000000000000e+02 1.750583999999999918e+01 -8.453929999999999723e+00 0.000000000000000000e+00
2.930000000000000000e+02 1.735221999999999909e+01 -4.218589999999999840e+00 0.000000000000000000e+00
2.940000000000000000e+02 1.835950000000000060e+01 -2.370600000000000041e+00 0.000000000000000000e+00
2.950000000000000000e+02 1.621263000000000076e+01 -2.395649999999999835e+00 0.000000000000000000e+00
2.960000000000000000e+02 1.935058000000000078e+01 -4.729700000000000015e-01 0.000000000000000000e+00
2.970000000000000000e+02 1.710706000000000060e+01 -4.601100000000000190e-01 0.000000000000000000e+00
2.980000000000000000e+02 1.798387999999999920e+01 1.692399999999999904e+00 0.000000000000000000e+00
2.990000000000000000e+02 1.704983999999999966e+01 3.850509999999999877e+00 0.000000000000000000e+00
