0.000000000000000000e+00 -1.243159999999999954e+01 -1.488172999999999924e+01 0.000000000000000000e+00
1.000000000000000000e+00 -1.334251000000000076e+01 -1.297676000000000052e+01 0.000000000000000000e+00
2.000000000000000000e+00 -1.514863000000000071e+01 -1.162648000000000081e+01 0.000000000000000000e+00
3.000000000000000000e+00 -1.682306000000000168e+01 -9.924739999999999895e+00 0.000000000000000000e+00
4.000000000000000000e+00 -1.768179999999999907e+01 -6.069510000000000183e+00 0.000000000000000000e+00
5.000000000000000000e+00 -1.900701000000000107e+01 -3.933440000000000047e+00 0.000000000000000000e+00
6.000000000000000000e+00 -1.770582999999999885e+01 -1.952809999999999935e+00 0.000000000000000000e+00
7.000000000000000000e+00 -1.925290999999999997e+01 4.214100000000000068e-01 0.000000000000000000e+00
8.000000000000000000e+00 -1.615361000000000047e+01 -5.443799999999999750e-01 0.000000000000000000e+00
9.000000000000000000e+00 -1.741459000000000046e+01 1.396109999999999962e+00 0.000000000000000000e+00
1.000000000000000000e+01 -1.846959000000000017e+01 3.687510000000000066e+00 0.000000000000000000e+00
1.100000000000000000e+01 -1.699287999999999954e+01 5.286150000000000126e+00 0.000000000000000000e+00
1.200000000000000000e+01 -1.610979000000000028e+01 7.174190000000000289e+00 0.000000000000000000e+00
1.300000000000000000e+01 -1.849609999999999843e+01 7.655190000000000161e+00 0.000000000000000000e+00
1.400000000000000000e+01 -1.699463000000000079e+01 9.141180000000000305e+00 0.000000000000000000e+00
1.500000000000000000e+01 -1.577628999999999948e+01 1.086256999999999984e+01 0.000000000000000000e+00
1.600000000000000000e+01 -1.465673999999999921e+01 1.262240000000000073e+01 0.000000000000000000e+00
1.700000000000000000e+01 -1.363033000000000072e+01 1.468732999999999933e+01 0.000000000000000000e+00
1.800000000000000000e+01 -9.894529999999999603e+00 -1.395054000000000016e+01 0.000000000000000000e+00
1.900000000000000000e+01 -1.134712000000000032e+01 -1.243150999999999939e+01 0.000000000000000000e+00
2.000000000000000000e+01 -1.306886000000000081e+01 -1.089264999999999972e+01 0.000000000000000000e+00
2.100000000000000000e+01 -1.460820000000000007e+01 -9.433109999999999218e+00 0.000000000000000000e+00
2.200000000000000000e+01 -1.636098000000000141e+01 -7.881450000000000067e+00 0.000000000000000000e+00
2.300000000000000000e+01 -1.681288999999999945e+01 -3.832040000000000113e+00 0.000000000000000000e+00
2.400000000000000000e+01 -1.377544999999999931e+01 -4.744510000000000005e+00 0.000000000000000000e+00
2.500000000000000000e+01 -1.520017999999999958e+01 -2.529189999999999827e+00 0.000000000000000000e+00
2.600000000000000000e+01 -1.409281000000000006e+01 -2.920599999999999863e-01 0.000000000000000000e+00
2.700000000000000000e+01 -1.530306000000000033e+01 1.391210000000000058e+00 0.000000000000000000e+00
2.800000000000000000e+01 -1.596660999999999930e+01 3.368710000000000093e+00 0.000000000000000000e+00
2.900000000000000000e+01 -1.485845999999999911e+01 5.229280000000000150e+00 0.000000000000000000e+00
3.000000000000000000e+01 -1.389354999999999940e+01 7.131420000000000314e+00 0.000000000000000000e+00
3.100000000000000000e+01 -1.490516000000000041e+01 8.942140000000000200e+00 0.000000000000000000e+00
3.200000000000000000e+01 -1.363892000000000060e+01 1.081794000000000011e+01 0.000000000000000000e+00
3.300000000000000000e+01 -1.256047000000000047e+01 1.270980999999999916e+01 0.000000000000000000e+00
3.400000000000000000e+01 -1.157457999999999920e+01 1.461111000000000004e+01 0.000000000000000000e+00
3.500000000000000000e+01 -1.033369000000000071e+01 1.639483999999999853e+01 0.000000000000000000e+00
3.600000000000000000e+01 -8.348549999999999471e+00 -1.533306999999999931e+01 0.000000000000000000e+00
3.700000000000000000e+01 -9.276089999999999947e+00 -1.192103000000000002e+01 0.000000000000000000e+00
3.800000000000000000e+01 -1.108342999999999989e+01 -1.018285999999999980e+01 0.000000000000000000e+00
3.900000000000000000e+01 -1.266503999999999941e+01 -8.730090000000000572e+00 0.000000000000000000e+00
4.000000000000000000e+01 -1.425779999999999959e+01 -7.203839999999999577e+00 0.000000000000000000e+00
4.100000000000000000e+01 -1.566403999999999996e+01 -5.628829999999999778e+00 0.000000000000000000e+00
4.200000000000000000e+01 -1.158522999999999925e+01 -4.417550000000000310e+00 0.000000000000000000e+00
4.300000000000000000e+01 -1.303782999999999959e+01 -2.612350000000000172e+00 0.000000000000000000e+00
4.400000000000000000e+01 -1.197225000000000072e+01 -6.023899999999999810e-01 0.000000000000000000e+00
4.500000000000000000e+01 -1.280498000000000047e+01 1.379529999999999923e+00 0.000000000000000000e+00
4.600000000000000000e+01 -1.382024999999999970e+01 3.423849999999999838e+00 0.000000000000000000e+00
4.700000000000000000e+01 -1.280674999999999919e+01 5.360229999999999606e+00 0.000000000000000000e+00
4.800000000000000000e+01 -1.174779000000000018e+01 7.140069999999999695e+00 0.000000000000000000e+00
4.900000000000000000e+01 -1.274286999999999992e+01 8.954119999999999635e+00 0.000000000000000000e+00
5.000000000000000000e+01 -1.138269999999999982e+01 1.096143000000000001e+01 0.000000000000000000e+00
5.100000000000000000e+01 -1.032306999999999952e+01 1.277406000000000041e+01 0.000000000000000000e+00
5.200000000000000000e+01 -9.233290000000000219e+00 1.462667000000000073e+01 0.000000000000000000e+00
5.300000000000000000e+01 -6.900380000000000180e+00 1.849500000000000099e+01 0.000000000000000000e+00
5.400000000000000000e+01 -6.701559999999999739e+00 -1.671289000000000158e+01 0.000000000000000000e+00
5.500000000000000000e+01 -7.492119999999999891e+00 -1.333417999999999992e+01 0.000000000000000000e+00
5.600000000000000000e+01 -7.139780000000000015e+00 -1.127430000000000021e+01 0.000000000000000000e+00
5.700000000000000000e+01 -8.797150000000000247e+00 -9.857879999999999754e+00 0.000000000000000000e+00
5.800000000000000000e+01 -1.068415000000000070e+01 -8.117010000000000502e+00 0.000000000000000000e+00
5.900000000000000000e+01 -1.226328999999999958e+01 -6.589629999999999654e+00 0.000000000000000000e+00
6.000000000000000000e+01 -9.537129999999999441e+00 -3.977990000000000137e+00 0.000000000000000000e+00
6.100000000000000000e+01 -1.088854000000000077e+01 -2.364949999999999886e+00 0.000000000000000000e+00
6.200000000000000000e+01 -9.815899999999999181e+00 -2.385599999999999943e-01 0.000000000000000000e+00
6.300000000000000000e+01 -1.074244000000000021e+01 1.592189999999999994e+00 0.000000000000000000e+00
6.400000000000000000e+01 -1.172396999999999956e+01 3.419309999999999850e+00 0.000000000000000000e+00
6.500000000000000000e+01 -1.068304000000000009e+01 5.278150000000000119e+00 0.000000000000000000e+00
6.600000000000000000e+01 -9.522470000000000212e+00 7.276629999999999932e+00 0.000000000000000000e+00
6.700000000000000000e+01 -1.064939000000000036e+01 9.020609999999999573e+00 0.000000000000000000e+00
6.800000000000000000e+01 -9.294779999999999376e+00 1.092301999999999929e+01 0.000000000000000000e+00
6.900000000000000000e+01 -8.240800000000000125e+00 1.273273999999999972e+01 0.000000000000000000e+00
7.000000000000000000e+01 -8.123639999999999972e+00 1.644738999999999862e+01 0.000000000000000000e+00
7.100000000000000000e+01 -4.745269999999999655e+00 1.826217000000000112e+01 0.000000000000000000e+00
7.200000000000000000e+01 -4.796009999999999884e+00 -1.805152000000000001e+01 0.000000000000000000e+00
7.300000000000000000e+01 -5.901290000000000369e+00 -1.472978999999999949e+01 0.000000000000000000e+00
7.400000000000000000e+01 -5.394560000000000244e+00 -1.264611000000000018e+01 0.000000000000000000e+00
7.500000000000000000e+01 -6.780789999999999651e+00 -9.069129999999999470e+00 0.000000000000000000e+00
7.600000000000000000e+01 -8.496610000000000440e+00 -7.795370000000000132e+00 0.000000000000000000e+00
7.700000000000000000e+01 -1.007563000000000031e+01 -6.147800000000000153e+00 0.000000000000000000e+00
7.800000000000000000e+01 -8.032550000000000523e+00 -5.605870000000000353e+00 0.000000000000000000e+00
7.900000000000000000e+01 -8.799910000000000565e+00 -2.035210000000000186e+00 0.000000000000000000e+00
8.000000000000000000e+01 -7.748000000000000220e+00 -2.051800000000000013e-01 0.000000000000000000e+00
8.100000000000000000e+01 -8.603920000000000456e+00 1.675040000000000084e+00 0.000000000000000000e+00
8.200000000000000000e+01 -9.619849999999999568e+00 3.485529999999999795e+00 0.000000000000000000e+00
8.300000000000000000e+01 -8.541689999999999117e+00 5.307489999999999597e+00 0.000000000000000000e+00
8.400000000000000000e+01 -7.323520000000000252e+00 7.248840000000000394e+00 0.000000000000000000e+00
8.500000000000000000e+01 -8.185169999999999391e+00 9.153800000000000381e+00 0.000000000000000000e+00
8.600000000000000000e+01 -7.078059999999999796e+00 1.099634999999999962e+01 0.000000000000000000e+00
8.700000000000000000e+01 -7.117670000000000385e+00 1.453468999999999944e+01 0.000000000000000000e+00
8.800000000000000000e+01 -5.920219999999999594e+00 1.630520999999999887e+01 0.000000000000000000e+00
8.900000000000000000e+01 -2.957969999999999988e+00 2.036965999999999966e+01 0.000000000000000000e+00
9.000000000000000000e+01 -2.765019999999999811e+00 -1.951303000000000054e+01 0.000000000000000000e+00
9.100000000000000000e+01 -4.129139999999999588e+00 -1.609266999999999825e+01 0.000000000000000000e+00
9.200000000000000000e+01 -3.812889999999999890e+00 -1.402176000000000045e+01 0.000000000000000000e+00
9.300000000000000000e+01 -5.128829999999999778e+00 -1.057593999999999923e+01 0.000000000000000000e+00
9.400000000000000000e+01 -4.781349999999999767e+00 -8.440350000000000463e+00 0.000000000000000000e+00
9.500000000000000000e+01 -6.384529999999999816e+00 -7.040680000000000049e+00 0.000000000000000000e+00
9.600000000000000000e+01 -7.470979999999999954e+00 -3.616779999999999884e+00 0.000000000000000000e+00
9.700000000000000000e+01 -5.802769999999999762e+00 -2.421660000000000146e+00 0.000000000000000000e+00
9.800000000000000000e+01 -5.673119999999999941e+00 -3.233500000000000263e-01 0.000000000000000000e+00
9.900000000000000000e+01 -6.527840000000000309e+00 1.666919999999999957e+00 0.000000000000000000e+00
1.000000000000000000e+02 -7.508759999999999657e+00 3.499649999999999928e+00 0.000000000000000000e+00
1.010000000000000000e+02 -5.444950000000000401e+00 3.456999999999999851e+00 0.000000000000000000e+00
1.020000000000000000e+02 -6.388419999999999987e+00 5.322510000000000296e+00 0.000000000000000000e+00
1.030000000000000000e+02 -6.129809999999999981e+00 8.950570000000000803e+00 0.000000000000000000e+00
1.040000000000000000e+02 -6.014890000000000292e+00 1.278454999999999941e+01 0.000000000000000000e+00
1.050000000000000000e+02 -4.834299999999999820e+00 1.453364000000000011e+01 0.000000000000000000e+00
1.060000000000000000e+02 -3.803539999999999921e+00 1.638297000000000025e+01 0.000000000000000000e+00
1.070000000000000000e+02 1.063479999999999981e+00 1.970840000000000103e+01 0.000000000000000000e+00
1.080000000000000000e+02 -2.456510000000000193e+00 -1.742420999999999864e+01 0.000000000000000000e+00
1.090000000000000000e+02 -2.132099999999999884e+00 -1.532180999999999926e+01 0.000000000000000000e+00
1.100000000000000000e+02 -1.821919999999999984e+00 -1.316013000000000055e+01 0.000000000000000000e+00
1.110000000000000000e+02 -3.481440000000000090e+00 -1.181583000000000006e+01 0.000000000000000000e+00
1.120000000000000000e+02 -3.046170000000000044e+00 -9.793779999999999930e+00 0.000000000000000000e+00
1.130000000000000000e+02 -4.348150000000000404e+00 -6.388180000000000192e+00 0.000000000000000000e+00
1.140000000000000000e+02 -5.931770000000000209e+00 -5.023830000000000240e+00 0.000000000000000000e+00
1.150000000000000000e+02 -3.975499999999999812e+00 -4.300930000000000142e+00 0.000000000000000000e+00
1.160000000000000000e+02 -3.689090000000000202e+00 -2.239459999999999784e+00 0.000000000000000000e+00
1.170000000000000000e+02 -3.457489999999999952e+00 -1.858799999999999897e-01 0.000000000000000000e+00
1.180000000000000000e+02 -4.445949999999999847e+00 1.643489999999999895e+00 0.000000000000000000e+00
1.190000000000000000e+02 -4.188130000000000130e+00 5.201920000000000321e+00 0.000000000000000000e+00
1.200000000000000000e+02 -5.229659999999999975e+00 7.061670000000000336e+00 0.000000000000000000e+00
1.210000000000000000e+02 -4.029230000000000089e+00 8.835509999999999309e+00 0.000000000000000000e+00
1.220000000000000000e+02 -4.918849999999999945e+00 1.071903000000000006e+01 0.000000000000000000e+00
1.230000000000000000e+02 -3.770719999999999850e+00 1.251553000000000004e+01 0.000000000000000000e+00
1.240000000000000000e+02 -2.728079999999999838e+00 1.437913999999999959e+01 0.000000000000000000e+00
1.250000000000000000e+02 -2.403070000000000039e+00 1.806847000000000136e+01 0.000000000000000000e+00
1.260000000000000000e+02 -8.344099999999999850e-01 -1.872800000000000153e+01 0.000000000000000000e+00
1.270000000000000000e+02 -4.422800000000000065e-01 -1.656131999999999849e+01 0.000000000000000000e+00
1.280000000000000000e+02 -1.526599999999999902e-01 -1.446583000000000041e+01 0.000000000000000000e+00
1.290000000000000000e+02 -1.410269999999999913e+00 -1.110900999999999961e+01 0.000000000000000000e+00
1.300000000000000000e+02 -2.675040000000000084e+00 -7.755899999999999572e+00 0.000000000000000000e+00
1.310000000000000000e+02 -2.394760000000000222e+00 -5.625609999999999999e+00 0.000000000000000000e+00
1.320000000000000000e+02 -4.422499999999999765e-01 -4.839979999999999727e+00 0.000000000000000000e+00
1.330000000000000000e+02 -2.043210000000000193e+00 -3.516039999999999832e+00 0.000000000000000000e+00
1.340000000000000000e+02 -1.785910000000000108e+00 -1.453109999999999902e+00 0.000000000000000000e+00
1.350000000000000000e+02 -2.253960000000000186e+00 1.544259999999999966e+00 0.000000000000000000e+00
1.360000000000000000e+02 -3.231780000000000097e+00 3.364160000000000039e+00 0.000000000000000000e+00
1.370000000000000000e+02 -2.109370000000000189e+00 5.099940000000000140e+00 0.000000000000000000e+00
1.380000000000000000e+02 -3.062780000000000058e+00 7.007480000000000153e+00 0.000000000000000000e+00
1.390000000000000000e+02 -1.896160000000000068e+00 8.723670000000000258e+00 0.000000000000000000e+00
1.400000000000000000e+02 -2.800390000000000157e+00 1.064095000000000013e+01 0.000000000000000000e+00
1.410000000000000000e+02 -1.559760000000000035e+00 1.256747999999999976e+01 0.000000000000000000e+00
1.420000000000000000e+02 -1.477170000000000094e+00 1.616259000000000157e+01 0.000000000000000000e+00
1.430000000000000000e+02 -2.363000000000000170e-02 1.784881000000000029e+01 0.000000000000000000e+00
1.440000000000000000e+02 1.417010000000000103e+00 -1.807578000000000173e+01 0.000000000000000000e+00
1.450000000000000000e+02 1.507719999999999949e+00 -1.574887000000000015e+01 0.000000000000000000e+00
1.460000000000000000e+02 2.010269999999999779e+00 -1.375731000000000037e+01 0.000000000000000000e+00
1.470000000000000000e+02 2.276100000000000068e-01 -1.238978999999999964e+01 0.000000000000000000e+00
1.480000000000000000e+02 -1.066310000000000091e+00 -9.063290000000000290e+00 0.000000000000000000e+00
1.490000000000000000e+02 -7.675499999999999545e-01 -6.987899999999999778e+00 0.000000000000000000e+00
1.500000000000000000e+02 1.141240000000000032e+00 -6.211319999999999730e+00 0.000000000000000000e+00
1.510000000000000000e+02 -1.484499999999999986e-01 -2.726449999999999818e+00 0.000000000000000000e+00
1.520000000000000000e+02 7.581999999999999851e-02 -5.944099999999999939e-01 0.000000000000000000e+00
1.530000000000000000e+02 -1.288799999999999946e-01 1.451179999999999914e+00 0.000000000000000000e+00
1.540000000000000000e+02 -1.099609999999999976e+00 3.290680000000000049e+00 0.000000000000000000e+00
1.550000000000000000e+02 8.412000000000000033e-02 5.046789999999999665e+00 0.000000000000000000e+00
1.560000000000000000e+02 -9.906500000000000306e-01 6.848119999999999763e+00 0.000000000000000000e+00
1.570000000000000000e+02 1.839999999999999969e-01 8.683650000000000091e+00 0.000000000000000000e+00
1.580000000000000000e+02 -7.131300000000000416e-01 1.064254000000000033e+01 0.000000000000000000e+00
1.590000000000000000e+02 5.603799999999999892e-01 1.234706000000000081e+01 0.000000000000000000e+00
1.600000000000000000e+02 -3.801800000000000179e-01 1.427828000000000053e+01 0.000000000000000000e+00
1.610000000000000000e+02 9.152000000000000135e-01 1.595904999999999951e+01 0.000000000000000000e+00
1.620000000000000000e+02 3.325279999999999792e+00 -1.714418999999999826e+01 0.000000000000000000e+00
1.630000000000000000e+02 3.673540000000000028e+00 -1.511509999999999998e+01 0.000000000000000000e+00
1.640000000000000000e+02 2.267879999999999896e+00 -1.161364999999999981e+01 0.000000000000000000e+00
1.650000000000000000e+02 5.970400000000000151e-01 -1.036780000000000079e+01 0.000000000000000000e+00
1.660000000000000000e+02 2.548020000000000174e+00 -9.505530000000000257e+00 0.000000000000000000e+00
1.670000000000000000e+02 8.776399999999999757e-01 -8.258779999999999788e+00 0.000000000000000000e+00
1.680000000000000000e+02 1.534690000000000110e+00 -3.980100000000000193e+00 0.000000000000000000e+00
1.690000000000000000e+02 1.760669999999999957e+00 -1.853310000000000013e+00 0.000000000000000000e+00
1.700000000000000000e+02 2.002969999999999917e+00 2.251100000000000045e-01 0.000000000000000000e+00
1.710000000000000000e+02 1.009169999999999900e+00 3.167609999999999815e+00 0.000000000000000000e+00
1.720000000000000000e+02 2.205150000000000166e+00 4.949950000000000294e+00 0.000000000000000000e+00
1.730000000000000000e+02 4.311709999999999710e+00 4.945490000000000386e+00 0.000000000000000000e+00
1.740000000000000000e+02 1.130919999999999925e+00 6.829030000000000378e+00 0.000000000000000000e+00
1.750000000000000000e+02 2.263700000000000045e+00 8.576719999999999899e+00 0.000000000000000000e+00
1.760000000000000000e+02 1.389969999999999928e+00 1.046111999999999931e+01 0.000000000000000000e+00
1.770000000000000000e+02 2.609350000000000058e+00 1.216568999999999967e+01 0.000000000000000000e+00
1.780000000000000000e+02 1.891750000000000043e+00 1.413555999999999990e+01 0.000000000000000000e+00
1.790000000000000000e+02 2.170700000000000074e+00 1.792514999999999858e+01 0.000000000000000000e+00
1.800000000000000000e+02 4.782600000000000406e+00 -1.870663000000000054e+01 0.000000000000000000e+00
1.810000000000000000e+02 5.344610000000000305e+00 -1.642616999999999905e+01 0.000000000000000000e+00
1.820000000000000000e+02 4.027160000000000295e+00 -1.299646000000000079e+01 0.000000000000000000e+00
1.830000000000000000e+02 4.222909999999999719e+00 -1.091662999999999961e+01 0.000000000000000000e+00
1.840000000000000000e+02 4.549400000000000333e+00 -8.708330000000000126e+00 0.000000000000000000e+00
1.850000000000000000e+02 2.915599999999999969e+00 -7.434090000000000309e+00 0.000000000000000000e+00
1.860000000000000000e+02 3.119639999999999969e+00 -5.324270000000000280e+00 0.000000000000000000e+00
1.870000000000000000e+02 3.422730000000000050e+00 -3.107139999999999791e+00 0.000000000000000000e+00
1.880000000000000000e+02 3.678350000000000009e+00 -1.036540000000000017e+00 0.000000000000000000e+00
1.890000000000000000e+02 3.887020000000000142e+00 1.113240000000000007e+00 0.000000000000000000e+00
1.900000000000000000e+02 3.182799999999999851e+00 3.092859999999999943e+00 0.000000000000000000e+00
1.910000000000000000e+02 6.027230000000000310e+00 6.191699999999999982e+00 0.000000000000000000e+00
1.920000000000000000e+02 3.262169999999999792e+00 6.753999999999999559e+00 0.000000000000000000e+00
1.930000000000000000e+02 4.500799999999999912e+00 8.405820000000000292e+00 0.000000000000000000e+00
1.940000000000000000e+02 3.634860000000000202e+00 1.034717000000000020e+01 0.000000000000000000e+00
1.950000000000000000e+02 4.826039999999999885e+00 1.204218000000000011e+01 0.000000000000000000e+00
1.960000000000000000e+02 3.965359999999999996e+00 1.393951000000000029e+01 0.000000000000000000e+00
1.970000000000000000e+02 3.220660000000000078e+00 1.601343999999999923e+01 0.000000000000000000e+00
1.980000000000000000e+02 7.063439999999999941e+00 -1.772531000000000034e+01 0.000000000000000000e+00
1.990000000000000000e+02 5.761289999999999800e+00 -1.430113000000000056e+01 0.000000000000000000e+00
2.000000000000000000e+02 5.952890000000000015e+00 -1.204718000000000089e+01 0.000000000000000000e+00
2.010000000000000000e+02 6.236480000000000246e+00 -9.929130000000000678e+00 0.000000000000000000e+00
2.020000000000000000e+02 6.523729999999999585e+00 -7.811429999999999652e+00 0.000000000000000000e+00
2.030000000000000000e+02 4.862949999999999662e+00 -6.541879999999999917e+00 0.000000000000000000e+00
2.040000000000000000e+02 5.127049999999999663e+00 -4.457329999999999792e+00 0.000000000000000000e+00
2.050000000000000000e+02 5.391280000000000072e+00 -2.216219999999999857e+00 0.000000000000000000e+00
2.060000000000000000e+02 7.366050000000000431e+00 -1.452700000000000102e+00 0.000000000000000000e+00
2.070000000000000000e+02 5.656299999999999883e+00 -1.636400000000000077e-01 0.000000000000000000e+00
2.080000000000000000e+02 5.814149999999999707e+00 1.932500000000000107e+00 0.000000000000000000e+00
2.090000000000000000e+02 6.170230000000000103e+00 4.015439999999999898e+00 0.000000000000000000e+00
2.100000000000000000e+02 8.292170000000000485e+00 6.890119999999999578e+00 0.000000000000000000e+00
2.110000000000000000e+02 6.581400000000000361e+00 8.185330000000000439e+00 0.000000000000000000e+00
2.120000000000000000e+02 5.712180000000000035e+00 1.008323000000000036e+01 0.000000000000000000e+00
2.130000000000000000e+02 6.909469999999999779e+00 1.180865999999999971e+01 0.000000000000000000e+00
2.140000000000000000e+02 6.058790000000000120e+00 1.371444999999999936e+01 0.000000000000000000e+00
2.150000000000000000e+02 4.541269999999999918e+00 1.761088000000000164e+01 0.000000000000000000e+00
2.160000000000000000e+02 7.382769999999999833e+00 -1.562665999999999933e+01 0.000000000000000000e+00
2.170000000000000000e+02 7.660750000000000171e+00 -1.337637999999999927e+01 0.000000000000000000e+00
2.180000000000000000e+02 7.905179999999999652e+00 -1.116879999999999917e+01 0.000000000000000000e+00
2.190000000000000000e+02 8.248219999999999885e+00 -9.033979999999999677e+00 0.000000000000000000e+00
2.200000000000000000e+02 8.487629999999999342e+00 -6.990400000000000169e+00 0.000000000000000000e+00
2.210000000000000000e+02 6.786330000000000418e+00 -5.730500000000000149e+00 0.000000000000000000e+00
2.220000000000000000e+02 8.711249999999999716e+00 -4.838009999999999700e+00 0.000000000000000000e+00
2.230000000000000000e+02 7.042769999999999975e+00 -3.500509999999999788e+00 0.000000000000000000e+00
2.240000000000000000e+02 9.298090000000000188e+00 -6.478800000000000114e-01 0.000000000000000000e+00
2.250000000000000000e+02 7.624780000000000335e+00 6.979199999999999848e-01 0.000000000000000000e+00
2.260000000000000000e+02 7.941460000000000186e+00 2.762199999999999989e+00 0.000000000000000000e+00
2.270000000000000000e+02 8.149919999999999831e+00 4.828789999999999694e+00 0.000000000000000000e+00
2.280000000000000000e+02 1.016895000000000060e+01 5.739690000000000403e+00 0.000000000000000000e+00
2.290000000000000000e+02 1.027252999999999972e+01 7.860610000000000319e+00 0.000000000000000000e+00
2.300000000000000000e+02 8.465790000000000148e+00 9.081120000000000303e+00 0.000000000000000000e+00
2.310000000000000000e+02 8.910420000000000229e+00 1.115399999999999991e+01 0.000000000000000000e+00
2.320000000000000000e+02 8.858969999999999345e+00 1.323254999999999981e+01 0.000000000000000000e+00
2.330000000000000000e+02 5.671870000000000189e+00 1.581988999999999912e+01 0.000000000000000000e+00
2.340000000000000000e+02 9.064700000000000202e+00 -1.687143000000000015e+01 0.000000000000000000e+00
2.350000000000000000e+02 9.382920000000000371e+00 -1.466887000000000008e+01 0.000000000000000000e+00
2.360000000000000000e+02 9.602999999999999758e+00 -1.240574999999999939e+01 0.000000000000000000e+00
2.370000000000000000e+02 9.910669999999999646e+00 -1.033968999999999916e+01 0.000000000000000000e+00
2.380000000000000000e+02 1.020055999999999941e+01 -8.263009999999999522e+00 0.000000000000000000e+00
2.390000000000000000e+02 1.048983999999999916e+01 -6.131470000000000198e+00 0.000000000000000000e+00
2.400000000000000000e+02 1.077228000000000030e+01 -4.060459999999999958e+00 0.000000000000000000e+00
2.410000000000000000e+02 8.978759999999999408e+00 -2.762919999999999821e+00 0.000000000000000000e+00
2.420000000000000000e+02 1.125325999999999915e+01 2.314100000000000046e-01 0.000000000000000000e+00
2.430000000000000000e+02 9.575039999999999552e+00 1.512780000000000014e+00 0.000000000000000000e+00
2.440000000000000000e+02 9.874670000000000059e+00 3.607279999999999820e+00 0.000000000000000000e+00
2.450000000000000000e+02 1.186213000000000051e+01 4.488800000000000345e+00 0.000000000000000000e+00
2.460000000000000000e+02 1.206911000000000023e+01 6.671339999999999826e+00 0.000000000000000000e+00
2.470000000000000000e+02 1.238786999999999949e+01 8.758459999999999468e+00 0.000000000000000000e+00
2.480000000000000000e+02 1.062302999999999997e+01 9.949559999999999960e+00 0.000000000000000000e+00
2.490000000000000000e+02 1.076224999999999987e+01 1.209051999999999971e+01 0.000000000000000000e+00
2.500000000000000000e+02 7.653290000000000148e+00 1.505949999999999989e+01 0.000000000000000000e+00
2.510000000000000000e+02 7.606519999999999726e+00 1.721322999999999936e+01 0.000000000000000000e+00
2.520000000000000000e+02 1.118355000000000032e+01 -1.612153999999999954e+01 0.000000000000000000e+00
2.530000000000000000e+02 1.135088999999999970e+01 -1.384628999999999976e+01 0.000000000000000000e+00
2.540000000000000000e+02 1.156784000000000034e+01 -1.173906999999999989e+01 0.000000000000000000e+00
2.550000000000000000e+02 1.191430000000000078e+01 -9.659299999999999997e+00 0.000000000000000000e+00
2.560000000000000000e+02 1.210580999999999996e+01 -7.452810000000000379e+00 0.000000000000000000e+00
2.570000000000000000e+02 1.242867999999999995e+01 -5.397540000000000227e+00 0.000000000000000000e+00
2.580000000000000000e+02 1.266812999999999967e+01 -3.197830000000000172e+00 0.000000000000000000e+00
2.590000000000000000e+02 1.091052999999999962e+01 -1.950709999999999944e+00 0.000000000000000000e+00
2.600000000000000000e+02 1.281352000000000046e+01 -1.116919999999999913e+00 0.000000000000000000e+00
2.610000000000000000e+02 1.318598000000000070e+01 1.054240000000000066e+00 0.000000000000000000e+00
2.620000000000000000e+02 1.151702000000000048e+01 2.367459999999999898e+00 0.000000000000000000e+00
2.630000000000000000e+02 1.345279999999999987e+01 3.143229999999999968e+00 0.000000000000000000e+00
2.640000000000000000e+02 1.379537000000000013e+01 5.330079999999999707e+00 0.000000000000000000e+00
2.650000000000000000e+02 1.406779000000000046e+01 7.515019999999999811e+00 0.000000000000000000e+00
2.660000000000000000e+02 1.425488000000000000e+01 9.658390000000000697e+00 0.000000000000000000e+00
2.670000000000000000e+02 1.248324999999999996e+01 1.094678000000000040e+01 0.000000000000000000e+00
2.680000000000000000e+02 1.087308999999999948e+01 1.433037000000000027e+01 0.000000000000000000e+00
2.690000000000000000e+02 9.624719999999999942e+00 1.601073999999999842e+01 0.000000000000000000e+00
2.700000000000000000e+02 1.309045000000000059e+01 -1.525967999999999947e+01 0.000000000000000000e+00
2.710000000000000000e+02 1.342891000000000012e+01 -1.301885000000000048e+01 0.000000000000000000e+00
2.720000000000000000e+02 1.376805000000000057e+01 -1.094781000000000049e+01 0.000000000000000000e+00
2.730000000000000000e+02 1.388326999999999956e+01 -8.805899999999999395e+00 0.000000000000000000e+00
2.740000000000000000e+02 1.606136000000000053e+01 -7.622810000000000308e+00 0.000000000000000000e+00
2.750000000000000000e+02 1.409659000000000084e+01 -6.719339999999999868e+00 0.000000000000000000e+00
2.760000000000000000e+02 1.445105000000000040e+01 -4.674199999999999910e+00 0.000000000000000000e+00
2.770000000000000000e+02 1.458713999999999977e+01 -2.336250000000000160e+00 0.000000000000000000e+00
2.780000000000000000e+02 1.745957999999999899e+01 -1.632090000000000041e+00 0.000000000000000000e+00
2.790000000000000000e+02 1.483036000000000065e+01 -2.906099999999999794e-01 0.000000000000000000e+00
2.800000000000000000e+02 1.524437999999999960e+01 1.855569999999999942e+00 0.000000000000000000e+00
2.810000000000000000e+02 1.715271999999999863e+01 2.771300000000000097e+00 0.000000000000000000e+00
2.820000000000000000e+02 1.542998000000000047e+01 4.016980000000000217e+00 0.000000000000000000e+00
2.830000000000000000e+02 1.577824000000000026e+01 6.219359999999999999e+00 0.000000000000000000e+00
2.840000000000000000e+02 1.593678000000000061e+01 8.462690000000000268e+00 0.000000000000000000e+00
2.850000000000000000e+02 1.783588999999999913e+01 6.899949999999999584e+00 0.000000000000000000e+00
2.860000000000000000e+02 1.436452000000000062e+01 1.183506000000000036e+01 0.000000000000000000e+00
2.870000000000000000e+02 1.269605999999999923e+01 1.304978000000000016e+01 0.000000000000000000e+00
2.880000000000000000e+02 1.545416999999999952e+01 -1.221669999999999945e+01 0.000000000000000000e+00
2.890000000000000000e+02 1.759170999999999907e+01 -9.194129999999999470e+00 0.000000000000000000e+00
2.900000000000000000e+02 1.568510999999999989e+01 -1.010046999999999962e+01 0.000000000000000000e+00
2.910000000000000000e+02 1.798710000000000164e+01 -6.903410000000000046e+00 0.000000000000000000e+00
2.920000000000000000e+02 1.635276999999999958e+01 -5.520710000000000228e+00 0.000000000000000000e+00
2.930000000000000000e+02 1.829941000000000173e+01 -4.369410000000000238e+00 0.000000000000000000e+00
2.940000000000000000e+02 1.943082000000000065e+01 -2.370839999999999836e+00 0.000000000000000000e+00
2.950000000000000000e+02 1.636576000000000164e+01 -3.379509999999999792e+00 0.000000000000000000e+00
2.960000000000000000e+02 1.890691999999999950e+01 6.126200000000000534e-01 0.000000000000000000e+00
2.970000000000000000e+02 1.915247000000000099e+01 3.351890000000000036e+00 0.000000000000000000e+00
2.980000000000000000e+02 1.682544000000000040e+01 4.183200000000000252e-01 0.000000000000000000e+00
2.990000000000000000e+02 1.749471000000000132e+01 4.802559999999999718e+00 0.000000000000000000e+00
