0.000000000000000000e+00 -1.327962999999999916e+01 -1.409966999999999970e+01 0.000000000000000000e+00
1.000000000000000000e+00 -1.507253000000000043e+01 -1.256420999999999921e+01 0.000000000000000000e+00
2.000000000000000000e+00 -1.559839000000000020e+01 -1.048963999999999963e+01 0.000000000000000000e+00
3.000000000000000000e+00 -1.732597000000000165e+01 -8.121330000000000382e+00 0.000000000000000000e+00
4.000000000000000000e+00 -1.862681999999999860e+01 -6.119209999999999816e+00 0.000000000000000000e+00
5.000000000000000000e+00 -1.751022999999999996e+01 -4.328299999999999592e+00 0.000000000000000000e+00
6.000000000000000000e+00 -1.863973000000000013e+01 -2.393730000000000135e+00 0.000000000000000000e+00
7.000000000000000000e+00 -1.647759999999999891e+01 -2.414070000000000160e+00 0.000000000000000000e+00
8.000000000000000000e+00 -1.759939999999999927e+01 -5.815799999999999859e-01 0.000000000000000000e+00
9.000000000000000000e+00 -1.661092999999999975e+01 1.352559999999999985e+00 0.000000000000000000e+00
1.000000000000000000e+01 -1.880806000000000111e+01 1.281579999999999941e+00 0.000000000000000000e+00
1.100000000000000000e+01 -1.987919000000000125e+01 3.227529999999999788e+00 0.000000000000000000e+00
1.200000000000000000e+01 -1.892331000000000074e+01 5.111250000000000071e+00 0.000000000000000000e+00
1.300000000000000000e+01 -1.678995000000000104e+01 4.968499999999999694e+00 0.000000000000000000e+00
1.400000000000000000e+01 -1.785951000000000022e+01 6.918949999999999712e+00 0.000000000000000000e+00
1.500000000000000000e+01 -1.713770999999999844e+01 8.935000000000000497e+00 0.000000000000000000e+00
1.600000000000000000e+01 -1.593506000000000000e+01 1.087729000000000035e+01 0.000000000000000000e+00
1.700000000000000000e+01 -1.254570999999999970e+01 1.302002000000000059e+01 0.000000000000000000e+00
1.800000000000000000e+01 -1.158032000000000039e+01 -1.537168999999999919e+01 0.000000000000000000e+00
1.900000000000000000e+01 -1.305541000000000018e+01 -1.201515999999999984e+01 0.000000000000000000e+00
2.000000000000000000e+01 -1.319388000000000005e+01 -9.952109999999999346e+00 0.000000000000000000e+00
2.100000000000000000e+01 -1.526994000000000007e+01 -8.110559999999999548e+00 0.000000000000000000e+00
2.200000000000000000e+01 -1.634861000000000075e+01 -6.242289999999999672e+00 0.000000000000000000e+00
2.300000000000000000e+01 -1.429307000000000016e+01 -5.955140000000000100e+00 0.000000000000000000e+00
2.400000000000000000e+01 -1.544687000000000054e+01 -4.214929999999999843e+00 0.000000000000000000e+00
2.500000000000000000e+01 -1.435496999999999979e+01 -2.166259999999999852e+00 0.000000000000000000e+00
2.600000000000000000e+01 -1.549981000000000009e+01 -4.667200000000000237e-01 0.000000000000000000e+00
2.700000000000000000e+01 -1.454531000000000063e+01 1.411559999999999926e+00 0.000000000000000000e+00
2.800000000000000000e+01 -1.549943000000000026e+01 3.274109999999999854e+00 0.000000000000000000e+00
2.900000000000000000e+01 -1.775770999999999944e+01 3.094520000000000159e+00 0.000000000000000000e+00
3.000000000000000000e+01 -1.463809000000000005e+01 5.168449999999999989e+00 0.000000000000000000e+00
3.100000000000000000e+01 -1.575182000000000038e+01 7.002589999999999648e+00 0.000000000000000000e+00
3.200000000000000000e+01 -1.496099000000000068e+01 8.929259999999999309e+00 0.000000000000000000e+00
3.300000000000000000e+01 -1.282789999999999964e+01 9.225429999999999353e+00 0.000000000000000000e+00
3.400000000000000000e+01 -1.390235999999999983e+01 1.140445000000000064e+01 0.000000000000000000e+00
3.500000000000000000e+01 -1.123390000000000022e+01 1.501116000000000028e+01 0.000000000000000000e+00
3.600000000000000000e+01 -9.448729999999999407e+00 -1.603371999999999886e+01 0.000000000000000000e+00
3.700000000000000000e+01 -1.127316000000000074e+01 -1.322847999999999935e+01 0.000000000000000000e+00
3.800000000000000000e+01 -1.129527000000000037e+01 -1.084251000000000076e+01 0.000000000000000000e+00
3.900000000000000000e+01 -1.139624000000000059e+01 -8.758850000000000691e+00 0.000000000000000000e+00
4.000000000000000000e+01 -1.320495999999999981e+01 -7.706990000000000229e+00 0.000000000000000000e+00
4.100000000000000000e+01 -1.221672000000000047e+01 -5.879509999999999792e+00 0.000000000000000000e+00
4.200000000000000000e+01 -1.330644999999999989e+01 -3.994559999999999889e+00 0.000000000000000000e+00
4.300000000000000000e+01 -1.223895000000000088e+01 -2.171809999999999796e+00 0.000000000000000000e+00
4.400000000000000000e+01 -1.336870000000000047e+01 -3.127900000000000125e-01 0.000000000000000000e+00
4.500000000000000000e+01 -1.230672000000000033e+01 1.545199999999999907e+00 0.000000000000000000e+00
4.600000000000000000e+01 -1.344396000000000058e+01 3.345040000000000013e+00 0.000000000000000000e+00
4.700000000000000000e+01 -1.249436999999999998e+01 5.267809999999999881e+00 0.000000000000000000e+00
4.800000000000000000e+01 -1.365671000000000035e+01 7.071180000000000021e+00 0.000000000000000000e+00
4.900000000000000000e+01 -1.146326000000000001e+01 7.158970000000000056e+00 0.000000000000000000e+00
5.000000000000000000e+01 -1.066228000000000087e+01 9.105199999999999960e+00 0.000000000000000000e+00
5.100000000000000000e+01 -1.170796999999999954e+01 1.105371000000000059e+01 0.000000000000000000e+00
5.200000000000000000e+01 -1.043529999999999980e+01 1.287608999999999959e+01 0.000000000000000000e+00
5.300000000000000000e+01 -9.739489999999999981e+00 1.669790000000000063e+01 0.000000000000000000e+00
5.400000000000000000e+01 -7.425569999999999560e+00 -1.719286999999999921e+01 0.000000000000000000e+00
5.500000000000000000e+01 -9.312440000000000495e+00 -1.394589999999999996e+01 0.000000000000000000e+00
5.600000000000000000e+01 -9.507170000000000343e+00 -1.189747000000000021e+01 0.000000000000000000e+00
5.700000000000000000e+01 -9.475229999999999819e+00 -9.792849999999999611e+00 0.000000000000000000e+00
5.800000000000000000e+01 -9.345140000000000668e+00 -7.737379999999999924e+00 0.000000000000000000e+00
5.900000000000000000e+01 -9.825329999999999231e+00 -5.695310000000000095e+00 0.000000000000000000e+00
6.000000000000000000e+01 -1.100262000000000029e+01 -3.953409999999999869e+00 0.000000000000000000e+00
6.100000000000000000e+01 -1.009637000000000029e+01 -2.034339999999999815e+00 0.000000000000000000e+00
6.200000000000000000e+01 -1.123930999999999969e+01 -3.085300000000000264e-01 0.000000000000000000e+00
6.300000000000000000e+01 -1.016816000000000031e+01 1.613289999999999891e+00 0.000000000000000000e+00
6.400000000000000000e+01 -9.257479999999999265e+00 3.480799999999999894e+00 0.000000000000000000e+00
6.500000000000000000e+01 -1.133404999999999951e+01 3.433170000000000055e+00 0.000000000000000000e+00
6.600000000000000000e+01 -1.039330999999999960e+01 5.358220000000000205e+00 0.000000000000000000e+00
6.700000000000000000e+01 -9.391529999999999490e+00 7.189639999999999809e+00 0.000000000000000000e+00
6.800000000000000000e+01 -9.561339999999999506e+00 1.090415999999999919e+01 0.000000000000000000e+00
6.900000000000000000e+01 -8.373070000000000235e+00 1.259675999999999974e+01 0.000000000000000000e+00
7.000000000000000000e+01 -9.111929999999999197e+00 1.460746999999999929e+01 0.000000000000000000e+00
7.100000000000000000e+01 -8.208629999999999427e+00 1.817510000000000048e+01 0.000000000000000000e+00
7.200000000000000000e+01 -4.977479999999999905e+00 -1.863003000000000142e+01 0.000000000000000000e+00
7.300000000000000000e+01 -7.485850000000000115e+00 -1.502341999999999977e+01 0.000000000000000000e+00
7.400000000000000000e+01 -7.518629999999999924e+00 -1.288158999999999921e+01 0.000000000000000000e+00
7.500000000000000000e+01 -7.513510000000000133e+00 -1.074135000000000062e+01 0.000000000000000000e+00
7.600000000000000000e+01 -7.455309999999999881e+00 -8.614819999999999922e+00 0.000000000000000000e+00
7.700000000000000000e+01 -7.799690000000000012e+00 -6.230080000000000062e+00 0.000000000000000000e+00
7.800000000000000000e+01 -8.951729999999999521e+00 -3.821180000000000021e+00 0.000000000000000000e+00
7.900000000000000000e+01 -8.011969999999999814e+00 -1.916020000000000056e+00 0.000000000000000000e+00
8.000000000000000000e+01 -9.046129999999999782e+00 -1.154400000000000009e-01 0.000000000000000000e+00
8.100000000000000000e+01 -8.073740000000000805e+00 1.717370000000000063e+00 0.000000000000000000e+00
8.200000000000000000e+01 -7.136269999999999669e+00 3.608249999999999957e+00 0.000000000000000000e+00
8.300000000000000000e+01 -8.234980000000000189e+00 5.415779999999999816e+00 0.000000000000000000e+00
8.400000000000000000e+01 -7.311440000000000161e+00 7.272619999999999862e+00 0.000000000000000000e+00
8.500000000000000000e+01 -8.435269999999999158e+00 9.159689999999999444e+00 0.000000000000000000e+00
8.600000000000000000e+01 -6.349499999999999922e+00 9.119400000000000617e+00 0.000000000000000000e+00
8.700000000000000000e+01 -6.759500000000000064e+00 1.125153000000000070e+01 0.000000000000000000e+00
8.800000000000000000e+01 -6.947119999999999962e+00 1.411224999999999952e+01 0.000000000000000000e+00
8.900000000000000000e+01 -7.494209999999999816e+00 1.610150000000000148e+01 0.000000000000000000e+00
9.000000000000000000e+01 -5.633219999999999672e+00 -1.603117999999999910e+01 0.000000000000000000e+00
9.100000000000000000e+01 -5.583879999999999733e+00 -1.395256999999999969e+01 0.000000000000000000e+00
9.200000000000000000e+01 -5.682249999999999801e+00 -1.178354000000000035e+01 0.000000000000000000e+00
9.300000000000000000e+01 -5.648410000000000153e+00 -9.677080000000000126e+00 0.000000000000000000e+00
9.400000000000000000e+01 -5.664390000000000036e+00 -7.566499999999999559e+00 0.000000000000000000e+00
9.500000000000000000e+01 -5.783059999999999867e+00 -5.490990000000000038e+00 0.000000000000000000e+00
9.600000000000000000e+01 -6.843519999999999825e+00 -3.709010000000000140e+00 0.000000000000000000e+00
9.700000000000000000e+01 -5.780210000000000292e+00 -1.904709999999999903e+00 0.000000000000000000e+00
9.800000000000000000e+01 -6.958879999999999733e+00 -9.997000000000000330e-02 0.000000000000000000e+00
9.900000000000000000e+01 -5.981620000000000381e+00 1.728439999999999976e+00 0.000000000000000000e+00
1.000000000000000000e+02 -5.002690000000000303e+00 3.579200000000000159e+00 0.000000000000000000e+00
1.010000000000000000e+02 -6.123540000000000205e+00 5.423879999999999590e+00 0.000000000000000000e+00
1.020000000000000000e+02 -5.218469999999999942e+00 7.288020000000000387e+00 0.000000000000000000e+00
1.030000000000000000e+02 -4.298960000000000115e+00 9.157090000000000174e+00 0.000000000000000000e+00
1.040000000000000000e+02 -4.638810000000000322e+00 1.125595999999999997e+01 0.000000000000000000e+00
1.050000000000000000e+02 -4.963149999999999729e+00 1.340377999999999936e+01 0.000000000000000000e+00
1.060000000000000000e+02 -5.458470000000000155e+00 1.554027999999999921e+01 0.000000000000000000e+00
1.070000000000000000e+02 -3.896929999999999783e+00 1.892032999999999987e+01 0.000000000000000000e+00
1.080000000000000000e+02 -3.675660000000000149e+00 -1.701965999999999823e+01 0.000000000000000000e+00
1.090000000000000000e+02 -3.732990000000000030e+00 -1.492284000000000077e+01 0.000000000000000000e+00
1.100000000000000000e+02 -3.710609999999999964e+00 -1.282449000000000083e+01 0.000000000000000000e+00
1.110000000000000000e+02 -3.680989999999999984e+00 -1.062232000000000021e+01 0.000000000000000000e+00
1.120000000000000000e+02 -3.826140000000000096e+00 -8.517480000000000828e+00 0.000000000000000000e+00
1.130000000000000000e+02 -3.919869999999999965e+00 -6.398189999999999600e+00 0.000000000000000000e+00
1.140000000000000000e+02 -4.287639999999999674e+00 -3.782150000000000123e+00 0.000000000000000000e+00
1.150000000000000000e+02 -3.727170000000000094e+00 -1.801350000000000007e+00 0.000000000000000000e+00
1.160000000000000000e+02 -4.837279999999999802e+00 -5.385000000000000203e-02 0.000000000000000000e+00
1.170000000000000000e+02 -3.874130000000000074e+00 1.838449999999999918e+00 0.000000000000000000e+00
1.180000000000000000e+02 -2.886989999999999945e+00 3.653540000000000010e+00 0.000000000000000000e+00
1.190000000000000000e+02 -4.057319999999999816e+00 5.425469999999999793e+00 0.000000000000000000e+00
1.200000000000000000e+02 -3.091889999999999805e+00 7.307100000000000151e+00 0.000000000000000000e+00
1.210000000000000000e+02 -2.696790000000000020e+00 1.052712999999999965e+01 0.000000000000000000e+00
1.220000000000000000e+02 -2.998060000000000169e+00 1.273723999999999990e+01 0.000000000000000000e+00
1.230000000000000000e+02 -3.375169999999999781e+00 1.477191000000000010e+01 0.000000000000000000e+00
1.240000000000000000e+02 -3.450509999999999966e+00 1.690686000000000178e+01 0.000000000000000000e+00
1.250000000000000000e+02 -5.523550000000000182e+00 1.761722999999999928e+01 0.000000000000000000e+00
1.260000000000000000e+02 -1.808910000000000018e+00 -1.809992000000000090e+01 0.000000000000000000e+00
1.270000000000000000e+02 -1.811039999999999983e+00 -1.580996000000000024e+01 0.000000000000000000e+00
1.280000000000000000e+02 -1.839450000000000029e+00 -1.374689000000000050e+01 0.000000000000000000e+00
1.290000000000000000e+02 -1.859290000000000109e+00 -1.161487999999999943e+01 0.000000000000000000e+00
1.300000000000000000e+02 -1.952029999999999932e+00 -9.474280000000000257e+00 0.000000000000000000e+00
1.310000000000000000e+02 -2.090100000000000069e+00 -7.401869999999999727e+00 0.000000000000000000e+00
1.320000000000000000e+02 -2.107850000000000001e+00 -5.246649999999999814e+00 0.000000000000000000e+00
1.330000000000000000e+02 -2.076410000000000089e+00 -3.167409999999999837e+00 0.000000000000000000e+00
1.340000000000000000e+02 -2.767679999999999918e+00 4.236000000000000182e-02 0.000000000000000000e+00
1.350000000000000000e+02 -1.670009999999999994e+00 1.858100000000000085e+00 0.000000000000000000e+00
1.360000000000000000e+02 -7.284000000000000474e-01 3.697400000000000020e+00 0.000000000000000000e+00
1.370000000000000000e+02 -1.947310000000000096e+00 5.558659999999999712e+00 0.000000000000000000e+00
1.380000000000000000e+02 -9.717099999999999627e-01 7.438880000000000159e+00 0.000000000000000000e+00
1.390000000000000000e+02 -8.059899999999999842e-01 9.632580000000000808e+00 0.000000000000000000e+00
1.400000000000000000e+02 -1.070710000000000051e+00 1.183623000000000047e+01 0.000000000000000000e+00
1.410000000000000000e+02 -1.315360000000000085e+00 1.396721999999999930e+01 0.000000000000000000e+00
1.420000000000000000e+02 -1.522590000000000110e+00 1.605445999999999884e+01 0.000000000000000000e+00
1.430000000000000000e+02 -1.793250000000000011e+00 1.815015000000000001e+01 0.000000000000000000e+00
1.440000000000000000e+02 5.830000000000000113e-03 -1.686285000000000167e+01 0.000000000000000000e+00
1.450000000000000000e+02 2.444999999999999951e-02 -1.467102000000000039e+01 0.000000000000000000e+00
1.460000000000000000e+02 -2.105999999999999886e-02 -1.258845999999999954e+01 0.000000000000000000e+00
1.470000000000000000e+02 1.802820000000000089e+00 -1.140709999999999980e+01 0.000000000000000000e+00
1.480000000000000000e+02 -3.851000000000000256e-02 -1.049754000000000076e+01 0.000000000000000000e+00
1.490000000000000000e+02 -1.851399999999999990e-01 -8.371510000000000673e+00 0.000000000000000000e+00
1.500000000000000000e+02 -3.318200000000000038e-01 -6.311169999999999725e+00 0.000000000000000000e+00
1.510000000000000000e+02 -2.644199999999999884e-01 -4.165689999999999671e+00 0.000000000000000000e+00
1.520000000000000000e+02 -3.381500000000000061e-01 -2.060439999999999827e+00 0.000000000000000000e+00
1.530000000000000000e+02 -6.025500000000000300e-01 8.859999999999999820e-03 0.000000000000000000e+00
1.540000000000000000e+02 4.665000000000000258e-01 1.954429999999999890e+00 0.000000000000000000e+00
1.550000000000000000e+02 1.451300000000000090e-01 5.686469999999999914e+00 0.000000000000000000e+00
1.560000000000000000e+02 1.043120000000000047e+00 8.727180000000000604e+00 0.000000000000000000e+00
1.570000000000000000e+02 9.034400000000000208e-01 1.079856999999999978e+01 0.000000000000000000e+00
1.580000000000000000e+02 6.982500000000000373e-01 1.298844000000000065e+01 0.000000000000000000e+00
1.590000000000000000e+02 4.060500000000000220e-01 1.516264999999999930e+01 0.000000000000000000e+00
1.600000000000000000e+02 2.888399999999999856e-01 1.722445000000000093e+01 0.000000000000000000e+00
1.610000000000000000e+02 -8.680799999999999628e-01 2.003378999999999976e+01 0.000000000000000000e+00
1.620000000000000000e+02 1.484600000000000086e-01 -1.895911999999999864e+01 0.000000000000000000e+00
1.630000000000000000e+02 1.883350000000000080e+00 -1.560533000000000037e+01 0.000000000000000000e+00
1.640000000000000000e+02 1.912879999999999914e+00 -1.350500000000000078e+01 0.000000000000000000e+00
1.650000000000000000e+02 3.683619999999999894e+00 -1.242300000000000004e+01 0.000000000000000000e+00
1.660000000000000000e+02 1.718609999999999971e+00 -9.354889999999999262e+00 0.000000000000000000e+00
1.670000000000000000e+02 1.578030000000000044e+00 -7.196329999999999671e+00 0.000000000000000000e+00
1.680000000000000000e+02 1.571239999999999970e+00 -5.132729999999999571e+00 0.000000000000000000e+00
1.690000000000000000e+02 1.521579999999999933e+00 -3.001489999999999991e+00 0.000000000000000000e+00
1.700000000000000000e+02 1.418309999999999960e+00 -9.366499999999999826e-01 0.000000000000000000e+00
1.710000000000000000e+02 2.302939999999999987e+00 9.219300000000000272e-01 0.000000000000000000e+00
1.720000000000000000e+02 1.355760000000000076e+00 3.822970000000000201e+00 0.000000000000000000e+00
1.730000000000000000e+02 2.241000000000000103e+00 5.793000000000000149e+00 0.000000000000000000e+00
1.740000000000000000e+02 3.082829999999999959e+00 7.669419999999999682e+00 0.000000000000000000e+00
1.750000000000000000e+02 2.807459999999999845e+00 9.853740000000000165e+00 0.000000000000000000e+00
1.760000000000000000e+02 2.668439999999999923e+00 1.198878999999999984e+01 0.000000000000000000e+00
1.770000000000000000e+02 2.422550000000000203e+00 1.413865000000000016e+01 0.000000000000000000e+00
1.780000000000000000e+02 2.282020000000000159e+00 1.628005999999999887e+01 0.000000000000000000e+00
1.790000000000000000e+02 2.288479999999999848e+00 1.860879999999999868e+01 0.000000000000000000e+00
1.800000000000000000e+02 2.051060000000000105e+00 -1.981794999999999973e+01 0.000000000000000000e+00
1.810000000000000000e+02 1.933950000000000058e+00 -1.772394999999999854e+01 0.000000000000000000e+00
1.820000000000000000e+02 3.791859999999999786e+00 -1.460130999999999979e+01 0.000000000000000000e+00
1.830000000000000000e+02 3.625669999999999948e+00 -1.026745000000000019e+01 0.000000000000000000e+00
1.840000000000000000e+02 3.500579999999999803e+00 -8.211349999999999483e+00 0.000000000000000000e+00
1.850000000000000000e+02 3.399579999999999824e+00 -6.130560000000000009e+00 0.000000000000000000e+00
1.860000000000000000e+02 3.521090000000000053e+00 -3.976179999999999826e+00 0.000000000000000000e+00
1.870000000000000000e+02 3.405269999999999797e+00 -1.911019999999999941e+00 0.000000000000000000e+00
1.880000000000000000e+02 4.226630000000000109e+00 7.638999999999999957e-02 0.000000000000000000e+00
1.890000000000000000e+02 5.108170000000000321e+00 2.075200000000000156e+00 0.000000000000000000e+00
1.900000000000000000e+02 3.194710000000000161e+00 2.849950000000000205e+00 0.000000000000000000e+00
1.910000000000000000e+02 4.124159999999999826e+00 4.890480000000000160e+00 0.000000000000000000e+00
1.920000000000000000e+02 4.971090000000000231e+00 6.796070000000000277e+00 0.000000000000000000e+00
1.930000000000000000e+02 4.758799999999999919e+00 9.013210000000000832e+00 0.000000000000000000e+00
1.940000000000000000e+02 4.572400000000000020e+00 1.106439999999999912e+01 0.000000000000000000e+00
1.950000000000000000e+02 4.354680000000000106e+00 1.319650999999999996e+01 0.000000000000000000e+00
1.960000000000000000e+02 4.263069999999999915e+00 1.534681999999999924e+01 0.000000000000000000e+00
1.970000000000000000e+02 4.027849999999999930e+00 1.742787999999999826e+01 0.000000000000000000e+00
1.980000000000000000e+02 3.818760000000000154e+00 -1.873413000000000039e+01 0.000000000000000000e+00
1.990000000000000000e+02 3.748790000000000067e+00 -1.666894999999999882e+01 0.000000000000000000e+00
2.000000000000000000e+02 5.525570000000000093e+00 -1.344427999999999912e+01 0.000000000000000000e+00
2.010000000000000000e+02 5.473609999999999864e+00 -1.135316000000000081e+01 0.000000000000000000e+00
2.020000000000000000e+02 5.241629999999999789e+00 -7.075999999999999623e+00 0.000000000000000000e+00
2.030000000000000000e+02 5.396469999999999878e+00 -4.910239999999999938e+00 0.000000000000000000e+00
2.040000000000000000e+02 6.839419999999999611e+00 -3.390810000000000102e+00 0.000000000000000000e+00
2.050000000000000000e+02 5.535020000000000273e+00 -1.699780000000000069e+00 0.000000000000000000e+00
2.060000000000000000e+02 6.322820000000000107e+00 3.090200000000000169e-01 0.000000000000000000e+00
2.070000000000000000e+02 7.242250000000000298e+00 2.300670000000000215e+00 0.000000000000000000e+00
2.080000000000000000e+02 6.063109999999999999e+00 4.047419999999999796e+00 0.000000000000000000e+00
2.090000000000000000e+02 6.889549999999999841e+00 5.999259999999999593e+00 0.000000000000000000e+00
2.100000000000000000e+02 6.634319999999999773e+00 8.054309999999999192e+00 0.000000000000000000e+00
2.110000000000000000e+02 6.505770000000000053e+00 1.018582999999999927e+01 0.000000000000000000e+00
2.120000000000000000e+02 6.377069999999999794e+00 1.226548000000000016e+01 0.000000000000000000e+00
2.130000000000000000e+02 6.102360000000000007e+00 1.431085000000000029e+01 0.000000000000000000e+00
2.140000000000000000e+02 6.088219999999999743e+00 1.644903000000000048e+01 0.000000000000000000e+00
2.150000000000000000e+02 5.545449999999999768e+00 1.908865000000000123e+01 0.000000000000000000e+00
2.160000000000000000e+02 7.506190000000000140e+00 -1.879301999999999850e+01 0.000000000000000000e+00
2.170000000000000000e+02 5.628580000000000361e+00 -1.556860999999999962e+01 0.000000000000000000e+00
2.180000000000000000e+02 7.324860000000000149e+00 -1.234387000000000079e+01 0.000000000000000000e+00
2.190000000000000000e+02 7.240709999999999980e+00 -1.024591999999999992e+01 0.000000000000000000e+00
2.200000000000000000e+02 5.433659999999999712e+00 -9.162380000000000635e+00 0.000000000000000000e+00
2.210000000000000000e+02 7.310030000000000250e+00 -6.978769999999999918e+00 0.000000000000000000e+00
2.220000000000000000e+02 8.119120000000000559e+00 -5.089000000000000412e+00 0.000000000000000000e+00
2.230000000000000000e+02 8.881190000000000140e+00 -3.175489999999999924e+00 0.000000000000000000e+00
2.240000000000000000e+02 7.590779999999999639e+00 -1.386609999999999898e+00 0.000000000000000000e+00
2.250000000000000000e+02 8.395310000000000272e+00 5.453799999999999759e-01 0.000000000000000000e+00
2.260000000000000000e+02 9.404350000000000875e+00 2.518450000000000077e+00 0.000000000000000000e+00
2.270000000000000000e+02 8.133319999999999439e+00 4.221160000000000245e+00 0.000000000000000000e+00
2.280000000000000000e+02 8.971059999999999590e+00 6.310369999999999813e+00 0.000000000000000000e+00
2.290000000000000000e+02 8.336639999999999162e+00 9.252959999999999852e+00 0.000000000000000000e+00
2.300000000000000000e+02 8.468349999999999156e+00 1.138254000000000055e+01 0.000000000000000000e+00
2.310000000000000000e+02 8.138270000000000337e+00 1.343185000000000073e+01 0.000000000000000000e+00
2.320000000000000000e+02 7.923099999999999810e+00 1.549991999999999948e+01 0.000000000000000000e+00
2.330000000000000000e+02 7.796389999999999709e+00 1.762389999999999901e+01 0.000000000000000000e+00
2.340000000000000000e+02 5.657910000000000217e+00 -1.763589999999999947e+01 0.000000000000000000e+00
2.350000000000000000e+02 7.475740000000000052e+00 -1.442881999999999998e+01 0.000000000000000000e+00
2.360000000000000000e+02 9.426180000000000447e+00 -1.247761000000000031e+01 0.000000000000000000e+00
2.370000000000000000e+02 9.864990000000000592e+00 -1.044058000000000064e+01 0.000000000000000000e+00
2.380000000000000000e+02 8.535000000000000142e+00 -8.649829999999999686e+00 0.000000000000000000e+00
2.390000000000000000e+02 9.369820000000000704e+00 -6.740820000000000256e+00 0.000000000000000000e+00
2.400000000000000000e+02 1.024283999999999928e+01 -4.771279999999999966e+00 0.000000000000000000e+00
2.410000000000000000e+02 1.092836999999999925e+01 -2.808469999999999800e+00 0.000000000000000000e+00
2.420000000000000000e+02 9.720969999999999445e+00 -1.120619999999999949e+00 0.000000000000000000e+00
2.430000000000000000e+02 1.053856000000000037e+01 8.052200000000000468e-01 0.000000000000000000e+00
2.440000000000000000e+02 1.145095000000000063e+01 2.667079999999999895e+00 0.000000000000000000e+00
2.450000000000000000e+02 1.020092999999999961e+01 4.415750000000000064e+00 0.000000000000000000e+00
2.460000000000000000e+02 1.108028999999999975e+01 6.288179999999999659e+00 0.000000000000000000e+00
2.470000000000000000e+02 1.009564999999999912e+01 8.098800000000000665e+00 0.000000000000000000e+00
2.480000000000000000e+02 1.035173999999999950e+01 1.035125000000000028e+01 0.000000000000000000e+00
2.490000000000000000e+02 1.021803000000000061e+01 1.255315000000000047e+01 0.000000000000000000e+00
2.500000000000000000e+02 9.978229999999999933e+00 1.469491999999999976e+01 0.000000000000000000e+00
2.510000000000000000e+02 9.734019999999999229e+00 1.674917999999999907e+01 0.000000000000000000e+00
2.520000000000000000e+02 7.544389999999999930e+00 -1.665868000000000038e+01 0.000000000000000000e+00
2.530000000000000000e+02 9.536849999999999383e+00 -1.454294999999999938e+01 0.000000000000000000e+00
2.540000000000000000e+02 1.155084000000000088e+01 -1.237152000000000029e+01 0.000000000000000000e+00
2.550000000000000000e+02 1.201362999999999914e+01 -1.031414999999999971e+01 0.000000000000000000e+00
2.560000000000000000e+02 1.060643999999999920e+01 -8.500970000000000582e+00 0.000000000000000000e+00
2.570000000000000000e+02 1.146010000000000062e+01 -6.565360000000000085e+00 0.000000000000000000e+00
2.580000000000000000e+02 1.232879999999999932e+01 -4.555100000000000371e+00 0.000000000000000000e+00
2.590000000000000000e+02 1.318084999999999951e+01 -2.646980000000000111e+00 0.000000000000000000e+00
2.600000000000000000e+02 1.190634999999999977e+01 -9.629299999999999526e-01 0.000000000000000000e+00
2.610000000000000000e+02 1.269416000000000011e+01 9.506099999999999550e-01 0.000000000000000000e+00
2.620000000000000000e+02 1.352425000000000033e+01 2.911890000000000089e+00 0.000000000000000000e+00
2.630000000000000000e+02 1.230277000000000065e+01 4.599079999999999835e+00 0.000000000000000000e+00
2.640000000000000000e+02 1.438344999999999985e+01 4.940459999999999852e+00 0.000000000000000000e+00
2.650000000000000000e+02 1.312932999999999950e+01 6.672649999999999970e+00 0.000000000000000000e+00
2.660000000000000000e+02 1.207700999999999958e+01 8.762529999999999930e+00 0.000000000000000000e+00
2.670000000000000000e+02 1.280043000000000042e+01 1.069895999999999958e+01 0.000000000000000000e+00
2.680000000000000000e+02 1.219552999999999976e+01 1.356240000000000023e+01 0.000000000000000000e+00
2.690000000000000000e+02 1.178604999999999947e+01 1.574066000000000010e+01 0.000000000000000000e+00
2.700000000000000000e+02 9.719160000000000466e+00 -1.667849000000000004e+01 0.000000000000000000e+00
2.710000000000000000e+02 1.340535999999999994e+01 -1.457225000000000037e+01 0.000000000000000000e+00
2.720000000000000000e+02 1.361754999999999960e+01 -1.217695999999999934e+01 0.000000000000000000e+00
2.730000000000000000e+02 1.406673999999999936e+01 -9.994799999999999685e+00 0.000000000000000000e+00
2.740000000000000000e+02 1.266535999999999973e+01 -8.304449999999999221e+00 0.000000000000000000e+00
2.750000000000000000e+02 1.357527999999999935e+01 -6.267430000000000057e+00 0.000000000000000000e+00
2.760000000000000000e+02 1.441184999999999938e+01 -4.334190000000000431e+00 0.000000000000000000e+00
2.770000000000000000e+02 1.524011999999999922e+01 -2.419389999999999930e+00 0.000000000000000000e+00
2.780000000000000000e+02 1.396754999999999924e+01 -7.399099999999999566e-01 0.000000000000000000e+00
2.790000000000000000e+02 1.478403999999999918e+01 1.219540000000000068e+00 0.000000000000000000e+00
2.800000000000000000e+02 1.561489000000000082e+01 3.255570000000000075e+00 0.000000000000000000e+00
2.810000000000000000e+02 1.654826999999999870e+01 5.278739999999999988e+00 0.000000000000000000e+00
2.820000000000000000e+02 1.748401000000000138e+01 7.229790000000000383e+00 0.000000000000000000e+00
2.830000000000000000e+02 1.519821999999999917e+01 6.994150000000000311e+00 0.000000000000000000e+00
2.840000000000000000e+02 1.417099999999999937e+01 8.799690000000000012e+00 0.000000000000000000e+00
2.850000000000000000e+02 1.624348000000000170e+01 8.950390000000000512e+00 0.000000000000000000e+00
2.860000000000000000e+02 1.510562000000000005e+01 1.078284999999999982e+01 0.000000000000000000e+00
2.870000000000000000e+02 1.402748000000000062e+01 1.254420999999999964e+01 0.000000000000000000e+00
2.880000000000000000e+02 1.148771999999999949e+01 -1.543013999999999974e+01 0.000000000000000000e+00
2.890000000000000000e+02 1.674278999999999940e+01 -8.532140000000000057e+00 0.000000000000000000e+00
2.900000000000000000e+02 1.766860000000000142e+01 -6.473160000000000025e+00 0.000000000000000000e+00
2.910000000000000000e+02 1.871912999999999982e+01 -4.032140000000000057e+00 0.000000000000000000e+00
2.920000000000000000e+02 1.472766999999999982e+01 -8.019640000000000768e+00 0.000000000000000000e+00
2.930000000000000000e+02 1.564005000000000045e+01 -6.001310000000000144e+00 0.000000000000000000e+00
2.940000000000000000e+02 1.656427000000000049e+01 -4.060190000000000410e+00 0.000000000000000000e+00
2.950000000000000000e+02 1.743401000000000067e+01 -2.176930000000000032e+00 0.000000000000000000e+00
2.960000000000000000e+02 1.621914999999999907e+01 -4.174599999999999977e-01 0.000000000000000000e+00
2.970000000000000000e+02 1.690146999999999977e+01 1.558219999999999938e+00 0.000000000000000000e+00
2.980000000000000000e+02 1.940820000000000078e+01 -1.014890000000000070e+00 0.000000000000000000e+00
2.990000000000000000e+02 1.782963000000000164e+01 3.413969999999999949e+00 0.000000000000000000e+00
