0.000000000000000000e+00 -1.127483999999999931e+01 -1.596796999999999933e+01 0.000000000000000000e+00
1.000000000000000000e+00 -1.451216999999999935e+01 -1.365923000000000087e+01 0.000000000000000000e+00
2.000000000000000000e+00 -1.560806000000000004e+01 -1.172602999999999973e+01 0.000000000000000000e+00
3.000000000000000000e+00 -1.684303999999999846e+01 -9.425739999999999341e+00 0.000000000000000000e+00
4.000000000000000000e+00 -1.837312999999999974e+01 -7.192190000000000083e+00 0.000000000000000000e+00
5.000000000000000000e+00 -1.936945000000000050e+01 -2.922680000000000167e+00 0.000000000000000000e+00
6.000000000000000000e+00 -1.717519000000000062e+01 -3.569049999999999834e+00 0.000000000000000000e+00
7.000000000000000000e+00 -1.788047999999999860e+01 -1.499770000000000048e+00 0.000000000000000000e+00
8.000000000000000000e+00 -1.861793000000000120e+01 4.787000000000000144e-01 0.000000000000000000e+00
9.000000000000000000e+00 -2.023588000000000164e+01 -1.035069999999999935e+00 0.000000000000000000e+00
1.000000000000000000e+01 -1.959393999999999991e+01 2.613230000000000164e+00 0.000000000000000000e+00
1.100000000000000000e+01 -1.805331999999999937e+01 4.034119999999999706e+00 0.000000000000000000e+00
1.200000000000000000e+01 -1.686802000000000135e+01 5.741959999999999731e+00 0.000000000000000000e+00
1.300000000000000000e+01 -1.915439999999999898e+01 6.290680000000000049e+00 0.000000000000000000e+00
1.400000000000000000e+01 -1.756856000000000151e+01 7.874089999999999812e+00 0.000000000000000000e+00
1.500000000000000000e+01 -1.643759000000000015e+01 9.630200000000000315e+00 0.000000000000000000e+00
1.600000000000000000e+01 -1.333384999999999998e+01 1.107408000000000037e+01 0.000000000000000000e+00
1.700000000000000000e+01 -1.249752999999999936e+01 1.323199999999999932e+01 0.000000000000000000e+00
1.800000000000000000e+01 -9.093709999999999738e+00 -1.589705999999999975e+01 0.000000000000000000e+00
1.900000000000000000e+01 -1.238369999999999926e+01 -1.385927000000000042e+01 0.000000000000000000e+00
2.000000000000000000e+01 -1.312864000000000075e+01 -1.192844000000000015e+01 0.000000000000000000e+00
2.100000000000000000e+01 -1.448676999999999992e+01 -9.867900000000000560e+00 0.000000000000000000e+00
2.200000000000000000e+01 -1.537377000000000038e+01 -7.867689999999999628e+00 0.000000000000000000e+00
2.300000000000000000e+01 -1.661441999999999908e+01 -6.105129999999999946e+00 0.000000000000000000e+00
2.400000000000000000e+01 -1.517805000000000071e+01 -4.221390000000000420e+00 0.000000000000000000e+00
2.500000000000000000e+01 -1.570861000000000018e+01 -2.016319999999999890e+00 0.000000000000000000e+00
2.600000000000000000e+01 -1.425488999999999962e+01 -3.058899999999999952e-01 0.000000000000000000e+00
2.700000000000000000e+01 -1.647384999999999877e+01 1.089799999999999935e-01 0.000000000000000000e+00
2.800000000000000000e+01 -1.705361999999999867e+01 2.087889999999999802e+00 0.000000000000000000e+00
2.900000000000000000e+01 -1.590255999999999936e+01 3.797530000000000072e+00 0.000000000000000000e+00
3.000000000000000000e+01 -1.459040000000000070e+01 5.513829999999999565e+00 0.000000000000000000e+00
3.100000000000000000e+01 -1.332673999999999914e+01 7.144120000000000026e+00 0.000000000000000000e+00
3.200000000000000000e+01 -1.549268000000000001e+01 7.381899999999999906e+00 0.000000000000000000e+00
3.300000000000000000e+01 -1.439728999999999992e+01 9.203239999999999199e+00 0.000000000000000000e+00
3.400000000000000000e+01 -1.121221000000000068e+01 1.069183999999999912e+01 0.000000000000000000e+00
3.500000000000000000e+01 -1.070954000000000050e+01 1.461298000000000030e+01 0.000000000000000000e+00
3.600000000000000000e+01 -6.999509999999999899e+00 -1.597480999999999973e+01 0.000000000000000000e+00
3.700000000000000000e+01 -1.020786999999999978e+01 -1.409143000000000079e+01 0.000000000000000000e+00
3.800000000000000000e+01 -1.107516000000000034e+01 -1.219441999999999915e+01 0.000000000000000000e+00
3.900000000000000000e+01 -1.214502000000000059e+01 -1.002694999999999936e+01 0.000000000000000000e+00
4.000000000000000000e+01 -1.323375000000000057e+01 -8.135360000000000369e+00 0.000000000000000000e+00
4.100000000000000000e+01 -1.410234999999999950e+01 -6.161069999999999602e+00 0.000000000000000000e+00
4.200000000000000000e+01 -1.304406999999999961e+01 -4.300740000000000229e+00 0.000000000000000000e+00
4.300000000000000000e+01 -1.365869000000000000e+01 -2.319280000000000008e+00 0.000000000000000000e+00
4.400000000000000000e+01 -1.216239000000000026e+01 -4.500399999999999956e-01 0.000000000000000000e+00
4.500000000000000000e+01 -1.294721999999999973e+01 1.602090000000000014e+00 0.000000000000000000e+00
4.600000000000000000e+01 -1.500487000000000037e+01 1.653370000000000006e+00 0.000000000000000000e+00
4.700000000000000000e+01 -1.378879000000000055e+01 3.493479999999999919e+00 0.000000000000000000e+00
4.800000000000000000e+01 -1.243022999999999989e+01 5.283290000000000042e+00 0.000000000000000000e+00
4.900000000000000000e+01 -1.114343000000000039e+01 6.958260000000000112e+00 0.000000000000000000e+00
5.000000000000000000e+01 -1.230907999999999980e+01 8.930889999999999773e+00 0.000000000000000000e+00
5.100000000000000000e+01 -9.155939999999999301e+00 1.078192999999999913e+01 0.000000000000000000e+00
5.200000000000000000e+01 -1.031442000000000014e+01 1.256809999999999938e+01 0.000000000000000000e+00
5.300000000000000000e+01 -9.173059999999999548e+00 1.629210000000000136e+01 0.000000000000000000e+00
5.400000000000000000e+01 -5.982210000000000250e+00 -1.777166000000000068e+01 0.000000000000000000e+00
5.500000000000000000e+01 -7.880329999999999835e+00 -1.408299000000000056e+01 0.000000000000000000e+00
5.600000000000000000e+01 -8.996150000000000091e+00 -1.226647999999999961e+01 0.000000000000000000e+00
5.700000000000000000e+01 -1.002410000000000068e+01 -1.036946999999999974e+01 0.000000000000000000e+00
5.800000000000000000e+01 -1.114091999999999949e+01 -8.212590000000000501e+00 0.000000000000000000e+00
5.900000000000000000e+01 -1.203656999999999933e+01 -6.270970000000000155e+00 0.000000000000000000e+00
6.000000000000000000e+01 -1.090699000000000041e+01 -4.469089999999999563e+00 0.000000000000000000e+00
6.100000000000000000e+01 -1.142318000000000033e+01 -2.439319999999999933e+00 0.000000000000000000e+00
6.200000000000000000e+01 -1.007859999999999978e+01 -6.566899999999999959e-01 0.000000000000000000e+00
6.300000000000000000e+01 -1.085202999999999918e+01 1.338079999999999936e+00 0.000000000000000000e+00
6.400000000000000000e+01 -1.169711999999999996e+01 3.248740000000000183e+00 0.000000000000000000e+00
6.500000000000000000e+01 -1.016109999999999935e+01 5.034939999999999749e+00 0.000000000000000000e+00
6.600000000000000000e+01 -8.957010000000000360e+00 6.755799999999999805e+00 0.000000000000000000e+00
6.700000000000000000e+01 -7.984969999999999679e+00 9.060909999999999798e+00 0.000000000000000000e+00
6.800000000000000000e+01 -1.020597000000000065e+01 8.823479999999999990e+00 0.000000000000000000e+00
6.900000000000000000e+01 -8.244780000000000442e+00 1.265211000000000041e+01 0.000000000000000000e+00
7.000000000000000000e+01 -7.696110000000000007e+00 1.472794999999999987e+01 0.000000000000000000e+00
7.100000000000000000e+01 -6.587460000000000093e+00 1.680847999999999942e+01 0.000000000000000000e+00
7.200000000000000000e+01 -4.938930000000000042e+00 -1.587440999999999924e+01 0.000000000000000000e+00
7.300000000000000000e+01 -5.786800000000000388e+00 -1.396322999999999936e+01 0.000000000000000000e+00
7.400000000000000000e+01 -6.904160000000000075e+00 -1.221846999999999994e+01 0.000000000000000000e+00
7.500000000000000000e+01 -7.908120000000000260e+00 -1.041047999999999973e+01 0.000000000000000000e+00
7.600000000000000000e+01 -8.960539999999999949e+00 -8.596740000000000492e+00 0.000000000000000000e+00
7.700000000000000000e+01 -9.959289999999999310e+00 -6.407829999999999693e+00 0.000000000000000000e+00
7.800000000000000000e+01 -8.860760000000000858e+00 -4.661870000000000402e+00 0.000000000000000000e+00
7.900000000000000000e+01 -9.329330000000000567e+00 -2.657140000000000057e+00 0.000000000000000000e+00
8.000000000000000000e+01 -7.988620000000000054e+00 -1.023200000000000109e+00 0.000000000000000000e+00
8.100000000000000000e+01 -8.806960000000000122e+00 1.120449999999999946e+00 0.000000000000000000e+00
8.200000000000000000e+01 -9.624320000000000874e+00 3.019740000000000091e+00 0.000000000000000000e+00
8.300000000000000000e+01 -7.570920000000000094e+00 2.807900000000000063e+00 0.000000000000000000e+00
8.400000000000000000e+01 -8.092449999999999477e+00 4.843729999999999869e+00 0.000000000000000000e+00
8.500000000000000000e+01 -6.873649999999999594e+00 7.215900000000000425e+00 0.000000000000000000e+00
8.600000000000000000e+01 -7.000230000000000175e+00 1.089016999999999946e+01 0.000000000000000000e+00
8.700000000000000000e+01 -6.161170000000000258e+00 1.278353000000000073e+01 0.000000000000000000e+00
8.800000000000000000e+01 -5.603769999999999918e+00 1.484308000000000050e+01 0.000000000000000000e+00
8.900000000000000000e+01 -4.527289999999999814e+00 1.668834000000000017e+01 0.000000000000000000e+00
9.000000000000000000e+01 -3.700940000000000119e+00 -1.751454000000000022e+01 0.000000000000000000e+00
9.100000000000000000e+01 -3.509830000000000005e+00 -1.407798999999999978e+01 0.000000000000000000e+00
9.200000000000000000e+01 -4.650489999999999569e+00 -1.222059999999999924e+01 0.000000000000000000e+00
9.300000000000000000e+01 -5.772149999999999892e+00 -1.042338999999999949e+01 0.000000000000000000e+00
9.400000000000000000e+01 -6.788230000000000430e+00 -8.611919999999999575e+00 0.000000000000000000e+00
9.500000000000000000e+01 -7.843770000000000131e+00 -6.829209999999999781e+00 0.000000000000000000e+00
9.600000000000000000e+01 -6.826139999999999652e+00 -5.028400000000000425e+00 0.000000000000000000e+00
9.700000000000000000e+01 -7.091599999999999682e+00 -2.987629999999999786e+00 0.000000000000000000e+00
9.800000000000000000e+01 -5.801779999999999937e+00 -1.293230000000000102e+00 0.000000000000000000e+00
9.900000000000000000e+01 -6.714590000000000281e+00 6.319000000000000172e-01 0.000000000000000000e+00
1.000000000000000000e+02 -5.538509999999999600e+00 2.331900000000000084e+00 0.000000000000000000e+00
1.010000000000000000e+02 -4.309820000000000206e+00 4.013919999999999710e+00 0.000000000000000000e+00
1.020000000000000000e+02 -6.048169999999999824e+00 5.323590000000000266e+00 0.000000000000000000e+00
1.030000000000000000e+02 -5.926730000000000054e+00 9.140040000000000830e+00 0.000000000000000000e+00
1.040000000000000000e+02 -4.922439999999999927e+00 1.110459999999999958e+01 0.000000000000000000e+00
1.050000000000000000e+02 -4.087830000000000297e+00 1.301932000000000045e+01 0.000000000000000000e+00
1.060000000000000000e+02 -3.312250000000000139e+00 1.493275000000000041e+01 0.000000000000000000e+00
1.070000000000000000e+02 -2.857460000000000111e+00 2.055970999999999904e+01 0.000000000000000000e+00
1.080000000000000000e+02 -2.326099999999999834e+00 -1.590246999999999922e+01 0.000000000000000000e+00
1.090000000000000000e+02 -1.375310000000000032e+00 -1.399737000000000009e+01 0.000000000000000000e+00
1.100000000000000000e+02 -2.562370000000000037e+00 -1.222503999999999991e+01 0.000000000000000000e+00
1.110000000000000000e+02 -3.558219999999999938e+00 -1.039639000000000024e+01 0.000000000000000000e+00
1.120000000000000000e+02 -4.706030000000000157e+00 -8.610150000000000858e+00 0.000000000000000000e+00
1.130000000000000000e+02 -5.743850000000000122e+00 -6.807870000000000310e+00 0.000000000000000000e+00
1.140000000000000000e+02 -4.755099999999999660e+00 -4.944790000000000241e+00 0.000000000000000000e+00
1.150000000000000000e+02 -4.464809999999999945e+00 -2.896630000000000038e+00 0.000000000000000000e+00
1.160000000000000000e+02 -3.042769999999999975e+00 -1.275309999999999944e+00 0.000000000000000000e+00
1.170000000000000000e+02 -4.564890000000000114e+00 4.875399999999999734e-01 0.000000000000000000e+00
1.180000000000000000e+02 -3.351129999999999942e+00 2.168860000000000010e+00 0.000000000000000000e+00
1.190000000000000000e+02 -3.399840000000000195e+00 5.875820000000000043e+00 0.000000000000000000e+00
1.200000000000000000e+02 -4.795480000000000409e+00 7.386099999999999888e+00 0.000000000000000000e+00
1.210000000000000000e+02 -2.468580000000000219e+00 7.746590000000000309e+00 0.000000000000000000e+00
1.220000000000000000e+02 -3.794999999999999929e+00 9.338260000000000005e+00 0.000000000000000000e+00
1.230000000000000000e+02 -2.836780000000000079e+00 1.125183999999999962e+01 0.000000000000000000e+00
1.240000000000000000e+02 -2.021739999999999871e+00 1.315747999999999962e+01 0.000000000000000000e+00
1.250000000000000000e+02 -4.276089999999999947e+00 1.878034999999999854e+01 0.000000000000000000e+00
1.260000000000000000e+02 -3.463470000000000049e+00 -1.956961000000000084e+01 0.000000000000000000e+00
1.270000000000000000e+02 -1.330829999999999957e+00 -1.773310999999999993e+01 0.000000000000000000e+00
1.280000000000000000e+02 -4.927799999999999958e-01 -1.208872000000000035e+01 0.000000000000000000e+00
1.290000000000000000e+02 -1.495409999999999906e+00 -1.025904000000000060e+01 0.000000000000000000e+00
1.300000000000000000e+02 -2.607569999999999943e+00 -8.517089999999999606e+00 0.000000000000000000e+00
1.310000000000000000e+02 -3.669669999999999987e+00 -6.710289999999999644e+00 0.000000000000000000e+00
1.320000000000000000e+02 -2.693890000000000118e+00 -4.829069999999999752e+00 0.000000000000000000e+00
1.330000000000000000e+02 -1.762790000000000079e+00 -2.950909999999999922e+00 0.000000000000000000e+00
1.340000000000000000e+02 -7.320799999999999530e-01 -1.148849999999999927e+00 0.000000000000000000e+00
1.350000000000000000e+02 -1.970259999999999900e+00 4.951800000000000090e-01 0.000000000000000000e+00
1.360000000000000000e+02 -1.085299999999999931e+00 2.376310000000000144e+00 0.000000000000000000e+00
1.370000000000000000e+02 -2.226960000000000051e+00 4.156220000000000248e+00 0.000000000000000000e+00
1.380000000000000000e+02 -1.308920000000000083e+00 6.029340000000000366e+00 0.000000000000000000e+00
1.390000000000000000e+02 -3.455699999999999883e-01 7.878409999999999691e+00 0.000000000000000000e+00
1.400000000000000000e+02 -1.562429999999999986e+00 9.585259999999999891e+00 0.000000000000000000e+00
1.410000000000000000e+02 -7.675199999999999800e-01 1.151703000000000010e+01 0.000000000000000000e+00
1.420000000000000000e+02 -2.462149999999999839e+00 1.696379999999999910e+01 0.000000000000000000e+00
1.430000000000000000e+02 -1.551060000000000105e+00 1.887389999999999901e+01 0.000000000000000000e+00
1.440000000000000000e+02 7.867300000000000404e-01 -1.768111999999999995e+01 0.000000000000000000e+00
1.450000000000000000e+02 -1.882900000000000129e-01 -1.585446999999999917e+01 0.000000000000000000e+00
1.460000000000000000e+02 7.326799999999999979e-01 -1.387789000000000073e+01 0.000000000000000000e+00
1.470000000000000000e+02 5.794599999999999751e-01 -1.017047999999999952e+01 0.000000000000000000e+00
1.480000000000000000e+02 -5.264400000000000190e-01 -8.426019999999999399e+00 0.000000000000000000e+00
1.490000000000000000e+02 -1.588100000000000067e+00 -6.640590000000000437e+00 0.000000000000000000e+00
1.500000000000000000e+02 -5.999700000000000033e-01 -4.733329999999999593e+00 0.000000000000000000e+00
1.510000000000000000e+02 4.134300000000000197e-01 -2.903610000000000024e+00 0.000000000000000000e+00
1.520000000000000000e+02 1.803899999999999948e-01 7.327799999999999869e-01 0.000000000000000000e+00
1.530000000000000000e+02 1.089590000000000058e+00 2.646549999999999958e+00 0.000000000000000000e+00
1.540000000000000000e+02 2.136099999999999888e+00 4.452329999999999899e+00 0.000000000000000000e+00
1.550000000000000000e+02 -9.342999999999999916e-02 4.366609999999999658e+00 0.000000000000000000e+00
1.560000000000000000e+02 9.877899999999999459e-01 6.185870000000000424e+00 0.000000000000000000e+00
1.570000000000000000e+02 1.830000000000000071e+00 8.086949999999999861e+00 0.000000000000000000e+00
1.580000000000000000e+02 5.673799999999999955e-01 9.762930000000000774e+00 0.000000000000000000e+00
1.590000000000000000e+02 -1.251330000000000053e+00 1.522785000000000011e+01 0.000000000000000000e+00
1.600000000000000000e+02 -3.817400000000000237e-01 1.714360999999999891e+01 0.000000000000000000e+00
1.610000000000000000e+02 1.807269999999999932e+00 1.720652000000000115e+01 0.000000000000000000e+00
1.620000000000000000e+02 -3.219699999999999784e-01 -1.951454999999999984e+01 0.000000000000000000e+00
1.630000000000000000e+02 2.950740000000000141e+00 -1.741328999999999994e+01 0.000000000000000000e+00
1.640000000000000000e+02 1.910139999999999949e+00 -1.557887999999999984e+01 0.000000000000000000e+00
1.650000000000000000e+02 1.701379999999999892e+00 -1.189303999999999917e+01 0.000000000000000000e+00
1.660000000000000000e+02 1.535150000000000015e+00 -8.297879999999999256e+00 0.000000000000000000e+00
1.670000000000000000e+02 4.740199999999999969e-01 -6.531760000000000232e+00 0.000000000000000000e+00
1.680000000000000000e+02 1.501090000000000035e+00 -4.664189999999999614e+00 0.000000000000000000e+00
1.690000000000000000e+02 2.483480000000000132e+00 -2.811490000000000045e+00 0.000000000000000000e+00
1.700000000000000000e+02 1.335420000000000051e+00 -1.049409999999999954e+00 0.000000000000000000e+00
1.710000000000000000e+02 2.253719999999999946e+00 8.055499999999999883e-01 0.000000000000000000e+00
1.720000000000000000e+02 3.229579999999999895e+00 2.683769999999999989e+00 0.000000000000000000e+00
1.730000000000000000e+02 4.190039999999999765e+00 4.623540000000000205e+00 0.000000000000000000e+00
1.740000000000000000e+02 3.040399999999999991e+00 6.384439999999999671e+00 0.000000000000000000e+00
1.750000000000000000e+02 2.625960000000000072e+00 1.003213000000000044e+01 0.000000000000000000e+00
1.760000000000000000e+02 1.385320000000000107e+00 1.171485999999999983e+01 0.000000000000000000e+00
1.770000000000000000e+02 1.537499999999999978e-01 1.341487000000000052e+01 0.000000000000000000e+00
1.780000000000000000e+02 7.963700000000000223e-01 1.537387000000000015e+01 0.000000000000000000e+00
1.790000000000000000e+02 1.200939999999999896e+00 1.923930999999999969e+01 0.000000000000000000e+00
1.800000000000000000e+02 5.176999999999999602e+00 -1.732476000000000127e+01 0.000000000000000000e+00
1.810000000000000000e+02 4.022850000000000037e+00 -1.552354000000000056e+01 0.000000000000000000e+00
1.820000000000000000e+02 2.816899999999999959e+00 -1.365553000000000061e+01 0.000000000000000000e+00
1.830000000000000000e+02 3.863189999999999902e+00 -1.179439999999999955e+01 0.000000000000000000e+00
1.840000000000000000e+02 2.748810000000000198e+00 -1.006977999999999973e+01 0.000000000000000000e+00
1.850000000000000000e+02 2.575110000000000010e+00 -6.433810000000000251e+00 0.000000000000000000e+00
1.860000000000000000e+02 3.583800000000000097e+00 -4.600810000000000066e+00 0.000000000000000000e+00
1.870000000000000000e+02 4.563530000000000086e+00 -2.672109999999999985e+00 0.000000000000000000e+00
1.880000000000000000e+02 3.531690000000000218e+00 -8.737500000000000266e-01 0.000000000000000000e+00
1.890000000000000000e+02 4.445999999999999730e+00 1.019130000000000091e+00 0.000000000000000000e+00
1.900000000000000000e+02 5.401930000000000121e+00 2.908959999999999990e+00 0.000000000000000000e+00
1.910000000000000000e+02 5.151810000000000223e+00 6.559829999999999828e+00 0.000000000000000000e+00
1.920000000000000000e+02 3.875799999999999912e+00 8.297119999999999607e+00 0.000000000000000000e+00
1.930000000000000000e+02 4.760690000000000310e+00 1.021686000000000050e+01 0.000000000000000000e+00
1.940000000000000000e+02 3.472379999999999800e+00 1.193247999999999998e+01 0.000000000000000000e+00
1.950000000000000000e+02 2.245070000000000121e+00 1.365015000000000001e+01 0.000000000000000000e+00
1.960000000000000000e+02 3.167899999999999938e+00 1.552781000000000056e+01 0.000000000000000000e+00
1.970000000000000000e+02 4.034819999999999851e+00 1.766985999999999990e+01 0.000000000000000000e+00
1.980000000000000000e+02 6.219219999999999970e+00 -1.551010999999999918e+01 0.000000000000000000e+00
1.990000000000000000e+02 5.017450000000000188e+00 -1.372653999999999996e+01 0.000000000000000000e+00
2.000000000000000000e+02 6.013379999999999725e+00 -1.172752999999999979e+01 0.000000000000000000e+00
2.010000000000000000e+02 4.830549999999999677e+00 -9.939379999999999882e+00 0.000000000000000000e+00
2.020000000000000000e+02 3.706039999999999779e+00 -8.210620000000000474e+00 0.000000000000000000e+00
2.030000000000000000e+02 4.651299999999999990e+00 -6.378800000000000026e+00 0.000000000000000000e+00
2.040000000000000000e+02 5.656659999999999577e+00 -4.447759999999999714e+00 0.000000000000000000e+00
2.050000000000000000e+02 5.615420000000000300e+00 -7.003700000000000481e-01 0.000000000000000000e+00
2.060000000000000000e+02 6.539030000000000342e+00 1.145480000000000054e+00 0.000000000000000000e+00
2.070000000000000000e+02 7.468300000000000161e+00 3.000070000000000014e+00 0.000000000000000000e+00
2.080000000000000000e+02 6.326260000000000439e+00 4.771180000000000199e+00 0.000000000000000000e+00
2.090000000000000000e+02 8.442869999999999209e+00 4.829019999999999868e+00 0.000000000000000000e+00
2.100000000000000000e+02 5.964979999999999727e+00 8.472670000000000812e+00 0.000000000000000000e+00
2.110000000000000000e+02 6.821290000000000298e+00 1.049633000000000038e+01 0.000000000000000000e+00
2.120000000000000000e+02 5.699230000000000018e+00 1.227834000000000003e+01 0.000000000000000000e+00
2.130000000000000000e+02 4.408310000000000173e+00 1.389204999999999934e+01 0.000000000000000000e+00
2.140000000000000000e+02 5.313010000000000232e+00 1.595077000000000034e+01 0.000000000000000000e+00
2.150000000000000000e+02 6.409040000000000070e+00 1.789678999999999931e+01 0.000000000000000000e+00
2.160000000000000000e+02 4.751190000000000246e+00 -1.941816999999999993e+01 0.000000000000000000e+00
2.170000000000000000e+02 7.186609999999999943e+00 -1.367173000000000016e+01 0.000000000000000000e+00
2.180000000000000000e+02 8.068059999999999121e+00 -1.169519999999999982e+01 0.000000000000000000e+00
2.190000000000000000e+02 7.012109999999999843e+00 -9.906589999999999563e+00 0.000000000000000000e+00
2.200000000000000000e+02 5.897660000000000124e+00 -8.085739999999999483e+00 0.000000000000000000e+00
2.210000000000000000e+02 6.749279999999999724e+00 -6.210429999999999673e+00 0.000000000000000000e+00
2.220000000000000000e+02 7.867420000000000080e+00 -4.332589999999999719e+00 0.000000000000000000e+00
2.230000000000000000e+02 6.681639999999999802e+00 -2.593500000000000139e+00 0.000000000000000000e+00
2.240000000000000000e+02 7.676800000000000068e+00 -6.362799999999999567e-01 0.000000000000000000e+00
2.250000000000000000e+02 8.634930000000000661e+00 1.253109999999999946e+00 0.000000000000000000e+00
2.260000000000000000e+02 9.689669999999999561e+00 3.058419999999999916e+00 0.000000000000000000e+00
2.270000000000000000e+02 9.407429999999999737e+00 6.813250000000000028e+00 0.000000000000000000e+00
2.280000000000000000e+02 7.245639999999999858e+00 6.708739999999999704e+00 0.000000000000000000e+00
2.290000000000000000e+02 8.130110000000000170e+00 8.624940000000000495e+00 0.000000000000000000e+00
2.300000000000000000e+02 8.935499999999999332e+00 1.054325000000000045e+01 0.000000000000000000e+00
2.310000000000000000e+02 7.913350000000000328e+00 1.242737999999999943e+01 0.000000000000000000e+00
2.320000000000000000e+02 6.550670000000000215e+00 1.423353999999999964e+01 0.000000000000000000e+00
2.330000000000000000e+02 7.664880000000000138e+00 1.605994000000000099e+01 0.000000000000000000e+00
2.340000000000000000e+02 7.265719999999999956e+00 -1.766806000000000054e+01 0.000000000000000000e+00
2.350000000000000000e+02 8.275809999999999889e+00 -1.542153000000000063e+01 0.000000000000000000e+00
2.360000000000000000e+02 9.240420000000000300e+00 -1.357384000000000057e+01 0.000000000000000000e+00
2.370000000000000000e+02 9.127100000000000435e+00 -9.801579999999999515e+00 0.000000000000000000e+00
2.380000000000000000e+02 8.029400000000000759e+00 -8.013080000000000425e+00 0.000000000000000000e+00
2.390000000000000000e+02 9.014739999999999753e+00 -6.137940000000000396e+00 0.000000000000000000e+00
2.400000000000000000e+02 9.960810000000000386e+00 -4.297620000000000218e+00 0.000000000000000000e+00
2.410000000000000000e+02 8.898809999999999221e+00 -2.516680000000000028e+00 0.000000000000000000e+00
2.420000000000000000e+02 9.793820000000000192e+00 -6.280999999999999917e-01 0.000000000000000000e+00
2.430000000000000000e+02 1.072469000000000072e+01 1.266880000000000006e+00 0.000000000000000000e+00
2.440000000000000000e+02 1.190226999999999968e+01 3.306280000000000108e+00 0.000000000000000000e+00
2.450000000000000000e+02 1.059003000000000050e+01 5.010279999999999845e+00 0.000000000000000000e+00
2.460000000000000000e+02 1.030223999999999940e+01 8.804529999999999745e+00 0.000000000000000000e+00
2.470000000000000000e+02 1.116797000000000040e+01 1.068543999999999983e+01 0.000000000000000000e+00
2.480000000000000000e+02 1.005935000000000024e+01 1.250328999999999979e+01 0.000000000000000000e+00
2.490000000000000000e+02 8.920310000000000628e+00 1.423893999999999949e+01 0.000000000000000000e+00
2.500000000000000000e+02 9.753339999999999677e+00 1.615261999999999887e+01 0.000000000000000000e+00
2.510000000000000000e+02 8.782109999999999417e+00 1.797809000000000168e+01 0.000000000000000000e+00
2.520000000000000000e+02 9.429940000000000211e+00 -1.720717000000000141e+01 0.000000000000000000e+00
2.530000000000000000e+02 1.050071999999999939e+01 -1.530808999999999997e+01 0.000000000000000000e+00
2.540000000000000000e+02 1.023615999999999993e+01 -1.170911000000000080e+01 0.000000000000000000e+00
2.550000000000000000e+02 1.120274999999999999e+01 -9.857329999999999259e+00 0.000000000000000000e+00
2.560000000000000000e+02 1.011144999999999960e+01 -7.948190000000000310e+00 0.000000000000000000e+00
2.570000000000000000e+02 1.111053000000000068e+01 -6.076450000000000351e+00 0.000000000000000000e+00
2.580000000000000000e+02 1.206925000000000026e+01 -4.159679999999999822e+00 0.000000000000000000e+00
2.590000000000000000e+02 1.096671000000000085e+01 -2.395999999999999908e+00 0.000000000000000000e+00
2.600000000000000000e+02 1.190316999999999936e+01 -5.465999999999999748e-01 0.000000000000000000e+00
2.610000000000000000e+02 1.280940000000000012e+01 1.431429999999999980e+00 0.000000000000000000e+00
2.620000000000000000e+02 1.403650999999999982e+01 3.507730000000000015e+00 0.000000000000000000e+00
2.630000000000000000e+02 1.273417000000000066e+01 5.232070000000000221e+00 0.000000000000000000e+00
2.640000000000000000e+02 1.146288000000000018e+01 6.882380000000000386e+00 0.000000000000000000e+00
2.650000000000000000e+02 1.235575000000000045e+01 8.976720000000000255e+00 0.000000000000000000e+00
2.660000000000000000e+02 1.331586000000000070e+01 1.094636000000000031e+01 0.000000000000000000e+00
2.670000000000000000e+02 1.211644000000000077e+01 1.263696999999999981e+01 0.000000000000000000e+00
2.680000000000000000e+02 1.103628999999999927e+01 1.448335999999999935e+01 0.000000000000000000e+00
2.690000000000000000e+02 1.196167999999999942e+01 1.651075000000000159e+01 0.000000000000000000e+00
2.700000000000000000e+02 1.184129000000000076e+01 -1.704814000000000007e+01 0.000000000000000000e+00
2.710000000000000000e+02 1.161501999999999946e+01 -1.352036999999999978e+01 0.000000000000000000e+00
2.720000000000000000e+02 1.238700000000000045e+01 -1.158977999999999930e+01 0.000000000000000000e+00
2.730000000000000000e+02 1.338496999999999915e+01 -9.791460000000000719e+00 0.000000000000000000e+00
2.740000000000000000e+02 1.222241000000000000e+01 -7.883549999999999613e+00 0.000000000000000000e+00
2.750000000000000000e+02 1.338616000000000028e+01 -6.186899999999999622e+00 0.000000000000000000e+00
2.760000000000000000e+02 1.418018999999999963e+01 -4.208829999999999849e+00 0.000000000000000000e+00
2.770000000000000000e+02 1.312063999999999986e+01 -2.240819999999999812e+00 0.000000000000000000e+00
2.780000000000000000e+02 1.410223000000000049e+01 -3.817200000000000037e-01 0.000000000000000000e+00
2.790000000000000000e+02 1.486957999999999913e+01 1.569260000000000099e+00 0.000000000000000000e+00
2.800000000000000000e+02 1.610010000000000119e+01 3.807560000000000056e+00 0.000000000000000000e+00
2.810000000000000000e+02 1.489169000000000054e+01 5.513239999999999696e+00 0.000000000000000000e+00
2.820000000000000000e+02 1.575519000000000069e+01 7.402610000000000134e+00 0.000000000000000000e+00
2.830000000000000000e+02 1.363359999999999950e+01 7.226160000000000139e+00 0.000000000000000000e+00
2.840000000000000000e+02 1.442899000000000065e+01 9.147629999999999484e+00 0.000000000000000000e+00
2.850000000000000000e+02 1.551149999999999984e+01 1.110385999999999918e+01 0.000000000000000000e+00
2.860000000000000000e+02 1.432193000000000005e+01 1.301656999999999975e+01 0.000000000000000000e+00
2.870000000000000000e+02 1.330105000000000004e+01 1.480935999999999986e+01 0.000000000000000000e+00
2.880000000000000000e+02 1.368337000000000003e+01 -1.373038999999999987e+01 0.000000000000000000e+00
2.890000000000000000e+02 1.448024999999999984e+01 -1.165845000000000020e+01 0.000000000000000000e+00
2.900000000000000000e+02 1.563527999999999984e+01 -9.935679999999999623e+00 0.000000000000000000e+00
2.910000000000000000e+02 1.657299000000000078e+01 -8.094400000000000261e+00 0.000000000000000000e+00
2.920000000000000000e+02 1.442985999999999969e+01 -8.025819999999999510e+00 0.000000000000000000e+00
2.930000000000000000e+02 1.551792999999999978e+01 -6.008140000000000036e+00 0.000000000000000000e+00
2.940000000000000000e+02 1.646379999999999910e+01 -4.174509999999999721e+00 0.000000000000000000e+00
2.950000000000000000e+02 1.559380999999999950e+01 -2.226770000000000138e+00 0.000000000000000000e+00
2.960000000000000000e+02 1.787305999999999884e+01 -1.662250000000000005e+00 0.000000000000000000e+00
2.970000000000000000e+02 1.618599999999999994e+01 -1.685200000000000031e-01 0.000000000000000000e+00
2.980000000000000000e+02 1.725799999999999912e+01 1.978439999999999976e+00 0.000000000000000000e+00
2.990000000000000000e+02 1.701882000000000161e+01 5.719829999999999970e+00 0.000000000000000000e+00
