0.000000000000000000e+00 -1.382474000000000025e+01 -1.399422000000000033e+01 0.000000000000000000e+00
1.000000000000000000e+00 -1.451880000000000059e+01 -1.204706000000000010e+01 0.000000000000000000e+00
2.000000000000000000e+00 -1.515361000000000047e+01 -1.007818999999999932e+01 0.000000000000000000e+00
3.000000000000000000e+00 -1.844604999999999961e+01 -5.641149999999999665e+00 0.000000000000000000e+00
4.000000000000000000e+00 -1.919884000000000057e+01 -3.625179999999999847e+00 0.000000000000000000e+00
5.000000000000000000e+00 -1.693930999999999898e+01 -3.976729999999999876e+00 0.000000000000000000e+00
6.000000000000000000e+00 -1.778685000000000116e+01 -1.968360000000000110e+00 0.000000000000000000e+00
7.000000000000000000e+00 -1.873601999999999990e+01 -1.132000000000000020e-02 0.000000000000000000e+00
8.000000000000000000e+00 -1.640965999999999880e+01 -3.074700000000000211e-01 0.000000000000000000e+00
9.000000000000000000e+00 -1.708517000000000152e+01 1.780860000000000110e+00 0.000000000000000000e+00
1.000000000000000000e+01 -1.758315999999999946e+01 4.170379999999999754e+00 0.000000000000000000e+00
1.100000000000000000e+01 -1.901803999999999917e+01 2.536189999999999944e+00 0.000000000000000000e+00
1.200000000000000000e+01 -1.963147000000000020e+01 4.661909999999999776e+00 0.000000000000000000e+00
1.300000000000000000e+01 -1.831323000000000079e+01 6.535519999999999996e+00 0.000000000000000000e+00
1.400000000000000000e+01 -1.668157000000000068e+01 8.082879999999999399e+00 0.000000000000000000e+00
1.500000000000000000e+01 -1.499574999999999925e+01 9.633490000000000109e+00 0.000000000000000000e+00
1.600000000000000000e+01 -1.698982000000000170e+01 1.021861999999999959e+01 0.000000000000000000e+00
1.700000000000000000e+01 -1.482717000000000063e+01 1.173996999999999957e+01 0.000000000000000000e+00
1.800000000000000000e+01 -1.182029999999999959e+01 -1.457446999999999981e+01 0.000000000000000000e+00
1.900000000000000000e+01 -1.237692000000000014e+01 -1.253289999999999971e+01 0.000000000000000000e+00
2.000000000000000000e+01 -1.293927000000000049e+01 -1.054110999999999976e+01 0.000000000000000000e+00
2.100000000000000000e+01 -1.360317000000000043e+01 -8.466860000000000497e+00 0.000000000000000000e+00
2.200000000000000000e+01 -1.577158000000000015e+01 -8.084260000000000446e+00 0.000000000000000000e+00
2.300000000000000000e+01 -1.633849999999999980e+01 -6.035379999999999967e+00 0.000000000000000000e+00
2.400000000000000000e+01 -1.492271999999999998e+01 -4.513499999999999623e+00 0.000000000000000000e+00
2.500000000000000000e+01 -1.568210999999999977e+01 -2.360360000000000014e+00 0.000000000000000000e+00
2.600000000000000000e+01 -1.432713000000000036e+01 -7.593400000000000150e-01 0.000000000000000000e+00
2.700000000000000000e+01 -1.498137999999999970e+01 1.330370000000000053e+00 0.000000000000000000e+00
2.800000000000000000e+01 -1.567806000000000033e+01 3.327059999999999906e+00 0.000000000000000000e+00
2.900000000000000000e+01 -1.634228999999999843e+01 5.857420000000000293e+00 0.000000000000000000e+00
3.000000000000000000e+01 -1.436895999999999951e+01 4.948170000000000179e+00 0.000000000000000000e+00
3.100000000000000000e+01 -1.477978000000000058e+01 7.257570000000000299e+00 0.000000000000000000e+00
3.200000000000000000e+01 -1.314802000000000071e+01 8.518190000000000595e+00 0.000000000000000000e+00
3.300000000000000000e+01 -1.294307000000000052e+01 1.056823999999999941e+01 0.000000000000000000e+00
3.400000000000000000e+01 -1.284580000000000055e+01 1.265049999999999919e+01 0.000000000000000000e+00
3.500000000000000000e+01 -1.210458000000000034e+01 1.465442000000000000e+01 0.000000000000000000e+00
3.600000000000000000e+01 -9.918039999999999523e+00 -1.543684999999999974e+01 0.000000000000000000e+00
3.700000000000000000e+01 -9.799599999999999866e+00 -1.327462000000000053e+01 0.000000000000000000e+00
3.800000000000000000e+01 -1.074976999999999983e+01 -1.122203000000000017e+01 0.000000000000000000e+00
3.900000000000000000e+01 -1.156015000000000015e+01 -8.864029999999999632e+00 0.000000000000000000e+00
4.000000000000000000e+01 -1.216671000000000014e+01 -6.806149999999999700e+00 0.000000000000000000e+00
4.100000000000000000e+01 -1.422996000000000016e+01 -6.500720000000000276e+00 0.000000000000000000e+00
4.200000000000000000e+01 -1.284653999999999918e+01 -4.831339999999999968e+00 0.000000000000000000e+00
4.300000000000000000e+01 -1.364381999999999984e+01 -2.863469999999999960e+00 0.000000000000000000e+00
4.400000000000000000e+01 -1.229240000000000066e+01 -1.129410000000000025e+00 0.000000000000000000e+00
4.500000000000000000e+01 -1.298677999999999955e+01 8.240600000000000147e-01 0.000000000000000000e+00
4.600000000000000000e+01 -1.354155000000000086e+01 2.813919999999999977e+00 0.000000000000000000e+00
4.700000000000000000e+01 -1.221208000000000027e+01 4.409110000000000085e+00 0.000000000000000000e+00
4.800000000000000000e+01 -1.071790000000000020e+01 5.955199999999999605e+00 0.000000000000000000e+00
4.900000000000000000e+01 -1.275644999999999918e+01 6.477310000000000123e+00 0.000000000000000000e+00
5.000000000000000000e+01 -1.120687999999999995e+01 9.200329999999999231e+00 0.000000000000000000e+00
5.100000000000000000e+01 -1.089838999999999913e+01 1.129593999999999987e+01 0.000000000000000000e+00
5.200000000000000000e+01 -1.045588000000000051e+01 1.332036000000000087e+01 0.000000000000000000e+00
5.300000000000000000e+01 -1.018483999999999945e+01 1.550657999999999959e+01 0.000000000000000000e+00
5.400000000000000000e+01 -7.760290000000000354e+00 -1.541046000000000049e+01 0.000000000000000000e+00
5.500000000000000000e+01 -7.741850000000000342e+00 -1.333314000000000021e+01 0.000000000000000000e+00
5.600000000000000000e+01 -8.602740000000000720e+00 -1.144524000000000008e+01 0.000000000000000000e+00
5.700000000000000000e+01 -9.580600000000000449e+00 -9.488530000000000797e+00 0.000000000000000000e+00
5.800000000000000000e+01 -9.993019999999999570e+00 -7.218510000000000204e+00 0.000000000000000000e+00
5.900000000000000000e+01 -1.080819999999999936e+01 -5.217810000000000059e+00 0.000000000000000000e+00
6.000000000000000000e+01 -9.452389999999999404e+00 -3.614520000000000177e+00 0.000000000000000000e+00
6.100000000000000000e+01 -1.153860000000000063e+01 -3.201280000000000125e+00 0.000000000000000000e+00
6.200000000000000000e+01 -1.018219999999999992e+01 -1.529789999999999983e+00 0.000000000000000000e+00
6.300000000000000000e+01 -1.087791999999999959e+01 4.148899999999999810e-01 0.000000000000000000e+00
6.400000000000000000e+01 -1.151844000000000001e+01 2.386359999999999815e+00 0.000000000000000000e+00
6.500000000000000000e+01 -8.684789999999999566e+00 5.582860000000000156e+00 0.000000000000000000e+00
6.600000000000000000e+01 -9.704370000000000829e+00 7.783240000000000158e+00 0.000000000000000000e+00
6.700000000000000000e+01 -7.736410000000000231e+00 8.500180000000000291e+00 0.000000000000000000e+00
6.800000000000000000e+01 -9.266899999999999693e+00 9.907610000000000028e+00 0.000000000000000000e+00
6.900000000000000000e+01 -8.857860000000000511e+00 1.201659000000000077e+01 0.000000000000000000e+00
7.000000000000000000e+01 -8.266519999999999868e+00 1.414916999999999980e+01 0.000000000000000000e+00
7.100000000000000000e+01 -7.842800000000000438e+00 1.648232000000000141e+01 0.000000000000000000e+00
7.200000000000000000e+01 -4.357759999999999856e+00 -1.786138000000000048e+01 0.000000000000000000e+00
7.300000000000000000e+01 -5.307479999999999976e+00 -1.406508000000000003e+01 0.000000000000000000e+00
7.400000000000000000e+01 -6.552360000000000184e+00 -1.162998999999999938e+01 0.000000000000000000e+00
7.500000000000000000e+01 -7.468960000000000043e+00 -9.701689999999999259e+00 0.000000000000000000e+00
7.600000000000000000e+01 -7.957150000000000389e+00 -7.665280000000000094e+00 0.000000000000000000e+00
7.700000000000000000e+01 -8.736150000000000304e+00 -5.586789999999999701e+00 0.000000000000000000e+00
7.800000000000000000e+01 -7.379909999999999748e+00 -3.990000000000000213e+00 0.000000000000000000e+00
7.900000000000000000e+01 -8.086169999999999192e+00 -2.004799999999999915e+00 0.000000000000000000e+00
8.000000000000000000e+01 -8.716820000000000235e+00 -3.969999999999999918e-02 0.000000000000000000e+00
8.100000000000000000e+01 -9.487230000000000274e+00 1.990359999999999907e+00 0.000000000000000000e+00
8.200000000000000000e+01 -1.014386000000000010e+01 3.986689999999999845e+00 0.000000000000000000e+00
8.300000000000000000e+01 -6.579159999999999897e+00 5.060060000000000002e+00 0.000000000000000000e+00
8.400000000000000000e+01 -6.156629999999999825e+00 7.068520000000000358e+00 0.000000000000000000e+00
8.500000000000000000e+01 -5.672909999999999897e+00 9.116640000000000299e+00 0.000000000000000000e+00
8.600000000000000000e+01 -7.212950000000000195e+00 1.057150999999999996e+01 0.000000000000000000e+00
8.700000000000000000e+01 -6.810839999999999783e+00 1.268845999999999918e+01 0.000000000000000000e+00
8.800000000000000000e+01 -6.353379999999999583e+00 1.499319999999999986e+01 0.000000000000000000e+00
8.900000000000000000e+01 -5.776349999999999874e+00 1.698163999999999874e+01 0.000000000000000000e+00
9.000000000000000000e+01 -2.975630000000000219e+00 -1.947994999999999877e+01 0.000000000000000000e+00
9.100000000000000000e+01 -5.749430000000000263e+00 -1.607036000000000087e+01 0.000000000000000000e+00
9.200000000000000000e+01 -4.506020000000000358e+00 -1.215977999999999959e+01 0.000000000000000000e+00
9.300000000000000000e+01 -5.394129999999999647e+00 -9.921920000000000073e+00 0.000000000000000000e+00
9.400000000000000000e+01 -5.863699999999999690e+00 -7.888329999999999842e+00 0.000000000000000000e+00
9.500000000000000000e+01 -6.686340000000000394e+00 -5.977759999999999962e+00 0.000000000000000000e+00
9.600000000000000000e+01 -5.310719999999999885e+00 -4.418549999999999756e+00 0.000000000000000000e+00
9.700000000000000000e+01 -6.005519999999999747e+00 -2.404150000000000009e+00 0.000000000000000000e+00
9.800000000000000000e+01 -6.662510000000000154e+00 -4.366599999999999926e-01 0.000000000000000000e+00
9.900000000000000000e+01 -7.420810000000000350e+00 1.594039999999999901e+00 0.000000000000000000e+00
1.000000000000000000e+02 -8.053900000000000503e+00 3.552859999999999907e+00 0.000000000000000000e+00
1.010000000000000000e+02 -5.565920000000000201e+00 3.229070000000000107e+00 0.000000000000000000e+00
1.020000000000000000e+02 -4.590370000000000061e+00 5.715200000000000280e+00 0.000000000000000000e+00
1.030000000000000000e+02 -4.004069999999999574e+00 7.777650000000000396e+00 0.000000000000000000e+00
1.040000000000000000e+02 -5.272490000000000343e+00 1.127735999999999983e+01 0.000000000000000000e+00
1.050000000000000000e+02 -4.656310000000000393e+00 1.330746000000000073e+01 0.000000000000000000e+00
1.060000000000000000e+02 -4.329100000000000392e+00 1.549756000000000000e+01 0.000000000000000000e+00
1.070000000000000000e+02 -1.557889999999999997e+00 1.811214999999999975e+01 0.000000000000000000e+00
1.080000000000000000e+02 -3.520319999999999894e+00 -1.591749000000000080e+01 0.000000000000000000e+00
1.090000000000000000e+02 -3.171129999999999782e+00 -1.380963000000000029e+01 0.000000000000000000e+00
1.100000000000000000e+02 -3.386940000000000062e+00 -1.041508999999999929e+01 0.000000000000000000e+00
1.110000000000000000e+02 -3.812559999999999949e+00 -8.297359999999999403e+00 0.000000000000000000e+00
1.120000000000000000e+02 -2.444420000000000037e+00 -6.662300000000000111e+00 0.000000000000000000e+00
1.130000000000000000e+02 -4.501249999999999751e+00 -6.335919999999999774e+00 0.000000000000000000e+00
1.140000000000000000e+02 -3.077749999999999986e+00 -4.698159999999999670e+00 0.000000000000000000e+00
1.150000000000000000e+02 -4.005090000000000039e+00 -2.830000000000000071e+00 0.000000000000000000e+00
1.160000000000000000e+02 -4.601799999999999891e+00 -8.582999999999999519e-01 0.000000000000000000e+00
1.170000000000000000e+02 -5.288380000000000081e+00 1.150730000000000031e+00 0.000000000000000000e+00
1.180000000000000000e+02 -3.574250000000000149e+00 2.325769999999999893e+00 0.000000000000000000e+00
1.190000000000000000e+02 -3.004430000000000156e+00 4.304680000000000284e+00 0.000000000000000000e+00
1.200000000000000000e+02 -2.546920000000000073e+00 6.326469999999999594e+00 0.000000000000000000e+00
1.210000000000000000e+02 -2.044399999999999995e+00 8.387079999999999202e+00 0.000000000000000000e+00
1.220000000000000000e+02 -3.676330000000000098e+00 9.819380000000000663e+00 0.000000000000000000e+00
1.230000000000000000e+02 -3.185729999999999951e+00 1.185399999999999920e+01 0.000000000000000000e+00
1.240000000000000000e+02 -2.681999999999999940e+00 1.393767000000000067e+01 0.000000000000000000e+00
1.250000000000000000e+02 -3.685509999999999842e+00 1.747991999999999990e+01 0.000000000000000000e+00
1.260000000000000000e+02 -2.064020000000000188e+00 -1.757148000000000110e+01 0.000000000000000000e+00
1.270000000000000000e+02 -1.438309999999999977e+00 -1.555006000000000022e+01 0.000000000000000000e+00
1.280000000000000000e+02 -2.096049999999999969e+00 -1.202322999999999986e+01 0.000000000000000000e+00
1.290000000000000000e+02 -1.337309999999999999e+00 -1.009351999999999983e+01 0.000000000000000000e+00
1.300000000000000000e+02 -8.039399999999999880e-01 -8.089520000000000266e+00 0.000000000000000000e+00
1.310000000000000000e+02 -3.397000000000000020e-01 -6.081010000000000026e+00 0.000000000000000000e+00
1.320000000000000000e+02 -1.709840000000000027e+00 -3.135870000000000157e+00 0.000000000000000000e+00
1.330000000000000000e+02 -2.561519999999999797e+00 -1.257130000000000081e+00 0.000000000000000000e+00
1.340000000000000000e+02 -5.515700000000000047e-01 -6.477899999999999769e-01 0.000000000000000000e+00
1.350000000000000000e+02 -2.075779999999999959e+00 7.683400000000000230e-01 0.000000000000000000e+00
1.360000000000000000e+02 -1.548300000000000010e+00 2.831129999999999924e+00 0.000000000000000000e+00
1.370000000000000000e+02 -1.003230000000000066e+00 4.843239999999999768e+00 0.000000000000000000e+00
1.380000000000000000e+02 -5.052699999999999969e-01 6.874850000000000350e+00 0.000000000000000000e+00
1.390000000000000000e+02 -3.733000000000000207e-02 8.929850000000000065e+00 0.000000000000000000e+00
1.400000000000000000e+02 -1.659370000000000012e+00 1.046716999999999942e+01 0.000000000000000000e+00
1.410000000000000000e+02 -1.217419999999999947e+00 1.247516000000000069e+01 0.000000000000000000e+00
1.420000000000000000e+02 -2.135219999999999896e+00 1.600074000000000041e+01 0.000000000000000000e+00
1.430000000000000000e+02 -6.644299999999999651e-01 2.003897999999999868e+01 0.000000000000000000e+00
1.440000000000000000e+02 -2.263000000000000081e-02 -1.715956999999999866e+01 0.000000000000000000e+00
1.450000000000000000e+02 7.868300000000000294e-01 -1.516458000000000084e+01 0.000000000000000000e+00
1.460000000000000000e+02 -7.079699999999999882e-01 -1.358880000000000088e+01 0.000000000000000000e+00
1.470000000000000000e+02 1.203300000000000064e-01 -1.164980000000000082e+01 0.000000000000000000e+00
1.480000000000000000e+02 7.160600000000000298e-01 -9.660679999999999268e+00 0.000000000000000000e+00
1.490000000000000000e+02 1.264389999999999903e+00 -7.658979999999999677e+00 0.000000000000000000e+00
1.500000000000000000e+02 2.155700000000000116e-01 -4.058279999999999887e+00 0.000000000000000000e+00
1.510000000000000000e+02 9.675200000000000466e-01 -2.098510000000000097e+00 0.000000000000000000e+00
1.520000000000000000e+02 1.442949999999999955e+00 -4.742999999999999994e-02 0.000000000000000000e+00
1.530000000000000000e+02 -3.311999999999999666e-02 1.424120000000000053e+00 0.000000000000000000e+00
1.540000000000000000e+02 5.026599999999999957e-01 3.421720000000000095e+00 0.000000000000000000e+00
1.550000000000000000e+02 1.008000000000000007e+00 5.447149999999999714e+00 0.000000000000000000e+00
1.560000000000000000e+02 1.526170000000000027e+00 7.511879999999999669e+00 0.000000000000000000e+00
1.570000000000000000e+02 1.970650000000000013e+00 9.547459999999999170e+00 0.000000000000000000e+00
1.580000000000000000e+02 4.112299999999999844e-01 1.095062000000000069e+01 0.000000000000000000e+00
1.590000000000000000e+02 1.035879999999999912e+00 1.303597000000000072e+01 0.000000000000000000e+00
1.600000000000000000e+02 -5.568899999999999961e-01 1.449770000000000003e+01 0.000000000000000000e+00
1.610000000000000000e+02 2.449000000000000135e-02 1.653190999999999988e+01 0.000000000000000000e+00
1.620000000000000000e+02 -7.365599999999999925e-01 -1.932987999999999928e+01 0.000000000000000000e+00
1.630000000000000000e+02 2.094359999999999999e+00 -1.698927000000000120e+01 0.000000000000000000e+00
1.640000000000000000e+02 1.503810000000000091e+00 -1.320017999999999958e+01 0.000000000000000000e+00
1.650000000000000000e+02 2.132190000000000030e+00 -1.116637000000000057e+01 0.000000000000000000e+00
1.660000000000000000e+02 2.726290000000000102e+00 -9.146770000000000067e+00 0.000000000000000000e+00
1.670000000000000000e+02 3.289559999999999818e+00 -7.067219999999999835e+00 0.000000000000000000e+00
1.680000000000000000e+02 1.709070000000000089e+00 -5.586009999999999920e+00 0.000000000000000000e+00
1.690000000000000000e+02 2.388889999999999958e+00 -3.624730000000000008e+00 0.000000000000000000e+00
1.700000000000000000e+02 2.948220000000000063e+00 -1.459999999999999964e+00 0.000000000000000000e+00
1.710000000000000000e+02 3.475680000000000103e+00 5.247500000000000497e-01 0.000000000000000000e+00
1.720000000000000000e+02 1.989330000000000043e+00 1.969570000000000043e+00 0.000000000000000000e+00
1.730000000000000000e+02 3.023499999999999854e+00 6.085679999999999978e+00 0.000000000000000000e+00
1.740000000000000000e+02 3.613809999999999967e+00 8.089219999999999189e+00 0.000000000000000000e+00
1.750000000000000000e+02 4.045370000000000132e+00 1.015525000000000055e+01 0.000000000000000000e+00
1.760000000000000000e+02 2.603279999999999816e+00 1.163350999999999935e+01 0.000000000000000000e+00
1.770000000000000000e+02 3.095410000000000217e+00 1.376782000000000039e+01 0.000000000000000000e+00
1.780000000000000000e+02 1.498490000000000100e+00 1.509193999999999924e+01 0.000000000000000000e+00
1.790000000000000000e+02 1.537889999999999979e+00 1.926961000000000013e+01 0.000000000000000000e+00
1.800000000000000000e+02 1.356540000000000079e+00 -1.893139000000000038e+01 0.000000000000000000e+00
1.810000000000000000e+02 2.861959999999999837e+00 -1.503304999999999936e+01 0.000000000000000000e+00
1.820000000000000000e+02 3.572680000000000078e+00 -1.273105999999999938e+01 0.000000000000000000e+00
1.830000000000000000e+02 4.156699999999999839e+00 -1.070185999999999993e+01 0.000000000000000000e+00
1.840000000000000000e+02 4.746069999999999567e+00 -8.549319999999999808e+00 0.000000000000000000e+00
1.850000000000000000e+02 5.322689999999999699e+00 -6.563880000000000159e+00 0.000000000000000000e+00
1.860000000000000000e+02 3.892720000000000180e+00 -5.081550000000000011e+00 0.000000000000000000e+00
1.870000000000000000e+02 4.357129999999999725e+00 -3.013879999999999892e+00 0.000000000000000000e+00
1.880000000000000000e+02 4.968440000000000190e+00 -1.012869999999999937e+00 0.000000000000000000e+00
1.890000000000000000e+02 4.033739999999999881e+00 2.550199999999999800e+00 0.000000000000000000e+00
1.900000000000000000e+02 2.493290000000000006e+00 3.976900000000000102e+00 0.000000000000000000e+00
1.910000000000000000e+02 4.509500000000000064e+00 4.647719999999999629e+00 0.000000000000000000e+00
1.920000000000000000e+02 5.127609999999999779e+00 6.620879999999999654e+00 0.000000000000000000e+00
1.930000000000000000e+02 5.613889999999999603e+00 8.684570000000000789e+00 0.000000000000000000e+00
1.940000000000000000e+02 4.629229999999999734e+00 1.222418000000000049e+01 0.000000000000000000e+00
1.950000000000000000e+02 5.179350000000000342e+00 1.423436000000000057e+01 0.000000000000000000e+00
1.960000000000000000e+02 3.655089999999999950e+00 1.588096999999999959e+01 0.000000000000000000e+00
1.970000000000000000e+02 2.047180000000000000e+00 1.722315000000000040e+01 0.000000000000000000e+00
1.980000000000000000e+02 4.389339999999999797e+00 -1.654222999999999999e+01 0.000000000000000000e+00
1.990000000000000000e+02 4.953549999999999898e+00 -1.425609999999999999e+01 0.000000000000000000e+00
2.000000000000000000e+02 5.568740000000000023e+00 -1.224521000000000015e+01 0.000000000000000000e+00
2.010000000000000000e+02 6.282469999999999999e+00 -1.030724000000000018e+01 0.000000000000000000e+00
2.020000000000000000e+02 6.779080000000000439e+00 -8.188069999999999737e+00 0.000000000000000000e+00
2.030000000000000000e+02 7.342640000000000278e+00 -6.096499999999999808e+00 0.000000000000000000e+00
2.040000000000000000e+02 5.910029999999999895e+00 -4.545090000000000074e+00 0.000000000000000000e+00
2.050000000000000000e+02 6.460589999999999833e+00 -2.543870000000000076e+00 0.000000000000000000e+00
2.060000000000000000e+02 6.990809999999999746e+00 -4.840499999999999803e-01 0.000000000000000000e+00
2.070000000000000000e+02 5.492779999999999774e+00 1.070130000000000026e+00 0.000000000000000000e+00
2.080000000000000000e+02 6.084769999999999790e+00 3.076319999999999943e+00 0.000000000000000000e+00
2.090000000000000000e+02 6.568139999999999645e+00 5.087959999999999816e+00 0.000000000000000000e+00
2.100000000000000000e+02 7.198990000000000222e+00 7.173379999999999868e+00 0.000000000000000000e+00
2.110000000000000000e+02 7.666190000000000282e+00 9.206469999999999487e+00 0.000000000000000000e+00
2.120000000000000000e+02 6.081579999999999764e+00 1.073415999999999926e+01 0.000000000000000000e+00
2.130000000000000000e+02 6.719859999999999722e+00 1.279857999999999940e+01 0.000000000000000000e+00
2.140000000000000000e+02 5.693559999999999732e+00 1.631101999999999919e+01 0.000000000000000000e+00
2.150000000000000000e+02 4.212799999999999656e+00 1.786640999999999835e+01 0.000000000000000000e+00
2.160000000000000000e+02 6.395690000000000097e+00 -1.585285000000000011e+01 0.000000000000000000e+00
2.170000000000000000e+02 7.108939999999999593e+00 -1.378631999999999991e+01 0.000000000000000000e+00
2.180000000000000000e+02 7.748429999999999929e+00 -1.179203000000000046e+01 0.000000000000000000e+00
2.190000000000000000e+02 8.339660000000000295e+00 -9.577790000000000248e+00 0.000000000000000000e+00
2.200000000000000000e+02 8.781800000000000495e+00 -7.556339999999999613e+00 0.000000000000000000e+00
2.210000000000000000e+02 9.439170000000000726e+00 -5.521410000000000373e+00 0.000000000000000000e+00
2.220000000000000000e+02 7.937350000000000350e+00 -4.097080000000000055e+00 0.000000000000000000e+00
2.230000000000000000e+02 8.537520000000000664e+00 -1.974969999999999892e+00 0.000000000000000000e+00
2.240000000000000000e+02 9.024609999999999133e+00 7.273000000000000298e-02 0.000000000000000000e+00
2.250000000000000000e+02 7.542939999999999756e+00 1.578189999999999982e+00 0.000000000000000000e+00
2.260000000000000000e+02 9.594810000000000727e+00 2.093490000000000073e+00 0.000000000000000000e+00
2.270000000000000000e+02 8.116369999999999862e+00 3.635709999999999997e+00 0.000000000000000000e+00
2.280000000000000000e+02 8.664020000000000721e+00 5.630080000000000418e+00 0.000000000000000000e+00
2.290000000000000000e+02 9.201299999999999812e+00 7.679890000000000327e+00 0.000000000000000000e+00
2.300000000000000000e+02 8.124449999999999505e+00 1.127645000000000053e+01 0.000000000000000000e+00
2.310000000000000000e+02 8.721379999999999910e+00 1.335449999999999982e+01 0.000000000000000000e+00
2.320000000000000000e+02 7.206889999999999574e+00 1.487871999999999950e+01 0.000000000000000000e+00
2.330000000000000000e+02 6.253429999999999822e+00 1.832531000000000176e+01 0.000000000000000000e+00
2.340000000000000000e+02 3.807889999999999997e+00 -1.855106999999999928e+01 0.000000000000000000e+00
2.350000000000000000e+02 8.592530000000000001e+00 -1.530968000000000018e+01 0.000000000000000000e+00
2.360000000000000000e+02 9.169119999999999493e+00 -1.331231000000000009e+01 0.000000000000000000e+00
2.370000000000000000e+02 9.774710000000000676e+00 -1.106189000000000000e+01 0.000000000000000000e+00
2.380000000000000000e+02 1.032404999999999973e+01 -9.022420000000000329e+00 0.000000000000000000e+00
2.390000000000000000e+02 1.094947999999999944e+01 -7.036290000000000155e+00 0.000000000000000000e+00
2.400000000000000000e+02 1.145579000000000036e+01 -4.975730000000000430e+00 0.000000000000000000e+00
2.410000000000000000e+02 9.967140000000000555e+00 -3.507629999999999804e+00 0.000000000000000000e+00
2.420000000000000000e+02 1.051910999999999952e+01 -1.401159999999999961e+00 0.000000000000000000e+00
2.430000000000000000e+02 1.116938000000000031e+01 5.756900000000000350e-01 0.000000000000000000e+00
2.440000000000000000e+02 1.018543000000000021e+01 4.167040000000000077e+00 0.000000000000000000e+00
2.450000000000000000e+02 1.066404999999999959e+01 6.179540000000000255e+00 0.000000000000000000e+00
2.460000000000000000e+02 1.125888999999999918e+01 8.368529999999999802e+00 0.000000000000000000e+00
2.470000000000000000e+02 1.347405999999999970e+01 8.773569999999999425e+00 0.000000000000000000e+00
2.480000000000000000e+02 9.684169999999999945e+00 9.845150000000000290e+00 0.000000000000000000e+00
2.490000000000000000e+02 1.031780000000000008e+01 1.185920999999999914e+01 0.000000000000000000e+00
2.500000000000000000e+02 9.242630000000000123e+00 1.540116000000000085e+01 0.000000000000000000e+00
2.510000000000000000e+02 7.767500000000000071e+00 1.690082999999999913e+01 0.000000000000000000e+00
2.520000000000000000e+02 6.095349999999999824e+00 -1.797519000000000133e+01 0.000000000000000000e+00
2.530000000000000000e+02 1.072546999999999962e+01 -1.488720999999999961e+01 0.000000000000000000e+00
2.540000000000000000e+02 1.123440000000000083e+01 -1.261975999999999942e+01 0.000000000000000000e+00
2.550000000000000000e+02 1.179951999999999934e+01 -1.056461999999999968e+01 0.000000000000000000e+00
2.560000000000000000e+02 1.235307000000000066e+01 -8.561669999999999447e+00 0.000000000000000000e+00
2.570000000000000000e+02 1.294832000000000072e+01 -6.444969999999999644e+00 0.000000000000000000e+00
2.580000000000000000e+02 1.351807999999999943e+01 -4.412589999999999790e+00 0.000000000000000000e+00
2.590000000000000000e+02 1.197803000000000040e+01 -2.926410000000000178e+00 0.000000000000000000e+00
2.600000000000000000e+02 1.258080999999999960e+01 -9.381800000000000139e-01 0.000000000000000000e+00
2.610000000000000000e+02 1.317305999999999955e+01 1.280640000000000001e+00 0.000000000000000000e+00
2.620000000000000000e+02 1.161660999999999966e+01 2.656239999999999934e+00 0.000000000000000000e+00
2.630000000000000000e+02 1.218499000000000088e+01 4.756610000000000227e+00 0.000000000000000000e+00
2.640000000000000000e+02 1.272353999999999985e+01 6.836330000000000240e+00 0.000000000000000000e+00
2.650000000000000000e+02 1.861199999999999832e+01 4.836490000000000400e+00 0.000000000000000000e+00
2.660000000000000000e+02 1.200600000000000023e+01 1.040249000000000024e+01 0.000000000000000000e+00
2.670000000000000000e+02 1.240306999999999960e+01 1.259571000000000041e+01 0.000000000000000000e+00
2.680000000000000000e+02 1.073872000000000071e+01 1.399426000000000059e+01 0.000000000000000000e+00
2.690000000000000000e+02 9.718859999999999388e+00 1.760247999999999990e+01 0.000000000000000000e+00
2.700000000000000000e+02 8.117330000000000823e+00 -1.736098000000000141e+01 0.000000000000000000e+00
2.710000000000000000e+02 1.268796000000000035e+01 -1.412875999999999976e+01 0.000000000000000000e+00
2.720000000000000000e+02 1.340362999999999971e+01 -1.217685999999999957e+01 0.000000000000000000e+00
2.730000000000000000e+02 1.387762999999999991e+01 -1.013787999999999911e+01 0.000000000000000000e+00
2.740000000000000000e+02 1.453336000000000006e+01 -8.037399999999999878e+00 0.000000000000000000e+00
2.750000000000000000e+02 1.735457999999999856e+01 -5.353390000000000093e+00 0.000000000000000000e+00
2.760000000000000000e+02 1.500601999999999947e+01 -5.960390000000000299e+00 0.000000000000000000e+00
2.770000000000000000e+02 1.436096000000000039e+01 -2.380329999999999835e+00 0.000000000000000000e+00
2.780000000000000000e+02 1.649125000000000085e+01 -1.925789999999999891e+00 0.000000000000000000e+00
2.790000000000000000e+02 1.455836000000000041e+01 -3.255100000000000215e-01 0.000000000000000000e+00
2.800000000000000000e+02 1.372169000000000061e+01 3.300980000000000025e+00 0.000000000000000000e+00
2.810000000000000000e+02 1.417292999999999914e+01 5.360170000000000101e+00 0.000000000000000000e+00
2.820000000000000000e+02 1.522064999999999912e+01 7.551759999999999806e+00 0.000000000000000000e+00
2.830000000000000000e+02 1.675139000000000067e+01 5.840679999999999872e+00 0.000000000000000000e+00
2.840000000000000000e+02 1.555497000000000085e+01 9.585419999999999163e+00 0.000000000000000000e+00
2.850000000000000000e+02 1.396719000000000044e+01 1.120336999999999961e+01 0.000000000000000000e+00
2.860000000000000000e+02 1.286782999999999966e+01 1.461339000000000077e+01 0.000000000000000000e+00
2.870000000000000000e+02 1.120345000000000013e+01 1.610969000000000051e+01 0.000000000000000000e+00
2.880000000000000000e+02 1.017961000000000027e+01 -1.690367000000000175e+01 0.000000000000000000e+00
2.890000000000000000e+02 1.540992999999999924e+01 -1.162914999999999921e+01 0.000000000000000000e+00
2.900000000000000000e+02 1.589028000000000063e+01 -9.625249999999999417e+00 0.000000000000000000e+00
2.910000000000000000e+02 1.655640000000000001e+01 -7.441119999999999735e+00 0.000000000000000000e+00
2.920000000000000000e+02 1.952569000000000088e+01 2.736610000000000209e+00 0.000000000000000000e+00
2.930000000000000000e+02 1.851408999999999949e+01 -3.613039999999999807e+00 0.000000000000000000e+00
2.940000000000000000e+02 1.869966000000000150e+01 -6.154399999999999871e-01 0.000000000000000000e+00
2.950000000000000000e+02 1.575717999999999996e+01 -3.973770000000000024e+00 0.000000000000000000e+00
2.960000000000000000e+02 1.654689000000000121e+01 2.849400000000000266e-01 0.000000000000000000e+00
2.970000000000000000e+02 1.745130999999999943e+01 2.333110000000000017e+00 0.000000000000000000e+00
2.980000000000000000e+02 1.517259999999999920e+01 1.836729999999999974e+00 0.000000000000000000e+00
2.990000000000000000e+02 1.573166999999999938e+01 4.003320000000000434e+00 0.000000000000000000e+00
