0.000000000000000000e+00 -1.450960000000000072e+01 -1.355748999999999960e+01 0.000000000000000000e+00
1.000000000000000000e+00 -1.567783999999999978e+01 -1.175506999999999991e+01 0.000000000000000000e+00
2.000000000000000000e+00 -1.712301000000000073e+01 -1.002368000000000059e+01 0.000000000000000000e+00
3.000000000000000000e+00 -1.735297999999999874e+01 -6.347209999999999575e+00 0.000000000000000000e+00
4.000000000000000000e+00 -1.616463999999999857e+01 -8.071649999999999991e+00 0.000000000000000000e+00
5.000000000000000000e+00 -1.893580000000000041e+01 -4.920729999999999826e+00 0.000000000000000000e+00
6.000000000000000000e+00 -1.765105000000000146e+01 -2.765660000000000007e+00 0.000000000000000000e+00
7.000000000000000000e+00 -1.922328999999999866e+01 -1.294149999999999912e+00 0.000000000000000000e+00
8.000000000000000000e+00 -1.697599999999999909e+01 -7.253100000000000103e-01 0.000000000000000000e+00
9.000000000000000000e+00 -1.805022999999999911e+01 1.149540000000000006e+00 0.000000000000000000e+00
1.000000000000000000e+01 -1.706792000000000087e+01 3.005180000000000184e+00 0.000000000000000000e+00
1.100000000000000000e+01 -1.856866000000000128e+01 4.644180000000000419e+00 0.000000000000000000e+00
1.200000000000000000e+01 -1.777897000000000105e+01 6.731519999999999726e+00 0.000000000000000000e+00
1.300000000000000000e+01 -1.692712999999999823e+01 8.603910000000000835e+00 0.000000000000000000e+00
1.400000000000000000e+01 -1.484200000000000053e+01 8.846389999999999532e+00 0.000000000000000000e+00
1.500000000000000000e+01 -1.597217000000000020e+01 1.070726999999999940e+01 0.000000000000000000e+00
1.600000000000000000e+01 -1.516165999999999947e+01 1.262282000000000082e+01 0.000000000000000000e+00
1.700000000000000000e+01 -1.355122000000000071e+01 1.408581000000000039e+01 0.000000000000000000e+00
1.800000000000000000e+01 -1.237058999999999997e+01 -1.331165000000000020e+01 0.000000000000000000e+00
1.900000000000000000e+01 -1.355433000000000021e+01 -1.151364000000000054e+01 0.000000000000000000e+00
2.000000000000000000e+01 -1.477835999999999927e+01 -9.724629999999999441e+00 0.000000000000000000e+00
2.100000000000000000e+01 -1.396485000000000021e+01 -7.799940000000000317e+00 0.000000000000000000e+00
2.200000000000000000e+01 -1.525508999999999915e+01 -6.187509999999999621e+00 0.000000000000000000e+00
2.300000000000000000e+01 -1.637347000000000108e+01 -4.400520000000000209e+00 0.000000000000000000e+00
2.400000000000000000e+01 -1.432315999999999967e+01 -4.156060000000000088e+00 0.000000000000000000e+00
2.500000000000000000e+01 -1.559745999999999988e+01 -2.475989999999999913e+00 0.000000000000000000e+00
2.600000000000000000e+01 -1.476531999999999911e+01 -5.182700000000000085e-01 0.000000000000000000e+00
2.700000000000000000e+01 -1.594993999999999978e+01 1.200900000000000079e+00 0.000000000000000000e+00
2.800000000000000000e+01 -1.498521999999999998e+01 3.280609999999999804e+00 0.000000000000000000e+00
2.900000000000000000e+01 -1.630240999999999829e+01 4.932170000000000165e+00 0.000000000000000000e+00
3.000000000000000000e+01 -1.559436999999999962e+01 6.920139999999999958e+00 0.000000000000000000e+00
3.100000000000000000e+01 -1.353153999999999968e+01 7.250370000000000203e+00 0.000000000000000000e+00
3.200000000000000000e+01 -1.387712999999999930e+01 1.096303999999999945e+01 0.000000000000000000e+00
3.300000000000000000e+01 -1.233713000000000015e+01 1.234440999999999988e+01 0.000000000000000000e+00
3.400000000000000000e+01 -1.150802999999999976e+01 1.429914999999999914e+01 0.000000000000000000e+00
3.500000000000000000e+01 -1.013927999999999940e+01 1.628822999999999865e+01 0.000000000000000000e+00
3.600000000000000000e+01 -1.130236999999999981e+01 -1.513358000000000025e+01 0.000000000000000000e+00
3.700000000000000000e+01 -1.028289999999999971e+01 -1.307216999999999985e+01 0.000000000000000000e+00
3.800000000000000000e+01 -1.149766999999999939e+01 -1.137951999999999941e+01 0.000000000000000000e+00
3.900000000000000000e+01 -1.272148999999999930e+01 -9.543020000000000280e+00 0.000000000000000000e+00
4.000000000000000000e+01 -1.188828999999999958e+01 -7.614480000000000359e+00 0.000000000000000000e+00
4.100000000000000000e+01 -1.305278000000000027e+01 -5.898539999999999672e+00 0.000000000000000000e+00
4.200000000000000000e+01 -1.223311999999999955e+01 -3.925089999999999968e+00 0.000000000000000000e+00
4.300000000000000000e+01 -1.354296000000000078e+01 -2.204130000000000145e+00 0.000000000000000000e+00
4.400000000000000000e+01 -1.268878999999999913e+01 -3.084799999999999764e-01 0.000000000000000000e+00
4.500000000000000000e+01 -1.385692000000000057e+01 1.427040000000000086e+00 0.000000000000000000e+00
4.600000000000000000e+01 -1.290559000000000012e+01 3.446309999999999985e+00 0.000000000000000000e+00
4.700000000000000000e+01 -1.409960000000000058e+01 5.205809999999999604e+00 0.000000000000000000e+00
4.800000000000000000e+01 -1.201882999999999946e+01 5.317440000000000389e+00 0.000000000000000000e+00
4.900000000000000000e+01 -1.146063999999999972e+01 7.404469999999999885e+00 0.000000000000000000e+00
5.000000000000000000e+01 -1.261347999999999914e+01 9.124119999999999564e+00 0.000000000000000000e+00
5.100000000000000000e+01 -1.036580999999999975e+01 1.136960000000000015e+01 0.000000000000000000e+00
5.200000000000000000e+01 -9.429859999999999687e+00 1.345703999999999922e+01 0.000000000000000000e+00
5.300000000000000000e+01 -8.012930000000000774e+00 1.547045999999999921e+01 0.000000000000000000e+00
5.400000000000000000e+01 -8.005890000000000839e+00 -1.676430999999999827e+01 0.000000000000000000e+00
5.500000000000000000e+01 -9.132989999999999498e+00 -1.495625000000000071e+01 0.000000000000000000e+00
5.600000000000000000e+01 -9.448660000000000281e+00 -1.110676999999999914e+01 0.000000000000000000e+00
5.700000000000000000e+01 -1.065832999999999942e+01 -9.330159999999999343e+00 0.000000000000000000e+00
5.800000000000000000e+01 -9.773210000000000619e+00 -7.388810000000000322e+00 0.000000000000000000e+00
5.900000000000000000e+01 -1.100717999999999996e+01 -5.687219999999999942e+00 0.000000000000000000e+00
6.000000000000000000e+01 -1.013796999999999926e+01 -3.788650000000000073e+00 0.000000000000000000e+00
6.100000000000000000e+01 -1.144797999999999938e+01 -2.007550000000000168e+00 0.000000000000000000e+00
6.200000000000000000e+01 -1.057943000000000033e+01 -8.108999999999999542e-02 0.000000000000000000e+00
6.300000000000000000e+01 -1.177032999999999952e+01 1.632200000000000095e+00 0.000000000000000000e+00
6.400000000000000000e+01 -9.679119999999999280e+00 1.827439999999999953e+00 0.000000000000000000e+00
6.500000000000000000e+01 -1.081564999999999976e+01 3.574370000000000047e+00 0.000000000000000000e+00
6.600000000000000000e+01 -9.957879999999999399e+00 5.449270000000000280e+00 0.000000000000000000e+00
6.700000000000000000e+01 -9.320270000000000721e+00 7.434590000000000032e+00 0.000000000000000000e+00
6.800000000000000000e+01 -1.054447000000000045e+01 9.262079999999999202e+00 0.000000000000000000e+00
6.900000000000000000e+01 -8.322680000000000078e+00 1.168417999999999957e+01 0.000000000000000000e+00
7.000000000000000000e+01 -7.266960000000000086e+00 1.352129000000000048e+01 0.000000000000000000e+00
7.100000000000000000e+01 -7.049780000000000157e+00 1.735107999999999961e+01 0.000000000000000000e+00
7.200000000000000000e+01 -5.702679999999999971e+00 -1.637740000000000151e+01 0.000000000000000000e+00
7.300000000000000000e+01 -6.849260000000000126e+00 -1.464462999999999937e+01 0.000000000000000000e+00
7.400000000000000000e+01 -8.169999999999999929e+00 -1.298291000000000039e+01 0.000000000000000000e+00
7.500000000000000000e+01 -8.559150000000000702e+00 -9.241669999999999163e+00 0.000000000000000000e+00
7.600000000000000000e+01 -7.713000000000000078e+00 -7.192249999999999588e+00 0.000000000000000000e+00
7.700000000000000000e+01 -8.918079999999999785e+00 -5.476589999999999847e+00 0.000000000000000000e+00
7.800000000000000000e+01 -8.066330000000000666e+00 -3.511309999999999931e+00 0.000000000000000000e+00
7.900000000000000000e+01 -9.402459999999999596e+00 -1.839739999999999931e+00 0.000000000000000000e+00
8.000000000000000000e+01 -7.247460000000000235e+00 -1.597080000000000055e+00 0.000000000000000000e+00
8.100000000000000000e+01 -8.429930000000000589e+00 1.213400000000000034e-01 0.000000000000000000e+00
8.200000000000000000e+01 -7.472570000000000157e+00 2.043509999999999938e+00 0.000000000000000000e+00
8.300000000000000000e+01 -8.741949999999999221e+00 3.772499999999999964e+00 0.000000000000000000e+00
8.400000000000000000e+01 -7.905929999999999680e+00 5.778509999999999813e+00 0.000000000000000000e+00
8.500000000000000000e+01 -7.167399999999999771e+00 7.816679999999999851e+00 0.000000000000000000e+00
8.600000000000000000e+01 -8.258010000000000517e+00 9.589180000000000703e+00 0.000000000000000000e+00
8.700000000000000000e+01 -6.164710000000000356e+00 1.170508000000000060e+01 0.000000000000000000e+00
8.800000000000000000e+01 -5.869559999999999889e+00 1.562689999999999912e+01 0.000000000000000000e+00
8.900000000000000000e+01 -4.551309999999999967e+00 1.721613999999999933e+01 0.000000000000000000e+00
9.000000000000000000e+01 -4.265889999999999738e+00 -1.825320999999999927e+01 0.000000000000000000e+00
9.100000000000000000e+01 -4.797049999999999592e+00 -1.437214999999999954e+01 0.000000000000000000e+00
9.200000000000000000e+01 -6.104110000000000369e+00 -1.270547000000000004e+01 0.000000000000000000e+00
9.300000000000000000e+01 -7.352240000000000109e+00 -1.103968000000000060e+01 0.000000000000000000e+00
9.400000000000000000e+01 -6.518320000000000114e+00 -8.907080000000000553e+00 0.000000000000000000e+00
9.500000000000000000e+01 -5.615289999999999893e+00 -7.058760000000000367e+00 0.000000000000000000e+00
9.600000000000000000e+01 -6.844229999999999592e+00 -5.272280000000000300e+00 0.000000000000000000e+00
9.700000000000000000e+01 -5.933500000000000441e+00 -3.367410000000000014e+00 0.000000000000000000e+00
9.800000000000000000e+01 -5.111799999999999677e+00 -1.423559999999999937e+00 0.000000000000000000e+00
9.900000000000000000e+01 -6.321930000000000049e+00 2.691999999999999948e-01 0.000000000000000000e+00
1.000000000000000000e+02 -5.421190000000000175e+00 2.198109999999999786e+00 0.000000000000000000e+00
1.010000000000000000e+02 -4.602829999999999977e+00 4.078829999999999956e+00 0.000000000000000000e+00
1.020000000000000000e+02 -6.655640000000000001e+00 3.964319999999999844e+00 0.000000000000000000e+00
1.030000000000000000e+02 -5.850699999999999790e+00 5.875440000000000218e+00 0.000000000000000000e+00
1.040000000000000000e+02 -6.180550000000000210e+00 9.637760000000000105e+00 0.000000000000000000e+00
1.050000000000000000e+02 -5.149589999999999890e+00 1.356127000000000038e+01 0.000000000000000000e+00
1.060000000000000000e+02 -3.585069999999999979e+00 1.514999000000000073e+01 0.000000000000000000e+00
1.070000000000000000e+02 -5.945540000000000269e+00 1.914852000000000132e+01 0.000000000000000000e+00
1.080000000000000000e+02 -3.671409999999999840e+00 -1.611180999999999841e+01 0.000000000000000000e+00
1.090000000000000000e+02 -2.663549999999999862e+00 -1.417934999999999945e+01 0.000000000000000000e+00
1.100000000000000000e+02 -3.949600000000000222e+00 -1.246794000000000047e+01 0.000000000000000000e+00
1.110000000000000000e+02 -5.260130000000000194e+00 -1.078715000000000046e+01 0.000000000000000000e+00
1.120000000000000000e+02 -4.465970000000000439e+00 -8.825150000000000716e+00 0.000000000000000000e+00
1.130000000000000000e+02 -3.516230000000000189e+00 -6.924260000000000304e+00 0.000000000000000000e+00
1.140000000000000000e+02 -4.776460000000000150e+00 -5.155770000000000408e+00 0.000000000000000000e+00
1.150000000000000000e+02 -3.851030000000000175e+00 -3.159130000000000216e+00 0.000000000000000000e+00
1.160000000000000000e+02 -3.055979999999999919e+00 -1.258680000000000021e+00 0.000000000000000000e+00
1.170000000000000000e+02 -4.251699999999999591e+00 4.829899999999999749e-01 0.000000000000000000e+00
1.180000000000000000e+02 -3.320329999999999782e+00 2.398229999999999862e+00 0.000000000000000000e+00
1.190000000000000000e+02 -2.435900000000000176e+00 4.314169999999999838e+00 0.000000000000000000e+00
1.200000000000000000e+02 -3.713280000000000136e+00 5.999970000000000248e+00 0.000000000000000000e+00
1.210000000000000000e+02 -5.108170000000000321e+00 7.846000000000000085e+00 0.000000000000000000e+00
1.220000000000000000e+02 -4.084509999999999863e+00 9.655020000000000380e+00 0.000000000000000000e+00
1.230000000000000000e+02 -4.102179999999999715e+00 1.174263000000000012e+01 0.000000000000000000e+00
1.240000000000000000e+02 -2.701109999999999900e+00 1.326150999999999947e+01 0.000000000000000000e+00
1.250000000000000000e+02 -2.090149999999999952e+00 1.693832000000000093e+01 0.000000000000000000e+00
1.260000000000000000e+02 -2.083940000000000126e+00 -1.795722999999999914e+01 0.000000000000000000e+00
1.270000000000000000e+02 -1.549269999999999925e+00 -1.591572999999999993e+01 0.000000000000000000e+00
1.280000000000000000e+02 -1.893699999999999939e+00 -1.225433999999999912e+01 0.000000000000000000e+00
1.290000000000000000e+02 -3.119600000000000151e+00 -1.055080000000000062e+01 0.000000000000000000e+00
1.300000000000000000e+02 -2.269070000000000142e+00 -8.656200000000000117e+00 0.000000000000000000e+00
1.310000000000000000e+02 -1.381699999999999928e+00 -6.695459999999999745e+00 0.000000000000000000e+00
1.320000000000000000e+02 -2.693000000000000060e+00 -4.895760000000000112e+00 0.000000000000000000e+00
1.330000000000000000e+02 -1.781169999999999920e+00 -3.042429999999999968e+00 0.000000000000000000e+00
1.340000000000000000e+02 -9.644000000000000350e-01 -1.105259999999999909e+00 0.000000000000000000e+00
1.350000000000000000e+02 -2.135440000000000005e+00 7.036799999999999722e-01 0.000000000000000000e+00
1.360000000000000000e+02 -1.175710000000000033e+00 2.624940000000000051e+00 0.000000000000000000e+00
1.370000000000000000e+02 -1.643999999999999906e+00 6.291839999999999655e+00 0.000000000000000000e+00
1.380000000000000000e+02 -2.872660000000000213e+00 7.957279999999999909e+00 0.000000000000000000e+00
1.390000000000000000e+02 -1.333210000000000006e+00 9.357409999999999783e+00 0.000000000000000000e+00
1.400000000000000000e+02 -2.041749999999999954e+00 1.130402999999999913e+01 0.000000000000000000e+00
1.410000000000000000e+02 -6.593599999999999461e-01 1.294444000000000017e+01 0.000000000000000000e+00
1.420000000000000000e+02 -1.474339999999999984e+00 1.497943000000000069e+01 0.000000000000000000e+00
1.430000000000000000e+02 -3.124330000000000052e+00 1.879063999999999979e+01 0.000000000000000000e+00
1.440000000000000000e+02 8.232800000000000118e-01 -1.565964999999999918e+01 0.000000000000000000e+00
1.450000000000000000e+02 -4.997199999999999975e-01 -1.403023999999999916e+01 0.000000000000000000e+00
1.460000000000000000e+02 4.232600000000000251e-01 -1.203269000000000055e+01 0.000000000000000000e+00
1.470000000000000000e+02 -9.987300000000000066e-01 -1.036509999999999998e+01 0.000000000000000000e+00
1.480000000000000000e+02 -1.722299999999999942e-01 -8.422700000000000742e+00 0.000000000000000000e+00
1.490000000000000000e+02 6.621500000000000163e-01 -6.481040000000000134e+00 0.000000000000000000e+00
1.500000000000000000e+02 -5.323600000000000554e-01 -4.720240000000000435e+00 0.000000000000000000e+00
1.510000000000000000e+02 2.869599999999999929e-01 -2.768349999999999866e+00 0.000000000000000000e+00
1.520000000000000000e+02 1.102519999999999945e+00 -8.683899999999999952e-01 0.000000000000000000e+00
1.530000000000000000e+02 -5.301999999999999769e-02 8.861599999999999477e-01 0.000000000000000000e+00
1.540000000000000000e+02 -3.839600000000000235e-01 4.652770000000000294e+00 0.000000000000000000e+00
1.550000000000000000e+02 1.718909999999999938e+00 4.790379999999999860e+00 0.000000000000000000e+00
1.560000000000000000e+02 7.607099999999999973e-01 6.639109999999999623e+00 0.000000000000000000e+00
1.570000000000000000e+02 6.336500000000000465e-01 8.725519999999999499e+00 0.000000000000000000e+00
1.580000000000000000e+02 9.125999999999999390e-02 1.094538999999999973e+01 0.000000000000000000e+00
1.590000000000000000e+02 1.568000000000000060e+00 1.240504999999999924e+01 0.000000000000000000e+00
1.600000000000000000e+02 8.259400000000000075e-01 1.441652999999999984e+01 0.000000000000000000e+00
1.610000000000000000e+02 1.192000000000000004e-01 1.638438999999999979e+01 0.000000000000000000e+00
1.620000000000000000e+02 1.169000000000000074e-02 -1.759018000000000015e+01 0.000000000000000000e+00
1.630000000000000000e+02 2.910670000000000091e+00 -1.534604000000000035e+01 0.000000000000000000e+00
1.640000000000000000e+02 1.637750000000000039e+00 -1.369481000000000037e+01 0.000000000000000000e+00
1.650000000000000000e+02 1.159470000000000001e+00 -1.004833999999999961e+01 0.000000000000000000e+00
1.660000000000000000e+02 1.990820000000000034e+00 -8.141750000000000043e+00 0.000000000000000000e+00
1.670000000000000000e+02 2.840520000000000156e+00 -6.136140000000000150e+00 0.000000000000000000e+00
1.680000000000000000e+02 1.557139999999999969e+00 -4.478369999999999962e+00 0.000000000000000000e+00
1.690000000000000000e+02 2.365530000000000133e+00 -2.523320000000000007e+00 0.000000000000000000e+00
1.700000000000000000e+02 3.245680000000000121e+00 -5.437400000000000011e-01 0.000000000000000000e+00
1.710000000000000000e+02 2.083990000000000009e+00 1.161909999999999998e+00 0.000000000000000000e+00
1.720000000000000000e+02 8.887699999999999489e-01 2.881099999999999994e+00 0.000000000000000000e+00
1.730000000000000000e+02 3.725099999999999856e+00 4.162329999999999863e+00 0.000000000000000000e+00
1.740000000000000000e+02 3.254329999999999945e+00 6.192009999999999792e+00 0.000000000000000000e+00
1.750000000000000000e+02 2.623460000000000125e+00 8.201200000000000045e+00 0.000000000000000000e+00
1.760000000000000000e+02 2.079180000000000028e+00 1.030012999999999934e+01 0.000000000000000000e+00
1.770000000000000000e+02 3.030600000000000183e+00 1.387200999999999951e+01 0.000000000000000000e+00
1.780000000000000000e+02 2.184450000000000003e+00 1.597417000000000087e+01 0.000000000000000000e+00
1.790000000000000000e+02 -7.769599999999999840e-01 1.856521000000000043e+01 0.000000000000000000e+00
1.800000000000000000e+02 2.203959999999999919e+00 -1.749151000000000167e+01 0.000000000000000000e+00
1.810000000000000000e+02 3.779360000000000053e+00 -1.347644999999999982e+01 0.000000000000000000e+00
1.820000000000000000e+02 2.530019999999999936e+00 -1.165921999999999947e+01 0.000000000000000000e+00
1.830000000000000000e+02 3.361969999999999903e+00 -9.773979999999999890e+00 0.000000000000000000e+00
1.840000000000000000e+02 4.043529999999999625e+00 -7.801280000000000214e+00 0.000000000000000000e+00
1.850000000000000000e+02 4.911669999999999980e+00 -5.835259999999999891e+00 0.000000000000000000e+00
1.860000000000000000e+02 3.633700000000000152e+00 -4.149610000000000021e+00 0.000000000000000000e+00
1.870000000000000000e+02 4.488870000000000360e+00 -2.221070000000000100e+00 0.000000000000000000e+00
1.880000000000000000e+02 5.294080000000000119e+00 -2.786199999999999788e-01 0.000000000000000000e+00
1.890000000000000000e+02 4.003449999999999953e+00 2.022349999999999870e+00 0.000000000000000000e+00
1.900000000000000000e+02 5.733539999999999637e+00 3.656579999999999941e+00 0.000000000000000000e+00
1.910000000000000000e+02 5.250469999999999970e+00 5.707309999999999661e+00 0.000000000000000000e+00
1.920000000000000000e+02 4.727380000000000138e+00 7.714769999999999683e+00 0.000000000000000000e+00
1.930000000000000000e+02 4.074980000000000047e+00 9.771280000000000854e+00 0.000000000000000000e+00
1.940000000000000000e+02 3.639100000000000001e+00 1.180058000000000007e+01 0.000000000000000000e+00
1.950000000000000000e+02 5.071209999999999773e+00 1.331300000000000061e+01 0.000000000000000000e+00
1.960000000000000000e+02 4.399230000000000196e+00 1.540733999999999959e+01 0.000000000000000000e+00
1.970000000000000000e+02 1.261700000000000044e+00 1.814275999999999911e+01 0.000000000000000000e+00
1.980000000000000000e+02 4.249699999999999811e+00 -1.719051999999999936e+01 0.000000000000000000e+00
1.990000000000000000e+02 5.080140000000000100e+00 -1.516938999999999993e+01 0.000000000000000000e+00
2.000000000000000000e+02 4.636129999999999640e+00 -1.142828000000000088e+01 0.000000000000000000e+00
2.010000000000000000e+02 5.434160000000000323e+00 -9.458249999999999602e+00 0.000000000000000000e+00
2.020000000000000000e+02 6.163960000000000328e+00 -7.488850000000000229e+00 0.000000000000000000e+00
2.030000000000000000e+02 6.968700000000000117e+00 -5.560979999999999812e+00 0.000000000000000000e+00
2.040000000000000000e+02 5.718519999999999825e+00 -3.901940000000000186e+00 0.000000000000000000e+00
2.050000000000000000e+02 6.617810000000000414e+00 -1.981689999999999952e+00 0.000000000000000000e+00
2.060000000000000000e+02 8.060389999999999944e+00 8.681999999999999718e-01 0.000000000000000000e+00
2.070000000000000000e+02 6.116900000000000226e+00 1.602319999999999967e+00 0.000000000000000000e+00
2.080000000000000000e+02 7.733780000000000321e+00 3.101599999999999913e+00 0.000000000000000000e+00
2.090000000000000000e+02 7.243360000000000021e+00 5.110769999999999591e+00 0.000000000000000000e+00
2.100000000000000000e+02 6.721049999999999969e+00 7.202560000000000073e+00 0.000000000000000000e+00
2.110000000000000000e+02 6.161159999999999748e+00 9.209410000000000096e+00 0.000000000000000000e+00
2.120000000000000000e+02 5.627290000000000347e+00 1.125695999999999941e+01 0.000000000000000000e+00
2.130000000000000000e+02 6.596359999999999779e+00 1.476726000000000028e+01 0.000000000000000000e+00
2.140000000000000000e+02 5.867919999999999803e+00 1.685605999999999938e+01 0.000000000000000000e+00
2.150000000000000000e+02 3.804840000000000000e+00 1.745028999999999897e+01 0.000000000000000000e+00
2.160000000000000000e+02 6.346129999999999605e+00 -1.678352999999999895e+01 0.000000000000000000e+00
2.170000000000000000e+02 5.856200000000000294e+00 -1.322095000000000020e+01 0.000000000000000000e+00
2.180000000000000000e+02 6.823269999999999946e+00 -1.127119000000000071e+01 0.000000000000000000e+00
2.190000000000000000e+02 7.545969999999999622e+00 -9.219310000000000116e+00 0.000000000000000000e+00
2.200000000000000000e+02 8.304679999999999396e+00 -7.226239999999999775e+00 0.000000000000000000e+00
2.210000000000000000e+02 9.034710000000000463e+00 -5.233950000000000102e+00 0.000000000000000000e+00
2.220000000000000000e+02 8.356600000000000250e+00 -3.268040000000000056e+00 0.000000000000000000e+00
2.230000000000000000e+02 8.531290000000000262e+00 -1.178860000000000019e+00 0.000000000000000000e+00
2.240000000000000000e+02 1.005652000000000079e+01 2.828999999999999848e-01 0.000000000000000000e+00
2.250000000000000000e+02 9.648049999999999571e+00 2.310680000000000067e+00 0.000000000000000000e+00
2.260000000000000000e+02 9.271409999999999485e+00 4.483620000000000161e+00 0.000000000000000000e+00
2.270000000000000000e+02 8.715749999999999886e+00 6.568480000000000096e+00 0.000000000000000000e+00
2.280000000000000000e+02 8.229990000000000805e+00 8.635859999999999204e+00 0.000000000000000000e+00
2.290000000000000000e+02 7.791129999999999889e+00 1.077021000000000051e+01 0.000000000000000000e+00
2.300000000000000000e+02 7.134280000000000399e+00 1.274216999999999977e+01 0.000000000000000000e+00
2.310000000000000000e+02 9.243199999999999861e+00 1.221982999999999997e+01 0.000000000000000000e+00
2.320000000000000000e+02 8.659190000000000609e+00 1.420444999999999958e+01 0.000000000000000000e+00
2.330000000000000000e+02 5.522859999999999658e+00 1.893074000000000012e+01 0.000000000000000000e+00
2.340000000000000000e+02 4.694999999999999868e-02 -1.999425000000000097e+01 0.000000000000000000e+00
2.350000000000000000e+02 7.153080000000000105e+00 -1.483905999999999992e+01 0.000000000000000000e+00
2.360000000000000000e+02 8.172729999999999606e+00 -1.292544999999999966e+01 0.000000000000000000e+00
2.370000000000000000e+02 8.884570000000000078e+00 -1.093875000000000064e+01 0.000000000000000000e+00
2.380000000000000000e+02 9.658110000000000639e+00 -8.954819999999999780e+00 0.000000000000000000e+00
2.390000000000000000e+02 1.038280999999999921e+01 -6.885559999999999903e+00 0.000000000000000000e+00
2.400000000000000000e+02 1.072241000000000000e+01 -3.979800000000000004e+00 0.000000000000000000e+00
2.410000000000000000e+02 1.050320999999999927e+01 -1.901280000000000081e+00 0.000000000000000000e+00
2.420000000000000000e+02 1.206347000000000058e+01 -3.257099999999999995e-01 0.000000000000000000e+00
2.430000000000000000e+02 1.166095999999999933e+01 1.760529999999999928e+00 0.000000000000000000e+00
2.440000000000000000e+02 1.325327000000000055e+01 3.123829999999999885e+00 0.000000000000000000e+00
2.450000000000000000e+02 1.126286999999999949e+01 3.812359999999999971e+00 0.000000000000000000e+00
2.460000000000000000e+02 1.077096000000000053e+01 6.029340000000000366e+00 0.000000000000000000e+00
2.470000000000000000e+02 1.237121999999999922e+01 7.380849999999999689e+00 0.000000000000000000e+00
2.480000000000000000e+02 1.023713000000000051e+01 8.044489999999999696e+00 0.000000000000000000e+00
2.490000000000000000e+02 9.804690000000000794e+00 1.016732999999999976e+01 0.000000000000000000e+00
2.500000000000000000e+02 1.075971999999999973e+01 1.379111999999999938e+01 0.000000000000000000e+00
2.510000000000000000e+02 8.148500000000000298e+00 1.620786999999999978e+01 0.000000000000000000e+00
2.520000000000000000e+02 5.674229999999999663e+00 -1.880157000000000167e+01 0.000000000000000000e+00
2.530000000000000000e+02 9.224149999999999849e+00 -1.475126999999999988e+01 0.000000000000000000e+00
2.540000000000000000e+02 1.030001999999999995e+01 -1.282884999999999920e+01 0.000000000000000000e+00
2.550000000000000000e+02 1.095416999999999952e+01 -1.066036000000000072e+01 0.000000000000000000e+00
2.560000000000000000e+02 1.181879999999999953e+01 -8.616199999999999193e+00 0.000000000000000000e+00
2.570000000000000000e+02 1.258036000000000065e+01 -6.688909999999999911e+00 0.000000000000000000e+00
2.580000000000000000e+02 1.279241999999999990e+01 -4.592240000000000322e+00 0.000000000000000000e+00
2.590000000000000000e+02 1.250075000000000003e+01 -2.532189999999999941e+00 0.000000000000000000e+00
2.600000000000000000e+02 1.399493000000000009e+01 -1.101769999999999916e+00 0.000000000000000000e+00
2.610000000000000000e+02 1.360928000000000004e+01 1.017719999999999958e+00 0.000000000000000000e+00
2.620000000000000000e+02 1.527862000000000009e+01 2.364510000000000112e+00 0.000000000000000000e+00
2.630000000000000000e+02 1.485635000000000083e+01 4.426820000000000199e+00 0.000000000000000000e+00
2.640000000000000000e+02 1.285042999999999935e+01 5.225520000000000387e+00 0.000000000000000000e+00
2.650000000000000000e+02 1.447710999999999970e+01 6.603349999999999831e+00 0.000000000000000000e+00
2.660000000000000000e+02 1.181091999999999942e+01 9.473250000000000171e+00 0.000000000000000000e+00
2.670000000000000000e+02 1.333610999999999969e+01 1.101595000000000013e+01 0.000000000000000000e+00
2.680000000000000000e+02 1.134135999999999989e+01 1.164274999999999949e+01 0.000000000000000000e+00
2.690000000000000000e+02 1.070641999999999960e+01 1.595710000000000051e+01 0.000000000000000000e+00
2.700000000000000000e+02 8.619659999999999656e+00 -1.677852000000000032e+01 0.000000000000000000e+00
2.710000000000000000e+02 1.180409000000000042e+01 -1.464758999999999922e+01 0.000000000000000000e+00
2.720000000000000000e+02 1.240116000000000085e+01 -1.261234999999999928e+01 0.000000000000000000e+00
2.730000000000000000e+02 1.306320000000000014e+01 -1.041226999999999947e+01 0.000000000000000000e+00
2.740000000000000000e+02 1.394807999999999915e+01 -8.233430000000000248e+00 0.000000000000000000e+00
2.750000000000000000e+02 1.590767999999999915e+01 -7.444009999999999572e+00 0.000000000000000000e+00
2.760000000000000000e+02 1.458854000000000006e+01 -5.698330000000000339e+00 0.000000000000000000e+00
2.770000000000000000e+02 1.459835999999999956e+01 -3.583509999999999973e+00 0.000000000000000000e+00
2.780000000000000000e+02 1.592981999999999942e+01 -1.984339999999999993e+00 0.000000000000000000e+00
2.790000000000000000e+02 1.559872999999999976e+01 2.311600000000000044e-01 0.000000000000000000e+00
2.800000000000000000e+02 1.728484999999999872e+01 1.556019999999999959e+00 0.000000000000000000e+00
2.810000000000000000e+02 1.700459999999999994e+01 3.927099999999999813e+00 0.000000000000000000e+00
2.820000000000000000e+02 1.650421000000000049e+01 6.018150000000000333e+00 0.000000000000000000e+00
2.830000000000000000e+02 1.612726999999999933e+01 8.189999999999999503e+00 0.000000000000000000e+00
2.840000000000000000e+02 1.404396000000000022e+01 8.675570000000000448e+00 0.000000000000000000e+00
2.850000000000000000e+02 1.551106000000000051e+01 1.022273999999999994e+01 0.000000000000000000e+00
2.860000000000000000e+02 1.501864999999999917e+01 1.239462999999999937e+01 0.000000000000000000e+00
2.870000000000000000e+02 1.302823000000000064e+01 1.307141000000000020e+01 0.000000000000000000e+00
2.880000000000000000e+02 1.071095000000000041e+01 -1.643873999999999924e+01 0.000000000000000000e+00
2.890000000000000000e+02 1.460762000000000072e+01 -1.179466000000000037e+01 0.000000000000000000e+00
2.900000000000000000e+02 1.532174999999999976e+01 -9.811139999999999972e+00 0.000000000000000000e+00
2.910000000000000000e+02 1.727394999999999925e+01 -9.080420000000000158e+00 0.000000000000000000e+00
2.920000000000000000e+02 1.778241999999999834e+01 -6.538039999999999630e+00 0.000000000000000000e+00
2.930000000000000000e+02 1.874891999999999825e+01 -4.710210000000000008e+00 0.000000000000000000e+00
2.940000000000000000e+02 1.779134000000000171e+01 -2.875779999999999781e+00 0.000000000000000000e+00
2.950000000000000000e+02 1.645910999999999902e+01 -4.466849999999999987e+00 0.000000000000000000e+00
2.960000000000000000e+02 1.950926000000000116e+01 3.545400000000000218e-01 0.000000000000000000e+00
2.970000000000000000e+02 1.762249999999999872e+01 -6.954299999999999926e-01 0.000000000000000000e+00
2.980000000000000000e+02 1.909466000000000108e+01 3.536680000000000046e+00 0.000000000000000000e+00
2.990000000000000000e+02 1.855905999999999878e+01 5.787729999999999819e+00 0.000000000000000000e+00
