0.000000000000000000e+00 -1.341135000000000055e+01 -1.188150000000000084e+01 0.000000000000000000e+00
1.000000000000000000e+00 -1.474886000000000053e+01 -1.030630000000000024e+01 0.000000000000000000e+00
2.000000000000000000e+00 -1.595406999999999975e+01 -8.510070000000000690e+00 0.000000000000000000e+00
3.000000000000000000e+00 -1.716856999999999900e+01 -6.806370000000000253e+00 0.000000000000000000e+00
4.000000000000000000e+00 -1.830941999999999936e+01 -5.010699999999999932e+00 0.000000000000000000e+00
5.000000000000000000e+00 -1.747008999999999901e+01 -2.927140000000000075e+00 0.000000000000000000e+00
6.000000000000000000e+00 -1.958653999999999940e+01 -3.361009999999999831e+00 0.000000000000000000e+00
7.000000000000000000e+00 -1.878108999999999895e+01 -1.011179999999999968e+00 0.000000000000000000e+00
8.000000000000000000e+00 -1.986572999999999922e+01 8.337499999999999911e-01 0.000000000000000000e+00
9.000000000000000000e+00 -1.775255999999999901e+01 7.825199999999999934e-01 0.000000000000000000e+00
1.000000000000000000e+01 -1.694098999999999933e+01 2.837699999999999889e+00 0.000000000000000000e+00
1.100000000000000000e+01 -1.906206999999999852e+01 3.833219999999999850e+00 0.000000000000000000e+00
1.200000000000000000e+01 -1.771306999999999832e+01 5.523060000000000080e+00 0.000000000000000000e+00
1.300000000000000000e+01 -1.670683000000000007e+01 8.629849999999999355e+00 0.000000000000000000e+00
1.400000000000000000e+01 -1.542462000000000089e+01 1.024253999999999998e+01 0.000000000000000000e+00
1.500000000000000000e+01 -1.453112999999999921e+01 1.217698999999999998e+01 0.000000000000000000e+00
1.600000000000000000e+01 -1.360763999999999996e+01 1.403017000000000003e+01 0.000000000000000000e+00
1.700000000000000000e+01 -1.236489000000000082e+01 1.594786000000000037e+01 0.000000000000000000e+00
1.800000000000000000e+01 -1.055458999999999925e+01 -1.674708000000000041e+01 0.000000000000000000e+00
1.900000000000000000e+01 -1.285336999999999996e+01 -1.392838000000000065e+01 0.000000000000000000e+00
2.000000000000000000e+01 -1.270054000000000016e+01 -9.888389999999999347e+00 0.000000000000000000e+00
2.100000000000000000e+01 -1.377820999999999962e+01 -8.098489999999999966e+00 0.000000000000000000e+00
2.200000000000000000e+01 -1.492675999999999981e+01 -6.352289999999999992e+00 0.000000000000000000e+00
2.300000000000000000e+01 -1.611579000000000050e+01 -4.555329999999999657e+00 0.000000000000000000e+00
2.400000000000000000e+01 -1.395950999999999986e+01 -4.516980000000000217e+00 0.000000000000000000e+00
2.500000000000000000e+01 -1.522212999999999994e+01 -2.630129999999999857e+00 0.000000000000000000e+00
2.600000000000000000e+01 -1.645347999999999900e+01 -9.812499999999999556e-01 0.000000000000000000e+00
2.700000000000000000e+01 -1.567585000000000051e+01 1.089509999999999978e+00 0.000000000000000000e+00
2.800000000000000000e+01 -1.461015000000000086e+01 2.891230000000000189e+00 0.000000000000000000e+00
2.900000000000000000e+01 -1.584187999999999974e+01 4.618140000000000356e+00 0.000000000000000000e+00
3.000000000000000000e+01 -1.531917999999999935e+01 6.689370000000000260e+00 0.000000000000000000e+00
3.100000000000000000e+01 -1.407554000000000016e+01 8.388489999999999114e+00 0.000000000000000000e+00
3.200000000000000000e+01 -1.336021000000000036e+01 1.042838000000000065e+01 0.000000000000000000e+00
3.300000000000000000e+01 -1.236224999999999952e+01 1.225081999999999915e+01 0.000000000000000000e+00
3.400000000000000000e+01 -1.137692000000000014e+01 1.412626000000000026e+01 0.000000000000000000e+00
3.500000000000000000e+01 -1.050436999999999976e+01 1.680251000000000161e+01 0.000000000000000000e+00
3.600000000000000000e+01 -8.608499999999999375e+00 -1.752647999999999939e+01 0.000000000000000000e+00
3.700000000000000000e+01 -1.072483000000000075e+01 -1.447681000000000040e+01 0.000000000000000000e+00
3.800000000000000000e+01 -1.096934000000000076e+01 -1.206373999999999924e+01 0.000000000000000000e+00
3.900000000000000000e+01 -1.062607999999999997e+01 -9.908699999999999619e+00 0.000000000000000000e+00
4.000000000000000000e+01 -1.171069999999999922e+01 -8.040710000000000690e+00 0.000000000000000000e+00
4.100000000000000000e+01 -1.277501999999999960e+01 -6.241760000000000197e+00 0.000000000000000000e+00
4.200000000000000000e+01 -1.184610999999999947e+01 -4.354059999999999597e+00 0.000000000000000000e+00
4.300000000000000000e+01 -1.316225999999999985e+01 -2.567029999999999923e+00 0.000000000000000000e+00
4.400000000000000000e+01 -1.431682999999999950e+01 -7.291499999999999648e-01 0.000000000000000000e+00
4.500000000000000000e+01 -1.343084999999999951e+01 1.177820000000000089e+00 0.000000000000000000e+00
4.600000000000000000e+01 -1.246913999999999945e+01 3.041370000000000129e+00 0.000000000000000000e+00
4.700000000000000000e+01 -1.368438000000000088e+01 4.784720000000000084e+00 0.000000000000000000e+00
4.800000000000000000e+01 -1.287559000000000076e+01 6.674450000000000216e+00 0.000000000000000000e+00
4.900000000000000000e+01 -1.194064999999999976e+01 8.582150000000000389e+00 0.000000000000000000e+00
5.000000000000000000e+01 -1.109240999999999921e+01 1.053382000000000041e+01 0.000000000000000000e+00
5.100000000000000000e+01 -1.017210999999999999e+01 1.243948999999999927e+01 0.000000000000000000e+00
5.200000000000000000e+01 -9.260270000000000223e+00 1.430293999999999954e+01 0.000000000000000000e+00
5.300000000000000000e+01 -8.391000000000000014e+00 1.634015000000000128e+01 0.000000000000000000e+00
5.400000000000000000e+01 -6.574180000000000135e+00 -1.839244000000000057e+01 0.000000000000000000e+00
5.500000000000000000e+01 -8.909380000000000521e+00 -1.546813000000000038e+01 0.000000000000000000e+00
5.600000000000000000e+01 -8.861769999999999925e+00 -1.333681999999999945e+01 0.000000000000000000e+00
5.700000000000000000e+01 -9.011670000000000513e+00 -1.121041999999999916e+01 0.000000000000000000e+00
5.800000000000000000e+01 -9.573510000000000630e+00 -8.045420000000000016e+00 0.000000000000000000e+00
5.900000000000000000e+01 -1.068810000000000038e+01 -6.095480000000000231e+00 0.000000000000000000e+00
6.000000000000000000e+01 -9.772270000000000678e+00 -4.213580000000000325e+00 0.000000000000000000e+00
6.100000000000000000e+01 -1.106634999999999991e+01 -2.361699999999999910e+00 0.000000000000000000e+00
6.200000000000000000e+01 -1.225755000000000017e+01 -5.567299999999999471e-01 0.000000000000000000e+00
6.300000000000000000e+01 -1.132544000000000040e+01 1.270969999999999933e+00 0.000000000000000000e+00
6.400000000000000000e+01 -1.039279999999999937e+01 3.246879999999999988e+00 0.000000000000000000e+00
6.500000000000000000e+01 -1.161026000000000025e+01 5.028150000000000119e+00 0.000000000000000000e+00
6.600000000000000000e+01 -1.071602999999999994e+01 6.922480000000000189e+00 0.000000000000000000e+00
6.700000000000000000e+01 -9.773360000000000269e+00 8.826940000000000452e+00 0.000000000000000000e+00
6.800000000000000000e+01 -8.928760000000000474e+00 1.073095999999999961e+01 0.000000000000000000e+00
6.900000000000000000e+01 -8.005069999999999908e+00 1.263180000000000014e+01 0.000000000000000000e+00
7.000000000000000000e+01 -7.202110000000000234e+00 1.459429000000000087e+01 0.000000000000000000e+00
7.100000000000000000e+01 -7.803950000000000387e+00 1.832192999999999827e+01 0.000000000000000000e+00
7.200000000000000000e+01 -6.722030000000000172e+00 -1.633997000000000099e+01 0.000000000000000000e+00
7.300000000000000000e+01 -6.941580000000000084e+00 -1.419772999999999996e+01 0.000000000000000000e+00
7.400000000000000000e+01 -6.992449999999999832e+00 -1.211280999999999963e+01 0.000000000000000000e+00
7.500000000000000000e+01 -7.303700000000000081e+00 -9.971590000000000842e+00 0.000000000000000000e+00
7.600000000000000000e+01 -7.490509999999999557e+00 -7.782560000000000144e+00 0.000000000000000000e+00
7.700000000000000000e+01 -8.560769999999999769e+00 -5.958190000000000097e+00 0.000000000000000000e+00
7.800000000000000000e+01 -7.684149999999999814e+00 -4.073620000000000019e+00 0.000000000000000000e+00
7.900000000000000000e+01 -8.968949999999999534e+00 -2.247050000000000214e+00 0.000000000000000000e+00
8.000000000000000000e+01 -1.013643000000000072e+01 -5.014899999999999913e-01 0.000000000000000000e+00
8.100000000000000000e+01 -9.234980000000000189e+00 1.417450000000000099e+00 0.000000000000000000e+00
8.200000000000000000e+01 -8.253399999999999181e+00 3.344990000000000130e+00 0.000000000000000000e+00
8.300000000000000000e+01 -9.538980000000000459e+00 5.222229999999999706e+00 0.000000000000000000e+00
8.400000000000000000e+01 -8.590149999999999508e+00 7.095880000000000187e+00 0.000000000000000000e+00
8.500000000000000000e+01 -7.688170000000000393e+00 8.966929999999999623e+00 0.000000000000000000e+00
8.600000000000000000e+01 -6.863010000000000055e+00 1.085321000000000069e+01 0.000000000000000000e+00
8.700000000000000000e+01 -5.948520000000000252e+00 1.281443999999999939e+01 0.000000000000000000e+00
8.800000000000000000e+01 -4.986650000000000027e+00 1.469588000000000072e+01 0.000000000000000000e+00
8.900000000000000000e+01 -6.306099999999999817e+00 1.647272999999999854e+01 0.000000000000000000e+00
9.000000000000000000e+01 -4.763239999999999696e+00 -1.706764000000000081e+01 0.000000000000000000e+00
9.100000000000000000e+01 -4.924789999999999779e+00 -1.498629999999999995e+01 0.000000000000000000e+00
9.200000000000000000e+01 -5.053390000000000271e+00 -1.289724000000000004e+01 0.000000000000000000e+00
9.300000000000000000e+01 -5.406089999999999840e+00 -1.079379999999999917e+01 0.000000000000000000e+00
9.400000000000000000e+01 -5.617759999999999643e+00 -8.740199999999999747e+00 0.000000000000000000e+00
9.500000000000000000e+01 -5.959900000000000198e+00 -6.410770000000000302e+00 0.000000000000000000e+00
9.600000000000000000e+01 -5.639339999999999797e+00 -3.854629999999999779e+00 0.000000000000000000e+00
9.700000000000000000e+01 -6.803569999999999673e+00 -2.076550000000000118e+00 0.000000000000000000e+00
9.800000000000000000e+01 -8.040269999999999584e+00 -3.859899999999999998e-01 0.000000000000000000e+00
9.900000000000000000e+01 -7.087819999999999787e+00 1.565749999999999975e+00 0.000000000000000000e+00
1.000000000000000000e+02 -6.179079999999999906e+00 3.543860000000000010e+00 0.000000000000000000e+00
1.010000000000000000e+02 -7.456640000000000157e+00 5.247720000000000162e+00 0.000000000000000000e+00
1.020000000000000000e+02 -6.538030000000000008e+00 7.234390000000000320e+00 0.000000000000000000e+00
1.030000000000000000e+02 -5.602030000000000065e+00 9.091039999999999566e+00 0.000000000000000000e+00
1.040000000000000000e+02 -4.723810000000000286e+00 1.104954000000000036e+01 0.000000000000000000e+00
1.050000000000000000e+02 -3.809480000000000199e+00 1.296230000000000082e+01 0.000000000000000000e+00
1.060000000000000000e+02 -4.204989999999999561e+00 1.669567999999999941e+01 0.000000000000000000e+00
1.070000000000000000e+02 -5.393939999999999735e+00 1.840595000000000070e+01 0.000000000000000000e+00
1.080000000000000000e+02 -2.879820000000000046e+00 -1.806687000000000154e+01 0.000000000000000000e+00
1.090000000000000000e+02 -2.842249999999999943e+00 -1.593981999999999921e+01 0.000000000000000000e+00
1.100000000000000000e+02 -3.159839999999999982e+00 -1.383023000000000025e+01 0.000000000000000000e+00
1.110000000000000000e+02 -3.380160000000000053e+00 -1.164565999999999946e+01 0.000000000000000000e+00
1.120000000000000000e+02 -3.722100000000000186e+00 -9.581960000000000477e+00 0.000000000000000000e+00
1.130000000000000000e+02 -4.045729999999999826e+00 -7.375000000000000000e+00 0.000000000000000000e+00
1.140000000000000000e+02 -4.148340000000000138e+00 -5.320820000000000327e+00 0.000000000000000000e+00
1.150000000000000000e+02 -4.703859999999999708e+00 -1.930490000000000039e+00 0.000000000000000000e+00
1.160000000000000000e+02 -5.887109999999999843e+00 -1.879399999999999959e-01 0.000000000000000000e+00
1.170000000000000000e+02 -3.760440000000000005e+00 9.554999999999999605e-02 0.000000000000000000e+00
1.180000000000000000e+02 -4.995149999999999757e+00 1.738269999999999982e+00 0.000000000000000000e+00
1.190000000000000000e+02 -5.398640000000000327e+00 5.483819999999999695e+00 0.000000000000000000e+00
1.200000000000000000e+02 -4.445750000000000313e+00 7.357730000000000103e+00 0.000000000000000000e+00
1.210000000000000000e+02 -3.492690000000000072e+00 9.348839999999999151e+00 0.000000000000000000e+00
1.220000000000000000e+02 -2.589560000000000084e+00 1.121324000000000076e+01 0.000000000000000000e+00
1.230000000000000000e+02 -2.943950000000000067e+00 1.498310999999999993e+01 0.000000000000000000e+00
1.240000000000000000e+02 -2.041760000000000019e+00 1.684579000000000093e+01 0.000000000000000000e+00
1.250000000000000000e+02 -3.278490000000000126e+00 1.859957999999999956e+01 0.000000000000000000e+00
1.260000000000000000e+02 -5.845399999999999485e-01 -1.895026999999999973e+01 0.000000000000000000e+00
1.270000000000000000e+02 -1.022529999999999939e+00 -1.688610999999999862e+01 0.000000000000000000e+00
1.280000000000000000e+02 -1.125140000000000029e+00 -1.465830000000000055e+01 0.000000000000000000e+00
1.290000000000000000e+02 -1.409520000000000106e+00 -1.261001000000000083e+01 0.000000000000000000e+00
1.300000000000000000e+02 -1.703869999999999996e+00 -1.043995999999999924e+01 0.000000000000000000e+00
1.310000000000000000e+02 -2.019610000000000127e+00 -8.384309999999999263e+00 0.000000000000000000e+00
1.320000000000000000e+02 -2.275539999999999896e+00 -6.296529999999999738e+00 0.000000000000000000e+00
1.330000000000000000e+02 -2.549049999999999816e+00 -3.832829999999999959e+00 0.000000000000000000e+00
1.340000000000000000e+02 -2.650040000000000173e+00 -1.685459999999999958e+00 0.000000000000000000e+00
1.350000000000000000e+02 -1.507230000000000070e+00 1.459000000000000054e-02 0.000000000000000000e+00
1.360000000000000000e+02 -2.949530000000000207e+00 1.997770000000000046e+00 0.000000000000000000e+00
1.370000000000000000e+02 -4.134629999999999583e+00 3.803920000000000190e+00 0.000000000000000000e+00
1.380000000000000000e+02 -3.150199999999999889e+00 5.652379999999999960e+00 0.000000000000000000e+00
1.390000000000000000e+02 -2.386330000000000062e+00 7.593869999999999898e+00 0.000000000000000000e+00
1.400000000000000000e+02 -1.324999999999999956e+00 9.417709999999999582e+00 0.000000000000000000e+00
1.410000000000000000e+02 -1.728099999999999969e+00 1.312925000000000075e+01 0.000000000000000000e+00
1.420000000000000000e+02 -8.421499999999999542e-01 1.506301999999999985e+01 0.000000000000000000e+00
1.430000000000000000e+02 -7.730000000000000204e-01 1.990155999999999992e+01 0.000000000000000000e+00
1.440000000000000000e+02 9.339600000000000124e-01 -1.755708999999999875e+01 0.000000000000000000e+00
1.450000000000000000e+02 7.951599999999999779e-01 -1.549389000000000038e+01 0.000000000000000000e+00
1.460000000000000000e+02 5.807499999999999885e-01 -1.341519000000000084e+01 0.000000000000000000e+00
1.470000000000000000e+02 2.411699999999999955e-01 -1.128227000000000046e+01 0.000000000000000000e+00
1.480000000000000000e+02 -5.795000000000000151e-02 -9.195959999999999468e+00 0.000000000000000000e+00
1.490000000000000000e+02 -3.586099999999999843e-01 -7.095340000000000202e+00 0.000000000000000000e+00
1.500000000000000000e+02 1.172960000000000003e+00 -5.669579999999999842e+00 0.000000000000000000e+00
1.510000000000000000e+02 -7.239499999999999824e-01 -4.859119999999999884e+00 0.000000000000000000e+00
1.520000000000000000e+02 -8.293399999999999661e-01 -2.673659999999999926e+00 0.000000000000000000e+00
1.530000000000000000e+02 -8.085299999999999709e-01 2.104470000000000063e+00 0.000000000000000000e+00
1.540000000000000000e+02 -1.965330000000000021e+00 3.909679999999999822e+00 0.000000000000000000e+00
1.550000000000000000e+02 -1.044559999999999933e+00 5.756160000000000387e+00 0.000000000000000000e+00
1.560000000000000000e+02 -2.454099999999999893e-01 7.665259999999999962e+00 0.000000000000000000e+00
1.570000000000000000e+02 7.709899999999999531e-01 9.630480000000000373e+00 0.000000000000000000e+00
1.580000000000000000e+02 -4.814200000000000146e-01 1.132000999999999991e+01 0.000000000000000000e+00
1.590000000000000000e+02 3.762499999999999734e-01 1.331508000000000003e+01 0.000000000000000000e+00
1.600000000000000000e+02 1.702299999999999924e-01 1.726272000000000162e+01 0.000000000000000000e+00
1.610000000000000000e+02 3.313140000000000196e+00 1.928159000000000134e+01 0.000000000000000000e+00
1.620000000000000000e+02 1.437009999999999899e+00 -2.000625000000000142e+01 0.000000000000000000e+00
1.630000000000000000e+02 2.736650000000000027e+00 -1.625103000000000009e+01 0.000000000000000000e+00
1.640000000000000000e+02 2.566120000000000179e+00 -1.418079000000000001e+01 0.000000000000000000e+00
1.650000000000000000e+02 2.179240000000000066e+00 -1.205847999999999942e+01 0.000000000000000000e+00
1.660000000000000000e+02 1.886269999999999891e+00 -1.001997000000000071e+01 0.000000000000000000e+00
1.670000000000000000e+02 1.580529999999999990e+00 -7.887880000000000003e+00 0.000000000000000000e+00
1.680000000000000000e+02 3.037999999999999812e+00 -4.447589999999999932e+00 0.000000000000000000e+00
1.690000000000000000e+02 1.111790000000000056e+00 -3.584410000000000096e+00 0.000000000000000000e+00
1.700000000000000000e+02 9.180599999999999872e-01 -1.518389999999999906e+00 0.000000000000000000e+00
1.710000000000000000e+02 6.675600000000000422e-01 5.413799999999999724e-01 0.000000000000000000e+00
1.720000000000000000e+02 9.697999999999999676e-02 4.006789999999999630e+00 0.000000000000000000e+00
1.730000000000000000e+02 1.193419999999999925e+00 5.762570000000000192e+00 0.000000000000000000e+00
1.740000000000000000e+02 1.875990000000000046e+00 7.859169999999999767e+00 0.000000000000000000e+00
1.750000000000000000e+02 2.843700000000000117e+00 9.758210000000000051e+00 0.000000000000000000e+00
1.760000000000000000e+02 1.615620000000000056e+00 1.160927000000000042e+01 0.000000000000000000e+00
1.770000000000000000e+02 2.463509999999999867e+00 1.356386999999999965e+01 0.000000000000000000e+00
1.780000000000000000e+02 1.234329999999999927e+00 1.534690999999999939e+01 0.000000000000000000e+00
1.790000000000000000e+02 2.363579999999999792e+00 1.727634000000000114e+01 0.000000000000000000e+00
1.800000000000000000e+02 2.998369999999999980e+00 -1.838303000000000154e+01 0.000000000000000000e+00
1.810000000000000000e+02 4.493890000000000384e+00 -1.496498000000000062e+01 0.000000000000000000e+00
1.820000000000000000e+02 4.192529999999999646e+00 -1.285346999999999973e+01 0.000000000000000000e+00
1.830000000000000000e+02 3.896669999999999856e+00 -1.082046000000000063e+01 0.000000000000000000e+00
1.840000000000000000e+02 3.554429999999999978e+00 -8.706530000000000769e+00 0.000000000000000000e+00
1.850000000000000000e+02 3.302439999999999820e+00 -6.641899999999999693e+00 0.000000000000000000e+00
1.860000000000000000e+02 4.775310000000000166e+00 -3.281750000000000167e+00 0.000000000000000000e+00
1.870000000000000000e+02 2.848700000000000010e+00 -2.347300000000000164e+00 0.000000000000000000e+00
1.880000000000000000e+02 2.692800000000000082e+00 -2.822299999999999809e-01 0.000000000000000000e+00
1.890000000000000000e+02 3.416310000000000180e+00 1.877539999999999987e+00 0.000000000000000000e+00
1.900000000000000000e+02 1.443599999999999994e+00 2.440850000000000186e+00 0.000000000000000000e+00
1.910000000000000000e+02 3.236509999999999998e+00 3.933959999999999901e+00 0.000000000000000000e+00
1.920000000000000000e+02 3.284190000000000165e+00 6.004450000000000287e+00 0.000000000000000000e+00
1.930000000000000000e+02 3.935770000000000213e+00 7.991130000000000067e+00 0.000000000000000000e+00
1.940000000000000000e+02 3.804339999999999833e+00 1.174253000000000036e+01 0.000000000000000000e+00
1.950000000000000000e+02 4.539950000000000152e+00 1.367362999999999928e+01 0.000000000000000000e+00
1.960000000000000000e+02 3.439750000000000085e+00 1.545411000000000001e+01 0.000000000000000000e+00
1.970000000000000000e+02 4.517089999999999606e+00 1.741454999999999842e+01 0.000000000000000000e+00
1.980000000000000000e+02 4.668129999999999669e+00 -1.708531999999999940e+01 0.000000000000000000e+00
1.990000000000000000e+02 6.202939999999999898e+00 -1.364938000000000073e+01 0.000000000000000000e+00
2.000000000000000000e+02 5.877970000000000361e+00 -1.157737000000000016e+01 0.000000000000000000e+00
2.010000000000000000e+02 5.577069999999999972e+00 -9.526970000000000383e+00 0.000000000000000000e+00
2.020000000000000000e+02 7.221079999999999721e+00 -8.136089999999999378e+00 0.000000000000000000e+00
2.030000000000000000e+02 5.221580000000000332e+00 -7.409150000000000347e+00 0.000000000000000000e+00
2.040000000000000000e+02 4.909209999999999852e+00 -5.347739999999999938e+00 0.000000000000000000e+00
2.050000000000000000e+02 6.875980000000000203e+00 -3.330360000000000209e+00 0.000000000000000000e+00
2.060000000000000000e+02 4.557599999999999874e+00 -1.192250000000000032e+00 0.000000000000000000e+00
2.070000000000000000e+02 5.192479999999999762e+00 8.064299999999999802e-01 0.000000000000000000e+00
2.080000000000000000e+02 5.245790000000000397e+00 2.907169999999999810e+00 0.000000000000000000e+00
2.090000000000000000e+02 5.251299999999999635e+00 5.030689999999999884e+00 0.000000000000000000e+00
2.100000000000000000e+02 5.804570000000000007e+00 7.032750000000000057e+00 0.000000000000000000e+00
2.110000000000000000e+02 5.004749999999999588e+00 9.777749999999999275e+00 0.000000000000000000e+00
2.120000000000000000e+02 5.956269999999999953e+00 1.163446000000000069e+01 0.000000000000000000e+00
2.130000000000000000e+02 6.603489999999999860e+00 1.364925000000000033e+01 0.000000000000000000e+00
2.140000000000000000e+02 5.674229999999999663e+00 1.561001000000000083e+01 0.000000000000000000e+00
2.150000000000000000e+02 6.885040000000000049e+00 1.771320000000000050e+01 0.000000000000000000e+00
2.160000000000000000e+02 5.126520000000000188e+00 -1.925901999999999958e+01 0.000000000000000000e+00
2.170000000000000000e+02 6.410140000000000171e+00 -1.582598999999999911e+01 0.000000000000000000e+00
2.180000000000000000e+02 7.892789999999999750e+00 -1.244790000000000063e+01 0.000000000000000000e+00
2.190000000000000000e+02 7.515889999999999738e+00 -1.031051000000000073e+01 0.000000000000000000e+00
2.200000000000000000e+02 8.774350000000000094e+00 -6.735640000000000072e+00 0.000000000000000000e+00
2.210000000000000000e+02 6.926479999999999748e+00 -5.783570000000000100e+00 0.000000000000000000e+00
2.220000000000000000e+02 8.597899999999999210e+00 -4.559879999999999711e+00 0.000000000000000000e+00
2.230000000000000000e+02 8.657740000000000435e+00 -2.122399999999999842e+00 0.000000000000000000e+00
2.240000000000000000e+02 6.629389999999999894e+00 -1.149899999999999922e+00 0.000000000000000000e+00
2.250000000000000000e+02 8.772109999999999630e+00 1.263900000000000023e-01 0.000000000000000000e+00
2.260000000000000000e+02 7.163770000000000415e+00 1.473139999999999894e+00 0.000000000000000000e+00
2.270000000000000000e+02 7.202849999999999753e+00 3.583380000000000010e+00 0.000000000000000000e+00
2.280000000000000000e+02 7.489670000000000272e+00 5.723290000000000433e+00 0.000000000000000000e+00
2.290000000000000000e+02 7.666150000000000020e+00 8.052659999999999485e+00 0.000000000000000000e+00
2.300000000000000000e+02 7.843980000000000175e+00 1.015826999999999991e+01 0.000000000000000000e+00
2.310000000000000000e+02 8.128209999999999269e+00 1.225759000000000043e+01 0.000000000000000000e+00
2.320000000000000000e+02 8.527219999999999800e+00 1.451525999999999961e+01 0.000000000000000000e+00
2.330000000000000000e+02 8.618209999999999482e+00 1.657460000000000022e+01 0.000000000000000000e+00
2.340000000000000000e+02 6.811410000000000409e+00 -1.785157999999999845e+01 0.000000000000000000e+00
2.350000000000000000e+02 8.095560000000000755e+00 -1.453557999999999950e+01 0.000000000000000000e+00
2.360000000000000000e+02 9.504530000000000811e+00 -1.104415999999999976e+01 0.000000000000000000e+00
2.370000000000000000e+02 9.123039999999999594e+00 -8.972189999999999444e+00 0.000000000000000000e+00
2.380000000000000000e+02 1.071106999999999942e+01 -7.664860000000000007e+00 0.000000000000000000e+00
2.390000000000000000e+02 1.052599000000000018e+01 -5.397590000000000110e+00 0.000000000000000000e+00
2.400000000000000000e+02 1.036308000000000007e+01 -3.331900000000000084e+00 0.000000000000000000e+00
2.410000000000000000e+02 1.225385999999999953e+01 -2.137080000000000091e+00 0.000000000000000000e+00
2.420000000000000000e+02 1.046537999999999968e+01 -1.054329999999999989e+00 0.000000000000000000e+00
2.430000000000000000e+02 1.068701000000000079e+01 1.225770000000000026e+00 0.000000000000000000e+00
2.440000000000000000e+02 9.014319999999999666e+00 2.443670000000000009e+00 0.000000000000000000e+00
2.450000000000000000e+02 1.280686000000000035e+01 4.268769999999999953e+00 0.000000000000000000e+00
2.460000000000000000e+02 9.179500000000000881e+00 4.515530000000000044e+00 0.000000000000000000e+00
2.470000000000000000e+02 9.423529999999999518e+00 6.708610000000000184e+00 0.000000000000000000e+00
2.480000000000000000e+02 9.611010000000000275e+00 8.878539999999999210e+00 0.000000000000000000e+00
2.490000000000000000e+02 9.783820000000000405e+00 1.101992000000000083e+01 0.000000000000000000e+00
2.500000000000000000e+02 1.004204000000000008e+01 1.310491999999999990e+01 0.000000000000000000e+00
2.510000000000000000e+02 1.047328000000000081e+01 1.524989000000000061e+01 0.000000000000000000e+00
2.520000000000000000e+02 8.531459999999999155e+00 -1.661375999999999920e+01 0.000000000000000000e+00
2.530000000000000000e+02 9.840970000000000439e+00 -1.325970000000000049e+01 0.000000000000000000e+00
2.540000000000000000e+02 1.115094999999999992e+01 -9.719129999999999825e+00 0.000000000000000000e+00
2.550000000000000000e+02 1.282022000000000084e+01 -8.460829999999999629e+00 0.000000000000000000e+00
2.560000000000000000e+02 1.237978000000000023e+01 -6.300839999999999996e+00 0.000000000000000000e+00
2.570000000000000000e+02 1.226051000000000002e+01 -4.225640000000000285e+00 0.000000000000000000e+00
2.580000000000000000e+02 1.407553000000000054e+01 -3.195710000000000051e+00 0.000000000000000000e+00
2.590000000000000000e+02 1.412729000000000035e+01 -1.093469999999999942e+00 0.000000000000000000e+00
2.600000000000000000e+02 1.231778000000000084e+01 -6.650999999999999968e-02 0.000000000000000000e+00
2.610000000000000000e+02 1.271549000000000085e+01 1.987589999999999968e+00 0.000000000000000000e+00
2.620000000000000000e+02 1.088283999999999985e+01 3.353829999999999867e+00 0.000000000000000000e+00
2.630000000000000000e+02 1.478387999999999991e+01 5.232199999999999740e+00 0.000000000000000000e+00
2.640000000000000000e+02 1.104127000000000081e+01 5.423569999999999780e+00 0.000000000000000000e+00
2.650000000000000000e+02 1.128782999999999959e+01 7.603419999999999845e+00 0.000000000000000000e+00
2.660000000000000000e+02 1.149940999999999924e+01 9.730240000000000222e+00 0.000000000000000000e+00
2.670000000000000000e+02 1.341943999999999981e+01 1.054044999999999987e+01 0.000000000000000000e+00
2.680000000000000000e+02 1.177619999999999933e+01 1.198746000000000045e+01 0.000000000000000000e+00
2.690000000000000000e+02 1.216713999999999984e+01 1.404917000000000016e+01 0.000000000000000000e+00
2.700000000000000000e+02 1.038292999999999999e+01 -1.550141999999999953e+01 0.000000000000000000e+00
2.710000000000000000e+02 1.152008000000000010e+01 -1.183488999999999969e+01 0.000000000000000000e+00
2.720000000000000000e+02 1.316721000000000075e+01 -1.053795000000000037e+01 0.000000000000000000e+00
2.730000000000000000e+02 1.478841000000000072e+01 -9.206770000000000564e+00 0.000000000000000000e+00
2.740000000000000000e+02 1.686699000000000126e+01 -8.555820000000000647e+00 0.000000000000000000e+00
2.750000000000000000e+02 1.451022000000000034e+01 -6.363069999999999560e+00 0.000000000000000000e+00
2.760000000000000000e+02 1.595508000000000060e+01 -2.151120000000000143e+00 0.000000000000000000e+00
2.770000000000000000e+02 1.639383000000000123e+01 -1.294899999999999940e-01 0.000000000000000000e+00
2.780000000000000000e+02 1.454521000000000086e+01 9.341000000000000414e-01 0.000000000000000000e+00
2.790000000000000000e+02 1.636277000000000115e+01 1.945040000000000102e+00 0.000000000000000000e+00
2.800000000000000000e+02 1.451337000000000010e+01 3.038730000000000153e+00 0.000000000000000000e+00
2.810000000000000000e+02 1.651276999999999973e+01 4.114080000000000403e+00 0.000000000000000000e+00
2.820000000000000000e+02 1.692295999999999978e+01 6.428180000000000227e+00 0.000000000000000000e+00
2.830000000000000000e+02 1.298554999999999993e+01 6.415530000000000399e+00 0.000000000000000000e+00
2.840000000000000000e+02 1.504991000000000057e+01 7.313719999999999999e+00 0.000000000000000000e+00
2.850000000000000000e+02 1.326276999999999973e+01 8.456340000000000856e+00 0.000000000000000000e+00
2.860000000000000000e+02 1.530570999999999948e+01 9.520619999999999195e+00 0.000000000000000000e+00
2.870000000000000000e+02 1.383314999999999984e+01 1.258244999999999969e+01 0.000000000000000000e+00
2.880000000000000000e+02 1.214423000000000030e+01 -1.408694000000000024e+01 0.000000000000000000e+00
2.890000000000000000e+02 1.364220000000000077e+01 -1.264455000000000062e+01 0.000000000000000000e+00
2.900000000000000000e+02 1.524249000000000009e+01 -1.127605999999999931e+01 0.000000000000000000e+00
2.910000000000000000e+02 1.668559000000000125e+01 -6.393690000000000317e+00 0.000000000000000000e+00
2.920000000000000000e+02 1.772737000000000052e+01 -4.074849999999999639e+00 0.000000000000000000e+00
2.930000000000000000e+02 1.565156999999999954e+01 -4.601040000000000241e+00 0.000000000000000000e+00
2.940000000000000000e+02 1.803303000000000011e+01 -1.989309999999999912e+00 0.000000000000000000e+00
2.950000000000000000e+02 2.031233999999999895e+01 -1.557989999999999986e+00 0.000000000000000000e+00
2.960000000000000000e+02 1.862194999999999823e+01 4.376800000000000135e-01 0.000000000000000000e+00
2.970000000000000000e+02 2.022228000000000137e+01 1.730709999999999971e+00 0.000000000000000000e+00
2.980000000000000000e+02 1.829988000000000170e+01 2.958759999999999835e+00 0.000000000000000000e+00
2.990000000000000000e+02 1.869046000000000163e+01 5.372169999999999668e+00 0.000000000000000000e+00
