0.000000000000000000e+00 -1.345454999999999934e+01 -1.487288000000000032e+01 0.000000000000000000e+00
1.000000000000000000e+00 -1.474379000000000062e+01 -1.315769000000000055e+01 0.000000000000000000e+00
2.000000000000000000e+00 -1.524114999999999931e+01 -1.111940000000000062e+01 0.000000000000000000e+00
3.000000000000000000e+00 -1.644610000000000127e+01 -9.272700000000000387e+00 0.000000000000000000e+00
4.000000000000000000e+00 -1.758269999999999911e+01 -7.209290000000000198e+00 0.000000000000000000e+00
5.000000000000000000e+00 -1.858298999999999879e+01 -2.438649999999999984e+00 0.000000000000000000e+00
6.000000000000000000e+00 -1.809095999999999904e+01 -4.492149999999999643e+00 0.000000000000000000e+00
7.000000000000000000e+00 -1.961905000000000143e+01 -4.041000000000000147e-01 0.000000000000000000e+00
8.000000000000000000e+00 -1.724756000000000000e+01 -7.759399999999999631e-01 0.000000000000000000e+00
9.000000000000000000e+00 -1.811474000000000117e+01 1.295449999999999990e+00 0.000000000000000000e+00
1.000000000000000000e+01 -1.661300999999999917e+01 2.740870000000000140e+00 0.000000000000000000e+00
1.100000000000000000e+01 -2.002379000000000175e+01 2.090009999999999923e+00 0.000000000000000000e+00
1.200000000000000000e+01 -1.783223999999999876e+01 4.548399999999999999e+00 0.000000000000000000e+00
1.300000000000000000e+01 -1.993212000000000117e+01 4.404429999999999623e+00 0.000000000000000000e+00
1.400000000000000000e+01 -1.858214999999999861e+01 6.830049999999999955e+00 0.000000000000000000e+00
1.500000000000000000e+01 -1.725812000000000168e+01 8.577019999999999200e+00 0.000000000000000000e+00
1.600000000000000000e+01 -1.623358999999999952e+01 1.051631000000000071e+01 0.000000000000000000e+00
1.700000000000000000e+01 -1.483667999999999942e+01 1.222480000000000011e+01 0.000000000000000000e+00
1.800000000000000000e+01 -1.139826000000000050e+01 -1.502050000000000018e+01 0.000000000000000000e+00
1.900000000000000000e+01 -1.221067000000000036e+01 -1.311823000000000050e+01 0.000000000000000000e+00
2.000000000000000000e+01 -1.312556999999999974e+01 -1.125439000000000078e+01 0.000000000000000000e+00
2.100000000000000000e+01 -1.420649000000000051e+01 -9.324709999999999610e+00 0.000000000000000000e+00
2.200000000000000000e+01 -1.513510999999999918e+01 -7.152519999999999989e+00 0.000000000000000000e+00
2.300000000000000000e+01 -1.593717999999999968e+01 -4.892809999999999881e+00 0.000000000000000000e+00
2.400000000000000000e+01 -1.451045000000000051e+01 -3.346400000000000041e+00 0.000000000000000000e+00
2.500000000000000000e+01 -1.657311999999999941e+01 -2.939589999999999925e+00 0.000000000000000000e+00
2.600000000000000000e+01 -1.523841000000000001e+01 -1.326629999999999976e+00 0.000000000000000000e+00
2.700000000000000000e+01 -1.578322999999999965e+01 8.228100000000000414e-01 0.000000000000000000e+00
2.800000000000000000e+01 -1.446418000000000070e+01 2.426579999999999959e+00 0.000000000000000000e+00
2.900000000000000000e+01 -1.532898999999999923e+01 4.370639999999999858e+00 0.000000000000000000e+00
3.000000000000000000e+01 -1.411524000000000001e+01 6.086700000000000443e+00 0.000000000000000000e+00
3.100000000000000000e+01 -1.632706999999999908e+01 6.174330000000000318e+00 0.000000000000000000e+00
3.200000000000000000e+01 -1.525140999999999991e+01 8.080399999999999139e+00 0.000000000000000000e+00
3.300000000000000000e+01 -1.413512000000000057e+01 9.854210000000000136e+00 0.000000000000000000e+00
3.400000000000000000e+01 -1.336622000000000021e+01 1.367736000000000018e+01 0.000000000000000000e+00
3.500000000000000000e+01 -1.147031999999999918e+01 1.521810999999999936e+01 0.000000000000000000e+00
3.600000000000000000e+01 -8.011449999999999960e+00 -1.753359999999999985e+01 0.000000000000000000e+00
3.700000000000000000e+01 -1.014451000000000036e+01 -1.319652999999999921e+01 0.000000000000000000e+00
3.800000000000000000e+01 -1.105502000000000073e+01 -1.126357999999999926e+01 0.000000000000000000e+00
3.900000000000000000e+01 -1.197174000000000049e+01 -9.252539999999999765e+00 0.000000000000000000e+00
4.000000000000000000e+01 -1.293088999999999977e+01 -7.286129999999999995e+00 0.000000000000000000e+00
4.100000000000000000e+01 -1.383117999999999981e+01 -5.423930000000000362e+00 0.000000000000000000e+00
4.200000000000000000e+01 -1.247264000000000017e+01 -3.755230000000000068e+00 0.000000000000000000e+00
4.300000000000000000e+01 -1.307821999999999996e+01 -1.793530000000000069e+00 0.000000000000000000e+00
4.400000000000000000e+01 -1.145149999999999935e+01 1.695399999999999963e-01 0.000000000000000000e+00
4.500000000000000000e+01 -1.377167000000000030e+01 1.946799999999999919e-01 0.000000000000000000e+00
4.600000000000000000e+01 -1.242869999999999919e+01 2.075709999999999944e+00 0.000000000000000000e+00
4.700000000000000000e+01 -1.326463000000000036e+01 4.148950000000000138e+00 0.000000000000000000e+00
4.800000000000000000e+01 -1.185515000000000008e+01 5.765069999999999695e+00 0.000000000000000000e+00
4.900000000000000000e+01 -1.309401000000000082e+01 8.034159999999999968e+00 0.000000000000000000e+00
5.000000000000000000e+01 -1.177627999999999986e+01 9.724589999999999179e+00 0.000000000000000000e+00
5.100000000000000000e+01 -1.275904000000000060e+01 1.158430000000000071e+01 0.000000000000000000e+00
5.200000000000000000e+01 -1.130924000000000085e+01 1.306427000000000049e+01 0.000000000000000000e+00
5.300000000000000000e+01 -9.994559999999999889e+00 1.687057000000000073e+01 0.000000000000000000e+00
5.400000000000000000e+01 -6.027700000000000280e+00 -1.818523000000000067e+01 0.000000000000000000e+00
5.500000000000000000e+01 -9.269880000000000564e+00 -1.567243000000000031e+01 0.000000000000000000e+00
5.600000000000000000e+01 -8.983420000000000627e+00 -1.145120000000000005e+01 0.000000000000000000e+00
5.700000000000000000e+01 -9.864599999999999369e+00 -9.493180000000000618e+00 0.000000000000000000e+00
5.800000000000000000e+01 -1.079316000000000031e+01 -7.508980000000000210e+00 0.000000000000000000e+00
5.900000000000000000e+01 -1.162786999999999971e+01 -5.629929999999999879e+00 0.000000000000000000e+00
6.000000000000000000e+01 -1.041548000000000052e+01 -3.899129999999999985e+00 0.000000000000000000e+00
6.100000000000000000e+01 -1.098357999999999990e+01 -1.851930000000000076e+00 0.000000000000000000e+00
6.200000000000000000e+01 -9.396800000000000708e+00 8.068000000000000171e-02 0.000000000000000000e+00
6.300000000000000000e+01 -1.037175000000000047e+01 1.915650000000000075e+00 0.000000000000000000e+00
6.400000000000000000e+01 -1.100356999999999985e+01 3.886639999999999873e+00 0.000000000000000000e+00
6.500000000000000000e+01 -9.542239999999999611e+00 5.342999999999999972e+00 0.000000000000000000e+00
6.600000000000000000e+01 -1.095842999999999989e+01 7.812079999999999913e+00 0.000000000000000000e+00
6.700000000000000000e+01 -8.379949999999999122e+00 9.417329999999999757e+00 0.000000000000000000e+00
6.800000000000000000e+01 -1.012837999999999994e+01 1.104856999999999978e+01 0.000000000000000000e+00
6.900000000000000000e+01 -9.243600000000000705e+00 1.290137000000000000e+01 0.000000000000000000e+00
7.000000000000000000e+01 -9.008160000000000167e+00 1.495781999999999989e+01 0.000000000000000000e+00
7.100000000000000000e+01 -6.303379999999999761e+00 1.758968000000000131e+01 0.000000000000000000e+00
7.200000000000000000e+01 -3.791879999999999917e+00 -1.756669000000000125e+01 0.000000000000000000e+00
7.300000000000000000e+01 -7.093280000000000030e+00 -1.549802000000000035e+01 0.000000000000000000e+00
7.400000000000000000e+01 -7.964459999999999873e+00 -1.359228000000000058e+01 0.000000000000000000e+00
7.500000000000000000e+01 -7.780520000000000103e+00 -9.738989999999999370e+00 0.000000000000000000e+00
7.600000000000000000e+01 -8.666380000000000194e+00 -7.804890000000000327e+00 0.000000000000000000e+00
7.700000000000000000e+01 -9.561360000000000525e+00 -5.810130000000000017e+00 0.000000000000000000e+00
7.800000000000000000e+01 -8.366740000000000066e+00 -4.055369999999999919e+00 0.000000000000000000e+00
7.900000000000000000e+01 -8.907659999999999911e+00 -1.939969999999999972e+00 0.000000000000000000e+00
8.000000000000000000e+01 -7.276889999999999858e+00 -2.012999999999999859e-02 0.000000000000000000e+00
8.100000000000000000e+01 -8.264509999999999579e+00 1.878959999999999964e+00 0.000000000000000000e+00
8.200000000000000000e+01 -7.940339999999999954e+00 3.921559999999999935e+00 0.000000000000000000e+00
8.300000000000000000e+01 -7.446419999999999817e+00 5.934870000000000090e+00 0.000000000000000000e+00
8.400000000000000000e+01 -8.938179999999999126e+00 7.351320000000000299e+00 0.000000000000000000e+00
8.500000000000000000e+01 -6.283019999999999605e+00 1.002408999999999928e+01 0.000000000000000000e+00
8.600000000000000000e+01 -7.757380000000000386e+00 1.146470000000000056e+01 0.000000000000000000e+00
8.700000000000000000e+01 -7.240879999999999761e+00 1.348384000000000071e+01 0.000000000000000000e+00
8.800000000000000000e+01 -7.052629999999999733e+00 1.564462999999999937e+01 0.000000000000000000e+00
8.900000000000000000e+01 -4.339039999999999786e+00 1.834434999999999860e+01 0.000000000000000000e+00
9.000000000000000000e+01 -3.224880000000000191e+00 -1.969829999999999970e+01 0.000000000000000000e+00
9.100000000000000000e+01 -4.731869999999999798e+00 -1.571302000000000021e+01 0.000000000000000000e+00
9.200000000000000000e+01 -5.717450000000000365e+00 -1.374970000000000070e+01 0.000000000000000000e+00
9.300000000000000000e+01 -6.810679999999999623e+00 -1.179631000000000007e+01 0.000000000000000000e+00
9.400000000000000000e+01 -6.564429999999999765e+00 -7.998050000000000104e+00 0.000000000000000000e+00
9.500000000000000000e+01 -7.478130000000000166e+00 -6.026040000000000063e+00 0.000000000000000000e+00
9.600000000000000000e+01 -6.281340000000000146e+00 -4.296249999999999680e+00 0.000000000000000000e+00
9.700000000000000000e+01 -6.876730000000000231e+00 -2.316100000000000048e+00 0.000000000000000000e+00
9.800000000000000000e+01 -5.337679999999999758e+00 -8.422399999999999887e-01 0.000000000000000000e+00
9.900000000000000000e+01 -4.809190000000000076e+00 1.161070000000000046e+00 0.000000000000000000e+00
1.000000000000000000e+02 -6.312490000000000379e+00 2.557230000000000114e+00 0.000000000000000000e+00
1.010000000000000000e+02 -5.861469999999999736e+00 4.582390000000000185e+00 0.000000000000000000e+00
1.020000000000000000e+02 -5.162620000000000431e+00 6.705149999999999721e+00 0.000000000000000000e+00
1.030000000000000000e+02 -6.866310000000000358e+00 8.010730000000000572e+00 0.000000000000000000e+00
1.040000000000000000e+02 -5.581179999999999808e+00 1.220584999999999987e+01 0.000000000000000000e+00
1.050000000000000000e+02 -5.053279999999999994e+00 1.423601999999999990e+01 0.000000000000000000e+00
1.060000000000000000e+02 -4.678519999999999790e+00 1.629992999999999981e+01 0.000000000000000000e+00
1.070000000000000000e+02 -2.301750000000000185e+00 1.896081999999999823e+01 0.000000000000000000e+00
1.080000000000000000e+02 -2.429230000000000000e+00 -1.561727999999999916e+01 0.000000000000000000e+00
1.090000000000000000e+02 -3.620519999999999960e+00 -1.381156000000000006e+01 0.000000000000000000e+00
1.100000000000000000e+02 -4.673630000000000173e+00 -1.194319999999999915e+01 0.000000000000000000e+00
1.110000000000000000e+02 -5.689739999999999576e+00 -9.964380000000000237e+00 0.000000000000000000e+00
1.120000000000000000e+02 -4.443550000000000111e+00 -8.190490000000000492e+00 0.000000000000000000e+00
1.130000000000000000e+02 -5.415160000000000196e+00 -6.233460000000000001e+00 0.000000000000000000e+00
1.140000000000000000e+02 -4.195630000000000415e+00 -4.466529999999999667e+00 0.000000000000000000e+00
1.150000000000000000e+02 -3.885069999999999801e+00 -2.431299999999999795e+00 0.000000000000000000e+00
1.160000000000000000e+02 -3.253359999999999808e+00 -3.122400000000000175e-01 0.000000000000000000e+00
1.170000000000000000e+02 -2.821639999999999926e+00 1.720390000000000086e+00 0.000000000000000000e+00
1.180000000000000000e+02 -4.284430000000000405e+00 3.223460000000000214e+00 0.000000000000000000e+00
1.190000000000000000e+02 -3.706949999999999967e+00 5.249220000000000219e+00 0.000000000000000000e+00
1.200000000000000000e+02 -3.145599999999999952e+00 7.281570000000000320e+00 0.000000000000000000e+00
1.210000000000000000e+02 -4.638600000000000279e+00 8.747690000000000410e+00 0.000000000000000000e+00
1.220000000000000000e+02 -4.050790000000000113e+00 1.073520000000000074e+01 0.000000000000000000e+00
1.230000000000000000e+02 -3.542959999999999887e+00 1.283159000000000027e+01 0.000000000000000000e+00
1.240000000000000000e+02 -3.065819999999999990e+00 1.489386999999999972e+01 0.000000000000000000e+00
1.250000000000000000e+02 -2.534060000000000201e+00 1.689035000000000153e+01 0.000000000000000000e+00
1.260000000000000000e+02 -1.423189999999999955e+00 -1.771807000000000087e+01 0.000000000000000000e+00
1.270000000000000000e+02 -1.277970000000000050e+00 -1.386358000000000068e+01 0.000000000000000000e+00
1.280000000000000000e+02 -2.531210000000000182e+00 -1.206334000000000017e+01 0.000000000000000000e+00
1.290000000000000000e+02 -3.614510000000000112e+00 -1.009431000000000012e+01 0.000000000000000000e+00
1.300000000000000000e+02 -2.309039999999999981e+00 -8.147339999999999804e+00 0.000000000000000000e+00
1.310000000000000000e+02 -3.312479999999999869e+00 -6.353439999999999976e+00 0.000000000000000000e+00
1.320000000000000000e+02 -2.161459999999999937e+00 -3.941260000000000208e+00 0.000000000000000000e+00
1.330000000000000000e+02 -1.765500000000000069e+00 -1.860899999999999999e+00 0.000000000000000000e+00
1.340000000000000000e+02 -1.241460000000000008e+00 2.038099999999999912e-01 0.000000000000000000e+00
1.350000000000000000e+02 -7.354500000000000481e-01 2.322569999999999801e+00 0.000000000000000000e+00
1.360000000000000000e+02 -2.236569999999999947e+00 3.726150000000000073e+00 0.000000000000000000e+00
1.370000000000000000e+02 -1.711459999999999981e+00 5.737709999999999866e+00 0.000000000000000000e+00
1.380000000000000000e+02 -1.034969999999999946e+00 7.692370000000000374e+00 0.000000000000000000e+00
1.390000000000000000e+02 -2.517580000000000151e+00 9.287459999999999383e+00 0.000000000000000000e+00
1.400000000000000000e+02 -1.990629999999999900e+00 1.129939000000000071e+01 0.000000000000000000e+00
1.410000000000000000e+02 -1.512659999999999894e+00 1.340504999999999924e+01 0.000000000000000000e+00
1.420000000000000000e+02 -1.069669999999999899e+00 1.542342999999999975e+01 0.000000000000000000e+00
1.430000000000000000e+02 -5.598300000000000498e-01 1.751274000000000086e+01 0.000000000000000000e+00
1.440000000000000000e+02 1.725130000000000052e+00 -1.718659999999999854e+01 0.000000000000000000e+00
1.450000000000000000e+02 1.194000000000000061e-01 -1.543599999999999994e+01 0.000000000000000000e+00
1.460000000000000000e+02 -2.216200000000000114e-01 -1.189852999999999916e+01 0.000000000000000000e+00
1.470000000000000000e+02 -1.559960000000000013e+00 -1.021902000000000044e+01 0.000000000000000000e+00
1.480000000000000000e+02 -2.393200000000000049e-01 -8.613479999999999137e+00 0.000000000000000000e+00
1.490000000000000000e+02 6.232900000000000107e-01 -6.748739999999999739e+00 0.000000000000000000e+00
1.500000000000000000e+02 -1.265419999999999989e+00 -5.803309999999999746e+00 0.000000000000000000e+00
1.510000000000000000e+02 -2.014900000000000024e-01 -3.278900000000000148e+00 0.000000000000000000e+00
1.520000000000000000e+02 2.646899999999999809e-01 -1.275600000000000067e+00 0.000000000000000000e+00
1.530000000000000000e+02 7.499500000000000055e-01 8.425099999999999811e-01 0.000000000000000000e+00
1.540000000000000000e+02 -1.969799999999999884e-01 4.326870000000000438e+00 0.000000000000000000e+00
1.550000000000000000e+02 5.278100000000000014e-01 6.262819999999999609e+00 0.000000000000000000e+00
1.560000000000000000e+02 1.056689999999999907e+00 8.291439999999999699e+00 0.000000000000000000e+00
1.570000000000000000e+02 -4.907400000000000095e-01 9.851670000000000371e+00 0.000000000000000000e+00
1.580000000000000000e+02 5.709999999999999798e-02 1.188559000000000054e+01 0.000000000000000000e+00
1.590000000000000000e+02 5.618800000000000461e-01 1.405444999999999922e+01 0.000000000000000000e+00
1.600000000000000000e+02 1.023409999999999931e+00 1.615711999999999904e+01 0.000000000000000000e+00
1.610000000000000000e+02 1.639869999999999939e+00 1.814517000000000024e+01 0.000000000000000000e+00
1.620000000000000000e+02 1.304800000000000126e-01 -1.940737999999999985e+01 0.000000000000000000e+00
1.630000000000000000e+02 2.439080000000000137e+00 -1.519472000000000023e+01 0.000000000000000000e+00
1.640000000000000000e+02 1.168600000000000083e+00 -1.356739999999999924e+01 0.000000000000000000e+00
1.650000000000000000e+02 1.048729999999999940e+00 -1.027270000000000039e+01 0.000000000000000000e+00
1.660000000000000000e+02 1.977389999999999981e+00 -8.314750000000000085e+00 0.000000000000000000e+00
1.670000000000000000e+02 2.642790000000000195e+00 -6.344929999999999737e+00 0.000000000000000000e+00
1.680000000000000000e+02 1.289690000000000003e+00 -4.775999999999999801e+00 0.000000000000000000e+00
1.690000000000000000e+02 1.765940000000000065e+00 -2.674859999999999793e+00 0.000000000000000000e+00
1.700000000000000000e+02 2.280609999999999804e+00 -6.751700000000000479e-01 0.000000000000000000e+00
1.710000000000000000e+02 2.859309999999999796e+00 1.303560000000000052e+00 0.000000000000000000e+00
1.720000000000000000e+02 1.327329999999999899e+00 2.815789999999999793e+00 0.000000000000000000e+00
1.730000000000000000e+02 2.025760000000000005e+00 4.857610000000000205e+00 0.000000000000000000e+00
1.740000000000000000e+02 2.626689999999999969e+00 6.838320000000000398e+00 0.000000000000000000e+00
1.750000000000000000e+02 1.541330000000000089e+00 1.042717000000000027e+01 0.000000000000000000e+00
1.760000000000000000e+02 2.121960000000000068e+00 1.242206999999999972e+01 0.000000000000000000e+00
1.770000000000000000e+02 2.723170000000000091e+00 1.447456999999999994e+01 0.000000000000000000e+00
1.780000000000000000e+02 3.236829999999999874e+00 1.647924000000000078e+01 0.000000000000000000e+00
1.790000000000000000e+02 -1.366300000000000014e-01 1.966304999999999836e+01 0.000000000000000000e+00
1.800000000000000000e+02 2.693960000000000132e+00 -1.907222000000000151e+01 0.000000000000000000e+00
1.810000000000000000e+02 3.648930000000000007e+00 -1.352815999999999974e+01 0.000000000000000000e+00
1.820000000000000000e+02 2.474439999999999973e+00 -1.181553000000000075e+01 0.000000000000000000e+00
1.830000000000000000e+02 3.305109999999999992e+00 -9.899950000000000472e+00 0.000000000000000000e+00
1.840000000000000000e+02 4.040530000000000399e+00 -7.924290000000000056e+00 0.000000000000000000e+00
1.850000000000000000e+02 4.723690000000000389e+00 -5.793199999999999683e+00 0.000000000000000000e+00
1.860000000000000000e+02 3.294480000000000075e+00 -4.307319999999999816e+00 0.000000000000000000e+00
1.870000000000000000e+02 3.834260000000000002e+00 -2.319069999999999965e+00 0.000000000000000000e+00
1.880000000000000000e+02 4.404020000000000046e+00 -2.856600000000000250e-01 0.000000000000000000e+00
1.890000000000000000e+02 5.051879999999999704e+00 1.837749999999999995e+00 0.000000000000000000e+00
1.900000000000000000e+02 3.491969999999999796e+00 3.309159999999999879e+00 0.000000000000000000e+00
1.910000000000000000e+02 4.045989999999999753e+00 5.329649999999999999e+00 0.000000000000000000e+00
1.920000000000000000e+02 4.655300000000000438e+00 7.315549999999999997e+00 0.000000000000000000e+00
1.930000000000000000e+02 3.102489999999999970e+00 8.942959999999999354e+00 0.000000000000000000e+00
1.940000000000000000e+02 3.600639999999999841e+00 1.097597000000000023e+01 0.000000000000000000e+00
1.950000000000000000e+02 4.282140000000000057e+00 1.293375999999999948e+01 0.000000000000000000e+00
1.960000000000000000e+02 4.794859999999999900e+00 1.494055000000000000e+01 0.000000000000000000e+00
1.970000000000000000e+02 4.012839999999999741e+00 1.869988999999999990e+01 0.000000000000000000e+00
1.980000000000000000e+02 3.967290000000000205e+00 -1.704028999999999883e+01 0.000000000000000000e+00
1.990000000000000000e+02 5.075459999999999638e+00 -1.522821000000000069e+01 0.000000000000000000e+00
2.000000000000000000e+02 4.623190000000000133e+00 -1.162359000000000009e+01 0.000000000000000000e+00
2.010000000000000000e+02 5.373219999999999885e+00 -9.556699999999999307e+00 0.000000000000000000e+00
2.020000000000000000e+02 6.046109999999999651e+00 -7.404869999999999841e+00 0.000000000000000000e+00
2.030000000000000000e+02 6.732400000000000162e+00 -5.344549999999999912e+00 0.000000000000000000e+00
2.040000000000000000e+02 5.283689999999999998e+00 -3.779739999999999878e+00 0.000000000000000000e+00
2.050000000000000000e+02 5.865240000000000009e+00 -1.776960000000000095e+00 0.000000000000000000e+00
2.060000000000000000e+02 6.437680000000000291e+00 2.888299999999999756e-01 0.000000000000000000e+00
2.070000000000000000e+02 7.133960000000000079e+00 2.246469999999999967e+00 0.000000000000000000e+00
2.080000000000000000e+02 5.515640000000000320e+00 3.868809999999999860e+00 0.000000000000000000e+00
2.090000000000000000e+02 7.558650000000000091e+00 4.329439999999999955e+00 0.000000000000000000e+00
2.100000000000000000e+02 6.151510000000000034e+00 5.866950000000000109e+00 0.000000000000000000e+00
2.110000000000000000e+02 5.194230000000000125e+00 9.344319999999999737e+00 0.000000000000000000e+00
2.120000000000000000e+02 5.801090000000000302e+00 1.142041000000000039e+01 0.000000000000000000e+00
2.130000000000000000e+02 6.290910000000000224e+00 1.347035999999999945e+01 0.000000000000000000e+00
2.140000000000000000e+02 6.880630000000000024e+00 1.553257999999999939e+01 0.000000000000000000e+00
2.150000000000000000e+02 5.264310000000000045e+00 1.697242999999999924e+01 0.000000000000000000e+00
2.160000000000000000e+02 6.393340000000000245e+00 -1.695047999999999888e+01 0.000000000000000000e+00
2.170000000000000000e+02 5.888320000000000221e+00 -1.329542999999999964e+01 0.000000000000000000e+00
2.180000000000000000e+02 6.700020000000000309e+00 -1.121981000000000073e+01 0.000000000000000000e+00
2.190000000000000000e+02 7.406450000000000422e+00 -8.995120000000000005e+00 0.000000000000000000e+00
2.200000000000000000e+02 8.126899999999999125e+00 -6.986270000000000202e+00 0.000000000000000000e+00
2.210000000000000000e+02 8.788320000000000576e+00 -4.975740000000000052e+00 0.000000000000000000e+00
2.220000000000000000e+02 7.282650000000000290e+00 -3.304889999999999883e+00 0.000000000000000000e+00
2.230000000000000000e+02 7.896959999999999980e+00 -1.322980000000000045e+00 0.000000000000000000e+00
2.240000000000000000e+02 9.955989999999999895e+00 -8.403699999999999504e-01 0.000000000000000000e+00
2.250000000000000000e+02 8.532510000000000261e+00 7.320600000000000440e-01 0.000000000000000000e+00
2.260000000000000000e+02 9.147190000000000154e+00 2.796570000000000000e+00 0.000000000000000000e+00
2.270000000000000000e+02 9.711740000000000705e+00 4.871599999999999930e+00 0.000000000000000000e+00
2.280000000000000000e+02 8.165990000000000748e+00 6.311759999999999593e+00 0.000000000000000000e+00
2.290000000000000000e+02 6.694130000000000358e+00 7.868120000000000225e+00 0.000000000000000000e+00
2.300000000000000000e+02 7.231399999999999828e+00 9.902240000000000819e+00 0.000000000000000000e+00
2.310000000000000000e+02 7.842089999999999783e+00 1.207041000000000075e+01 0.000000000000000000e+00
2.320000000000000000e+02 8.435660000000000380e+00 1.413801999999999914e+01 0.000000000000000000e+00
2.330000000000000000e+02 7.298499999999999766e+00 1.763570999999999955e+01 0.000000000000000000e+00
2.340000000000000000e+02 5.456409999999999982e+00 -1.887114000000000047e+01 0.000000000000000000e+00
2.350000000000000000e+02 7.215950000000000308e+00 -1.501908000000000065e+01 0.000000000000000000e+00
2.360000000000000000e+02 8.039400000000000546e+00 -1.279433000000000042e+01 0.000000000000000000e+00
2.370000000000000000e+02 8.685940000000000438e+00 -1.063502000000000081e+01 0.000000000000000000e+00
2.380000000000000000e+02 9.441850000000000520e+00 -8.586610000000000298e+00 0.000000000000000000e+00
2.390000000000000000e+02 1.017195000000000071e+01 -6.595089999999999897e+00 0.000000000000000000e+00
2.400000000000000000e+02 1.082554999999999978e+01 -4.393959999999999866e+00 0.000000000000000000e+00
2.410000000000000000e+02 9.316449999999999676e+00 -2.928049999999999820e+00 0.000000000000000000e+00
2.420000000000000000e+02 1.202605999999999931e+01 -3.967200000000000171e-01 0.000000000000000000e+00
2.430000000000000000e+02 1.057343000000000011e+01 1.183780000000000054e+00 0.000000000000000000e+00
2.440000000000000000e+02 1.119959000000000060e+01 3.184740000000000126e+00 0.000000000000000000e+00
2.450000000000000000e+02 1.174193999999999960e+01 5.325870000000000104e+00 0.000000000000000000e+00
2.460000000000000000e+02 1.021781999999999968e+01 6.945560000000000400e+00 0.000000000000000000e+00
2.470000000000000000e+02 8.746829999999999217e+00 8.417630000000000834e+00 0.000000000000000000e+00
2.480000000000000000e+02 9.235630000000000450e+00 1.048115999999999914e+01 0.000000000000000000e+00
2.490000000000000000e+02 1.141949999999999932e+01 1.101905000000000001e+01 0.000000000000000000e+00
2.500000000000000000e+02 9.869880000000000209e+00 1.261961999999999939e+01 0.000000000000000000e+00
2.510000000000000000e+02 8.866179999999999950e+00 1.624226000000000170e+01 0.000000000000000000e+00
2.520000000000000000e+02 8.723839999999999151e+00 -1.646020000000000039e+01 0.000000000000000000e+00
2.530000000000000000e+02 9.396910000000000096e+00 -1.445504999999999995e+01 0.000000000000000000e+00
2.540000000000000000e+02 1.005649000000000015e+01 -1.223365000000000080e+01 0.000000000000000000e+00
2.550000000000000000e+02 1.076360999999999990e+01 -1.028241000000000049e+01 0.000000000000000000e+00
2.560000000000000000e+02 1.163325999999999993e+01 -8.193630000000000635e+00 0.000000000000000000e+00
2.570000000000000000e+02 1.218083999999999989e+01 -6.076889999999999681e+00 0.000000000000000000e+00
2.580000000000000000e+02 1.289119999999999955e+01 -4.072969999999999757e+00 0.000000000000000000e+00
2.590000000000000000e+02 1.134296999999999933e+01 -2.395610000000000017e+00 0.000000000000000000e+00
2.600000000000000000e+02 1.347049999999999947e+01 -2.021110000000000184e+00 0.000000000000000000e+00
2.610000000000000000e+02 1.407551999999999914e+01 2.010000000000000068e-03 0.000000000000000000e+00
2.620000000000000000e+02 1.261170000000000080e+01 1.650419999999999998e+00 0.000000000000000000e+00
2.630000000000000000e+02 1.326659000000000077e+01 3.643349999999999866e+00 0.000000000000000000e+00
2.640000000000000000e+02 1.249577000000000027e+01 7.275280000000000413e+00 0.000000000000000000e+00
2.650000000000000000e+02 1.280682999999999971e+01 9.353740000000000165e+00 0.000000000000000000e+00
2.660000000000000000e+02 1.073989000000000082e+01 9.032600000000000406e+00 0.000000000000000000e+00
2.670000000000000000e+02 1.343876000000000026e+01 1.148414999999999964e+01 0.000000000000000000e+00
2.680000000000000000e+02 1.192646000000000051e+01 1.304077999999999982e+01 0.000000000000000000e+00
2.690000000000000000e+02 1.049069000000000074e+01 1.460950000000000060e+01 0.000000000000000000e+00
2.700000000000000000e+02 1.079792999999999914e+01 -1.599066000000000010e+01 0.000000000000000000e+00
2.710000000000000000e+02 1.140380000000000038e+01 -1.399022000000000077e+01 0.000000000000000000e+00
2.720000000000000000e+02 1.208835999999999977e+01 -1.184769000000000005e+01 0.000000000000000000e+00
2.730000000000000000e+02 1.308859999999999957e+01 -9.804370000000000474e+00 0.000000000000000000e+00
2.740000000000000000e+02 1.365277000000000029e+01 -7.717050000000000409e+00 0.000000000000000000e+00
2.750000000000000000e+02 1.567745000000000033e+01 -7.268930000000000113e+00 0.000000000000000000e+00
2.760000000000000000e+02 1.431028000000000056e+01 -5.680439999999999934e+00 0.000000000000000000e+00
2.770000000000000000e+02 1.491788000000000025e+01 -3.606009999999999938e+00 0.000000000000000000e+00
2.780000000000000000e+02 1.549760000000000026e+01 -1.501100000000000101e+00 0.000000000000000000e+00
2.790000000000000000e+02 1.614995000000000047e+01 4.654099999999999904e-01 0.000000000000000000e+00
2.800000000000000000e+02 1.463077999999999967e+01 2.088690000000000158e+00 0.000000000000000000e+00
2.810000000000000000e+02 1.392694000000000010e+01 5.753969999999999807e+00 0.000000000000000000e+00
2.820000000000000000e+02 1.623042999999999836e+01 6.066910000000000025e+00 0.000000000000000000e+00
2.830000000000000000e+02 1.681627999999999901e+01 8.490299999999999514e+00 0.000000000000000000e+00
2.840000000000000000e+02 1.463738000000000028e+01 7.729079999999999728e+00 0.000000000000000000e+00
2.850000000000000000e+02 1.484198999999999913e+01 9.795040000000000191e+00 0.000000000000000000e+00
2.860000000000000000e+02 1.554829999999999934e+01 1.176746999999999943e+01 0.000000000000000000e+00
2.870000000000000000e+02 1.444638999999999918e+01 1.362945999999999991e+01 0.000000000000000000e+00
2.880000000000000000e+02 1.314372000000000007e+01 -1.534950000000000081e+01 0.000000000000000000e+00
2.890000000000000000e+02 1.399628000000000050e+01 -1.346348000000000056e+01 0.000000000000000000e+00
2.900000000000000000e+02 1.450833000000000084e+01 -1.139663999999999966e+01 0.000000000000000000e+00
2.910000000000000000e+02 1.517792000000000030e+01 -9.435380000000000322e+00 0.000000000000000000e+00
2.920000000000000000e+02 1.777650999999999826e+01 -6.994080000000000297e+00 0.000000000000000000e+00
2.930000000000000000e+02 1.642616999999999905e+01 -5.232999999999999652e+00 0.000000000000000000e+00
2.940000000000000000e+02 1.911909999999999954e+01 -2.672109999999999985e+00 0.000000000000000000e+00
2.950000000000000000e+02 1.712394000000000105e+01 -3.230719999999999814e+00 0.000000000000000000e+00
2.960000000000000000e+02 1.759222000000000108e+01 -1.031740000000000101e+00 0.000000000000000000e+00
2.970000000000000000e+02 1.697870999999999952e+01 2.344339999999999868e+00 0.000000000000000000e+00
2.980000000000000000e+02 1.530320999999999998e+01 4.150579999999999714e+00 0.000000000000000000e+00
2.990000000000000000e+02 1.754898999999999987e+01 4.450459999999999638e+00 0.000000000000000000e+00
