0.000000000000000000e+00 -1.391475999999999935e+01 -1.620470999999999862e+01 0.000000000000000000e+00
1.000000000000000000e+00 -1.598933000000000071e+01 -1.298143999999999920e+01 0.000000000000000000e+00
2.000000000000000000e+00 -1.629110000000000014e+01 -1.093033999999999928e+01 0.000000000000000000e+00
3.000000000000000000e+00 -1.652955000000000041e+01 -8.591720000000000468e+00 0.000000000000000000e+00
4.000000000000000000e+00 -1.845805999999999969e+01 -7.610249999999999737e+00 0.000000000000000000e+00
5.000000000000000000e+00 -1.857780999999999949e+01 -5.268979999999999997e+00 0.000000000000000000e+00
6.000000000000000000e+00 -1.873740000000000094e+01 -2.662939999999999863e+00 0.000000000000000000e+00
7.000000000000000000e+00 -2.018474000000000146e+01 -1.010399999999999965e+00 0.000000000000000000e+00
8.000000000000000000e+00 -1.685067000000000093e+01 -1.623199999999999976e+00 0.000000000000000000e+00
9.000000000000000000e+00 -1.831846000000000174e+01 -6.483999999999999486e-02 0.000000000000000000e+00
1.000000000000000000e+01 -1.869070999999999927e+01 2.468780000000000197e+00 0.000000000000000000e+00
1.100000000000000000e+01 -1.783481000000000094e+01 4.738559999999999661e+00 0.000000000000000000e+00
1.200000000000000000e+01 -1.692934999999999945e+01 6.601720000000000255e+00 0.000000000000000000e+00
1.300000000000000000e+01 -1.914755999999999858e+01 6.345469999999999722e+00 0.000000000000000000e+00
1.400000000000000000e+01 -1.676183999999999941e+01 8.718460000000000321e+00 0.000000000000000000e+00
1.500000000000000000e+01 -1.615915999999999997e+01 1.075046999999999997e+01 0.000000000000000000e+00
1.600000000000000000e+01 -1.573525000000000063e+01 1.278583000000000069e+01 0.000000000000000000e+00
1.700000000000000000e+01 -1.501877999999999957e+01 1.471752000000000038e+01 0.000000000000000000e+00
1.800000000000000000e+01 -1.183052999999999955e+01 -1.676223999999999847e+01 0.000000000000000000e+00
1.900000000000000000e+01 -1.410037999999999947e+01 -1.394579000000000057e+01 0.000000000000000000e+00
2.000000000000000000e+01 -1.430715000000000003e+01 -1.178783999999999921e+01 0.000000000000000000e+00
2.100000000000000000e+01 -1.461148999999999987e+01 -9.657840000000000202e+00 0.000000000000000000e+00
2.200000000000000000e+01 -1.483792000000000044e+01 -7.420219999999999594e+00 0.000000000000000000e+00
2.300000000000000000e+01 -1.667990999999999957e+01 -6.460560000000000080e+00 0.000000000000000000e+00
2.400000000000000000e+01 -1.505462999999999951e+01 -5.084500000000000242e+00 0.000000000000000000e+00
2.500000000000000000e+01 -1.696086999999999989e+01 -3.932529999999999859e+00 0.000000000000000000e+00
2.600000000000000000e+01 -1.517820000000000036e+01 -2.863949999999999996e+00 0.000000000000000000e+00
2.700000000000000000e+01 -1.502168999999999954e+01 -6.231299999999999617e-01 0.000000000000000000e+00
2.800000000000000000e+01 -1.650394000000000005e+01 9.189800000000000191e-01 0.000000000000000000e+00
2.900000000000000000e+01 -1.645656999999999925e+01 3.126669999999999838e+00 0.000000000000000000e+00
3.000000000000000000e+01 -1.510450999999999944e+01 5.149219999999999686e+00 0.000000000000000000e+00
3.100000000000000000e+01 -1.493795000000000073e+01 7.291179999999999772e+00 0.000000000000000000e+00
3.200000000000000000e+01 -1.444694999999999929e+01 9.396860000000000213e+00 0.000000000000000000e+00
3.300000000000000000e+01 -1.405428999999999995e+01 1.146177999999999919e+01 0.000000000000000000e+00
3.400000000000000000e+01 -1.335956000000000010e+01 1.343750000000000000e+01 0.000000000000000000e+00
3.500000000000000000e+01 -1.277524000000000015e+01 1.541056000000000026e+01 0.000000000000000000e+00
3.600000000000000000e+01 -9.629339999999999122e+00 -1.763458999999999932e+01 0.000000000000000000e+00
3.700000000000000000e+01 -1.204229999999999912e+01 -1.470639000000000074e+01 0.000000000000000000e+00
3.800000000000000000e+01 -1.230377999999999972e+01 -1.250820000000000043e+01 0.000000000000000000e+00
3.900000000000000000e+01 -1.263561999999999941e+01 -1.040973999999999933e+01 0.000000000000000000e+00
4.000000000000000000e+01 -1.295885999999999960e+01 -8.360900000000000887e+00 0.000000000000000000e+00
4.100000000000000000e+01 -1.318434000000000061e+01 -6.092480000000000118e+00 0.000000000000000000e+00
4.200000000000000000e+01 -1.133266000000000062e+01 -5.051709999999999923e+00 0.000000000000000000e+00
4.300000000000000000e+01 -1.325764999999999993e+01 -4.020170000000000243e+00 0.000000000000000000e+00
4.400000000000000000e+01 -1.333755000000000024e+01 -1.858800000000000008e+00 0.000000000000000000e+00
4.500000000000000000e+01 -1.312445999999999913e+01 5.218800000000000106e-01 0.000000000000000000e+00
4.600000000000000000e+01 -1.466285000000000061e+01 1.966979999999999951e+00 0.000000000000000000e+00
4.700000000000000000e+01 -1.352994999999999948e+01 3.784180000000000099e+00 0.000000000000000000e+00
4.800000000000000000e+01 -1.316718999999999973e+01 5.871279999999999610e+00 0.000000000000000000e+00
4.900000000000000000e+01 -1.288213999999999970e+01 8.014110000000000511e+00 0.000000000000000000e+00
5.000000000000000000e+01 -1.218157000000000068e+01 1.000693000000000055e+01 0.000000000000000000e+00
5.100000000000000000e+01 -1.180375000000000085e+01 1.205723000000000056e+01 0.000000000000000000e+00
5.200000000000000000e+01 -1.119008999999999965e+01 1.405395000000000039e+01 0.000000000000000000e+00
5.300000000000000000e+01 -1.071873000000000076e+01 1.607492999999999839e+01 0.000000000000000000e+00
5.400000000000000000e+01 -7.591610000000000191e+00 -1.824358000000000146e+01 0.000000000000000000e+00
5.500000000000000000e+01 -1.004434000000000005e+01 -1.549680999999999997e+01 0.000000000000000000e+00
5.600000000000000000e+01 -1.034662999999999933e+01 -1.344950000000000045e+01 0.000000000000000000e+00
5.700000000000000000e+01 -1.061930000000000085e+01 -1.123846999999999952e+01 0.000000000000000000e+00
5.800000000000000000e+01 -1.095885999999999960e+01 -9.167020000000000834e+00 0.000000000000000000e+00
5.900000000000000000e+01 -1.127195999999999998e+01 -7.125110000000000277e+00 0.000000000000000000e+00
6.000000000000000000e+01 -9.658340000000000813e+00 -3.820600000000000218e+00 0.000000000000000000e+00
6.100000000000000000e+01 -1.150671999999999962e+01 -2.883599999999999941e+00 0.000000000000000000e+00
6.200000000000000000e+01 -1.151143000000000072e+01 -8.162599999999999856e-01 0.000000000000000000e+00
6.300000000000000000e+01 -1.036036999999999964e+01 9.170300000000000118e-01 0.000000000000000000e+00
6.400000000000000000e+01 -1.205987000000000009e+01 2.334090000000000220e+00 0.000000000000000000e+00
6.500000000000000000e+01 -1.157404999999999973e+01 4.392299999999999649e+00 0.000000000000000000e+00
6.600000000000000000e+01 -1.112336999999999954e+01 6.415339999999999598e+00 0.000000000000000000e+00
6.700000000000000000e+01 -1.063357000000000063e+01 8.627100000000000435e+00 0.000000000000000000e+00
6.800000000000000000e+01 -1.018083999999999989e+01 1.064451000000000036e+01 0.000000000000000000e+00
6.900000000000000000e+01 -9.595459999999999212e+00 1.271452999999999989e+01 0.000000000000000000e+00
7.000000000000000000e+01 -9.156629999999999825e+00 1.473315999999999981e+01 0.000000000000000000e+00
7.100000000000000000e+01 -8.665850000000000719e+00 1.688660000000000139e+01 0.000000000000000000e+00
7.200000000000000000e+01 -7.967530000000000001e+00 -1.616890000000000072e+01 0.000000000000000000e+00
7.300000000000000000e+01 -8.299640000000000128e+00 -1.406559000000000026e+01 0.000000000000000000e+00
7.400000000000000000e+01 -8.697089999999999321e+00 -1.205480999999999980e+01 0.000000000000000000e+00
7.500000000000000000e+01 -8.972979999999999734e+00 -9.987920000000000798e+00 0.000000000000000000e+00
7.600000000000000000e+01 -9.275819999999999510e+00 -7.934960000000000235e+00 0.000000000000000000e+00
7.700000000000000000e+01 -9.427049999999999486e+00 -5.869430000000000369e+00 0.000000000000000000e+00
7.800000000000000000e+01 -7.339850000000000207e+00 -5.950599999999999667e+00 0.000000000000000000e+00
7.900000000000000000e+01 -7.429380000000000095e+00 -3.879259999999999931e+00 0.000000000000000000e+00
8.000000000000000000e+01 -9.674549999999999983e+00 -1.749889999999999946e+00 0.000000000000000000e+00
8.100000000000000000e+01 -8.414360000000000284e+00 1.662579999999999947e+00 0.000000000000000000e+00
8.200000000000000000e+01 -1.006384000000000079e+01 2.962509999999999977e+00 0.000000000000000000e+00
8.300000000000000000e+01 -9.518969999999999487e+00 5.001579999999999693e+00 0.000000000000000000e+00
8.400000000000000000e+01 -9.068730000000000402e+00 7.229870000000000019e+00 0.000000000000000000e+00
8.500000000000000000e+01 -8.619910000000000849e+00 9.269909999999999428e+00 0.000000000000000000e+00
8.600000000000000000e+01 -8.026749999999999829e+00 1.132850999999999964e+01 0.000000000000000000e+00
8.700000000000000000e+01 -7.564779999999999838e+00 1.340971000000000046e+01 0.000000000000000000e+00
8.800000000000000000e+01 -7.058130000000000237e+00 1.548695000000000022e+01 0.000000000000000000e+00
8.900000000000000000e+01 -6.699239999999999640e+00 1.758878999999999948e+01 0.000000000000000000e+00
9.000000000000000000e+01 -5.949430000000000440e+00 -1.673467000000000127e+01 0.000000000000000000e+00
9.100000000000000000e+01 -6.290189999999999948e+00 -1.460424000000000078e+01 0.000000000000000000e+00
9.200000000000000000e+01 -6.692280000000000229e+00 -1.252508000000000088e+01 0.000000000000000000e+00
9.300000000000000000e+01 -6.842520000000000380e+00 -1.042094999999999949e+01 0.000000000000000000e+00
9.400000000000000000e+01 -7.242029999999999745e+00 -8.324139999999999873e+00 0.000000000000000000e+00
9.500000000000000000e+01 -5.448409999999999975e+00 -6.987079999999999735e+00 0.000000000000000000e+00
9.600000000000000000e+01 -5.528730000000000366e+00 -4.728679999999999772e+00 0.000000000000000000e+00
9.700000000000000000e+01 -5.743050000000000210e+00 -2.646069999999999922e+00 0.000000000000000000e+00
9.800000000000000000e+01 -8.076069999999999638e+00 -3.960699999999999776e-01 0.000000000000000000e+00
9.900000000000000000e+01 -6.271670000000000300e+00 1.529020000000000046e+00 0.000000000000000000e+00
1.000000000000000000e+02 -7.928390000000000271e+00 3.666869999999999852e+00 0.000000000000000000e+00
1.010000000000000000e+02 -7.520679999999999588e+00 5.784239999999999604e+00 0.000000000000000000e+00
1.020000000000000000e+02 -7.081649999999999778e+00 7.850089999999999790e+00 0.000000000000000000e+00
1.030000000000000000e+02 -6.492499999999999716e+00 9.842779999999999418e+00 0.000000000000000000e+00
1.040000000000000000e+02 -6.001689999999999969e+00 1.201199000000000083e+01 0.000000000000000000e+00
1.050000000000000000e+02 -5.562800000000000189e+00 1.402149999999999963e+01 0.000000000000000000e+00
1.060000000000000000e+02 -5.111220000000000319e+00 1.623263000000000034e+01 0.000000000000000000e+00
1.070000000000000000e+02 -4.698850000000000193e+00 1.834997999999999863e+01 0.000000000000000000e+00
1.080000000000000000e+02 -4.920569999999999666e+00 -1.865712999999999866e+01 0.000000000000000000e+00
1.090000000000000000e+02 -4.162530000000000285e+00 -1.545518000000000036e+01 0.000000000000000000e+00
1.100000000000000000e+02 -4.593770000000000131e+00 -1.339057000000000031e+01 0.000000000000000000e+00
1.110000000000000000e+02 -4.826640000000000263e+00 -1.125567999999999991e+01 0.000000000000000000e+00
1.120000000000000000e+02 -5.226670000000000371e+00 -9.082390000000000185e+00 0.000000000000000000e+00
1.130000000000000000e+02 -3.347329999999999917e+00 -7.760670000000000179e+00 0.000000000000000000e+00
1.140000000000000000e+02 -3.671120000000000161e+00 -5.707460000000000200e+00 0.000000000000000000e+00
1.150000000000000000e+02 -3.846519999999999939e+00 -3.526710000000000012e+00 0.000000000000000000e+00
1.160000000000000000e+02 -4.087539999999999729e+00 -1.419759999999999911e+00 0.000000000000000000e+00
1.170000000000000000e+02 -5.996559999999999668e+00 -5.878499999999999837e-01 0.000000000000000000e+00
1.180000000000000000e+02 -4.525640000000000107e+00 2.822919999999999874e+00 0.000000000000000000e+00
1.190000000000000000e+02 -5.977800000000000225e+00 4.402700000000000280e+00 0.000000000000000000e+00
1.200000000000000000e+02 -5.411889999999999645e+00 6.375230000000000175e+00 0.000000000000000000e+00
1.210000000000000000e+02 -4.837839999999999918e+00 8.439339999999999620e+00 0.000000000000000000e+00
1.220000000000000000e+02 -4.541170000000000151e+00 1.052848000000000006e+01 0.000000000000000000e+00
1.230000000000000000e+02 -4.008840000000000181e+00 1.254537000000000013e+01 0.000000000000000000e+00
1.240000000000000000e+02 -3.549609999999999932e+00 1.458982999999999919e+01 0.000000000000000000e+00
1.250000000000000000e+02 -2.953650000000000109e+00 1.681878000000000029e+01 0.000000000000000000e+00
1.260000000000000000e+02 -1.878849999999999909e+00 -1.910923000000000016e+01 0.000000000000000000e+00
1.270000000000000000e+02 -2.812580000000000080e+00 -1.708295000000000030e+01 0.000000000000000000e+00
1.280000000000000000e+02 -2.619159999999999933e+00 -1.407520000000000060e+01 0.000000000000000000e+00
1.290000000000000000e+02 -3.269680000000000142e+00 -9.849420000000000286e+00 0.000000000000000000e+00
1.300000000000000000e+02 -1.426840000000000108e+00 -8.595579999999999998e+00 0.000000000000000000e+00
1.310000000000000000e+02 -1.626679999999999904e+00 -6.435240000000000293e+00 0.000000000000000000e+00
1.320000000000000000e+02 -1.926099999999999923e+00 -4.343090000000000117e+00 0.000000000000000000e+00
1.330000000000000000e+02 -2.157900000000000151e+00 -2.217919999999999892e+00 0.000000000000000000e+00
1.340000000000000000e+02 -2.447680000000000078e+00 -1.776099999999999901e-01 0.000000000000000000e+00
1.350000000000000000e+02 -4.314540000000000042e+00 7.258900000000000352e-01 0.000000000000000000e+00
1.360000000000000000e+02 -2.627299999999999969e+00 1.962909999999999933e+00 0.000000000000000000e+00
1.370000000000000000e+02 -3.613529999999999909e+00 4.756490000000000329e+00 0.000000000000000000e+00
1.380000000000000000e+02 -3.325629999999999864e+00 6.914719999999999978e+00 0.000000000000000000e+00
1.390000000000000000e+02 -2.813140000000000196e+00 8.925209999999999866e+00 0.000000000000000000e+00
1.400000000000000000e+02 -2.516280000000000072e+00 1.099159000000000042e+01 0.000000000000000000e+00
1.410000000000000000e+02 -2.037999999999999812e+00 1.317782000000000053e+01 0.000000000000000000e+00
1.420000000000000000e+02 -1.559639999999999915e+00 1.521039000000000030e+01 0.000000000000000000e+00
1.430000000000000000e+02 -2.383039999999999825e+00 1.895058999999999827e+01 0.000000000000000000e+00
1.440000000000000000e+02 -6.229599999999999582e-01 -1.741814000000000107e+01 0.000000000000000000e+00
1.450000000000000000e+02 -9.699499999999999789e-01 -1.536731999999999942e+01 0.000000000000000000e+00
1.460000000000000000e+02 -9.580899999999999972e-01 -1.284930999999999912e+01 0.000000000000000000e+00
1.470000000000000000e+02 -2.892790000000000195e+00 -1.202762000000000064e+01 0.000000000000000000e+00
1.480000000000000000e+02 -1.283849999999999936e+00 -1.064911000000000030e+01 0.000000000000000000e+00
1.490000000000000000e+02 3.614200000000000190e-01 -7.248479999999999812e+00 0.000000000000000000e+00
1.500000000000000000e+02 2.900000000000000017e-04 -5.144639999999999880e+00 0.000000000000000000e+00
1.510000000000000000e+02 -2.411099999999999910e-01 -3.057990000000000208e+00 0.000000000000000000e+00
1.520000000000000000e+02 -5.108399999999999608e-01 -9.790900000000000158e-01 0.000000000000000000e+00
1.530000000000000000e+02 -7.486399999999999721e-01 1.090009999999999923e+00 0.000000000000000000e+00
1.540000000000000000e+02 -9.793300000000000338e-01 3.266849999999999810e+00 0.000000000000000000e+00
1.550000000000000000e+02 -1.230059999999999931e+00 5.321060000000000123e+00 0.000000000000000000e+00
1.560000000000000000e+02 -1.285409999999999942e+00 7.509149999999999991e+00 0.000000000000000000e+00
1.570000000000000000e+02 -8.308200000000000029e-01 9.667130000000000223e+00 0.000000000000000000e+00
1.580000000000000000e+02 -4.935700000000000087e-01 1.171343000000000067e+01 0.000000000000000000e+00
1.590000000000000000e+02 -2.690000000000000117e-03 1.373625999999999969e+01 0.000000000000000000e+00
1.600000000000000000e+02 -9.088100000000000067e-01 1.734387999999999863e+01 0.000000000000000000e+00
1.610000000000000000e+02 -3.859799999999999898e-01 1.990174999999999983e+01 0.000000000000000000e+00
1.620000000000000000e+02 3.160649999999999959e+00 -1.686974999999999980e+01 0.000000000000000000e+00
1.630000000000000000e+02 1.129750000000000032e+00 -1.629544999999999888e+01 0.000000000000000000e+00
1.640000000000000000e+02 7.075700000000000323e-01 -1.407710999999999935e+01 0.000000000000000000e+00
1.650000000000000000e+02 6.529800000000000049e-01 -1.148736000000000068e+01 0.000000000000000000e+00
1.660000000000000000e+02 5.891100000000000225e-01 -9.320809999999999818e+00 0.000000000000000000e+00
1.670000000000000000e+02 1.987999999999999989e+00 -5.974669999999999703e+00 0.000000000000000000e+00
1.680000000000000000e+02 1.665980000000000016e+00 -3.928360000000000074e+00 0.000000000000000000e+00
1.690000000000000000e+02 1.513609999999999900e+00 -1.797150000000000025e+00 0.000000000000000000e+00
1.700000000000000000e+02 1.207750000000000101e+00 2.588300000000000045e-01 0.000000000000000000e+00
1.710000000000000000e+02 9.055199999999999916e-01 2.337140000000000217e+00 0.000000000000000000e+00
1.720000000000000000e+02 2.649090000000000167e+00 3.568649999999999878e+00 0.000000000000000000e+00
1.730000000000000000e+02 7.263500000000000512e-01 4.510640000000000427e+00 0.000000000000000000e+00
1.740000000000000000e+02 1.654430000000000067e+00 6.408500000000000085e+00 0.000000000000000000e+00
1.750000000000000000e+02 7.126799999999999802e-01 8.262079999999999202e+00 0.000000000000000000e+00
1.760000000000000000e+02 1.196409999999999973e+00 1.032221000000000011e+01 0.000000000000000000e+00
1.770000000000000000e+02 1.669910000000000005e+00 1.233510000000000062e+01 0.000000000000000000e+00
1.780000000000000000e+02 5.459300000000000264e-01 1.580819999999999936e+01 0.000000000000000000e+00
1.790000000000000000e+02 3.120429999999999815e+00 1.851880999999999844e+01 0.000000000000000000e+00
1.800000000000000000e+02 1.625520000000000076e+00 -1.835861999999999838e+01 0.000000000000000000e+00
1.810000000000000000e+02 2.677880000000000038e+00 -1.471524999999999928e+01 0.000000000000000000e+00
1.820000000000000000e+02 2.538730000000000153e+00 -1.254895999999999923e+01 0.000000000000000000e+00
1.830000000000000000e+02 2.401479999999999837e+00 -1.033630999999999922e+01 0.000000000000000000e+00
1.840000000000000000e+02 2.319290000000000074e+00 -8.074089999999999989e+00 0.000000000000000000e+00
1.850000000000000000e+02 3.943470000000000031e+00 -6.803139999999999965e+00 0.000000000000000000e+00
1.860000000000000000e+02 3.666290000000000049e+00 -4.740420000000000300e+00 0.000000000000000000e+00
1.870000000000000000e+02 3.487379999999999924e+00 -2.660340000000000149e+00 0.000000000000000000e+00
1.880000000000000000e+02 3.197200000000000042e+00 -5.648300000000000542e-01 0.000000000000000000e+00
1.890000000000000000e+02 2.865769999999999929e+00 1.496029999999999971e+00 0.000000000000000000e+00
1.900000000000000000e+02 4.770719999999999850e+00 3.801210000000000200e+00 0.000000000000000000e+00
1.910000000000000000e+02 3.506050000000000111e+00 5.454119999999999635e+00 0.000000000000000000e+00
1.920000000000000000e+02 4.220200000000000173e+00 7.437899999999999956e+00 0.000000000000000000e+00
1.930000000000000000e+02 2.713369999999999838e+00 8.903499999999999304e+00 0.000000000000000000e+00
1.940000000000000000e+02 3.202420000000000044e+00 1.090306999999999960e+01 0.000000000000000000e+00
1.950000000000000000e+02 3.628499999999999837e+00 1.295693999999999946e+01 0.000000000000000000e+00
1.960000000000000000e+02 2.044919999999999849e+00 1.436768000000000001e+01 0.000000000000000000e+00
1.970000000000000000e+02 1.083490000000000064e+00 1.810028000000000148e+01 0.000000000000000000e+00
1.980000000000000000e+02 4.998280000000000278e+00 -1.782827999999999946e+01 0.000000000000000000e+00
1.990000000000000000e+02 4.664349999999999774e+00 -1.545528999999999975e+01 0.000000000000000000e+00
2.000000000000000000e+02 4.414189999999999614e+00 -1.341929000000000016e+01 0.000000000000000000e+00
2.010000000000000000e+02 4.283719999999999750e+00 -1.124535000000000018e+01 0.000000000000000000e+00
2.020000000000000000e+02 4.168020000000000280e+00 -9.038949999999999818e+00 0.000000000000000000e+00
2.030000000000000000e+02 5.891449999999999854e+00 -7.705700000000000216e+00 0.000000000000000000e+00
2.040000000000000000e+02 5.615999999999999659e+00 -5.599429999999999907e+00 0.000000000000000000e+00
2.050000000000000000e+02 5.447160000000000224e+00 -3.471249999999999947e+00 0.000000000000000000e+00
2.060000000000000000e+02 5.170189999999999841e+00 -1.374619999999999953e+00 0.000000000000000000e+00
2.070000000000000000e+02 4.841580000000000439e+00 7.728300000000000169e-01 0.000000000000000000e+00
2.080000000000000000e+02 6.316499999999999559e+00 2.224099999999999966e+00 0.000000000000000000e+00
2.090000000000000000e+02 5.552509999999999835e+00 5.881709999999999994e+00 0.000000000000000000e+00
2.100000000000000000e+02 6.255239999999999689e+00 7.982400000000000162e+00 0.000000000000000000e+00
2.110000000000000000e+02 4.728620000000000267e+00 9.532500000000000639e+00 0.000000000000000000e+00
2.120000000000000000e+02 5.165020000000000167e+00 1.158052999999999955e+01 0.000000000000000000e+00
2.130000000000000000e+02 5.577320000000000277e+00 1.361209999999999987e+01 0.000000000000000000e+00
2.140000000000000000e+02 4.049360000000000070e+00 1.504820999999999920e+01 0.000000000000000000e+00
2.150000000000000000e+02 2.503760000000000208e+00 1.643920999999999921e+01 0.000000000000000000e+00
2.160000000000000000e+02 6.491900000000000226e+00 -1.641809999999999903e+01 0.000000000000000000e+00
2.170000000000000000e+02 6.394680000000000142e+00 -1.432008000000000081e+01 0.000000000000000000e+00
2.180000000000000000e+02 6.247169999999999668e+00 -1.223556999999999917e+01 0.000000000000000000e+00
2.190000000000000000e+02 6.091300000000000381e+00 -1.005466000000000015e+01 0.000000000000000000e+00
2.200000000000000000e+02 7.784860000000000113e+00 -8.895300000000000651e+00 0.000000000000000000e+00
2.210000000000000000e+02 7.614930000000000199e+00 -6.374749999999999694e+00 0.000000000000000000e+00
2.220000000000000000e+02 7.372899999999999565e+00 -4.277730000000000032e+00 0.000000000000000000e+00
2.230000000000000000e+02 7.129159999999999719e+00 -2.171520000000000117e+00 0.000000000000000000e+00
2.240000000000000000e+02 8.814519999999999911e+00 -9.193900000000000405e-01 0.000000000000000000e+00
2.250000000000000000e+02 6.906629999999999825e+00 4.261000000000000204e-02 0.000000000000000000e+00
2.260000000000000000e+02 8.395450000000000301e+00 2.774869999999999948e+00 0.000000000000000000e+00
2.270000000000000000e+02 6.861340000000000217e+00 4.307719999999999771e+00 0.000000000000000000e+00
2.280000000000000000e+02 7.578999999999999737e+00 6.326990000000000336e+00 0.000000000000000000e+00
2.290000000000000000e+02 8.324630000000000862e+00 8.315590000000000259e+00 0.000000000000000000e+00
2.300000000000000000e+02 6.875569999999999737e+00 9.943690000000000140e+00 0.000000000000000000e+00
2.310000000000000000e+02 7.229540000000000077e+00 1.212058999999999997e+01 0.000000000000000000e+00
2.320000000000000000e+02 4.688629999999999853e+00 1.708821999999999974e+01 0.000000000000000000e+00
2.330000000000000000e+02 5.317169999999999952e+00 1.919257999999999953e+01 0.000000000000000000e+00
2.340000000000000000e+02 8.381249999999999645e+00 -1.756590999999999880e+01 0.000000000000000000e+00
2.350000000000000000e+02 8.263669999999999405e+00 -1.532502999999999993e+01 0.000000000000000000e+00
2.360000000000000000e+02 8.147970000000000823e+00 -1.316113000000000000e+01 0.000000000000000000e+00
2.370000000000000000e+02 7.936869999999999870e+00 -1.102805000000000035e+01 0.000000000000000000e+00
2.380000000000000000e+02 9.459519999999999484e+00 -7.589170000000000194e+00 0.000000000000000000e+00
2.390000000000000000e+02 1.102011000000000074e+01 -6.247150000000000425e+00 0.000000000000000000e+00
2.400000000000000000e+02 9.292749999999999844e+00 -5.128510000000000346e+00 0.000000000000000000e+00
2.410000000000000000e+02 9.481799999999999784e+00 -2.959080000000000155e+00 0.000000000000000000e+00
2.420000000000000000e+02 1.090628000000000064e+01 -5.960100000000000398e-01 0.000000000000000000e+00
2.430000000000000000e+02 9.579040000000000887e+00 1.077479999999999993e+00 0.000000000000000000e+00
2.440000000000000000e+02 1.056555999999999962e+01 3.170980000000000132e+00 0.000000000000000000e+00
2.450000000000000000e+02 9.177329999999999544e+00 4.739830000000000432e+00 0.000000000000000000e+00
2.460000000000000000e+02 9.697129999999999583e+00 6.765170000000000350e+00 0.000000000000000000e+00
2.470000000000000000e+02 1.018590999999999980e+01 9.195639999999999148e+00 0.000000000000000000e+00
2.480000000000000000e+02 8.880800000000000693e+00 1.083585000000000065e+01 0.000000000000000000e+00
2.490000000000000000e+02 7.814289999999999736e+00 1.410802999999999940e+01 0.000000000000000000e+00
2.500000000000000000e+02 6.207819999999999894e+00 1.566216999999999970e+01 0.000000000000000000e+00
2.510000000000000000e+02 6.772059999999999746e+00 1.773482999999999876e+01 0.000000000000000000e+00
2.520000000000000000e+02 1.019717999999999947e+01 -1.624813999999999936e+01 0.000000000000000000e+00
2.530000000000000000e+02 9.992530000000000356e+00 -1.418629999999999924e+01 0.000000000000000000e+00
2.540000000000000000e+02 9.809179999999999566e+00 -1.189254000000000033e+01 0.000000000000000000e+00
2.550000000000000000e+02 9.734730000000000771e+00 -9.730980000000000629e+00 0.000000000000000000e+00
2.560000000000000000e+02 1.159648999999999930e+01 -8.543789999999999552e+00 0.000000000000000000e+00
2.570000000000000000e+02 1.301847000000000065e+01 -5.740190000000000126e+00 0.000000000000000000e+00
2.580000000000000000e+02 1.139506000000000085e+01 -4.169190000000000396e+00 0.000000000000000000e+00
2.590000000000000000e+02 1.232024999999999970e+01 -2.211629999999999985e+00 0.000000000000000000e+00
2.600000000000000000e+02 1.298728999999999978e+01 -2.350399999999999989e-01 0.000000000000000000e+00
2.610000000000000000e+02 1.166691999999999929e+01 1.388149999999999995e+00 0.000000000000000000e+00
2.620000000000000000e+02 1.469154999999999944e+01 3.834400000000000031e+00 0.000000000000000000e+00
2.630000000000000000e+02 1.256489999999999974e+01 3.727240000000000109e+00 0.000000000000000000e+00
2.640000000000000000e+02 1.123146999999999984e+01 5.349050000000000082e+00 0.000000000000000000e+00
2.650000000000000000e+02 1.165718999999999994e+01 7.483629999999999782e+00 0.000000000000000000e+00
2.660000000000000000e+02 1.227618000000000009e+01 9.599140000000000228e+00 0.000000000000000000e+00
2.670000000000000000e+02 1.104114000000000040e+01 1.145762000000000036e+01 0.000000000000000000e+00
2.680000000000000000e+02 9.498939999999999273e+00 1.284434000000000076e+01 0.000000000000000000e+00
2.690000000000000000e+02 8.295230000000000103e+00 1.620426000000000144e+01 0.000000000000000000e+00
2.700000000000000000e+02 1.191366999999999976e+01 -1.501821999999999946e+01 0.000000000000000000e+00
2.710000000000000000e+02 1.171312999999999960e+01 -1.290246999999999922e+01 0.000000000000000000e+00
2.720000000000000000e+02 1.157992999999999917e+01 -1.082802000000000042e+01 0.000000000000000000e+00
2.730000000000000000e+02 1.332039999999999935e+01 -9.727479999999999905e+00 0.000000000000000000e+00
2.740000000000000000e+02 1.380962000000000067e+01 -7.699569999999999581e+00 0.000000000000000000e+00
2.750000000000000000e+02 1.513624000000000080e+01 -5.418120000000000047e+00 0.000000000000000000e+00
2.760000000000000000e+02 1.371823999999999977e+01 -3.772600000000000176e+00 0.000000000000000000e+00
2.770000000000000000e+02 1.440306999999999960e+01 -1.803979999999999917e+00 0.000000000000000000e+00
2.780000000000000000e+02 1.514317999999999920e+01 1.461500000000000021e-01 0.000000000000000000e+00
2.790000000000000000e+02 1.375999000000000017e+01 1.883669999999999956e+00 0.000000000000000000e+00
2.800000000000000000e+02 1.616838999999999871e+01 2.299479999999999968e+00 0.000000000000000000e+00
2.810000000000000000e+02 1.353477999999999959e+01 5.734980000000000189e+00 0.000000000000000000e+00
2.820000000000000000e+02 1.588577000000000083e+01 8.133350000000000080e+00 0.000000000000000000e+00
2.830000000000000000e+02 1.383489999999999931e+01 7.782650000000000290e+00 0.000000000000000000e+00
2.840000000000000000e+02 1.520428000000000068e+01 1.031935000000000002e+01 0.000000000000000000e+00
2.850000000000000000e+02 1.321289999999999942e+01 1.170343000000000089e+01 0.000000000000000000e+00
2.860000000000000000e+02 1.158249999999999957e+01 1.353750999999999927e+01 0.000000000000000000e+00
2.870000000000000000e+02 1.024995999999999974e+01 1.511495999999999995e+01 0.000000000000000000e+00
2.880000000000000000e+02 1.358758000000000088e+01 -1.381527999999999956e+01 0.000000000000000000e+00
2.890000000000000000e+02 1.410235999999999912e+01 -1.179210999999999920e+01 0.000000000000000000e+00
2.900000000000000000e+02 1.545076000000000072e+01 -9.505520000000000636e+00 0.000000000000000000e+00
2.910000000000000000e+02 1.851456999999999908e+01 -7.382039999999999935e+00 0.000000000000000000e+00
2.920000000000000000e+02 1.618108000000000146e+01 -7.534130000000000216e+00 0.000000000000000000e+00
2.930000000000000000e+02 1.721471999999999980e+01 -5.123450000000000060e+00 0.000000000000000000e+00
2.940000000000000000e+02 1.795848000000000155e+01 -3.047979999999999912e+00 0.000000000000000000e+00
2.950000000000000000e+02 1.589438999999999957e+01 -3.432990000000000208e+00 0.000000000000000000e+00
2.960000000000000000e+02 1.654819000000000173e+01 -1.386300000000000088e+00 0.000000000000000000e+00
2.970000000000000000e+02 1.746245000000000047e+01 5.085600000000000120e-01 0.000000000000000000e+00
2.980000000000000000e+02 1.788399000000000072e+01 5.210079999999999600e+00 0.000000000000000000e+00
2.990000000000000000e+02 1.589977000000000018e+01 5.794389999999999930e+00 0.000000000000000000e+00
