0.000000000000000000e+00 -1.247640999999999956e+01 -1.475567999999999991e+01 0.000000000000000000e+00
1.000000000000000000e+00 -1.390958000000000006e+01 -1.314808999999999983e+01 0.000000000000000000e+00
2.000000000000000000e+00 -1.716732999999999976e+01 -7.926820000000000199e+00 0.000000000000000000e+00
3.000000000000000000e+00 -1.865371999999999986e+01 -6.184210000000000207e+00 0.000000000000000000e+00
4.000000000000000000e+00 -1.984214000000000055e+01 -4.414530000000000065e+00 0.000000000000000000e+00
5.000000000000000000e+00 -1.778199000000000041e+01 -4.296210000000000306e+00 0.000000000000000000e+00
6.000000000000000000e+00 -1.833728999999999942e+01 -8.778799999999999937e-01 0.000000000000000000e+00
7.000000000000000000e+00 -1.687796000000000163e+01 -2.370769999999999822e+00 0.000000000000000000e+00
8.000000000000000000e+00 -1.938245999999999825e+01 9.508799999999999475e-01 0.000000000000000000e+00
9.000000000000000000e+00 -1.734334000000000131e+01 1.230629999999999891e+00 0.000000000000000000e+00
1.000000000000000000e+01 -1.900850000000000151e+01 3.180060000000000109e+00 0.000000000000000000e+00
1.100000000000000000e+01 -1.804327999999999932e+01 5.037049999999999805e+00 0.000000000000000000e+00
1.200000000000000000e+01 -1.599005999999999972e+01 5.337589999999999613e+00 0.000000000000000000e+00
1.300000000000000000e+01 -1.526824000000000048e+01 7.380860000000000198e+00 0.000000000000000000e+00
1.400000000000000000e+01 -1.763429000000000002e+01 7.102289999999999992e+00 0.000000000000000000e+00
1.500000000000000000e+01 -1.669810000000000016e+01 9.115729999999999222e+00 0.000000000000000000e+00
1.600000000000000000e+01 -1.567168999999999990e+01 1.098924000000000056e+01 0.000000000000000000e+00
1.700000000000000000e+01 -1.470308999999999955e+01 1.309897999999999918e+01 0.000000000000000000e+00
1.800000000000000000e+01 -1.038391000000000020e+01 -1.477018999999999949e+01 0.000000000000000000e+00
1.900000000000000000e+01 -1.487307000000000023e+01 -1.131900000000000084e+01 0.000000000000000000e+00
2.000000000000000000e+01 -1.580394000000000077e+01 -9.465149999999999508e+00 0.000000000000000000e+00
2.100000000000000000e+01 -1.506513999999999953e+01 -7.541940000000000310e+00 0.000000000000000000e+00
2.200000000000000000e+01 -1.650265999999999877e+01 -5.914830000000000254e+00 0.000000000000000000e+00
2.300000000000000000e+01 -1.424896000000000029e+01 -5.631619999999999848e+00 0.000000000000000000e+00
2.400000000000000000e+01 -1.546143000000000001e+01 -3.928999999999999826e+00 0.000000000000000000e+00
2.500000000000000000e+01 -1.460984999999999978e+01 -2.028700000000000170e+00 0.000000000000000000e+00
2.600000000000000000e+01 -1.597938000000000081e+01 -3.481500000000000150e-01 0.000000000000000000e+00
2.700000000000000000e+01 -1.516554999999999964e+01 1.587960000000000038e+00 0.000000000000000000e+00
2.800000000000000000e+01 -1.675789999999999935e+01 3.266519999999999868e+00 0.000000000000000000e+00
2.900000000000000000e+01 -1.468941000000000052e+01 3.635780000000000012e+00 0.000000000000000000e+00
3.000000000000000000e+01 -1.389742999999999995e+01 5.617740000000000400e+00 0.000000000000000000e+00
3.100000000000000000e+01 -1.293760999999999939e+01 7.447280000000000122e+00 0.000000000000000000e+00
3.200000000000000000e+01 -1.442955000000000076e+01 9.294959999999999667e+00 0.000000000000000000e+00
3.300000000000000000e+01 -1.358602999999999916e+01 1.127666999999999931e+01 0.000000000000000000e+00
3.400000000000000000e+01 -1.259709999999999930e+01 1.310097000000000023e+01 0.000000000000000000e+00
3.500000000000000000e+01 -1.204311000000000043e+01 1.523643000000000036e+01 0.000000000000000000e+00
3.600000000000000000e+01 -9.328310000000000102e+00 -1.660933999999999955e+01 0.000000000000000000e+00
3.700000000000000000e+01 -1.151252000000000031e+01 -1.272666000000000075e+01 0.000000000000000000e+00
3.800000000000000000e+01 -1.253728000000000087e+01 -1.086134999999999984e+01 0.000000000000000000e+00
3.900000000000000000e+01 -1.370673000000000030e+01 -9.104770000000000252e+00 0.000000000000000000e+00
4.000000000000000000e+01 -1.283583999999999925e+01 -7.232129999999999725e+00 0.000000000000000000e+00
4.100000000000000000e+01 -1.206347000000000058e+01 -5.306210000000000093e+00 0.000000000000000000e+00
4.200000000000000000e+01 -1.338358000000000025e+01 -3.687570000000000014e+00 0.000000000000000000e+00
4.300000000000000000e+01 -1.255995000000000061e+01 -1.727470000000000061e+00 0.000000000000000000e+00
4.400000000000000000e+01 -1.387631999999999977e+01 -6.629999999999999782e-02 0.000000000000000000e+00
4.500000000000000000e+01 -1.179622999999999955e+01 2.077799999999999925e-01 0.000000000000000000e+00
4.600000000000000000e+01 -1.309385999999999939e+01 1.904020000000000046e+00 0.000000000000000000e+00
4.700000000000000000e+01 -1.252341999999999977e+01 3.893850000000000033e+00 0.000000000000000000e+00
4.800000000000000000e+01 -1.167031000000000063e+01 5.793910000000000338e+00 0.000000000000000000e+00
4.900000000000000000e+01 -1.087978000000000023e+01 7.730209999999999582e+00 0.000000000000000000e+00
5.000000000000000000e+01 -1.235502999999999929e+01 9.446089999999999876e+00 0.000000000000000000e+00
5.100000000000000000e+01 -1.147818999999999967e+01 1.134079999999999977e+01 0.000000000000000000e+00
5.200000000000000000e+01 -1.053884000000000043e+01 1.357710999999999935e+01 0.000000000000000000e+00
5.300000000000000000e+01 -9.947390000000000398e+00 1.559073000000000064e+01 0.000000000000000000e+00
5.400000000000000000e+01 -7.791489999999999583e+00 -1.814281000000000077e+01 0.000000000000000000e+00
5.500000000000000000e+01 -8.037459999999999383e+00 -1.446067999999999998e+01 0.000000000000000000e+00
5.600000000000000000e+01 -9.342330000000000467e+00 -1.286045000000000016e+01 0.000000000000000000e+00
5.700000000000000000e+01 -1.160046999999999962e+01 -8.993740000000000734e+00 0.000000000000000000e+00
5.800000000000000000e+01 -1.079039999999999999e+01 -6.974870000000000125e+00 0.000000000000000000e+00
5.900000000000000000e+01 -1.000653999999999932e+01 -5.043680000000000163e+00 0.000000000000000000e+00
6.000000000000000000e+01 -1.127163000000000004e+01 -3.358760000000000190e+00 0.000000000000000000e+00
6.100000000000000000e+01 -9.217150000000000176e+00 -3.120340000000000114e+00 0.000000000000000000e+00
6.200000000000000000e+01 -1.047465000000000046e+01 -1.445270000000000055e+00 0.000000000000000000e+00
6.300000000000000000e+01 -9.686030000000000584e+00 4.562100000000000044e-01 0.000000000000000000e+00
6.400000000000000000e+01 -8.960020000000000095e+00 2.535839999999999872e+00 0.000000000000000000e+00
6.500000000000000000e+01 -1.103496999999999950e+01 2.186280000000000001e+00 0.000000000000000000e+00
6.600000000000000000e+01 -1.033222999999999914e+01 4.189390000000000391e+00 0.000000000000000000e+00
6.700000000000000000e+01 -9.596320000000000405e+00 6.110789999999999722e+00 0.000000000000000000e+00
6.800000000000000000e+01 -1.017295999999999978e+01 9.737489999999999313e+00 0.000000000000000000e+00
6.900000000000000000e+01 -9.360810000000000741e+00 1.172075000000000067e+01 0.000000000000000000e+00
7.000000000000000000e+01 -8.449500000000000455e+00 1.402312000000000047e+01 0.000000000000000000e+00
7.100000000000000000e+01 -7.791030000000000122e+00 1.601435000000000031e+01 0.000000000000000000e+00
7.200000000000000000e+01 -5.487709999999999866e+00 -1.808763000000000076e+01 0.000000000000000000e+00
7.300000000000000000e+01 -6.832209999999999894e+00 -1.619052999999999898e+01 0.000000000000000000e+00
7.400000000000000000e+01 -7.332139999999999880e+00 -1.231586000000000070e+01 0.000000000000000000e+00
7.500000000000000000e+01 -1.048310999999999993e+01 -1.084113999999999933e+01 0.000000000000000000e+00
7.600000000000000000e+01 -9.548959999999999226e+00 -8.702819999999999112e+00 0.000000000000000000e+00
7.700000000000000000e+01 -8.704100000000000392e+00 -6.743579999999999686e+00 0.000000000000000000e+00
7.800000000000000000e+01 -7.913129999999999775e+00 -4.794279999999999653e+00 0.000000000000000000e+00
7.900000000000000000e+01 -7.084990000000000343e+00 -2.846099999999999852e+00 0.000000000000000000e+00
8.000000000000000000e+01 -8.392039999999999722e+00 -1.195179999999999909e+00 0.000000000000000000e+00
8.100000000000000000e+01 -7.609149999999999636e+00 8.761499999999999844e-01 0.000000000000000000e+00
8.200000000000000000e+01 -6.881429999999999936e+00 2.846410000000000107e+00 0.000000000000000000e+00
8.300000000000000000e+01 -8.278340000000000032e+00 4.497239999999999682e+00 0.000000000000000000e+00
8.400000000000000000e+01 -7.449419999999999931e+00 6.470640000000000391e+00 0.000000000000000000e+00
8.500000000000000000e+01 -8.801949999999999719e+00 8.141120000000000800e+00 0.000000000000000000e+00
8.600000000000000000e+01 -8.010279999999999845e+00 1.014425999999999917e+01 0.000000000000000000e+00
8.700000000000000000e+01 -7.121990000000000265e+00 1.212669999999999959e+01 0.000000000000000000e+00
8.800000000000000000e+01 -6.370669999999999611e+00 1.405837000000000003e+01 0.000000000000000000e+00
8.900000000000000000e+01 -5.706579999999999764e+00 1.610266999999999982e+01 0.000000000000000000e+00
9.000000000000000000e+01 -4.706249999999999822e+00 -1.600788000000000011e+01 0.000000000000000000e+00
9.100000000000000000e+01 -5.931289999999999729e+00 -1.430885999999999925e+01 0.000000000000000000e+00
9.200000000000000000e+01 -5.272630000000000372e+00 -1.234552000000000049e+01 0.000000000000000000e+00
9.300000000000000000e+01 -8.369699999999999918e+00 -1.044403999999999932e+01 0.000000000000000000e+00
9.400000000000000000e+01 -7.407879999999999576e+00 -8.540210000000000079e+00 0.000000000000000000e+00
9.500000000000000000e+01 -6.569270000000000387e+00 -6.507839999999999847e+00 0.000000000000000000e+00
9.600000000000000000e+01 -5.780109999999999637e+00 -4.576649999999999885e+00 0.000000000000000000e+00
9.700000000000000000e+01 -5.050370000000000026e+00 -2.368430000000000035e+00 0.000000000000000000e+00
9.800000000000000000e+01 -6.365599999999999703e+00 -7.713200000000000056e-01 0.000000000000000000e+00
9.900000000000000000e+01 -5.535630000000000273e+00 1.158670000000000089e+00 0.000000000000000000e+00
1.000000000000000000e+02 -4.779090000000000060e+00 3.123289999999999900e+00 0.000000000000000000e+00
1.010000000000000000e+02 -6.152919999999999945e+00 4.834380000000000344e+00 0.000000000000000000e+00
1.020000000000000000e+02 -5.384089999999999598e+00 6.746590000000000309e+00 0.000000000000000000e+00
1.030000000000000000e+02 -6.655569999999999986e+00 8.394330000000000069e+00 0.000000000000000000e+00
1.040000000000000000e+02 -5.890740000000000087e+00 1.040842999999999918e+01 0.000000000000000000e+00
1.050000000000000000e+02 -5.059319999999999595e+00 1.240170999999999957e+01 0.000000000000000000e+00
1.060000000000000000e+02 -4.043580000000000396e+00 1.443688000000000038e+01 0.000000000000000000e+00
1.070000000000000000e+02 -6.808440000000000047e+00 1.792162000000000077e+01 0.000000000000000000e+00
1.080000000000000000e+02 -3.879430000000000156e+00 -1.950253999999999976e+01 0.000000000000000000e+00
1.090000000000000000e+02 -2.116070000000000118e+00 -1.556284999999999918e+01 0.000000000000000000e+00
1.100000000000000000e+02 -3.825559999999999850e+00 -1.409113999999999933e+01 0.000000000000000000e+00
1.110000000000000000e+02 -3.206059999999999910e+00 -1.206015000000000015e+01 0.000000000000000000e+00
1.120000000000000000e+02 -6.256160000000000387e+00 -1.052660000000000018e+01 0.000000000000000000e+00
1.130000000000000000e+02 -5.345290000000000319e+00 -8.238300000000000622e+00 0.000000000000000000e+00
1.140000000000000000e+02 -4.334679999999999644e+00 -6.137260000000000382e+00 0.000000000000000000e+00
1.150000000000000000e+02 -3.745460000000000012e+00 -4.117560000000000109e+00 0.000000000000000000e+00
1.160000000000000000e+02 -2.989949999999999886e+00 -2.145070000000000032e+00 0.000000000000000000e+00
1.170000000000000000e+02 -4.236209999999999809e+00 -4.619699999999999918e-01 0.000000000000000000e+00
1.180000000000000000e+02 -3.494899999999999896e+00 1.464820000000000011e+00 0.000000000000000000e+00
1.190000000000000000e+02 -4.057439999999999714e+00 5.108209999999999695e+00 0.000000000000000000e+00
1.200000000000000000e+02 -3.344679999999999875e+00 7.134100000000000108e+00 0.000000000000000000e+00
1.210000000000000000e+02 -4.620359999999999800e+00 8.775930000000000675e+00 0.000000000000000000e+00
1.220000000000000000e+02 -3.787160000000000082e+00 1.067201000000000022e+01 0.000000000000000000e+00
1.230000000000000000e+02 -2.919719999999999871e+00 1.257602999999999938e+01 0.000000000000000000e+00
1.240000000000000000e+02 -3.593900000000000095e+00 1.648376999999999981e+01 0.000000000000000000e+00
1.250000000000000000e+02 -2.700000000000000178e+00 1.842020000000000124e+01 0.000000000000000000e+00
1.260000000000000000e+02 -3.084200000000000275e-01 -1.905990999999999858e+01 0.000000000000000000e+00
1.270000000000000000e+02 -3.177509999999999835e+00 -1.741879000000000133e+01 0.000000000000000000e+00
1.280000000000000000e+02 -1.652579999999999938e+00 -1.343268999999999913e+01 0.000000000000000000e+00
1.290000000000000000e+02 -1.275490000000000013e+00 -1.121776000000000018e+01 0.000000000000000000e+00
1.300000000000000000e+02 -4.144260000000000055e+00 -1.020706000000000024e+01 0.000000000000000000e+00
1.310000000000000000e+02 -3.282820000000000071e+00 -7.929199999999999804e+00 0.000000000000000000e+00
1.320000000000000000e+02 -1.807239999999999958e+00 -5.087629999999999875e+00 0.000000000000000000e+00
1.330000000000000000e+02 -1.145369999999999999e+00 -3.123780000000000001e+00 0.000000000000000000e+00
1.340000000000000000e+02 -1.206860000000000044e+00 -1.056840000000000002e+00 0.000000000000000000e+00
1.350000000000000000e+02 -1.411960000000000104e+00 9.813100000000000156e-01 0.000000000000000000e+00
1.360000000000000000e+02 -2.209070000000000089e+00 3.181900000000000173e+00 0.000000000000000000e+00
1.370000000000000000e+02 -1.864119999999999999e+00 5.231580000000000119e+00 0.000000000000000000e+00
1.380000000000000000e+02 -1.246709999999999985e+00 7.227389999999999759e+00 0.000000000000000000e+00
1.390000000000000000e+02 -2.254690000000000083e+00 9.023839999999999861e+00 0.000000000000000000e+00
1.400000000000000000e+02 -1.494469999999999965e+00 1.098789000000000016e+01 0.000000000000000000e+00
1.410000000000000000e+02 -1.384100000000000108e+00 1.399531999999999954e+01 0.000000000000000000e+00
1.420000000000000000e+02 -1.493829999999999991e+00 1.606638999999999839e+01 0.000000000000000000e+00
1.430000000000000000e+02 -6.621299999999999963e-01 1.890465000000000018e+01 0.000000000000000000e+00
1.440000000000000000e+02 -3.106499999999999817e-01 -1.680958000000000041e+01 0.000000000000000000e+00
1.450000000000000000e+02 -3.740000000000000269e-02 -1.473251999999999917e+01 0.000000000000000000e+00
1.460000000000000000e+02 3.750999999999999890e-01 -1.264156000000000013e+01 0.000000000000000000e+00
1.470000000000000000e+02 6.195300000000000251e-01 -1.039752999999999972e+01 0.000000000000000000e+00
1.480000000000000000e+02 -1.643580000000000041e+00 -9.191019999999999968e+00 0.000000000000000000e+00
1.490000000000000000e+02 -1.273279999999999967e+00 -7.097319999999999851e+00 0.000000000000000000e+00
1.500000000000000000e+02 6.507699999999999596e-01 -4.132299999999999862e+00 0.000000000000000000e+00
1.510000000000000000e+02 6.508599999999999941e-01 -2.024020000000000152e+00 0.000000000000000000e+00
1.520000000000000000e+02 5.652899999999999592e-01 3.352000000000000118e-02 0.000000000000000000e+00
1.530000000000000000e+02 4.264399999999999857e-01 2.108060000000000045e+00 0.000000000000000000e+00
1.540000000000000000e+02 1.921899999999999997e-01 4.151299999999999990e+00 0.000000000000000000e+00
1.550000000000000000e+02 5.717100000000000515e-01 6.218829999999999636e+00 0.000000000000000000e+00
1.560000000000000000e+02 5.545700000000000074e-01 8.332810000000000272e+00 0.000000000000000000e+00
1.570000000000000000e+02 5.106399999999999828e-01 1.056342000000000070e+01 0.000000000000000000e+00
1.580000000000000000e+02 3.227099999999999969e-01 1.262645000000000017e+01 0.000000000000000000e+00
1.590000000000000000e+02 5.653299999999999992e-01 1.479245000000000054e+01 0.000000000000000000e+00
1.600000000000000000e+02 4.523800000000000043e-01 1.686843999999999966e+01 0.000000000000000000e+00
1.610000000000000000e+02 1.391829999999999901e+00 2.032553000000000054e+01 0.000000000000000000e+00
1.620000000000000000e+02 1.637019999999999920e+00 -1.803644999999999854e+01 0.000000000000000000e+00
1.630000000000000000e+02 1.672579999999999956e+00 -1.587608999999999959e+01 0.000000000000000000e+00
1.640000000000000000e+02 2.152320000000000011e+00 -1.385388999999999982e+01 0.000000000000000000e+00
1.650000000000000000e+02 2.259990000000000165e+00 -1.165536999999999956e+01 0.000000000000000000e+00
1.660000000000000000e+02 2.413460000000000161e+00 -9.385839999999999961e+00 0.000000000000000000e+00
1.670000000000000000e+02 4.976999999999999758e-01 -8.328599999999999781e+00 0.000000000000000000e+00
1.680000000000000000e+02 5.968999999999999861e-01 -6.206970000000000098e+00 0.000000000000000000e+00
1.690000000000000000e+02 2.433320000000000149e+00 -3.103239999999999998e+00 0.000000000000000000e+00
1.700000000000000000e+02 2.488179999999999836e+00 -1.048659999999999926e+00 0.000000000000000000e+00
1.710000000000000000e+02 2.403929999999999900e+00 1.040119999999999933e+00 0.000000000000000000e+00
1.720000000000000000e+02 2.315999999999999837e+00 3.178570000000000118e+00 0.000000000000000000e+00
1.730000000000000000e+02 2.468989999999999796e+00 5.282969999999999722e+00 0.000000000000000000e+00
1.740000000000000000e+02 2.411239999999999828e+00 7.382430000000000270e+00 0.000000000000000000e+00
1.750000000000000000e+02 2.306820000000000093e+00 9.518159999999999954e+00 0.000000000000000000e+00
1.760000000000000000e+02 2.375950000000000006e+00 1.159697000000000067e+01 0.000000000000000000e+00
1.770000000000000000e+02 2.373240000000000016e+00 1.368420000000000059e+01 0.000000000000000000e+00
1.780000000000000000e+02 2.409580000000000055e+00 1.601154999999999973e+01 0.000000000000000000e+00
1.790000000000000000e+02 2.094990000000000130e+00 1.823422000000000054e+01 0.000000000000000000e+00
1.800000000000000000e+02 3.557560000000000056e+00 -1.711755000000000138e+01 0.000000000000000000e+00
1.810000000000000000e+02 3.886099999999999888e+00 -1.497818999999999967e+01 0.000000000000000000e+00
1.820000000000000000e+02 4.075829999999999842e+00 -1.261434999999999995e+01 0.000000000000000000e+00
1.830000000000000000e+02 4.214999999999999858e+00 -1.052546000000000070e+01 0.000000000000000000e+00
1.840000000000000000e+02 4.279770000000000074e+00 -8.310190000000000410e+00 0.000000000000000000e+00
1.850000000000000000e+02 2.386499999999999844e+00 -7.269510000000000360e+00 0.000000000000000000e+00
1.860000000000000000e+02 2.436599999999999877e+00 -5.206059999999999910e+00 0.000000000000000000e+00
1.870000000000000000e+02 4.380969999999999587e+00 -2.077920000000000211e+00 0.000000000000000000e+00
1.880000000000000000e+02 4.248050000000000104e+00 7.438999999999999779e-02 0.000000000000000000e+00
1.890000000000000000e+02 6.125549999999999606e+00 1.076289999999999969e+00 0.000000000000000000e+00
1.900000000000000000e+02 4.196329999999999671e+00 2.152950000000000141e+00 0.000000000000000000e+00
1.910000000000000000e+02 4.244419999999999860e+00 4.235610000000000319e+00 0.000000000000000000e+00
1.920000000000000000e+02 4.284440000000000026e+00 6.306560000000000166e+00 0.000000000000000000e+00
1.930000000000000000e+02 4.206360000000000099e+00 8.399649999999999395e+00 0.000000000000000000e+00
1.940000000000000000e+02 4.182030000000000136e+00 1.053043000000000085e+01 0.000000000000000000e+00
1.950000000000000000e+02 4.194670000000000343e+00 1.262434000000000012e+01 0.000000000000000000e+00
1.960000000000000000e+02 4.157709999999999795e+00 1.485028999999999932e+01 0.000000000000000000e+00
1.970000000000000000e+02 4.124679999999999680e+00 1.717211999999999961e+01 0.000000000000000000e+00
1.980000000000000000e+02 5.775100000000000122e+00 -1.603566999999999965e+01 0.000000000000000000e+00
1.990000000000000000e+02 5.750580000000000247e+00 -1.391952000000000034e+01 0.000000000000000000e+00
2.000000000000000000e+02 5.996439999999999770e+00 -1.164650999999999925e+01 0.000000000000000000e+00
2.010000000000000000e+02 6.025030000000000108e+00 -9.524160000000000181e+00 0.000000000000000000e+00
2.020000000000000000e+02 6.121199999999999974e+00 -7.314309999999999867e+00 0.000000000000000000e+00
2.030000000000000000e+02 4.219750000000000334e+00 -6.248300000000000409e+00 0.000000000000000000e+00
2.040000000000000000e+02 6.148340000000000138e+00 -5.234919999999999796e+00 0.000000000000000000e+00
2.050000000000000000e+02 4.318889999999999674e+00 -4.135239999999999583e+00 0.000000000000000000e+00
2.060000000000000000e+02 6.256300000000000416e+00 -1.029840000000000089e+00 0.000000000000000000e+00
2.070000000000000000e+02 7.996139999999999581e+00 2.150850000000000151e+00 0.000000000000000000e+00
2.080000000000000000e+02 6.146209999999999951e+00 3.146650000000000169e+00 0.000000000000000000e+00
2.090000000000000000e+02 6.103030000000000399e+00 5.253409999999999691e+00 0.000000000000000000e+00
2.100000000000000000e+02 6.162139999999999951e+00 7.514630000000000365e+00 0.000000000000000000e+00
2.110000000000000000e+02 6.066230000000000011e+00 9.577420000000000044e+00 0.000000000000000000e+00
2.120000000000000000e+02 6.067009999999999792e+00 1.163321999999999967e+01 0.000000000000000000e+00
2.130000000000000000e+02 5.951030000000000264e+00 1.383460000000000001e+01 0.000000000000000000e+00
2.140000000000000000e+02 5.949029999999999596e+00 1.620891999999999911e+01 0.000000000000000000e+00
2.150000000000000000e+02 3.884230000000000071e+00 1.933783999999999992e+01 0.000000000000000000e+00
2.160000000000000000e+02 3.516509999999999803e+00 -1.923762999999999934e+01 0.000000000000000000e+00
2.170000000000000000e+02 7.607730000000000103e+00 -1.500333999999999968e+01 0.000000000000000000e+00
2.180000000000000000e+02 7.660230000000000317e+00 -1.289433000000000007e+01 0.000000000000000000e+00
2.190000000000000000e+02 7.811149999999999594e+00 -1.058483000000000018e+01 0.000000000000000000e+00
2.200000000000000000e+02 7.869069999999999787e+00 -8.474090000000000344e+00 0.000000000000000000e+00
2.210000000000000000e+02 7.953090000000000437e+00 -6.288420000000000343e+00 0.000000000000000000e+00
2.220000000000000000e+02 7.927609999999999602e+00 -4.206459999999999866e+00 0.000000000000000000e+00
2.230000000000000000e+02 6.181020000000000181e+00 -3.130189999999999806e+00 0.000000000000000000e+00
2.240000000000000000e+02 8.022970000000000823e+00 -2.137360000000000149e+00 0.000000000000000000e+00
2.250000000000000000e+02 7.982470000000000176e+00 8.264000000000000512e-02 0.000000000000000000e+00
2.260000000000000000e+02 7.973539999999999850e+00 4.234700000000000131e+00 0.000000000000000000e+00
2.270000000000000000e+02 7.979879999999999640e+00 6.323140000000000427e+00 0.000000000000000000e+00
2.280000000000000000e+02 9.777240000000000819e+00 7.606340000000000323e+00 0.000000000000000000e+00
2.290000000000000000e+02 7.972229999999999706e+00 8.594030000000000058e+00 0.000000000000000000e+00
2.300000000000000000e+02 7.928250000000000242e+00 1.067156999999999911e+01 0.000000000000000000e+00
2.310000000000000000e+02 7.932570000000000121e+00 1.278053000000000061e+01 0.000000000000000000e+00
2.320000000000000000e+02 7.830879999999999619e+00 1.493533000000000044e+01 0.000000000000000000e+00
2.330000000000000000e+02 7.815140000000000420e+00 1.712500999999999962e+01 0.000000000000000000e+00
2.340000000000000000e+02 7.522319999999999673e+00 -1.721987000000000023e+01 0.000000000000000000e+00
2.350000000000000000e+02 9.426510000000000389e+00 -1.399404000000000003e+01 0.000000000000000000e+00
2.360000000000000000e+02 9.468819999999999126e+00 -1.182748999999999917e+01 0.000000000000000000e+00
2.370000000000000000e+02 9.694670000000000343e+00 -9.487869999999999138e+00 0.000000000000000000e+00
2.380000000000000000e+02 9.734740000000000393e+00 -7.409370000000000012e+00 0.000000000000000000e+00
2.390000000000000000e+02 9.785299999999999443e+00 -5.227870000000000239e+00 0.000000000000000000e+00
2.400000000000000000e+02 9.846619999999999706e+00 -3.137480000000000047e+00 0.000000000000000000e+00
2.410000000000000000e+02 1.170744000000000007e+01 -2.191069999999999851e+00 0.000000000000000000e+00
2.420000000000000000e+02 9.851570000000000604e+00 -1.039460000000000051e+00 0.000000000000000000e+00
2.430000000000000000e+02 9.899749999999999162e+00 1.055229999999999890e+00 0.000000000000000000e+00
2.440000000000000000e+02 9.806660000000000821e+00 3.246150000000000091e+00 0.000000000000000000e+00
2.450000000000000000e+02 9.833849999999999980e+00 5.398710000000000342e+00 0.000000000000000000e+00
2.460000000000000000e+02 1.165629000000000026e+01 6.439269999999999605e+00 0.000000000000000000e+00
2.470000000000000000e+02 1.169894999999999996e+01 8.567790000000000461e+00 0.000000000000000000e+00
2.480000000000000000e+02 9.763849999999999696e+00 9.713800000000000878e+00 0.000000000000000000e+00
2.490000000000000000e+02 9.937160000000000437e+00 1.179852999999999952e+01 0.000000000000000000e+00
2.500000000000000000e+02 9.725350000000000605e+00 1.388334000000000046e+01 0.000000000000000000e+00
2.510000000000000000e+02 1.060233000000000025e+01 1.659283999999999892e+01 0.000000000000000000e+00
2.520000000000000000e+02 9.420830000000000481e+00 -1.622688000000000130e+01 0.000000000000000000e+00
2.530000000000000000e+02 1.134737999999999936e+01 -1.278087000000000018e+01 0.000000000000000000e+00
2.540000000000000000e+02 1.139969999999999928e+01 -1.069369999999999976e+01 0.000000000000000000e+00
2.550000000000000000e+02 1.155087999999999937e+01 -8.436510000000000176e+00 0.000000000000000000e+00
2.560000000000000000e+02 1.152668000000000070e+01 -6.339439999999999742e+00 0.000000000000000000e+00
2.570000000000000000e+02 1.164250000000000007e+01 -4.257690000000000197e+00 0.000000000000000000e+00
2.580000000000000000e+02 1.354738000000000042e+01 -3.234869999999999912e+00 0.000000000000000000e+00
2.590000000000000000e+02 1.350738999999999912e+01 -1.065569999999999906e+00 0.000000000000000000e+00
2.600000000000000000e+02 1.167877000000000010e+01 -6.439000000000000279e-02 0.000000000000000000e+00
2.610000000000000000e+02 1.170720999999999989e+01 2.063079999999999803e+00 0.000000000000000000e+00
2.620000000000000000e+02 1.348637000000000086e+01 3.157729999999999926e+00 0.000000000000000000e+00
2.630000000000000000e+02 1.169740999999999964e+01 4.265380000000000393e+00 0.000000000000000000e+00
2.640000000000000000e+02 1.351035000000000075e+01 5.254199999999999982e+00 0.000000000000000000e+00
2.650000000000000000e+02 1.351096000000000075e+01 7.442420000000000258e+00 0.000000000000000000e+00
2.660000000000000000e+02 1.351777000000000051e+01 9.692539999999999267e+00 0.000000000000000000e+00
2.670000000000000000e+02 1.180283999999999978e+01 1.091107000000000049e+01 0.000000000000000000e+00
2.680000000000000000e+02 1.170613999999999955e+01 1.303622000000000014e+01 0.000000000000000000e+00
2.690000000000000000e+02 1.234151999999999916e+01 1.520553999999999917e+01 0.000000000000000000e+00
2.700000000000000000e+02 1.131190999999999924e+01 -1.523197000000000045e+01 0.000000000000000000e+00
2.710000000000000000e+02 1.317398000000000025e+01 -1.177002000000000059e+01 0.000000000000000000e+00
2.720000000000000000e+02 1.345101000000000013e+01 -9.696479999999999322e+00 0.000000000000000000e+00
2.730000000000000000e+02 1.542624999999999957e+01 -8.709899999999999309e+00 0.000000000000000000e+00
2.740000000000000000e+02 1.338236999999999988e+01 -7.386429999999999829e+00 0.000000000000000000e+00
2.750000000000000000e+02 1.355518999999999963e+01 -5.300539999999999807e+00 0.000000000000000000e+00
2.760000000000000000e+02 1.540822000000000003e+01 -4.356559999999999988e+00 0.000000000000000000e+00
2.770000000000000000e+02 1.528891999999999918e+01 -2.100630000000000219e+00 0.000000000000000000e+00
2.780000000000000000e+02 1.533466999999999913e+01 -3.937000000000000222e-02 0.000000000000000000e+00
2.790000000000000000e+02 1.349799999999999933e+01 1.022399999999999975e+00 0.000000000000000000e+00
2.800000000000000000e+02 1.525910999999999973e+01 2.111320000000000086e+00 0.000000000000000000e+00
2.810000000000000000e+02 1.527952999999999939e+01 4.187359999999999971e+00 0.000000000000000000e+00
2.820000000000000000e+02 1.726563000000000159e+01 5.680620000000000225e+00 0.000000000000000000e+00
2.830000000000000000e+02 1.529465000000000074e+01 6.288660000000000139e+00 0.000000000000000000e+00
2.840000000000000000e+02 1.749652999999999992e+01 7.951999999999999957e+00 0.000000000000000000e+00
2.850000000000000000e+02 1.545462000000000025e+01 8.599399999999999267e+00 0.000000000000000000e+00
2.860000000000000000e+02 1.563929000000000080e+01 1.085937999999999981e+01 0.000000000000000000e+00
2.870000000000000000e+02 1.356578999999999979e+01 1.213494000000000028e+01 0.000000000000000000e+00
2.880000000000000000e+02 1.302125000000000021e+01 -1.403598999999999997e+01 0.000000000000000000e+00
2.890000000000000000e+02 1.523121000000000080e+01 -1.088429999999999964e+01 0.000000000000000000e+00
2.900000000000000000e+02 1.731002000000000152e+01 -7.674319999999999808e+00 0.000000000000000000e+00
2.910000000000000000e+02 1.916205000000000069e+01 -6.559999999999999609e+00 0.000000000000000000e+00
2.920000000000000000e+02 1.527863999999999933e+01 -6.576979999999999826e+00 0.000000000000000000e+00
2.930000000000000000e+02 1.710622000000000043e+01 -5.568200000000000038e+00 0.000000000000000000e+00
2.940000000000000000e+02 1.716678999999999888e+01 -3.184639999999999915e+00 0.000000000000000000e+00
2.950000000000000000e+02 1.715372999999999948e+01 -1.069900000000000073e+00 0.000000000000000000e+00
2.960000000000000000e+02 1.915865000000000151e+01 -2.569080000000000030e+00 0.000000000000000000e+00
2.970000000000000000e+02 1.710303000000000040e+01 1.051840000000000108e+00 0.000000000000000000e+00
2.980000000000000000e+02 1.919047000000000125e+01 5.140799999999999814e-01 0.000000000000000000e+00
2.990000000000000000e+02 1.721997999999999962e+01 3.281379999999999963e+00 0.000000000000000000e+00
