0.000000000000000000e+00 -1.513189000000000028e+01 -1.387543999999999933e+01 0.000000000000000000e+00
1.000000000000000000e+00 -1.573060000000000080e+01 -1.181692999999999927e+01 0.000000000000000000e+00
2.000000000000000000e+00 -1.666206999999999994e+01 -9.929289999999999949e+00 0.000000000000000000e+00
3.000000000000000000e+00 -1.733839000000000041e+01 -7.972290000000000099e+00 0.000000000000000000e+00
4.000000000000000000e+00 -1.836893999999999849e+01 -6.118520000000000181e+00 0.000000000000000000e+00
5.000000000000000000e+00 -1.965219000000000094e+01 -4.462880000000000180e+00 0.000000000000000000e+00
6.000000000000000000e+00 -1.736151999999999873e+01 -4.319700000000000095e+00 0.000000000000000000e+00
7.000000000000000000e+00 -1.867416000000000054e+01 -2.266739999999999977e+00 0.000000000000000000e+00
8.000000000000000000e+00 -1.713250000000000028e+01 -8.576700000000000434e-01 0.000000000000000000e+00
9.000000000000000000e+00 -1.908970000000000056e+01 3.106599999999999917e-01 0.000000000000000000e+00
1.000000000000000000e+01 -1.766845999999999961e+01 1.795120000000000049e+00 0.000000000000000000e+00
1.100000000000000000e+01 -1.939716999999999913e+01 3.194409999999999972e+00 0.000000000000000000e+00
1.200000000000000000e+01 -1.711045999999999978e+01 6.000759999999999650e+00 0.000000000000000000e+00
1.300000000000000000e+01 -1.890268000000000015e+01 7.016619999999999635e+00 0.000000000000000000e+00
1.400000000000000000e+01 -1.702815000000000012e+01 8.406510000000000815e+00 0.000000000000000000e+00
1.500000000000000000e+01 -1.643054000000000059e+01 1.039151000000000025e+01 0.000000000000000000e+00
1.600000000000000000e+01 -1.627868000000000137e+01 1.245683999999999969e+01 0.000000000000000000e+00
1.700000000000000000e+01 -1.565085999999999977e+01 1.473985000000000056e+01 0.000000000000000000e+00
1.800000000000000000e+01 -1.387567999999999913e+01 -1.578785000000000061e+01 0.000000000000000000e+00
1.900000000000000000e+01 -1.297226999999999997e+01 -1.383328999999999986e+01 0.000000000000000000e+00
2.000000000000000000e+01 -1.366756999999999955e+01 -1.188330000000000020e+01 0.000000000000000000e+00
2.100000000000000000e+01 -1.460947999999999958e+01 -1.005812000000000062e+01 0.000000000000000000e+00
2.200000000000000000e+01 -1.519514000000000031e+01 -7.997889999999999944e+00 0.000000000000000000e+00
2.300000000000000000e+01 -1.629118000000000066e+01 -6.180749999999999744e+00 0.000000000000000000e+00
2.400000000000000000e+01 -1.507385000000000019e+01 -4.455840000000000245e+00 0.000000000000000000e+00
2.500000000000000000e+01 -1.603823999999999828e+01 -2.622679999999999900e+00 0.000000000000000000e+00
2.600000000000000000e+01 -1.477452000000000076e+01 -9.756799999999999917e-01 0.000000000000000000e+00
2.700000000000000000e+01 -1.587223000000000006e+01 7.757800000000000251e-01 0.000000000000000000e+00
2.800000000000000000e+01 -1.551884000000000086e+01 2.805400000000000116e+00 0.000000000000000000e+00
2.900000000000000000e+01 -1.729967999999999861e+01 3.930670000000000108e+00 0.000000000000000000e+00
3.000000000000000000e+01 -1.521180999999999983e+01 4.972610000000000419e+00 0.000000000000000000e+00
3.100000000000000000e+01 -1.529815999999999931e+01 7.300430000000000419e+00 0.000000000000000000e+00
3.200000000000000000e+01 -1.458970000000000056e+01 9.312620000000000786e+00 0.000000000000000000e+00
3.300000000000000000e+01 -1.445035999999999987e+01 1.146549000000000085e+01 0.000000000000000000e+00
3.400000000000000000e+01 -1.382056000000000040e+01 1.352474999999999916e+01 0.000000000000000000e+00
3.500000000000000000e+01 -1.379813000000000045e+01 1.599820000000000064e+01 0.000000000000000000e+00
3.600000000000000000e+01 -1.080474000000000068e+01 -1.709758000000000067e+01 0.000000000000000000e+00
3.700000000000000000e+01 -1.121795000000000009e+01 -1.498942000000000085e+01 0.000000000000000000e+00
3.800000000000000000e+01 -1.160793999999999926e+01 -1.223361000000000054e+01 0.000000000000000000e+00
3.900000000000000000e+01 -1.233464999999999989e+01 -1.024503999999999948e+01 0.000000000000000000e+00
4.000000000000000000e+01 -1.314314000000000071e+01 -8.225529999999999120e+00 0.000000000000000000e+00
4.100000000000000000e+01 -1.394575999999999993e+01 -6.240160000000000373e+00 0.000000000000000000e+00
4.200000000000000000e+01 -1.270692000000000021e+01 -4.562459999999999738e+00 0.000000000000000000e+00
4.300000000000000000e+01 -1.374817999999999962e+01 -2.766760000000000108e+00 0.000000000000000000e+00
4.400000000000000000e+01 -1.267586999999999975e+01 -9.709999999999999742e-01 0.000000000000000000e+00
4.500000000000000000e+01 -1.371663000000000032e+01 8.368100000000000538e-01 0.000000000000000000e+00
4.600000000000000000e+01 -1.337983000000000011e+01 2.882299999999999862e+00 0.000000000000000000e+00
4.700000000000000000e+01 -1.214747999999999983e+01 4.564059999999999562e+00 0.000000000000000000e+00
4.800000000000000000e+01 -1.349980000000000047e+01 6.150470000000000326e+00 0.000000000000000000e+00
4.900000000000000000e+01 -1.274752999999999936e+01 8.123879999999999768e+00 0.000000000000000000e+00
5.000000000000000000e+01 -1.265958000000000006e+01 1.019319999999999915e+01 0.000000000000000000e+00
5.100000000000000000e+01 -1.197795999999999950e+01 1.229069999999999929e+01 0.000000000000000000e+00
5.200000000000000000e+01 -1.182952000000000048e+01 1.453364999999999974e+01 0.000000000000000000e+00
5.300000000000000000e+01 -1.157038000000000011e+01 1.679151999999999845e+01 0.000000000000000000e+00
5.400000000000000000e+01 -8.750719999999999388e+00 -1.762256000000000000e+01 0.000000000000000000e+00
5.500000000000000000e+01 -9.124459999999999127e+00 -1.530528999999999940e+01 0.000000000000000000e+00
5.600000000000000000e+01 -9.898260000000000502e+00 -1.340108999999999995e+01 0.000000000000000000e+00
5.700000000000000000e+01 -1.021152999999999977e+01 -1.035267999999999944e+01 0.000000000000000000e+00
5.800000000000000000e+01 -1.096746000000000087e+01 -8.423339999999999606e+00 0.000000000000000000e+00
5.900000000000000000e+01 -1.181559999999999988e+01 -6.545829999999999593e+00 0.000000000000000000e+00
6.000000000000000000e+01 -1.062237999999999971e+01 -4.853080000000000283e+00 0.000000000000000000e+00
6.100000000000000000e+01 -1.162290999999999919e+01 -2.776489999999999903e+00 0.000000000000000000e+00
6.200000000000000000e+01 -1.059559999999999924e+01 -9.434500000000000108e-01 0.000000000000000000e+00
6.300000000000000000e+01 -1.164677000000000007e+01 8.291100000000000136e-01 0.000000000000000000e+00
6.400000000000000000e+01 -1.096115999999999957e+01 2.797779999999999934e+00 0.000000000000000000e+00
6.500000000000000000e+01 -1.008849999999999980e+01 4.679909999999999570e+00 0.000000000000000000e+00
6.600000000000000000e+01 -1.133061999999999969e+01 6.494030000000000413e+00 0.000000000000000000e+00
6.700000000000000000e+01 -1.052007000000000048e+01 8.574210000000000775e+00 0.000000000000000000e+00
6.800000000000000000e+01 -1.054448999999999970e+01 1.070608999999999966e+01 0.000000000000000000e+00
6.900000000000000000e+01 -1.016480999999999923e+01 1.331390000000000029e+01 0.000000000000000000e+00
7.000000000000000000e+01 -9.916320000000000690e+00 1.536819000000000024e+01 0.000000000000000000e+00
7.100000000000000000e+01 -9.185150000000000148e+00 1.736119000000000057e+01 0.000000000000000000e+00
7.200000000000000000e+01 -6.548949999999999605e+00 -1.773580000000000112e+01 0.000000000000000000e+00
7.300000000000000000e+01 -7.096580000000000332e+00 -1.571668999999999983e+01 0.000000000000000000e+00
7.400000000000000000e+01 -7.847889999999999588e+00 -1.366915999999999976e+01 0.000000000000000000e+00
7.500000000000000000e+01 -8.660809999999999675e+00 -1.172720999999999947e+01 0.000000000000000000e+00
7.600000000000000000e+01 -8.921699999999999520e+00 -8.722820000000000462e+00 0.000000000000000000e+00
7.700000000000000000e+01 -9.545249999999999346e+00 -6.692040000000000433e+00 0.000000000000000000e+00
7.800000000000000000e+01 -8.376799999999999358e+00 -4.615140000000000242e+00 0.000000000000000000e+00
7.900000000000000000e+01 -9.550399999999999778e+00 -2.787110000000000198e+00 0.000000000000000000e+00
8.000000000000000000e+01 -8.424089999999999634e+00 -9.501399999999999846e-01 0.000000000000000000e+00
8.100000000000000000e+01 -9.512259999999999494e+00 9.299899999999999833e-01 0.000000000000000000e+00
8.200000000000000000e+01 -8.882550000000000168e+00 2.920589999999999797e+00 0.000000000000000000e+00
8.300000000000000000e+01 -8.034929999999999239e+00 4.832309999999999661e+00 0.000000000000000000e+00
8.400000000000000000e+01 -9.226839999999999264e+00 6.595670000000000144e+00 0.000000000000000000e+00
8.500000000000000000e+01 -8.451079999999999259e+00 8.517699999999999605e+00 0.000000000000000000e+00
8.600000000000000000e+01 -8.767699999999999605e+00 1.178979999999999961e+01 0.000000000000000000e+00
8.700000000000000000e+01 -8.061569999999999681e+00 1.384947000000000017e+01 0.000000000000000000e+00
8.800000000000000000e+01 -7.455000000000000071e+00 1.582679000000000080e+01 0.000000000000000000e+00
8.900000000000000000e+01 -7.007729999999999571e+00 1.795788999999999902e+01 0.000000000000000000e+00
9.000000000000000000e+01 -5.645730000000000359e+00 -1.962631000000000014e+01 0.000000000000000000e+00
9.100000000000000000e+01 -5.023579999999999934e+00 -1.586980999999999931e+01 0.000000000000000000e+00
9.200000000000000000e+01 -5.710749999999999993e+00 -1.388837999999999973e+01 0.000000000000000000e+00
9.300000000000000000e+01 -6.522350000000000314e+00 -1.195644000000000062e+01 0.000000000000000000e+00
9.400000000000000000e+01 -7.365879999999999761e+00 -1.006733999999999973e+01 0.000000000000000000e+00
9.500000000000000000e+01 -7.288619999999999877e+00 -6.391110000000000291e+00 0.000000000000000000e+00
9.600000000000000000e+01 -6.230070000000000441e+00 -4.526089999999999947e+00 0.000000000000000000e+00
9.700000000000000000e+01 -7.278970000000000162e+00 -2.701369999999999827e+00 0.000000000000000000e+00
9.800000000000000000e+01 -6.265659999999999563e+00 -7.953900000000000414e-01 0.000000000000000000e+00
9.900000000000000000e+01 -7.457309999999999661e+00 1.021889999999999965e+00 0.000000000000000000e+00
1.000000000000000000e+02 -6.583020000000000316e+00 2.943579999999999863e+00 0.000000000000000000e+00
1.010000000000000000e+02 -5.937070000000000292e+00 4.949860000000000149e+00 0.000000000000000000e+00
1.020000000000000000e+02 -7.172080000000000233e+00 6.722739999999999938e+00 0.000000000000000000e+00
1.030000000000000000e+02 -7.320630000000000415e+00 1.031325999999999965e+01 0.000000000000000000e+00
1.040000000000000000e+02 -6.700359999999999872e+00 1.229582000000000086e+01 0.000000000000000000e+00
1.050000000000000000e+02 -5.948570000000000135e+00 1.434885000000000055e+01 0.000000000000000000e+00
1.060000000000000000e+02 -5.310249999999999915e+00 1.631653999999999982e+01 0.000000000000000000e+00
1.070000000000000000e+02 -6.146919999999999717e+00 1.982660999999999873e+01 0.000000000000000000e+00
1.080000000000000000e+02 -4.224000000000000199e+00 -1.804476999999999975e+01 0.000000000000000000e+00
1.090000000000000000e+02 -3.613170000000000215e+00 -1.416942000000000057e+01 0.000000000000000000e+00
1.100000000000000000e+02 -4.452449999999999797e+00 -1.222161000000000008e+01 0.000000000000000000e+00
1.110000000000000000e+02 -5.181350000000000122e+00 -1.017530999999999963e+01 0.000000000000000000e+00
1.120000000000000000e+02 -6.220360000000000333e+00 -8.276780000000000470e+00 0.000000000000000000e+00
1.130000000000000000e+02 -5.121330000000000382e+00 -6.337570000000000370e+00 0.000000000000000000e+00
1.140000000000000000e+02 -4.123560000000000336e+00 -4.457910000000000039e+00 0.000000000000000000e+00
1.150000000000000000e+02 -5.205619999999999692e+00 -2.650209999999999955e+00 0.000000000000000000e+00
1.160000000000000000e+02 -4.207569999999999588e+00 -6.758100000000000218e-01 0.000000000000000000e+00
1.170000000000000000e+02 -5.370079999999999742e+00 1.060140000000000082e+00 0.000000000000000000e+00
1.180000000000000000e+02 -4.297850000000000392e+00 3.013139999999999930e+00 0.000000000000000000e+00
1.190000000000000000e+02 -5.070590000000000153e+00 6.828710000000000058e+00 0.000000000000000000e+00
1.200000000000000000e+02 -6.229070000000000107e+00 8.569530000000000314e+00 0.000000000000000000e+00
1.210000000000000000e+02 -4.182870000000000310e+00 8.812559999999999505e+00 0.000000000000000000e+00
1.220000000000000000e+02 -5.277969999999999828e+00 1.058447999999999922e+01 0.000000000000000000e+00
1.230000000000000000e+02 -4.605900000000000105e+00 1.255250000000000021e+01 0.000000000000000000e+00
1.240000000000000000e+02 -3.908770000000000078e+00 1.462376000000000076e+01 0.000000000000000000e+00
1.250000000000000000e+02 -4.488179999999999836e+00 1.823132999999999981e+01 0.000000000000000000e+00
1.260000000000000000e+02 -2.076369999999999827e+00 -1.855754999999999910e+01 0.000000000000000000e+00
1.270000000000000000e+02 -2.888869999999999827e+00 -1.640287999999999968e+01 0.000000000000000000e+00
1.280000000000000000e+02 -2.338420000000000165e+00 -1.235768999999999984e+01 0.000000000000000000e+00
1.290000000000000000e+02 -3.102930000000000188e+00 -1.042281999999999975e+01 0.000000000000000000e+00
1.300000000000000000e+02 -3.948449999999999793e+00 -8.480570000000000164e+00 0.000000000000000000e+00
1.310000000000000000e+02 -3.034990000000000077e+00 -6.311630000000000074e+00 0.000000000000000000e+00
1.320000000000000000e+02 -2.012420000000000098e+00 -4.231460000000000221e+00 0.000000000000000000e+00
1.330000000000000000e+02 -3.130489999999999995e+00 -2.439470000000000027e+00 0.000000000000000000e+00
1.340000000000000000e+02 -2.102139999999999898e+00 -5.343599999999999461e-01 0.000000000000000000e+00
1.350000000000000000e+02 -3.239860000000000184e+00 1.211140000000000105e+00 0.000000000000000000e+00
1.360000000000000000e+02 -2.218350000000000044e+00 3.088979999999999837e+00 0.000000000000000000e+00
1.370000000000000000e+02 -3.874140000000000139e+00 5.074060000000000237e+00 0.000000000000000000e+00
1.380000000000000000e+02 -2.859910000000000174e+00 7.184870000000000090e+00 0.000000000000000000e+00
1.390000000000000000e+02 -2.170319999999999805e+00 9.197549999999999670e+00 0.000000000000000000e+00
1.400000000000000000e+02 -3.246220000000000105e+00 1.097645999999999944e+01 0.000000000000000000e+00
1.410000000000000000e+02 -2.519109999999999960e+00 1.293753000000000064e+01 0.000000000000000000e+00
1.420000000000000000e+02 -3.139170000000000016e+00 1.660014999999999930e+01 0.000000000000000000e+00
1.430000000000000000e+02 -2.045139999999999958e+00 1.875982000000000127e+01 0.000000000000000000e+00
1.440000000000000000e+02 -8.472300000000000386e-01 -1.673438000000000159e+01 0.000000000000000000e+00
1.450000000000000000e+02 -1.623580000000000023e+00 -1.476401000000000074e+01 0.000000000000000000e+00
1.460000000000000000e+02 -3.442399999999999904e-01 -1.309897999999999918e+01 0.000000000000000000e+00
1.470000000000000000e+02 -7.733900000000000219e-01 -1.036861000000000033e+01 0.000000000000000000e+00
1.480000000000000000e+02 -1.604759999999999964e+00 -8.468989999999999796e+00 0.000000000000000000e+00
1.490000000000000000e+02 3.736200000000000077e-01 -7.817779999999999951e+00 0.000000000000000000e+00
1.500000000000000000e+02 -8.701900000000000190e-01 -6.045329999999999870e+00 0.000000000000000000e+00
1.510000000000000000e+02 -9.864399999999999835e-01 -2.347690000000000055e+00 0.000000000000000000e+00
1.520000000000000000e+02 1.164499999999999980e-01 -5.292799999999999727e-01 0.000000000000000000e+00
1.530000000000000000e+02 -1.133000000000000007e+00 1.293050000000000033e+00 0.000000000000000000e+00
1.540000000000000000e+02 -1.484499999999999986e-01 3.451670000000000016e+00 0.000000000000000000e+00
1.550000000000000000e+02 -1.780410000000000048e+00 5.204419999999999824e+00 0.000000000000000000e+00
1.560000000000000000e+02 -7.158099999999999463e-01 7.523439999999999905e+00 0.000000000000000000e+00
1.570000000000000000e+02 -4.757999999999999730e-02 9.510300000000000864e+00 0.000000000000000000e+00
1.580000000000000000e+02 -1.157219999999999915e+00 1.130010000000000048e+01 0.000000000000000000e+00
1.590000000000000000e+02 -4.987400000000000166e-01 1.333057999999999943e+01 0.000000000000000000e+00
1.600000000000000000e+02 -1.763570000000000082e+00 1.498708000000000062e+01 0.000000000000000000e+00
1.610000000000000000e+02 -8.702400000000000135e-01 1.683635999999999910e+01 0.000000000000000000e+00
1.620000000000000000e+02 -9.569999999999999341e-02 -1.917296999999999940e+01 0.000000000000000000e+00
1.630000000000000000e+02 1.160570000000000102e+00 -1.721960999999999942e+01 0.000000000000000000e+00
1.640000000000000000e+02 4.326800000000000090e-01 -1.508932000000000073e+01 0.000000000000000000e+00
1.650000000000000000e+02 1.072279999999999900e+00 -1.158988000000000085e+01 0.000000000000000000e+00
1.660000000000000000e+02 1.554510000000000058e+00 -9.581939999999999458e+00 0.000000000000000000e+00
1.670000000000000000e+02 1.466760000000000064e+00 -5.847310000000000230e+00 0.000000000000000000e+00
1.680000000000000000e+02 9.859999999999999321e-02 -4.205630000000000202e+00 0.000000000000000000e+00
1.690000000000000000e+02 1.091790000000000038e+00 -2.371140000000000025e+00 0.000000000000000000e+00
1.700000000000000000e+02 2.311539999999999928e+00 -1.377299999999999913e-01 0.000000000000000000e+00
1.710000000000000000e+02 9.611600000000000144e-01 1.461430000000000007e+00 0.000000000000000000e+00
1.720000000000000000e+02 2.154980000000000118e+00 3.205470000000000041e+00 0.000000000000000000e+00
1.730000000000000000e+02 2.259739999999999860e+00 5.319259999999999877e+00 0.000000000000000000e+00
1.740000000000000000e+02 2.369499999999999940e-01 5.706509999999999749e+00 0.000000000000000000e+00
1.750000000000000000e+02 2.040249999999999897e+00 9.551610000000000156e+00 0.000000000000000000e+00
1.760000000000000000e+02 1.065039999999999987e+00 1.140351000000000070e+01 0.000000000000000000e+00
1.770000000000000000e+02 1.587900000000000089e+00 1.344209999999999994e+01 0.000000000000000000e+00
1.780000000000000000e+02 6.313100000000000378e-01 1.526591999999999949e+01 0.000000000000000000e+00
1.790000000000000000e+02 1.269249999999999989e+00 1.940193000000000012e+01 0.000000000000000000e+00
1.800000000000000000e+02 2.397450000000000081e+00 -1.895213000000000036e+01 0.000000000000000000e+00
1.810000000000000000e+02 2.532799999999999940e+00 -1.562398999999999916e+01 0.000000000000000000e+00
1.820000000000000000e+02 2.068680000000000074e+00 -1.360940000000000083e+01 0.000000000000000000e+00
1.830000000000000000e+02 3.131889999999999841e+00 -1.141614000000000040e+01 0.000000000000000000e+00
1.840000000000000000e+02 2.418449999999999989e+00 -7.690129999999999910e+00 0.000000000000000000e+00
1.850000000000000000e+02 3.720400000000000151e+00 -6.059000000000000163e+00 0.000000000000000000e+00
1.860000000000000000e+02 3.814000000000000057e+00 -3.997300000000000075e+00 0.000000000000000000e+00
1.870000000000000000e+02 3.138129999999999864e+00 -2.041370000000000129e+00 0.000000000000000000e+00
1.880000000000000000e+02 4.374060000000000059e+00 -2.432300000000000018e-01 0.000000000000000000e+00
1.890000000000000000e+02 3.446480000000000210e+00 1.601520000000000055e+00 0.000000000000000000e+00
1.900000000000000000e+02 4.010410000000000252e+00 4.178670000000000329e+00 0.000000000000000000e+00
1.910000000000000000e+02 3.990899999999999892e+00 6.556259999999999977e+00 0.000000000000000000e+00
1.920000000000000000e+02 1.666500000000000092e+00 7.336660000000000181e+00 0.000000000000000000e+00
1.930000000000000000e+02 3.951909999999999812e+00 8.651790000000000092e+00 0.000000000000000000e+00
1.940000000000000000e+02 3.689830000000000165e+00 1.081255999999999950e+01 0.000000000000000000e+00
1.950000000000000000e+02 3.698240000000000194e+00 1.290831999999999979e+01 0.000000000000000000e+00
1.960000000000000000e+02 2.748819999999999819e+00 1.515160000000000018e+01 0.000000000000000000e+00
1.970000000000000000e+02 1.620139999999999914e+00 1.722688000000000130e+01 0.000000000000000000e+00
1.980000000000000000e+02 3.793239999999999945e+00 -1.728886999999999929e+01 0.000000000000000000e+00
1.990000000000000000e+02 4.576539999999999608e+00 -1.523347000000000051e+01 0.000000000000000000e+00
2.000000000000000000e+02 4.420539999999999914e+00 -1.315340999999999916e+01 0.000000000000000000e+00
2.010000000000000000e+02 5.109029999999999738e+00 -1.087526000000000082e+01 0.000000000000000000e+00
2.020000000000000000e+02 3.618040000000000145e+00 -9.401949999999999363e+00 0.000000000000000000e+00
2.030000000000000000e+02 4.958219999999999850e+00 -7.817999999999999616e+00 0.000000000000000000e+00
2.040000000000000000e+02 6.181470000000000020e+00 -6.153089999999999726e+00 0.000000000000000000e+00
2.050000000000000000e+02 5.228930000000000078e+00 -2.112220000000000208e+00 0.000000000000000000e+00
2.060000000000000000e+02 6.508960000000000079e+00 -4.858000000000000096e-01 0.000000000000000000e+00
2.070000000000000000e+02 5.648380000000000400e+00 1.395180000000000087e+00 0.000000000000000000e+00
2.080000000000000000e+02 5.931639999999999802e+00 3.438279999999999781e+00 0.000000000000000000e+00
2.090000000000000000e+02 5.792099999999999582e+00 5.504209999999999603e+00 0.000000000000000000e+00
2.100000000000000000e+02 5.812000000000000277e+00 7.641460000000000363e+00 0.000000000000000000e+00
2.110000000000000000e+02 5.711850000000000094e+00 9.747790000000000177e+00 0.000000000000000000e+00
2.120000000000000000e+02 5.604680000000000106e+00 1.180850000000000044e+01 0.000000000000000000e+00
2.130000000000000000e+02 5.448559999999999626e+00 1.412659000000000020e+01 0.000000000000000000e+00
2.140000000000000000e+02 4.616880000000000095e+00 1.605099999999999838e+01 0.000000000000000000e+00
2.150000000000000000e+02 4.117160000000000153e+00 1.810087000000000046e+01 0.000000000000000000e+00
2.160000000000000000e+02 5.485100000000000087e+00 -1.848478000000000065e+01 0.000000000000000000e+00
2.170000000000000000e+02 6.249559999999999782e+00 -1.645216999999999885e+01 0.000000000000000000e+00
2.180000000000000000e+02 6.361720000000000041e+00 -1.416853000000000051e+01 0.000000000000000000e+00
2.190000000000000000e+02 6.845989999999999576e+00 -1.213268000000000058e+01 0.000000000000000000e+00
2.200000000000000000e+02 7.063030000000000364e+00 -1.008472000000000079e+01 0.000000000000000000e+00
2.210000000000000000e+02 7.182240000000000180e+00 -7.974009999999999820e+00 0.000000000000000000e+00
2.220000000000000000e+02 7.934820000000000206e+00 -4.975970000000000226e+00 0.000000000000000000e+00
2.230000000000000000e+02 5.950820000000000221e+00 -4.031200000000000117e+00 0.000000000000000000e+00
2.240000000000000000e+02 7.422880000000000145e+00 -2.349070000000000213e+00 0.000000000000000000e+00
2.250000000000000000e+02 8.494749999999999801e+00 4.010400000000000076e-01 0.000000000000000000e+00
2.260000000000000000e+02 7.802579999999999849e+00 2.385029999999999983e+00 0.000000000000000000e+00
2.270000000000000000e+02 7.681630000000000180e+00 4.547240000000000393e+00 0.000000000000000000e+00
2.280000000000000000e+02 7.642699999999999605e+00 6.688180000000000014e+00 0.000000000000000000e+00
2.290000000000000000e+02 7.556600000000000428e+00 8.764570000000000860e+00 0.000000000000000000e+00
2.300000000000000000e+02 7.470930000000000071e+00 1.084534999999999982e+01 0.000000000000000000e+00
2.310000000000000000e+02 7.380419999999999980e+00 1.311766000000000076e+01 0.000000000000000000e+00
2.320000000000000000e+02 7.240990000000000038e+00 1.518354000000000070e+01 0.000000000000000000e+00
2.330000000000000000e+02 6.489460000000000228e+00 1.711758999999999986e+01 0.000000000000000000e+00
2.340000000000000000e+02 8.319369999999999266e+00 -1.746000000000000085e+01 0.000000000000000000e+00
2.350000000000000000e+02 8.085470000000000823e+00 -1.534473000000000020e+01 0.000000000000000000e+00
2.360000000000000000e+02 8.603440000000000865e+00 -1.334169999999999945e+01 0.000000000000000000e+00
2.370000000000000000e+02 8.833389999999999631e+00 -1.122724999999999973e+01 0.000000000000000000e+00
2.380000000000000000e+02 8.922050000000000480e+00 -9.134460000000000690e+00 0.000000000000000000e+00
2.390000000000000000e+02 8.911550000000000082e+00 -6.791430000000000078e+00 0.000000000000000000e+00
2.400000000000000000e+02 1.023678999999999917e+01 -5.189750000000000085e+00 0.000000000000000000e+00
2.410000000000000000e+02 9.381220000000000780e+00 -3.317019999999999857e+00 0.000000000000000000e+00
2.420000000000000000e+02 9.925850000000000506e+00 -1.175300000000000011e+00 0.000000000000000000e+00
2.430000000000000000e+02 1.009071999999999925e+01 1.890139999999999931e+00 0.000000000000000000e+00
2.440000000000000000e+02 1.068695999999999913e+01 3.936749999999999972e+00 0.000000000000000000e+00
2.450000000000000000e+02 9.454060000000000130e+00 5.660510000000000375e+00 0.000000000000000000e+00
2.460000000000000000e+02 9.413320000000000576e+00 7.855979999999999741e+00 0.000000000000000000e+00
2.470000000000000000e+02 9.359289999999999665e+00 9.942280000000000229e+00 0.000000000000000000e+00
2.480000000000000000e+02 9.161670000000000869e+00 1.202853999999999957e+01 0.000000000000000000e+00
2.490000000000000000e+02 9.164220000000000255e+00 1.423912999999999940e+01 0.000000000000000000e+00
2.500000000000000000e+02 9.139189999999999259e+00 1.637217000000000056e+01 0.000000000000000000e+00
2.510000000000000000e+02 8.236750000000000682e+00 1.825338999999999956e+01 0.000000000000000000e+00
2.520000000000000000e+02 1.021110999999999969e+01 -1.656711999999999918e+01 0.000000000000000000e+00
2.530000000000000000e+02 1.039935999999999972e+01 -1.449860999999999933e+01 0.000000000000000000e+00
2.540000000000000000e+02 1.064287000000000027e+01 -1.239124999999999943e+01 0.000000000000000000e+00
2.550000000000000000e+02 1.072898999999999958e+01 -1.033820000000000050e+01 0.000000000000000000e+00
2.560000000000000000e+02 1.072654999999999959e+01 -7.924570000000000114e+00 0.000000000000000000e+00
2.570000000000000000e+02 1.198942000000000085e+01 -6.302439999999999820e+00 0.000000000000000000e+00
2.580000000000000000e+02 1.195986000000000082e+01 -4.043309999999999960e+00 0.000000000000000000e+00
2.590000000000000000e+02 1.185654000000000075e+01 -1.949119999999999964e+00 0.000000000000000000e+00
2.600000000000000000e+02 1.156962000000000046e+01 1.054199999999999998e-01 0.000000000000000000e+00
2.610000000000000000e+02 1.379318999999999917e+01 1.161480000000000068e+00 0.000000000000000000e+00
2.620000000000000000e+02 1.220098999999999911e+01 2.541180000000000216e+00 0.000000000000000000e+00
2.630000000000000000e+02 1.362543999999999933e+01 5.379190000000000360e+00 0.000000000000000000e+00
2.640000000000000000e+02 1.162585999999999942e+01 6.037010000000000431e+00 0.000000000000000000e+00
2.650000000000000000e+02 1.136974999999999980e+01 8.631709999999999994e+00 0.000000000000000000e+00
2.660000000000000000e+02 1.124344999999999928e+01 1.095747000000000071e+01 0.000000000000000000e+00
2.670000000000000000e+02 1.108685000000000009e+01 1.302308000000000021e+01 0.000000000000000000e+00
2.680000000000000000e+02 1.112490000000000023e+01 1.517881999999999998e+01 0.000000000000000000e+00
2.690000000000000000e+02 1.100329999999999941e+01 1.725876999999999839e+01 0.000000000000000000e+00
2.700000000000000000e+02 1.218571999999999989e+01 -1.575558999999999976e+01 0.000000000000000000e+00
2.710000000000000000e+02 1.229185000000000016e+01 -1.362457000000000029e+01 0.000000000000000000e+00
2.720000000000000000e+02 1.256850999999999985e+01 -1.158525000000000027e+01 0.000000000000000000e+00
2.730000000000000000e+02 1.450553000000000026e+01 -1.036428000000000083e+01 0.000000000000000000e+00
2.740000000000000000e+02 1.256081999999999965e+01 -9.199880000000000280e+00 0.000000000000000000e+00
2.750000000000000000e+02 1.371414000000000044e+01 -7.498499999999999943e+00 0.000000000000000000e+00
2.760000000000000000e+02 1.389958999999999989e+01 -5.201839999999999797e+00 0.000000000000000000e+00
2.770000000000000000e+02 1.382963999999999949e+01 -3.005590000000000206e+00 0.000000000000000000e+00
2.780000000000000000e+02 1.368966999999999956e+01 -9.138199999999999656e-01 0.000000000000000000e+00
2.790000000000000000e+02 1.581316999999999950e+01 1.660579999999999945e+00 0.000000000000000000e+00
2.800000000000000000e+02 1.429077999999999982e+01 3.192889999999999784e+00 0.000000000000000000e+00
2.810000000000000000e+02 1.571916000000000047e+01 4.934110000000000440e+00 0.000000000000000000e+00
2.820000000000000000e+02 1.524962999999999980e+01 7.013150000000000439e+00 0.000000000000000000e+00
2.830000000000000000e+02 1.318806999999999974e+01 7.552889999999999660e+00 0.000000000000000000e+00
2.840000000000000000e+02 1.306746000000000052e+01 9.869949999999999335e+00 0.000000000000000000e+00
2.850000000000000000e+02 1.512132000000000076e+01 9.430619999999999337e+00 0.000000000000000000e+00
2.860000000000000000e+02 1.300412999999999997e+01 1.203580000000000005e+01 0.000000000000000000e+00
2.870000000000000000e+02 1.294405000000000072e+01 1.414216000000000051e+01 0.000000000000000000e+00
2.880000000000000000e+02 1.448276000000000074e+01 -1.474238000000000071e+01 0.000000000000000000e+00
2.890000000000000000e+02 1.440657999999999994e+01 -1.259057999999999922e+01 0.000000000000000000e+00
2.900000000000000000e+02 1.626049000000000078e+01 -1.165759000000000079e+01 0.000000000000000000e+00
2.910000000000000000e+02 1.768427000000000149e+01 -6.894389999999999574e+00 0.000000000000000000e+00
2.920000000000000000e+02 1.580580999999999925e+01 -8.721780000000000754e+00 0.000000000000000000e+00
2.930000000000000000e+02 1.554426999999999914e+01 -6.506230000000000402e+00 0.000000000000000000e+00
2.940000000000000000e+02 1.571430999999999933e+01 -4.139160000000000394e+00 0.000000000000000000e+00
2.950000000000000000e+02 1.750700000000000145e+01 -3.051480000000000192e+00 0.000000000000000000e+00
2.960000000000000000e+02 1.565474999999999994e+01 -2.010969999999999924e+00 0.000000000000000000e+00
2.970000000000000000e+02 1.733625999999999934e+01 1.479100000000000137e-01 0.000000000000000000e+00
2.980000000000000000e+02 1.735636999999999830e+01 3.082879999999999843e+00 0.000000000000000000e+00
2.990000000000000000e+02 1.738551000000000002e+01 6.703299999999999592e+00 0.000000000000000000e+00
