0.000000000000000000e+00 -1.324080000000000013e+01 -1.388902000000000037e+01 0.000000000000000000e+00
1.000000000000000000e+00 -1.509889000000000081e+01 -1.196560999999999986e+01 0.000000000000000000e+00
2.000000000000000000e+00 -1.543449000000000026e+01 -9.844010000000000815e+00 0.000000000000000000e+00
3.000000000000000000e+00 -1.712549999999999883e+01 -8.627900000000000347e+00 0.000000000000000000e+00
4.000000000000000000e+00 -1.843918999999999997e+01 -6.851079999999999615e+00 0.000000000000000000e+00
5.000000000000000000e+00 -1.769155999999999906e+01 -4.268919999999999604e+00 0.000000000000000000e+00
6.000000000000000000e+00 -1.877827999999999875e+01 -2.393240000000000034e+00 0.000000000000000000e+00
7.000000000000000000e+00 -1.650467000000000084e+01 -2.254030000000000200e+00 0.000000000000000000e+00
8.000000000000000000e+00 -1.768347999999999942e+01 -4.773800000000000265e-01 0.000000000000000000e+00
9.000000000000000000e+00 -1.656338999999999828e+01 1.517230000000000079e+00 0.000000000000000000e+00
1.000000000000000000e+01 -1.863860000000000028e+01 1.421100000000000030e+00 0.000000000000000000e+00
1.100000000000000000e+01 -1.991841000000000150e+01 3.074380000000000113e+00 0.000000000000000000e+00
1.200000000000000000e+01 -1.908498000000000161e+01 5.257559999999999789e+00 0.000000000000000000e+00
1.300000000000000000e+01 -1.670634000000000086e+01 5.401069999999999816e+00 0.000000000000000000e+00
1.400000000000000000e+01 -1.786925000000000097e+01 7.200339999999999741e+00 0.000000000000000000e+00
1.500000000000000000e+01 -1.659973000000000098e+01 8.921820000000000306e+00 0.000000000000000000e+00
1.600000000000000000e+01 -1.569447000000000081e+01 1.092112999999999978e+01 0.000000000000000000e+00
1.700000000000000000e+01 -1.270237000000000016e+01 1.304935000000000045e+01 0.000000000000000000e+00
1.800000000000000000e+01 -1.115283999999999942e+01 -1.503208000000000055e+01 0.000000000000000000e+00
1.900000000000000000e+01 -1.302356999999999942e+01 -1.183963999999999928e+01 0.000000000000000000e+00
2.000000000000000000e+01 -1.305594999999999928e+01 -9.759259999999999380e+00 0.000000000000000000e+00
2.100000000000000000e+01 -1.526516999999999946e+01 -7.712539999999999729e+00 0.000000000000000000e+00
2.200000000000000000e+01 -1.649764000000000053e+01 -6.044290000000000163e+00 0.000000000000000000e+00
2.300000000000000000e+01 -1.430446000000000062e+01 -5.837349999999999817e+00 0.000000000000000000e+00
2.400000000000000000e+01 -1.537301000000000073e+01 -3.994320000000000093e+00 0.000000000000000000e+00
2.500000000000000000e+01 -1.433165999999999940e+01 -2.210599999999999898e+00 0.000000000000000000e+00
2.600000000000000000e+01 -1.546311000000000035e+01 -2.569400000000000017e-01 0.000000000000000000e+00
2.700000000000000000e+01 -1.437967000000000084e+01 1.507279999999999953e+00 0.000000000000000000e+00
2.800000000000000000e+01 -1.550140000000000029e+01 3.464220000000000077e+00 0.000000000000000000e+00
2.900000000000000000e+01 -1.756704999999999828e+01 3.507080000000000197e+00 0.000000000000000000e+00
3.000000000000000000e+01 -1.446100000000000030e+01 5.346309999999999896e+00 0.000000000000000000e+00
3.100000000000000000e+01 -1.549141000000000012e+01 7.159690000000000332e+00 0.000000000000000000e+00
3.200000000000000000e+01 -1.453148999999999980e+01 9.173280000000000101e+00 0.000000000000000000e+00
3.300000000000000000e+01 -1.241231999999999935e+01 9.142920000000000158e+00 0.000000000000000000e+00
3.400000000000000000e+01 -1.362139999999999951e+01 1.117416000000000054e+01 0.000000000000000000e+00
3.500000000000000000e+01 -1.119407999999999959e+01 1.518180000000000085e+01 0.000000000000000000e+00
3.600000000000000000e+01 -9.331340000000000856e+00 -1.617192000000000007e+01 0.000000000000000000e+00
3.700000000000000000e+01 -1.122405000000000008e+01 -1.292561000000000071e+01 0.000000000000000000e+00
3.800000000000000000e+01 -1.100004000000000026e+01 -1.079124000000000017e+01 0.000000000000000000e+00
3.900000000000000000e+01 -1.115138999999999925e+01 -8.549939999999999429e+00 0.000000000000000000e+00
4.000000000000000000e+01 -1.318398000000000003e+01 -7.650190000000000268e+00 0.000000000000000000e+00
4.100000000000000000e+01 -1.217863999999999969e+01 -5.821229999999999905e+00 0.000000000000000000e+00
4.200000000000000000e+01 -1.326074999999999982e+01 -3.974470000000000169e+00 0.000000000000000000e+00
4.300000000000000000e+01 -1.226267999999999958e+01 -2.143050000000000122e+00 0.000000000000000000e+00
4.400000000000000000e+01 -1.334585000000000043e+01 -3.766399999999999748e-01 0.000000000000000000e+00
4.500000000000000000e+01 -1.230278000000000027e+01 1.465719999999999912e+00 0.000000000000000000e+00
4.600000000000000000e+01 -1.341971000000000025e+01 3.487589999999999968e+00 0.000000000000000000e+00
4.700000000000000000e+01 -1.235194000000000081e+01 5.313209999999999766e+00 0.000000000000000000e+00
4.800000000000000000e+01 -1.343407000000000018e+01 7.186469999999999914e+00 0.000000000000000000e+00
4.900000000000000000e+01 -1.134624999999999950e+01 7.140100000000000335e+00 0.000000000000000000e+00
5.000000000000000000e+01 -1.035158000000000023e+01 9.010999999999999233e+00 0.000000000000000000e+00
5.100000000000000000e+01 -1.140897999999999968e+01 1.125689000000000028e+01 0.000000000000000000e+00
5.200000000000000000e+01 -1.055686999999999998e+01 1.317848000000000042e+01 0.000000000000000000e+00
5.300000000000000000e+01 -9.325430000000000774e+00 1.682139000000000095e+01 0.000000000000000000e+00
5.400000000000000000e+01 -7.454279999999999795e+00 -1.728723000000000098e+01 0.000000000000000000e+00
5.500000000000000000e+01 -9.348629999999999995e+00 -1.394313999999999965e+01 0.000000000000000000e+00
5.600000000000000000e+01 -9.229350000000000165e+00 -1.184257000000000026e+01 0.000000000000000000e+00
5.700000000000000000e+01 -9.272919999999999163e+00 -9.673429999999999751e+00 0.000000000000000000e+00
5.800000000000000000e+01 -9.293929999999999580e+00 -7.602039999999999687e+00 0.000000000000000000e+00
5.900000000000000000e+01 -1.005123000000000033e+01 -5.668919999999999959e+00 0.000000000000000000e+00
6.000000000000000000e+01 -1.116206000000000031e+01 -3.933359999999999967e+00 0.000000000000000000e+00
6.100000000000000000e+01 -1.009709999999999930e+01 -2.141719999999999846e+00 0.000000000000000000e+00
6.200000000000000000e+01 -1.119134999999999991e+01 -3.513700000000000156e-01 0.000000000000000000e+00
6.300000000000000000e+01 -1.023828999999999922e+01 1.565890000000000004e+00 0.000000000000000000e+00
6.400000000000000000e+01 -9.184670000000000556e+00 3.509959999999999969e+00 0.000000000000000000e+00
6.500000000000000000e+01 -1.129546000000000028e+01 3.457899999999999974e+00 0.000000000000000000e+00
6.600000000000000000e+01 -1.028921000000000063e+01 5.347690000000000055e+00 0.000000000000000000e+00
6.700000000000000000e+01 -9.246380000000000265e+00 7.230220000000000091e+00 0.000000000000000000e+00
6.800000000000000000e+01 -9.361739999999999284e+00 1.096953000000000067e+01 0.000000000000000000e+00
6.900000000000000000e+01 -8.260889999999999844e+00 1.279046999999999912e+01 0.000000000000000000e+00
7.000000000000000000e+01 -9.146549999999999514e+00 1.475386999999999915e+01 0.000000000000000000e+00
7.100000000000000000e+01 -8.068979999999999819e+00 1.854665999999999926e+01 0.000000000000000000e+00
7.200000000000000000e+01 -5.559660000000000046e+00 -1.829018999999999906e+01 0.000000000000000000e+00
7.300000000000000000e+01 -7.329519999999999591e+00 -1.510673000000000066e+01 0.000000000000000000e+00
7.400000000000000000e+01 -7.402029999999999887e+00 -1.294570000000000043e+01 0.000000000000000000e+00
7.500000000000000000e+01 -7.360030000000000072e+00 -1.083270000000000088e+01 0.000000000000000000e+00
7.600000000000000000e+01 -7.439020000000000188e+00 -8.703549999999999898e+00 0.000000000000000000e+00
7.700000000000000000e+01 -7.991690000000000182e+00 -5.957840000000000025e+00 0.000000000000000000e+00
7.800000000000000000e+01 -8.995760000000000645e+00 -3.890200000000000102e+00 0.000000000000000000e+00
7.900000000000000000e+01 -7.990499999999999936e+00 -2.034440000000000026e+00 0.000000000000000000e+00
8.000000000000000000e+01 -9.083550000000000679e+00 -2.522800000000000042e-01 0.000000000000000000e+00
8.100000000000000000e+01 -8.148250000000000881e+00 1.710029999999999939e+00 0.000000000000000000e+00
8.200000000000000000e+01 -7.043020000000000280e+00 3.464749999999999996e+00 0.000000000000000000e+00
8.300000000000000000e+01 -8.187979999999999592e+00 5.430589999999999584e+00 0.000000000000000000e+00
8.400000000000000000e+01 -7.160650000000000404e+00 7.271010000000000417e+00 0.000000000000000000e+00
8.500000000000000000e+01 -8.234420000000000073e+00 9.128790000000000404e+00 0.000000000000000000e+00
8.600000000000000000e+01 -6.081439999999999735e+00 9.066140000000000754e+00 0.000000000000000000e+00
8.700000000000000000e+01 -7.112449999999999939e+00 1.093938999999999950e+01 0.000000000000000000e+00
8.800000000000000000e+01 -6.785969999999999835e+00 1.426929999999999943e+01 0.000000000000000000e+00
8.900000000000000000e+01 -7.235000000000000320e+00 1.644005999999999901e+01 0.000000000000000000e+00
9.000000000000000000e+01 -5.335790000000000255e+00 -1.616181999999999874e+01 0.000000000000000000e+00
9.100000000000000000e+01 -5.490709999999999980e+00 -1.403387000000000029e+01 0.000000000000000000e+00
9.200000000000000000e+01 -5.557699999999999640e+00 -1.190404999999999980e+01 0.000000000000000000e+00
9.300000000000000000e+01 -5.618750000000000355e+00 -9.709260000000000446e+00 0.000000000000000000e+00
9.400000000000000000e+01 -5.665119999999999933e+00 -7.645679999999999588e+00 0.000000000000000000e+00
9.500000000000000000e+01 -5.832699999999999996e+00 -5.580490000000000173e+00 0.000000000000000000e+00
9.600000000000000000e+01 -6.833190000000000097e+00 -3.754910000000000192e+00 0.000000000000000000e+00
9.700000000000000000e+01 -5.863400000000000389e+00 -1.920840000000000103e+00 0.000000000000000000e+00
9.800000000000000000e+01 -7.018069999999999808e+00 -1.233899999999999997e-01 0.000000000000000000e+00
9.900000000000000000e+01 -5.981359999999999566e+00 1.688639999999999919e+00 0.000000000000000000e+00
1.000000000000000000e+02 -4.958759999999999835e+00 3.521689999999999987e+00 0.000000000000000000e+00
1.010000000000000000e+02 -6.122289999999999566e+00 5.472559999999999647e+00 0.000000000000000000e+00
1.020000000000000000e+02 -5.057489999999999597e+00 7.260950000000000237e+00 0.000000000000000000e+00
1.030000000000000000e+02 -4.013250000000000206e+00 9.069889999999999119e+00 0.000000000000000000e+00
1.040000000000000000e+02 -5.022409999999999819e+00 1.095927999999999969e+01 0.000000000000000000e+00
1.050000000000000000e+02 -4.878020000000000245e+00 1.307949999999999946e+01 0.000000000000000000e+00
1.060000000000000000e+02 -5.151250000000000107e+00 1.571470000000000056e+01 0.000000000000000000e+00
1.070000000000000000e+02 -3.432080000000000020e+00 1.898572000000000060e+01 0.000000000000000000e+00
1.080000000000000000e+02 -3.498520000000000074e+00 -1.720593999999999824e+01 0.000000000000000000e+00
1.090000000000000000e+02 -3.488989999999999814e+00 -1.509551000000000087e+01 0.000000000000000000e+00
1.100000000000000000e+02 -3.696289999999999853e+00 -1.302275999999999989e+01 0.000000000000000000e+00
1.110000000000000000e+02 -3.777249999999999996e+00 -1.081484000000000023e+01 0.000000000000000000e+00
1.120000000000000000e+02 -3.827319999999999833e+00 -8.586100000000000065e+00 0.000000000000000000e+00
1.130000000000000000e+02 -3.916150000000000020e+00 -6.409530000000000172e+00 0.000000000000000000e+00
1.140000000000000000e+02 -4.169450000000000323e+00 -4.266339999999999577e+00 0.000000000000000000e+00
1.150000000000000000e+02 -3.798070000000000057e+00 -1.944539999999999935e+00 0.000000000000000000e+00
1.160000000000000000e+02 -4.793400000000000105e+00 -7.352000000000000202e-02 0.000000000000000000e+00
1.170000000000000000e+02 -3.715349999999999930e+00 1.688579999999999970e+00 0.000000000000000000e+00
1.180000000000000000e+02 -2.792499999999999982e+00 3.585869999999999891e+00 0.000000000000000000e+00
1.190000000000000000e+02 -4.030339999999999812e+00 5.442940000000000111e+00 0.000000000000000000e+00
1.200000000000000000e+02 -2.988140000000000018e+00 7.267190000000000261e+00 0.000000000000000000e+00
1.210000000000000000e+02 -2.623130000000000184e+00 1.063607000000000014e+01 0.000000000000000000e+00
1.220000000000000000e+02 -2.823479999999999990e+00 1.269705000000000084e+01 0.000000000000000000e+00
1.230000000000000000e+02 -3.096439999999999859e+00 1.477696000000000076e+01 0.000000000000000000e+00
1.240000000000000000e+02 -3.356460000000000221e+00 1.685255000000000081e+01 0.000000000000000000e+00
1.250000000000000000e+02 -5.751129999999999853e+00 1.788052000000000064e+01 0.000000000000000000e+00
1.260000000000000000e+02 -1.699820000000000109e+00 -1.822034000000000020e+01 0.000000000000000000e+00
1.270000000000000000e+02 -1.608659999999999979e+00 -1.612881000000000142e+01 0.000000000000000000e+00
1.280000000000000000e+02 -1.722299999999999942e+00 -1.399662999999999968e+01 0.000000000000000000e+00
1.290000000000000000e+02 -1.919059999999999988e+00 -1.179766000000000048e+01 0.000000000000000000e+00
1.300000000000000000e+02 -1.996439999999999992e+00 -9.689690000000000580e+00 0.000000000000000000e+00
1.310000000000000000e+02 -2.099200000000000177e+00 -7.447809999999999597e+00 0.000000000000000000e+00
1.320000000000000000e+02 -2.105579999999999785e+00 -5.321830000000000283e+00 0.000000000000000000e+00
1.330000000000000000e+02 -2.160499999999999865e+00 -3.238980000000000192e+00 0.000000000000000000e+00
1.340000000000000000e+02 -2.725099999999999856e+00 -1.716900000000000093e-01 0.000000000000000000e+00
1.350000000000000000e+02 -1.624779999999999891e+00 1.816519999999999913e+00 0.000000000000000000e+00
1.360000000000000000e+02 -6.991800000000000237e-01 3.686840000000000117e+00 0.000000000000000000e+00
1.370000000000000000e+02 -1.891229999999999967e+00 5.535650000000000404e+00 0.000000000000000000e+00
1.380000000000000000e+02 -9.156999999999999584e-01 7.510659999999999670e+00 0.000000000000000000e+00
1.390000000000000000e+02 -7.507800000000000029e-01 9.737930000000000419e+00 0.000000000000000000e+00
1.400000000000000000e+02 -9.067300000000000360e-01 1.190915999999999997e+01 0.000000000000000000e+00
1.410000000000000000e+02 -1.128260000000000041e+00 1.399055000000000071e+01 0.000000000000000000e+00
1.420000000000000000e+02 -1.410970000000000057e+00 1.605310000000000059e+01 0.000000000000000000e+00
1.430000000000000000e+02 -1.451580000000000092e+00 1.814964000000000155e+01 0.000000000000000000e+00
1.440000000000000000e+02 2.213900000000000035e-01 -1.705125999999999920e+01 0.000000000000000000e+00
1.450000000000000000e+02 1.392700000000000049e-01 -1.493557999999999986e+01 0.000000000000000000e+00
1.460000000000000000e+02 2.391000000000000070e-02 -1.281118999999999986e+01 0.000000000000000000e+00
1.470000000000000000e+02 1.763679999999999914e+00 -1.146277000000000079e+01 0.000000000000000000e+00
1.480000000000000000e+02 -8.397000000000000297e-02 -1.053407999999999944e+01 0.000000000000000000e+00
1.490000000000000000e+02 -1.965699999999999947e-01 -8.417080000000000339e+00 0.000000000000000000e+00
1.500000000000000000e+02 -3.170799999999999730e-01 -6.356539999999999857e+00 0.000000000000000000e+00
1.510000000000000000e+02 -2.965300000000000158e-01 -4.264619999999999855e+00 0.000000000000000000e+00
1.520000000000000000e+02 -4.969700000000000228e-01 -2.031670000000000087e+00 0.000000000000000000e+00
1.530000000000000000e+02 -5.638199999999999878e-01 4.012999999999999901e-02 0.000000000000000000e+00
1.540000000000000000e+02 4.836699999999999888e-01 1.948110000000000008e+00 0.000000000000000000e+00
1.550000000000000000e+02 1.687500000000000111e-01 5.643209999999999837e+00 0.000000000000000000e+00
1.560000000000000000e+02 1.010780000000000012e+00 8.296020000000000394e+00 0.000000000000000000e+00
1.570000000000000000e+02 9.132500000000000062e-01 1.095093999999999923e+01 0.000000000000000000e+00
1.580000000000000000e+02 9.038300000000000223e-01 1.307901000000000025e+01 0.000000000000000000e+00
1.590000000000000000e+02 6.409000000000000252e-01 1.513997999999999955e+01 0.000000000000000000e+00
1.600000000000000000e+02 4.214899999999999758e-01 1.721509000000000000e+01 0.000000000000000000e+00
1.610000000000000000e+02 -2.026000000000000023e-01 1.987104000000000070e+01 0.000000000000000000e+00
1.620000000000000000e+02 2.567300000000000137e-01 -1.911828999999999823e+01 0.000000000000000000e+00
1.630000000000000000e+02 2.087600000000000122e+00 -1.586326000000000036e+01 0.000000000000000000e+00
1.640000000000000000e+02 1.893820000000000059e+00 -1.372498000000000040e+01 0.000000000000000000e+00
1.650000000000000000e+02 3.552420000000000133e+00 -1.250159999999999982e+01 0.000000000000000000e+00
1.660000000000000000e+02 1.638179999999999970e+00 -9.385149999999999437e+00 0.000000000000000000e+00
1.670000000000000000e+02 1.566189999999999971e+00 -7.280300000000000438e+00 0.000000000000000000e+00
1.680000000000000000e+02 1.604270000000000085e+00 -5.081120000000000303e+00 0.000000000000000000e+00
1.690000000000000000e+02 1.353790000000000049e+00 -3.016770000000000174e+00 0.000000000000000000e+00
1.700000000000000000e+02 1.388139999999999930e+00 -7.605300000000000393e-01 0.000000000000000000e+00
1.710000000000000000e+02 2.350560000000000205e+00 1.061700000000000088e+00 0.000000000000000000e+00
1.720000000000000000e+02 1.427890000000000104e+00 3.936570000000000125e+00 0.000000000000000000e+00
1.730000000000000000e+02 2.230960000000000054e+00 5.863419999999999632e+00 0.000000000000000000e+00
1.740000000000000000e+02 3.044550000000000090e+00 7.919839999999999769e+00 0.000000000000000000e+00
1.750000000000000000e+02 2.740190000000000126e+00 9.968709999999999738e+00 0.000000000000000000e+00
1.760000000000000000e+02 2.776460000000000150e+00 1.207033999999999985e+01 0.000000000000000000e+00
1.770000000000000000e+02 2.730179999999999829e+00 1.418909000000000020e+01 0.000000000000000000e+00
1.780000000000000000e+02 2.501370000000000093e+00 1.637247999999999948e+01 0.000000000000000000e+00
1.790000000000000000e+02 2.042380000000000084e+00 1.862412000000000134e+01 0.000000000000000000e+00
1.800000000000000000e+02 2.464389999999999858e+00 -2.048031999999999897e+01 0.000000000000000000e+00
1.810000000000000000e+02 2.276689999999999880e+00 -1.807361999999999824e+01 0.000000000000000000e+00
1.820000000000000000e+02 3.758270000000000000e+00 -1.463779000000000075e+01 0.000000000000000000e+00
1.830000000000000000e+02 3.512070000000000025e+00 -1.033390999999999948e+01 0.000000000000000000e+00
1.840000000000000000e+02 3.523940000000000072e+00 -8.171229999999999549e+00 0.000000000000000000e+00
1.850000000000000000e+02 3.402299999999999880e+00 -6.099129999999999718e+00 0.000000000000000000e+00
1.860000000000000000e+02 3.392129999999999868e+00 -3.984239999999999782e+00 0.000000000000000000e+00
1.870000000000000000e+02 3.144489999999999785e+00 -1.925559999999999938e+00 0.000000000000000000e+00
1.880000000000000000e+02 4.224920000000000009e+00 -1.717299999999999938e-01 0.000000000000000000e+00
1.890000000000000000e+02 5.047480000000000189e+00 1.838540000000000063e+00 0.000000000000000000e+00
1.900000000000000000e+02 3.290779999999999816e+00 2.944160000000000110e+00 0.000000000000000000e+00
1.910000000000000000e+02 4.139499999999999957e+00 4.847599999999999909e+00 0.000000000000000000e+00
1.920000000000000000e+02 4.911660000000000359e+00 6.805150000000000254e+00 0.000000000000000000e+00
1.930000000000000000e+02 4.947739999999999583e+00 8.975020000000000664e+00 0.000000000000000000e+00
1.940000000000000000e+02 4.656539999999999679e+00 1.123582000000000036e+01 0.000000000000000000e+00
1.950000000000000000e+02 4.646399999999999864e+00 1.340513999999999939e+01 0.000000000000000000e+00
1.960000000000000000e+02 4.508320000000000327e+00 1.556243000000000087e+01 0.000000000000000000e+00
1.970000000000000000e+02 4.168000000000000149e+00 1.774121999999999844e+01 0.000000000000000000e+00
1.980000000000000000e+02 4.483369999999999855e+00 -1.912426999999999921e+01 0.000000000000000000e+00
1.990000000000000000e+02 3.972949999999999982e+00 -1.684106999999999843e+01 0.000000000000000000e+00
2.000000000000000000e+02 5.524479999999999613e+00 -1.350833000000000084e+01 0.000000000000000000e+00
2.010000000000000000e+02 5.412749999999999950e+00 -1.141627000000000081e+01 0.000000000000000000e+00
2.020000000000000000e+02 5.335239999999999760e+00 -7.017120000000000246e+00 0.000000000000000000e+00
2.030000000000000000e+02 5.269669999999999632e+00 -4.921009999999999884e+00 0.000000000000000000e+00
2.040000000000000000e+02 6.805819999999999759e+00 -3.557310000000000194e+00 0.000000000000000000e+00
2.050000000000000000e+02 5.375709999999999766e+00 -2.066349999999999909e+00 0.000000000000000000e+00
2.060000000000000000e+02 6.273229999999999862e+00 1.109300000000000008e-01 0.000000000000000000e+00
2.070000000000000000e+02 7.166350000000000442e+00 2.143839999999999968e+00 0.000000000000000000e+00
2.080000000000000000e+02 5.867320000000000313e+00 3.745909999999999851e+00 0.000000000000000000e+00
2.090000000000000000e+02 6.811919999999999753e+00 5.774320000000000341e+00 0.000000000000000000e+00
2.100000000000000000e+02 6.746450000000000280e+00 7.847039999999999793e+00 0.000000000000000000e+00
2.110000000000000000e+02 6.521620000000000417e+00 1.032475999999999949e+01 0.000000000000000000e+00
2.120000000000000000e+02 6.626649999999999707e+00 1.239152999999999949e+01 0.000000000000000000e+00
2.130000000000000000e+02 6.436689999999999579e+00 1.446564000000000050e+01 0.000000000000000000e+00
2.140000000000000000e+02 6.296730000000000160e+00 1.667484999999999928e+01 0.000000000000000000e+00
2.150000000000000000e+02 6.201349999999999696e+00 1.879279000000000011e+01 0.000000000000000000e+00
2.160000000000000000e+02 8.357699999999999463e+00 -1.867849000000000004e+01 0.000000000000000000e+00
2.170000000000000000e+02 5.678569999999999673e+00 -1.558013000000000048e+01 0.000000000000000000e+00
2.180000000000000000e+02 7.401489999999999903e+00 -1.233722999999999992e+01 0.000000000000000000e+00
2.190000000000000000e+02 7.119080000000000297e+00 -1.024929999999999986e+01 0.000000000000000000e+00
2.200000000000000000e+02 5.328929999999999723e+00 -9.231500000000000483e+00 0.000000000000000000e+00
2.210000000000000000e+02 7.372950000000000337e+00 -7.352039999999999687e+00 0.000000000000000000e+00
2.220000000000000000e+02 7.865050000000000097e+00 -5.343890000000000029e+00 0.000000000000000000e+00
2.230000000000000000e+02 8.851689999999999614e+00 -3.183730000000000171e+00 0.000000000000000000e+00
2.240000000000000000e+02 7.481770000000000032e+00 -1.576659999999999950e+00 0.000000000000000000e+00
2.250000000000000000e+02 8.389849999999999142e+00 4.942400000000000126e-01 0.000000000000000000e+00
2.260000000000000000e+02 9.239509999999999224e+00 2.433469999999999800e+00 0.000000000000000000e+00
2.270000000000000000e+02 8.003439999999999444e+00 4.077580000000000204e+00 0.000000000000000000e+00
2.280000000000000000e+02 8.925470000000000681e+00 6.157630000000000159e+00 0.000000000000000000e+00
2.290000000000000000e+02 8.288299999999999557e+00 9.264189999999999259e+00 0.000000000000000000e+00
2.300000000000000000e+02 8.453329999999999345e+00 1.140812999999999988e+01 0.000000000000000000e+00
2.310000000000000000e+02 8.422499999999999432e+00 1.348047000000000040e+01 0.000000000000000000e+00
2.320000000000000000e+02 8.176109999999999545e+00 1.559057999999999922e+01 0.000000000000000000e+00
2.330000000000000000e+02 8.196529999999999205e+00 1.778414000000000073e+01 0.000000000000000000e+00
2.340000000000000000e+02 5.960110000000000241e+00 -1.761762999999999835e+01 0.000000000000000000e+00
2.350000000000000000e+02 7.403509999999999813e+00 -1.442465999999999937e+01 0.000000000000000000e+00
2.360000000000000000e+02 9.539479999999999293e+00 -1.267512999999999934e+01 0.000000000000000000e+00
2.370000000000000000e+02 1.010360999999999976e+01 -1.063682999999999979e+01 0.000000000000000000e+00
2.380000000000000000e+02 8.831789999999999807e+00 -8.900719999999999743e+00 0.000000000000000000e+00
2.390000000000000000e+02 9.371299999999999741e+00 -6.812969999999999970e+00 0.000000000000000000e+00
2.400000000000000000e+02 1.007882000000000033e+01 -4.875040000000000262e+00 0.000000000000000000e+00
2.410000000000000000e+02 1.097335999999999956e+01 -2.801530000000000076e+00 0.000000000000000000e+00
2.420000000000000000e+02 9.568099999999999383e+00 -1.233440000000000092e+00 0.000000000000000000e+00
2.430000000000000000e+02 1.051802999999999955e+01 7.026999999999999913e-01 0.000000000000000000e+00
2.440000000000000000e+02 1.129808000000000057e+01 2.629350000000000076e+00 0.000000000000000000e+00
2.450000000000000000e+02 1.011055999999999955e+01 4.353670000000000151e+00 0.000000000000000000e+00
2.460000000000000000e+02 1.104941999999999958e+01 6.200630000000000308e+00 0.000000000000000000e+00
2.470000000000000000e+02 9.931060000000000443e+00 7.994620000000000282e+00 0.000000000000000000e+00
2.480000000000000000e+02 1.024976999999999983e+01 1.013217000000000034e+01 0.000000000000000000e+00
2.490000000000000000e+02 1.069106000000000023e+01 1.261350999999999978e+01 0.000000000000000000e+00
2.500000000000000000e+02 1.023150000000000048e+01 1.461979000000000006e+01 0.000000000000000000e+00
2.510000000000000000e+02 1.015793999999999997e+01 1.693216999999999928e+01 0.000000000000000000e+00
2.520000000000000000e+02 7.792720000000000091e+00 -1.662109999999999843e+01 0.000000000000000000e+00
2.530000000000000000e+02 9.390159999999999840e+00 -1.499310999999999972e+01 0.000000000000000000e+00
2.540000000000000000e+02 1.172583999999999982e+01 -1.226215000000000011e+01 0.000000000000000000e+00
2.550000000000000000e+02 1.240728999999999971e+01 -1.030361000000000082e+01 0.000000000000000000e+00
2.560000000000000000e+02 1.089719999999999978e+01 -8.671640000000000015e+00 0.000000000000000000e+00
2.570000000000000000e+02 1.143900000000000006e+01 -6.604659999999999975e+00 0.000000000000000000e+00
2.580000000000000000e+02 1.212021999999999977e+01 -4.527619999999999756e+00 0.000000000000000000e+00
2.590000000000000000e+02 1.305746000000000073e+01 -2.629760000000000097e+00 0.000000000000000000e+00
2.600000000000000000e+02 1.182282000000000011e+01 -9.099699999999999456e-01 0.000000000000000000e+00
2.610000000000000000e+02 1.260208000000000084e+01 1.039080000000000004e+00 0.000000000000000000e+00
2.620000000000000000e+02 1.355962000000000067e+01 2.905640000000000001e+00 0.000000000000000000e+00
2.630000000000000000e+02 1.224649999999999928e+01 4.524820000000000064e+00 0.000000000000000000e+00
2.640000000000000000e+02 1.429561999999999955e+01 4.926689999999999792e+00 0.000000000000000000e+00
2.650000000000000000e+02 1.310637000000000008e+01 6.798479999999999634e+00 0.000000000000000000e+00
2.660000000000000000e+02 1.194833000000000034e+01 8.543590000000000018e+00 0.000000000000000000e+00
2.670000000000000000e+02 1.267103999999999964e+01 1.070742000000000083e+01 0.000000000000000000e+00
2.680000000000000000e+02 1.247344000000000008e+01 1.384309999999999974e+01 0.000000000000000000e+00
2.690000000000000000e+02 1.192914000000000030e+01 1.585652999999999935e+01 0.000000000000000000e+00
2.700000000000000000e+02 9.986230000000000828e+00 -1.700162999999999869e+01 0.000000000000000000e+00
2.710000000000000000e+02 1.300150000000000006e+01 -1.394384999999999941e+01 0.000000000000000000e+00
2.720000000000000000e+02 1.417331000000000074e+01 -1.220016999999999996e+01 0.000000000000000000e+00
2.730000000000000000e+02 1.466938000000000031e+01 -1.009651000000000032e+01 0.000000000000000000e+00
2.740000000000000000e+02 1.289607999999999954e+01 -8.158749999999999503e+00 0.000000000000000000e+00
2.750000000000000000e+02 1.354026999999999958e+01 -6.130119999999999791e+00 0.000000000000000000e+00
2.760000000000000000e+02 1.438808000000000042e+01 -4.224239999999999995e+00 0.000000000000000000e+00
2.770000000000000000e+02 1.528908000000000023e+01 -2.361619999999999830e+00 0.000000000000000000e+00
2.780000000000000000e+02 1.394750999999999941e+01 -5.555600000000000538e-01 0.000000000000000000e+00
2.790000000000000000e+02 1.492941000000000074e+01 1.347460000000000102e+00 0.000000000000000000e+00
2.800000000000000000e+02 1.562870999999999988e+01 3.318560000000000176e+00 0.000000000000000000e+00
2.810000000000000000e+02 1.683796999999999855e+01 5.067169999999999952e+00 0.000000000000000000e+00
2.820000000000000000e+02 1.748938000000000059e+01 7.035370000000000346e+00 0.000000000000000000e+00
2.830000000000000000e+02 1.531901000000000046e+01 6.791050000000000253e+00 0.000000000000000000e+00
2.840000000000000000e+02 1.423427000000000042e+01 8.598890000000000811e+00 0.000000000000000000e+00
2.850000000000000000e+02 1.634645000000000081e+01 8.898070000000000590e+00 0.000000000000000000e+00
2.860000000000000000e+02 1.505171999999999954e+01 1.057634999999999970e+01 0.000000000000000000e+00
2.870000000000000000e+02 1.394677000000000078e+01 1.241015999999999941e+01 0.000000000000000000e+00
2.880000000000000000e+02 1.143674999999999997e+01 -1.536195999999999984e+01 0.000000000000000000e+00
2.890000000000000000e+02 1.704622000000000170e+01 -7.968300000000000161e+00 0.000000000000000000e+00
2.900000000000000000e+02 1.788388000000000133e+01 -5.826380000000000337e+00 0.000000000000000000e+00
2.910000000000000000e+02 1.866364000000000090e+01 -3.781849999999999934e+00 0.000000000000000000e+00
2.920000000000000000e+02 1.495804000000000045e+01 -7.972819999999999574e+00 0.000000000000000000e+00
2.930000000000000000e+02 1.572308999999999912e+01 -6.015249999999999986e+00 0.000000000000000000e+00
2.940000000000000000e+02 1.658126999999999995e+01 -4.126070000000000348e+00 0.000000000000000000e+00
2.950000000000000000e+02 1.741063000000000116e+01 -2.057599999999999874e+00 0.000000000000000000e+00
2.960000000000000000e+02 1.614429000000000158e+01 -3.784500000000000086e-01 0.000000000000000000e+00
2.970000000000000000e+02 1.708558999999999983e+01 1.604100000000000081e+00 0.000000000000000000e+00
2.980000000000000000e+02 1.850974000000000075e+01 9.672999999999999654e-02 0.000000000000000000e+00
2.990000000000000000e+02 1.834545999999999921e+01 3.616019999999999790e+00 0.000000000000000000e+00
