0.000000000000000000e+00 -1.388795999999999964e+01 -1.464523999999999937e+01 0.000000000000000000e+00
1.000000000000000000e+00 -1.459645000000000081e+01 -1.250791000000000075e+01 0.000000000000000000e+00
2.000000000000000000e+00 -1.519824000000000019e+01 -1.048836999999999975e+01 0.000000000000000000e+00
3.000000000000000000e+00 -1.579928999999999917e+01 -8.434049999999999159e+00 0.000000000000000000e+00
4.000000000000000000e+00 -1.641636000000000095e+01 -6.469929999999999737e+00 0.000000000000000000e+00
5.000000000000000000e+00 -1.846668999999999983e+01 -6.133210000000000051e+00 0.000000000000000000e+00
6.000000000000000000e+00 -1.707535999999999987e+01 -4.339949999999999974e+00 0.000000000000000000e+00
7.000000000000000000e+00 -1.787193999999999861e+01 -2.131549999999999834e+00 0.000000000000000000e+00
8.000000000000000000e+00 -1.630367000000000033e+01 -6.630599999999999827e-01 0.000000000000000000e+00
9.000000000000000000e+00 -1.939087999999999923e+01 -4.238109999999999822e+00 0.000000000000000000e+00
1.000000000000000000e+01 -1.826698000000000022e+01 1.966799999999999937e-01 0.000000000000000000e+00
1.100000000000000000e+01 -1.905233000000000132e+01 2.210519999999999818e+00 0.000000000000000000e+00
1.200000000000000000e+01 -1.811643000000000114e+01 6.018740000000000201e+00 0.000000000000000000e+00
1.300000000000000000e+01 -1.641631999999999891e+01 7.233810000000000073e+00 0.000000000000000000e+00
1.400000000000000000e+01 -1.478972000000000087e+01 8.733459999999999113e+00 0.000000000000000000e+00
1.500000000000000000e+01 -1.689685000000000059e+01 9.380179999999999296e+00 0.000000000000000000e+00
1.600000000000000000e+01 -1.404621000000000031e+01 1.263846999999999987e+01 0.000000000000000000e+00
1.700000000000000000e+01 -1.246962000000000081e+01 1.401303000000000054e+01 0.000000000000000000e+00
1.800000000000000000e+01 -1.184991999999999912e+01 -1.510210000000000008e+01 0.000000000000000000e+00
1.900000000000000000e+01 -1.255391000000000012e+01 -1.299169999999999980e+01 0.000000000000000000e+00
2.000000000000000000e+01 -1.309787999999999997e+01 -1.084084999999999965e+01 0.000000000000000000e+00
2.100000000000000000e+01 -1.371580999999999939e+01 -8.814090000000000202e+00 0.000000000000000000e+00
2.200000000000000000e+01 -1.437012999999999963e+01 -6.816600000000000215e+00 0.000000000000000000e+00
2.300000000000000000e+01 -1.494081000000000081e+01 -4.724009999999999820e+00 0.000000000000000000e+00
2.400000000000000000e+01 -1.354179000000000066e+01 -3.130370000000000097e+00 0.000000000000000000e+00
2.500000000000000000e+01 -1.562358000000000047e+01 -2.691409999999999858e+00 0.000000000000000000e+00
2.600000000000000000e+01 -1.405170999999999992e+01 -1.105080000000000062e+00 0.000000000000000000e+00
2.700000000000000000e+01 -1.675210999999999828e+01 1.647359999999999935e+00 0.000000000000000000e+00
2.800000000000000000e+01 -1.525395999999999930e+01 3.140740000000000087e+00 0.000000000000000000e+00
2.900000000000000000e+01 -1.727252999999999972e+01 3.647520000000000095e+00 0.000000000000000000e+00
3.000000000000000000e+01 -1.573587000000000025e+01 5.154919999999999725e+00 0.000000000000000000e+00
3.100000000000000000e+01 -1.424812000000000012e+01 6.692339999999999733e+00 0.000000000000000000e+00
3.200000000000000000e+01 -1.350901999999999958e+01 1.045622999999999969e+01 0.000000000000000000e+00
3.300000000000000000e+01 -1.190006999999999948e+01 1.182130000000000081e+01 0.000000000000000000e+00
3.400000000000000000e+01 -1.100665000000000049e+01 1.551898000000000089e+01 0.000000000000000000e+00
3.500000000000000000e+01 -1.552569000000000088e+01 1.096467999999999954e+01 0.000000000000000000e+00
3.600000000000000000e+01 -9.788220000000000809e+00 -1.564389000000000074e+01 0.000000000000000000e+00
3.700000000000000000e+01 -1.031146999999999991e+01 -1.351453000000000060e+01 0.000000000000000000e+00
3.800000000000000000e+01 -1.092736000000000018e+01 -1.149446000000000012e+01 0.000000000000000000e+00
3.900000000000000000e+01 -1.161560000000000059e+01 -9.341860000000000497e+00 0.000000000000000000e+00
4.000000000000000000e+01 -1.227341999999999977e+01 -7.288319999999999688e+00 0.000000000000000000e+00
4.100000000000000000e+01 -1.291058999999999912e+01 -5.306849999999999845e+00 0.000000000000000000e+00
4.200000000000000000e+01 -1.142179999999999929e+01 -3.692750000000000199e+00 0.000000000000000000e+00
4.300000000000000000e+01 -1.203539999999999921e+01 -1.683219999999999938e+00 0.000000000000000000e+00
4.400000000000000000e+01 -1.250290999999999997e+01 4.567899999999999738e-01 0.000000000000000000e+00
4.500000000000000000e+01 -1.476642999999999972e+01 9.799499999999999877e-01 0.000000000000000000e+00
4.600000000000000000e+01 -1.310444999999999993e+01 2.445320000000000160e+00 0.000000000000000000e+00
4.700000000000000000e+01 -1.372236000000000011e+01 4.670670000000000321e+00 0.000000000000000000e+00
4.800000000000000000e+01 -1.207598999999999911e+01 6.051969999999999850e+00 0.000000000000000000e+00
4.900000000000000000e+01 -1.273357999999999990e+01 8.195470000000000255e+00 0.000000000000000000e+00
5.000000000000000000e+01 -1.127632000000000012e+01 9.724539999999999296e+00 0.000000000000000000e+00
5.100000000000000000e+01 -1.046834999999999916e+01 1.343032000000000004e+01 0.000000000000000000e+00
5.200000000000000000e+01 -9.498649999999999594e+00 1.697926000000000002e+01 0.000000000000000000e+00
5.300000000000000000e+01 -5.963009999999999700e+00 1.795841000000000065e+01 0.000000000000000000e+00
5.400000000000000000e+01 -7.749559999999999782e+00 -1.614732000000000056e+01 0.000000000000000000e+00
5.500000000000000000e+01 -8.277620000000000644e+00 -1.416116000000000064e+01 0.000000000000000000e+00
5.600000000000000000e+01 -8.846299999999999386e+00 -1.198165000000000013e+01 0.000000000000000000e+00
5.700000000000000000e+01 -9.575060000000000571e+00 -9.927469999999999573e+00 0.000000000000000000e+00
5.800000000000000000e+01 -1.020401999999999987e+01 -7.756619999999999848e+00 0.000000000000000000e+00
5.900000000000000000e+01 -1.083698000000000050e+01 -5.676199999999999690e+00 0.000000000000000000e+00
6.000000000000000000e+01 -9.346379999999999910e+00 -4.206529999999999880e+00 0.000000000000000000e+00
6.100000000000000000e+01 -9.951719999999999899e+00 -2.126599999999999824e+00 0.000000000000000000e+00
6.200000000000000000e+01 -1.050422000000000011e+01 -1.145100000000000007e-01 0.000000000000000000e+00
6.300000000000000000e+01 -1.104594999999999949e+01 1.986750000000000016e+00 0.000000000000000000e+00
6.400000000000000000e+01 -1.165825000000000067e+01 4.006179999999999630e+00 0.000000000000000000e+00
6.500000000000000000e+01 -1.008399999999999963e+01 5.495820000000000149e+00 0.000000000000000000e+00
6.600000000000000000e+01 -1.059301999999999921e+01 7.566620000000000346e+00 0.000000000000000000e+00
6.700000000000000000e+01 -9.265670000000000073e+00 9.163510000000000488e+00 0.000000000000000000e+00
6.800000000000000000e+01 -9.724030000000000840e+00 1.131750000000000078e+01 0.000000000000000000e+00
6.900000000000000000e+01 -8.867300000000000182e+00 1.488870000000000005e+01 0.000000000000000000e+00
7.000000000000000000e+01 -7.480959999999999610e+00 1.649512000000000000e+01 0.000000000000000000e+00
7.100000000000000000e+01 -4.169940000000000424e+00 1.913594000000000150e+01 0.000000000000000000e+00
7.200000000000000000e+01 -5.726359999999999673e+00 -1.675140000000000029e+01 0.000000000000000000e+00
7.300000000000000000e+01 -6.105299999999999727e+00 -1.445933999999999919e+01 0.000000000000000000e+00
7.400000000000000000e+01 -6.847470000000000390e+00 -1.250681999999999938e+01 0.000000000000000000e+00
7.500000000000000000e+01 -7.460860000000000269e+00 -1.043556000000000061e+01 0.000000000000000000e+00
7.600000000000000000e+01 -8.083970000000000766e+00 -8.459509999999999863e+00 0.000000000000000000e+00
7.700000000000000000e+01 -8.826349999999999696e+00 -6.195780000000000065e+00 0.000000000000000000e+00
7.800000000000000000e+01 -7.246100000000000207e+00 -4.714299999999999713e+00 0.000000000000000000e+00
7.900000000000000000e+01 -7.869550000000000267e+00 -2.610450000000000159e+00 0.000000000000000000e+00
8.000000000000000000e+01 -8.498039999999999594e+00 -6.369299999999999962e-01 0.000000000000000000e+00
8.100000000000000000e+01 -8.978960000000000719e+00 1.454739999999999922e+00 0.000000000000000000e+00
8.200000000000000000e+01 -9.521539999999999893e+00 3.496350000000000069e+00 0.000000000000000000e+00
8.300000000000000000e+01 -8.056419999999999249e+00 4.948369999999999713e+00 0.000000000000000000e+00
8.400000000000000000e+01 -8.595029999999999504e+00 7.041089999999999627e+00 0.000000000000000000e+00
8.500000000000000000e+01 -7.741200000000000081e+00 1.061264000000000074e+01 0.000000000000000000e+00
8.600000000000000000e+01 -8.116210000000000591e+00 1.272730999999999923e+01 0.000000000000000000e+00
8.700000000000000000e+01 -6.707370000000000054e+00 1.427759000000000000e+01 0.000000000000000000e+00
8.800000000000000000e+01 -4.988889999999999603e+00 1.565671000000000035e+01 0.000000000000000000e+00
8.900000000000000000e+01 -3.499830000000000219e+00 1.717539999999999978e+01 0.000000000000000000e+00
9.000000000000000000e+01 7.768699999999999495e-01 -1.911685999999999908e+01 0.000000000000000000e+00
9.100000000000000000e+01 -4.138250000000000206e+00 -1.507845000000000013e+01 0.000000000000000000e+00
9.200000000000000000e+01 -4.736469999999999736e+00 -1.286101999999999990e+01 0.000000000000000000e+00
9.300000000000000000e+01 -5.358389999999999986e+00 -1.088508999999999993e+01 0.000000000000000000e+00
9.400000000000000000e+01 -6.053799999999999848e+00 -8.874249999999999972e+00 0.000000000000000000e+00
9.500000000000000000e+01 -6.794740000000000002e+00 -6.734250000000000291e+00 0.000000000000000000e+00
9.600000000000000000e+01 -5.817459999999999631e+00 -3.188499999999999890e+00 0.000000000000000000e+00
9.700000000000000000e+01 -6.448039999999999772e+00 -1.095280000000000031e+00 0.000000000000000000e+00
9.800000000000000000e+01 -6.985619999999999941e+00 9.093099999999999516e-01 0.000000000000000000e+00
9.900000000000000000e+01 -5.513600000000000279e+00 2.435350000000000126e+00 0.000000000000000000e+00
1.000000000000000000e+02 -7.524160000000000181e+00 2.944620000000000015e+00 0.000000000000000000e+00
1.010000000000000000e+02 -6.019890000000000185e+00 4.449930000000000163e+00 0.000000000000000000e+00
1.020000000000000000e+02 -7.114239999999999675e+00 8.555180000000000007e+00 0.000000000000000000e+00
1.030000000000000000e+02 -5.586109999999999687e+00 1.002443000000000062e+01 0.000000000000000000e+00
1.040000000000000000e+02 -6.151760000000000339e+00 1.202943999999999924e+01 0.000000000000000000e+00
1.050000000000000000e+02 -4.643950000000000244e+00 1.348427000000000042e+01 0.000000000000000000e+00
1.060000000000000000e+02 -3.033059999999999867e+00 1.503339000000000070e+01 0.000000000000000000e+00
1.070000000000000000e+02 -1.022280000000000078e+00 1.844762000000000057e+01 0.000000000000000000e+00
1.080000000000000000e+02 -4.929039999999999644e+00 -1.870015000000000072e+01 0.000000000000000000e+00
1.090000000000000000e+02 -2.736050000000000093e+00 -1.346458999999999939e+01 0.000000000000000000e+00
1.100000000000000000e+02 -3.313880000000000159e+00 -1.120900999999999925e+01 0.000000000000000000e+00
1.110000000000000000e+02 -4.002729999999999677e+00 -9.207860000000000156e+00 0.000000000000000000e+00
1.120000000000000000e+02 -4.609530000000000349e+00 -7.234969999999999679e+00 0.000000000000000000e+00
1.130000000000000000e+02 -5.241060000000000052e+00 -5.225859999999999950e+00 0.000000000000000000e+00
1.140000000000000000e+02 -3.097469999999999946e+00 -5.633930000000000327e+00 0.000000000000000000e+00
1.150000000000000000e+02 -3.715339999999999865e+00 -3.641199999999999992e+00 0.000000000000000000e+00
1.160000000000000000e+02 -4.350730000000000430e+00 -1.641659999999999897e+00 0.000000000000000000e+00
1.170000000000000000e+02 -4.959220000000000184e+00 3.709500000000000020e-01 0.000000000000000000e+00
1.180000000000000000e+02 -3.511789999999999967e+00 1.925349999999999895e+00 0.000000000000000000e+00
1.190000000000000000e+02 -6.542570000000000441e+00 6.488229999999999720e+00 0.000000000000000000e+00
1.200000000000000000e+02 -5.110289999999999999e+00 7.998000000000000220e+00 0.000000000000000000e+00
1.210000000000000000e+02 -3.473180000000000156e+00 9.306229999999999336e+00 0.000000000000000000e+00
1.220000000000000000e+02 -4.071600000000000108e+00 1.146415000000000006e+01 0.000000000000000000e+00
1.230000000000000000e+02 -2.077659999999999840e+00 1.092401000000000089e+01 0.000000000000000000e+00
1.240000000000000000e+02 -2.628159999999999830e+00 1.293665000000000020e+01 0.000000000000000000e+00
1.250000000000000000e+02 -1.475130000000000052e+00 1.641411000000000087e+01 0.000000000000000000e+00
1.260000000000000000e+02 -2.310630000000000184e+00 -1.901013999999999982e+01 0.000000000000000000e+00
1.270000000000000000e+02 -3.288889999999999869e+00 -1.703989999999999938e+01 0.000000000000000000e+00
1.280000000000000000e+02 -1.317199999999999926e+00 -1.175164000000000009e+01 0.000000000000000000e+00
1.290000000000000000e+02 -1.882609999999999895e+00 -9.678679999999999950e+00 0.000000000000000000e+00
1.300000000000000000e+02 -2.582450000000000134e+00 -7.709329999999999572e+00 0.000000000000000000e+00
1.310000000000000000e+02 -1.041460000000000052e+00 -6.183270000000000266e+00 0.000000000000000000e+00
1.320000000000000000e+02 -1.658660000000000023e+00 -4.149210000000000065e+00 0.000000000000000000e+00
1.330000000000000000e+02 -2.227110000000000145e+00 -2.130619999999999958e+00 0.000000000000000000e+00
1.340000000000000000e+02 -2.934520000000000017e+00 -1.170000000000000068e-01 0.000000000000000000e+00
1.350000000000000000e+02 -1.498750000000000027e+00 1.439820000000000100e+00 0.000000000000000000e+00
1.360000000000000000e+02 -1.233109999999999928e+00 3.498860000000000081e+00 0.000000000000000000e+00
1.370000000000000000e+02 -3.957580000000000098e+00 3.934670000000000112e+00 0.000000000000000000e+00
1.380000000000000000e+02 -4.536760000000000126e+00 5.915610000000000035e+00 0.000000000000000000e+00
1.390000000000000000e+02 -2.653459999999999930e+00 7.377060000000000173e+00 0.000000000000000000e+00
1.400000000000000000e+02 -9.796000000000000263e-01 8.943640000000000256e+00 0.000000000000000000e+00
1.410000000000000000e+02 4.271400000000000197e-01 1.283689999999999998e+01 0.000000000000000000e+00
1.420000000000000000e+02 -1.059129999999999905e+00 1.434024999999999928e+01 0.000000000000000000e+00
1.430000000000000000e+02 1.493120000000000003e+00 1.948429000000000144e+01 0.000000000000000000e+00
1.440000000000000000e+02 -1.058130000000000015e+00 -1.736376999999999882e+01 0.000000000000000000e+00
1.450000000000000000e+02 -1.941580000000000084e+00 -1.538387999999999955e+01 0.000000000000000000e+00
1.460000000000000000e+02 -6.170999999999999819e-01 -1.372808000000000028e+01 0.000000000000000000e+00
1.470000000000000000e+02 1.092700000000000060e-01 -1.021608999999999945e+01 0.000000000000000000e+00
1.480000000000000000e+02 -3.015100000000000002e-01 -8.184720000000000439e+00 0.000000000000000000e+00
1.490000000000000000e+02 2.656320000000000014e+00 -7.605220000000000091e+00 0.000000000000000000e+00
1.500000000000000000e+02 1.021200000000000108e+00 -6.361189999999999678e+00 0.000000000000000000e+00
1.510000000000000000e+02 -1.665300000000000114e-01 -2.717080000000000162e+00 0.000000000000000000e+00
1.520000000000000000e+02 -6.737300000000000511e-01 -6.489300000000000068e-01 0.000000000000000000e+00
1.530000000000000000e+02 5.333299999999999708e-01 1.071169999999999956e+00 0.000000000000000000e+00
1.540000000000000000e+02 8.228100000000000414e-01 3.128309999999999924e+00 0.000000000000000000e+00
1.550000000000000000e+02 -2.402379999999999960e+00 5.327749999999999986e+00 0.000000000000000000e+00
1.560000000000000000e+02 -6.766400000000000192e-01 6.486200000000000188e+00 0.000000000000000000e+00
1.570000000000000000e+02 1.414109999999999978e+00 9.284340000000000259e+00 0.000000000000000000e+00
1.580000000000000000e+02 1.188999999999999953e-02 1.080153999999999925e+01 0.000000000000000000e+00
1.590000000000000000e+02 8.565099999999999936e-01 1.513655999999999935e+01 0.000000000000000000e+00
1.600000000000000000e+02 9.852899999999999991e-01 1.725497999999999976e+01 0.000000000000000000e+00
1.610000000000000000e+02 5.187000000000000277e+00 1.870899999999999963e+01 0.000000000000000000e+00
1.620000000000000000e+02 1.600060000000000038e+00 -1.719455999999999918e+01 0.000000000000000000e+00
1.630000000000000000e+02 3.052500000000000213e+00 -1.544936000000000043e+01 0.000000000000000000e+00
1.640000000000000000e+02 1.619500000000000106e-01 -1.565099000000000018e+01 0.000000000000000000e+00
1.650000000000000000e+02 1.511479999999999935e+00 -1.177950000000000053e+01 0.000000000000000000e+00
1.660000000000000000e+02 2.167730000000000157e+00 -9.656620000000000203e+00 0.000000000000000000e+00
1.670000000000000000e+02 3.122510000000000119e+00 -5.598110000000000142e+00 0.000000000000000000e+00
1.680000000000000000e+02 1.427110000000000101e+00 -4.274709999999999788e+00 0.000000000000000000e+00
1.690000000000000000e+02 3.506089999999999929e+00 -3.567330000000000112e+00 0.000000000000000000e+00
1.700000000000000000e+02 1.910519999999999996e+00 -2.226630000000000109e+00 0.000000000000000000e+00
1.710000000000000000e+02 2.216860000000000053e+00 -1.948499999999999954e-01 0.000000000000000000e+00
1.720000000000000000e+02 2.494889999999999830e+00 1.863890000000000047e+00 0.000000000000000000e+00
1.730000000000000000e+02 2.735469999999999846e+00 3.903430000000000177e+00 0.000000000000000000e+00
1.740000000000000000e+02 9.785000000000000364e-01 5.174619999999999997e+00 0.000000000000000000e+00
1.750000000000000000e+02 1.279269999999999907e+00 7.211120000000000196e+00 0.000000000000000000e+00
1.760000000000000000e+02 1.969749999999999890e+00 1.145085000000000086e+01 0.000000000000000000e+00
1.770000000000000000e+02 2.431319999999999926e+00 1.362721999999999944e+01 0.000000000000000000e+00
1.780000000000000000e+02 2.791269999999999918e+00 1.590347000000000044e+01 0.000000000000000000e+00
1.790000000000000000e+02 3.125449999999999839e+00 1.798772999999999911e+01 0.000000000000000000e+00
1.800000000000000000e+02 3.050949999999999829e+00 -1.870561000000000007e+01 0.000000000000000000e+00
1.810000000000000000e+02 1.475200000000000067e+00 -1.386030000000000051e+01 0.000000000000000000e+00
1.820000000000000000e+02 3.459369999999999834e+00 -1.329082000000000008e+01 0.000000000000000000e+00
1.830000000000000000e+02 3.686710000000000154e+00 -1.104981000000000080e+01 0.000000000000000000e+00
1.840000000000000000e+02 4.312870000000000203e+00 -9.073259999999999437e+00 0.000000000000000000e+00
1.850000000000000000e+02 4.723679999999999879e+00 -6.998210000000000264e+00 0.000000000000000000e+00
1.860000000000000000e+02 5.102360000000000007e+00 -4.916319999999999801e+00 0.000000000000000000e+00
1.870000000000000000e+02 5.502460000000000129e+00 -2.849310000000000009e+00 0.000000000000000000e+00
1.880000000000000000e+02 3.837239999999999984e+00 -1.517300000000000093e+00 0.000000000000000000e+00
1.890000000000000000e+02 4.170620000000000438e+00 5.765099999999999669e-01 0.000000000000000000e+00
1.900000000000000000e+02 4.463969999999999771e+00 2.694770000000000110e+00 0.000000000000000000e+00
1.910000000000000000e+02 4.843609999999999971e+00 4.732140000000000235e+00 0.000000000000000000e+00
1.920000000000000000e+02 3.000080000000000080e+00 5.986869999999999692e+00 0.000000000000000000e+00
1.930000000000000000e+02 3.145519999999999872e+00 8.136400000000000077e+00 0.000000000000000000e+00
1.940000000000000000e+02 3.654450000000000198e+00 1.017731999999999992e+01 0.000000000000000000e+00
1.950000000000000000e+02 3.988290000000000113e+00 1.225061000000000000e+01 0.000000000000000000e+00
1.960000000000000000e+02 4.366179999999999950e+00 1.436280999999999963e+01 0.000000000000000000e+00
1.970000000000000000e+02 4.775380000000000180e+00 1.654808999999999841e+01 0.000000000000000000e+00
1.980000000000000000e+02 4.792819999999999858e+00 -1.695214999999999961e+01 0.000000000000000000e+00
1.990000000000000000e+02 5.085390000000000299e+00 -1.460197999999999929e+01 0.000000000000000000e+00
2.000000000000000000e+02 5.469619999999999926e+00 -1.249033999999999978e+01 0.000000000000000000e+00
2.010000000000000000e+02 5.896910000000000096e+00 -1.042930999999999919e+01 0.000000000000000000e+00
2.020000000000000000e+02 6.302220000000000155e+00 -8.316860000000000142e+00 0.000000000000000000e+00
2.030000000000000000e+02 6.686589999999999812e+00 -6.259680000000000355e+00 0.000000000000000000e+00
2.040000000000000000e+02 7.102360000000000007e+00 -4.168050000000000033e+00 0.000000000000000000e+00
2.050000000000000000e+02 7.408590000000000231e+00 -2.072179999999999911e+00 0.000000000000000000e+00
2.060000000000000000e+02 5.781909999999999883e+00 -7.773999999999999799e-01 0.000000000000000000e+00
2.070000000000000000e+02 6.105859999999999843e+00 1.288799999999999946e+00 0.000000000000000000e+00
2.080000000000000000e+02 6.447379999999999889e+00 3.420889999999999986e+00 0.000000000000000000e+00
2.090000000000000000e+02 6.753969999999999807e+00 5.567829999999999835e+00 0.000000000000000000e+00
2.100000000000000000e+02 4.927629999999999733e+00 6.972889999999999588e+00 0.000000000000000000e+00
2.110000000000000000e+02 5.415350000000000108e+00 8.975429999999999353e+00 0.000000000000000000e+00
2.120000000000000000e+02 5.703470000000000262e+00 1.106868000000000052e+01 0.000000000000000000e+00
2.130000000000000000e+02 6.028059999999999974e+00 1.316083000000000069e+01 0.000000000000000000e+00
2.140000000000000000e+02 6.429719999999999658e+00 1.523221999999999987e+01 0.000000000000000000e+00
2.150000000000000000e+02 6.735509999999999664e+00 1.731768999999999892e+01 0.000000000000000000e+00
2.160000000000000000e+02 6.244679999999999787e+00 -1.863588999999999984e+01 0.000000000000000000e+00
2.170000000000000000e+02 6.648579999999999934e+00 -1.596282000000000068e+01 0.000000000000000000e+00
2.180000000000000000e+02 7.032350000000000101e+00 -1.384014999999999951e+01 0.000000000000000000e+00
2.190000000000000000e+02 7.436510000000000176e+00 -1.181615000000000038e+01 0.000000000000000000e+00
2.200000000000000000e+02 7.877790000000000070e+00 -9.649779999999999802e+00 0.000000000000000000e+00
2.210000000000000000e+02 8.286849999999999383e+00 -7.624520000000000408e+00 0.000000000000000000e+00
2.220000000000000000e+02 8.669570000000000221e+00 -5.516280000000000072e+00 0.000000000000000000e+00
2.230000000000000000e+02 9.059499999999999886e+00 -3.465910000000000046e+00 0.000000000000000000e+00
2.240000000000000000e+02 7.789460000000000051e+00 -3.400000000000000244e-04 0.000000000000000000e+00
2.250000000000000000e+02 9.695410000000000750e+00 8.386200000000000321e-01 0.000000000000000000e+00
2.260000000000000000e+02 8.095200000000000173e+00 2.180449999999999999e+00 0.000000000000000000e+00
2.270000000000000000e+02 8.372659999999999769e+00 4.285210000000000186e+00 0.000000000000000000e+00
2.280000000000000000e+02 8.712320000000000064e+00 6.318369999999999820e+00 0.000000000000000000e+00
2.290000000000000000e+02 7.030730000000000146e+00 7.668630000000000280e+00 0.000000000000000000e+00
2.300000000000000000e+02 7.371159999999999712e+00 9.701660000000000394e+00 0.000000000000000000e+00
2.310000000000000000e+02 7.758140000000000036e+00 1.174779000000000018e+01 0.000000000000000000e+00
2.320000000000000000e+02 7.994640000000000413e+00 1.385824000000000034e+01 0.000000000000000000e+00
2.330000000000000000e+02 8.465159999999999130e+00 1.598653000000000013e+01 0.000000000000000000e+00
2.340000000000000000e+02 8.163240000000000052e+00 -1.738050000000000139e+01 0.000000000000000000e+00
2.350000000000000000e+02 8.646940000000000737e+00 -1.519148000000000032e+01 0.000000000000000000e+00
2.360000000000000000e+02 9.148849999999999483e+00 -1.313150000000000084e+01 0.000000000000000000e+00
2.370000000000000000e+02 9.408680000000000376e+00 -1.106441000000000052e+01 0.000000000000000000e+00
2.380000000000000000e+02 9.859750000000000014e+00 -9.018079999999999430e+00 0.000000000000000000e+00
2.390000000000000000e+02 1.064546999999999954e+01 -4.919660000000000366e+00 0.000000000000000000e+00
2.400000000000000000e+02 1.105390000000000050e+01 -2.695510000000000073e+00 0.000000000000000000e+00
2.410000000000000000e+02 9.409860000000000113e+00 -1.413640000000000008e+00 0.000000000000000000e+00
2.420000000000000000e+02 1.129613999999999940e+01 -5.372099999999999653e-01 0.000000000000000000e+00
2.430000000000000000e+02 1.163720999999999961e+01 1.561059999999999892e+00 0.000000000000000000e+00
2.440000000000000000e+02 1.003443000000000040e+01 2.904850000000000154e+00 0.000000000000000000e+00
2.450000000000000000e+02 1.030307999999999957e+01 4.988780000000000214e+00 0.000000000000000000e+00
2.460000000000000000e+02 1.068490000000000073e+01 7.057030000000000136e+00 0.000000000000000000e+00
2.470000000000000000e+02 9.001340000000000785e+00 8.432169999999999277e+00 0.000000000000000000e+00
2.480000000000000000e+02 9.530290000000000816e+00 1.043431999999999960e+01 0.000000000000000000e+00
2.490000000000000000e+02 9.771440000000000126e+00 1.249027000000000065e+01 0.000000000000000000e+00
2.500000000000000000e+02 1.005985000000000085e+01 1.460651999999999973e+01 0.000000000000000000e+00
2.510000000000000000e+02 1.084755999999999965e+01 1.721708999999999889e+01 0.000000000000000000e+00
2.520000000000000000e+02 1.043737999999999921e+01 -1.648019000000000034e+01 0.000000000000000000e+00
2.530000000000000000e+02 1.087922999999999973e+01 -1.441193999999999953e+01 0.000000000000000000e+00
2.540000000000000000e+02 1.127703999999999951e+01 -1.236532000000000053e+01 0.000000000000000000e+00
2.550000000000000000e+02 1.166609000000000052e+01 -1.033516000000000012e+01 0.000000000000000000e+00
2.560000000000000000e+02 1.022540000000000049e+01 -6.941029999999999589e+00 0.000000000000000000e+00
2.570000000000000000e+02 1.234727999999999959e+01 -6.120199999999999640e+00 0.000000000000000000e+00
2.580000000000000000e+02 1.259903000000000084e+01 -4.073199999999999932e+00 0.000000000000000000e+00
2.590000000000000000e+02 1.292908000000000079e+01 -1.805320000000000036e+00 0.000000000000000000e+00
2.600000000000000000e+02 1.330302000000000007e+01 3.166300000000000225e-01 0.000000000000000000e+00
2.610000000000000000e+02 1.365809999999999924e+01 2.390519999999999978e+00 0.000000000000000000e+00
2.620000000000000000e+02 1.199276000000000053e+01 3.675530000000000186e+00 0.000000000000000000e+00
2.630000000000000000e+02 1.400337999999999994e+01 4.421289999999999942e+00 0.000000000000000000e+00
2.640000000000000000e+02 1.239742000000000033e+01 5.768119999999999692e+00 0.000000000000000000e+00
2.650000000000000000e+02 1.286975999999999942e+01 7.934499999999999886e+00 0.000000000000000000e+00
2.660000000000000000e+02 1.117312000000000083e+01 9.143789999999999196e+00 0.000000000000000000e+00
2.670000000000000000e+02 1.149934999999999974e+01 1.128997999999999990e+01 0.000000000000000000e+00
2.680000000000000000e+02 1.171945999999999977e+01 1.339644000000000013e+01 0.000000000000000000e+00
2.690000000000000000e+02 1.205293999999999954e+01 1.549535999999999980e+01 0.000000000000000000e+00
2.700000000000000000e+02 1.253043000000000085e+01 -1.583447999999999922e+01 0.000000000000000000e+00
2.710000000000000000e+02 1.291464000000000034e+01 -1.378983000000000025e+01 0.000000000000000000e+00
2.720000000000000000e+02 1.325488000000000000e+01 -1.175225999999999971e+01 0.000000000000000000e+00
2.730000000000000000e+02 1.367614000000000019e+01 -9.518209999999999837e+00 0.000000000000000000e+00
2.740000000000000000e+02 1.183996999999999922e+01 -8.241540000000000532e+00 0.000000000000000000e+00
2.750000000000000000e+02 1.428482999999999947e+01 -5.324440000000000062e+00 0.000000000000000000e+00
2.760000000000000000e+02 1.454043000000000063e+01 -3.203479999999999883e+00 0.000000000000000000e+00
2.770000000000000000e+02 1.490947000000000067e+01 -1.070659999999999945e+00 0.000000000000000000e+00
2.780000000000000000e+02 1.535032999999999959e+01 1.064969999999999972e+00 0.000000000000000000e+00
2.790000000000000000e+02 1.697601999999999833e+01 -4.064200000000000035e-01 0.000000000000000000e+00
2.800000000000000000e+02 1.569955999999999996e+01 3.092000000000000082e+00 0.000000000000000000e+00
2.810000000000000000e+02 1.612785999999999831e+01 5.215550000000000352e+00 0.000000000000000000e+00
2.820000000000000000e+02 1.452098999999999940e+01 6.586400000000000254e+00 0.000000000000000000e+00
2.830000000000000000e+02 1.484029999999999916e+01 8.660220000000000695e+00 0.000000000000000000e+00
2.840000000000000000e+02 1.325670999999999999e+01 1.002659000000000056e+01 0.000000000000000000e+00
2.850000000000000000e+02 1.520204000000000022e+01 1.091350000000000087e+01 0.000000000000000000e+00
2.860000000000000000e+02 1.345594000000000001e+01 1.209022000000000041e+01 0.000000000000000000e+00
2.870000000000000000e+02 1.369177000000000000e+01 1.415208999999999939e+01 0.000000000000000000e+00
2.880000000000000000e+02 1.521800999999999959e+01 -1.104359999999999964e+01 0.000000000000000000e+00
2.890000000000000000e+02 1.566070000000000029e+01 -8.908659999999999357e+00 0.000000000000000000e+00
2.900000000000000000e+02 1.833491000000000071e+01 -4.531229999999999869e+00 0.000000000000000000e+00
2.910000000000000000e+02 1.616784000000000177e+01 -6.784629999999999939e+00 0.000000000000000000e+00
2.920000000000000000e+02 1.417991999999999919e+01 -7.402910000000000323e+00 0.000000000000000000e+00
2.930000000000000000e+02 1.624343999999999966e+01 -4.684339999999999726e+00 0.000000000000000000e+00
2.940000000000000000e+02 1.864590000000000103e+01 -2.209610000000000074e+00 0.000000000000000000e+00
2.950000000000000000e+02 1.658781000000000105e+01 -2.443849999999999856e+00 0.000000000000000000e+00
2.960000000000000000e+02 1.945523000000000025e+01 1.605189999999999895e+00 0.000000000000000000e+00
2.970000000000000000e+02 1.730630000000000024e+01 1.750790000000000068e+00 0.000000000000000000e+00
2.980000000000000000e+02 1.774831000000000003e+01 3.934289999999999843e+00 0.000000000000000000e+00
2.990000000000000000e+02 1.646790000000000020e+01 7.386669999999999625e+00 0.000000000000000000e+00
