0.000000000000000000e+00 -1.390260999999999925e+01 -1.556019000000000041e+01 0.000000000000000000e+00
1.000000000000000000e+00 -1.480814999999999948e+01 -1.369293000000000049e+01 0.000000000000000000e+00
2.000000000000000000e+00 -1.550655000000000072e+01 -1.175653999999999932e+01 0.000000000000000000e+00
3.000000000000000000e+00 -1.671433999999999997e+01 -9.750209999999999155e+00 0.000000000000000000e+00
4.000000000000000000e+00 -1.733083999999999847e+01 -7.744390000000000107e+00 0.000000000000000000e+00
5.000000000000000000e+00 -1.790988000000000113e+01 -4.985190000000000232e+00 0.000000000000000000e+00
6.000000000000000000e+00 -1.648395000000000010e+01 -3.491019999999999790e+00 0.000000000000000000e+00
7.000000000000000000e+00 -1.884439000000000064e+01 -2.927160000000000206e+00 0.000000000000000000e+00
8.000000000000000000e+00 -1.724966999999999828e+01 -1.245949999999999891e+00 0.000000000000000000e+00
9.000000000000000000e+00 -1.945326999999999984e+01 -5.191400000000000459e-01 0.000000000000000000e+00
1.000000000000000000e+01 -1.784115999999999858e+01 3.317979999999999929e+00 0.000000000000000000e+00
1.100000000000000000e+01 -1.611382000000000048e+01 4.662410000000000387e+00 0.000000000000000000e+00
1.200000000000000000e+01 -1.633933000000000035e+01 6.856830000000000425e+00 0.000000000000000000e+00
1.300000000000000000e+01 -1.798618000000000094e+01 5.609090000000000131e+00 0.000000000000000000e+00
1.400000000000000000e+01 -1.835793999999999926e+01 7.784399999999999764e+00 0.000000000000000000e+00
1.500000000000000000e+01 -1.665133000000000152e+01 9.044140000000000512e+00 0.000000000000000000e+00
1.600000000000000000e+01 -1.525572999999999979e+01 1.270829999999999949e+01 0.000000000000000000e+00
1.700000000000000000e+01 -1.162002999999999986e+01 1.497647000000000084e+01 0.000000000000000000e+00
1.800000000000000000e+01 -1.184985999999999962e+01 -1.578206999999999915e+01 0.000000000000000000e+00
1.900000000000000000e+01 -1.271916000000000047e+01 -1.385543999999999976e+01 0.000000000000000000e+00
2.000000000000000000e+01 -1.343851000000000084e+01 -1.189316999999999958e+01 0.000000000000000000e+00
2.100000000000000000e+01 -1.428290999999999933e+01 -1.000930999999999926e+01 0.000000000000000000e+00
2.200000000000000000e+01 -1.524943000000000026e+01 -7.955689999999999706e+00 0.000000000000000000e+00
2.300000000000000000e+01 -1.583046000000000042e+01 -5.714620000000000033e+00 0.000000000000000000e+00
2.400000000000000000e+01 -1.452222000000000079e+01 -4.103559999999999874e+00 0.000000000000000000e+00
2.500000000000000000e+01 -1.520739000000000019e+01 -1.855709999999999971e+00 0.000000000000000000e+00
2.600000000000000000e+01 -1.562895999999999930e+01 3.045499999999999874e-01 0.000000000000000000e+00
2.700000000000000000e+01 -1.757069999999999865e+01 1.192499999999999893e+00 0.000000000000000000e+00
2.800000000000000000e+01 -1.580672000000000033e+01 2.560119999999999951e+00 0.000000000000000000e+00
2.900000000000000000e+01 -1.406461999999999968e+01 3.976910000000000167e+00 0.000000000000000000e+00
3.000000000000000000e+01 -1.441039999999999921e+01 6.025520000000000209e+00 0.000000000000000000e+00
3.100000000000000000e+01 -1.268981999999999921e+01 7.264770000000000394e+00 0.000000000000000000e+00
3.200000000000000000e+01 -1.463044000000000011e+01 8.098839999999999151e+00 0.000000000000000000e+00
3.300000000000000000e+01 -1.477604999999999968e+01 1.026966000000000001e+01 0.000000000000000000e+00
3.400000000000000000e+01 -1.330982999999999983e+01 1.357587000000000010e+01 0.000000000000000000e+00
3.500000000000000000e+01 -9.883639999999999759e+00 1.610538999999999987e+01 0.000000000000000000e+00
3.600000000000000000e+01 -9.804339999999999833e+00 -1.625826999999999956e+01 0.000000000000000000e+00
3.700000000000000000e+01 -1.058770999999999951e+01 -1.414234000000000080e+01 0.000000000000000000e+00
3.800000000000000000e+01 -1.123710999999999949e+01 -1.206512999999999991e+01 0.000000000000000000e+00
3.900000000000000000e+01 -1.214597999999999978e+01 -1.017928999999999995e+01 0.000000000000000000e+00
4.000000000000000000e+01 -1.312508000000000052e+01 -8.209749999999999659e+00 0.000000000000000000e+00
4.100000000000000000e+01 -1.382912999999999926e+01 -6.188979999999999926e+00 0.000000000000000000e+00
4.200000000000000000e+01 -1.248781999999999925e+01 -4.635620000000000296e+00 0.000000000000000000e+00
4.300000000000000000e+01 -1.317303000000000068e+01 -2.478000000000000203e+00 0.000000000000000000e+00
4.400000000000000000e+01 -1.367713999999999963e+01 -4.194200000000000150e-01 0.000000000000000000e+00
4.500000000000000000e+01 -1.394067000000000078e+01 1.639790000000000081e+00 0.000000000000000000e+00
4.600000000000000000e+01 -1.206095000000000006e+01 3.086079999999999934e+00 0.000000000000000000e+00
4.700000000000000000e+01 -1.241614000000000040e+01 5.217010000000000147e+00 0.000000000000000000e+00
4.800000000000000000e+01 -1.066788000000000025e+01 6.432929999999999815e+00 0.000000000000000000e+00
4.900000000000000000e+01 -1.096075000000000088e+01 8.486219999999999430e+00 0.000000000000000000e+00
5.000000000000000000e+01 -1.288246000000000002e+01 9.413880000000000692e+00 0.000000000000000000e+00
5.100000000000000000e+01 -1.309900000000000020e+01 1.150366999999999962e+01 0.000000000000000000e+00
5.200000000000000000e+01 -1.137484000000000073e+01 1.271695000000000064e+01 0.000000000000000000e+00
5.300000000000000000e+01 -8.247199999999999420e+00 1.743376999999999910e+01 0.000000000000000000e+00
5.400000000000000000e+01 -7.367539999999999978e+00 -1.644596999999999909e+01 0.000000000000000000e+00
5.500000000000000000e+01 -8.400169999999999249e+00 -1.433877999999999986e+01 0.000000000000000000e+00
5.600000000000000000e+01 -9.160740000000000549e+00 -1.239775000000000027e+01 0.000000000000000000e+00
5.700000000000000000e+01 -1.002258999999999922e+01 -1.040070000000000050e+01 0.000000000000000000e+00
5.800000000000000000e+01 -1.087955000000000005e+01 -8.504289999999999239e+00 0.000000000000000000e+00
5.900000000000000000e+01 -1.177387000000000050e+01 -6.620560000000000223e+00 0.000000000000000000e+00
6.000000000000000000e+01 -1.035310999999999915e+01 -4.930970000000000297e+00 0.000000000000000000e+00
6.100000000000000000e+01 -1.117946000000000062e+01 -3.030159999999999965e+00 0.000000000000000000e+00
6.200000000000000000e+01 -1.168229999999999968e+01 -1.037870000000000070e+00 0.000000000000000000e+00
6.300000000000000000e+01 -1.197775999999999996e+01 1.023649999999999949e+00 0.000000000000000000e+00
6.400000000000000000e+01 -1.040053999999999945e+01 4.337360000000000326e+00 0.000000000000000000e+00
6.500000000000000000e+01 -8.672240000000000393e+00 5.573019999999999641e+00 0.000000000000000000e+00
6.600000000000000000e+01 -8.966029999999999944e+00 7.617609999999999992e+00 0.000000000000000000e+00
6.700000000000000000e+01 -9.306039999999999424e+00 9.740859999999999630e+00 0.000000000000000000e+00
6.800000000000000000e+01 -1.119082000000000043e+01 1.065079000000000065e+01 0.000000000000000000e+00
6.900000000000000000e+01 -9.352890000000000370e+00 1.190794999999999959e+01 0.000000000000000000e+00
7.000000000000000000e+01 -9.660320000000000462e+00 1.396594999999999942e+01 0.000000000000000000e+00
7.100000000000000000e+01 -6.415090000000000181e+00 1.860287999999999897e+01 0.000000000000000000e+00
7.200000000000000000e+01 -5.347050000000000303e+00 -1.685647000000000162e+01 0.000000000000000000e+00
7.300000000000000000e+01 -6.086789999999999701e+00 -1.475239999999999974e+01 0.000000000000000000e+00
7.400000000000000000e+01 -7.027989999999999959e+00 -1.258189999999999920e+01 0.000000000000000000e+00
7.500000000000000000e+01 -7.977479999999999905e+00 -1.068945000000000078e+01 0.000000000000000000e+00
7.600000000000000000e+01 -8.748659999999999215e+00 -8.742139999999999134e+00 0.000000000000000000e+00
7.700000000000000000e+01 -9.562279999999999447e+00 -6.856259999999999799e+00 0.000000000000000000e+00
7.800000000000000000e+01 -8.298650000000000304e+00 -5.195929999999999715e+00 0.000000000000000000e+00
7.900000000000000000e+01 -9.011110000000000397e+00 -2.694789999999999797e+00 0.000000000000000000e+00
8.000000000000000000e+01 -9.883499999999999730e+00 2.990999999999999909e-02 0.000000000000000000e+00
8.100000000000000000e+01 -1.020715000000000039e+01 2.117020000000000124e+00 0.000000000000000000e+00
8.200000000000000000e+01 -8.516189999999999927e+00 3.437660000000000160e+00 0.000000000000000000e+00
8.300000000000000000e+01 -6.780719999999999636e+00 4.606580000000000119e+00 0.000000000000000000e+00
8.400000000000000000e+01 -7.021130000000000315e+00 6.915309999999999846e+00 0.000000000000000000e+00
8.500000000000000000e+01 -7.355789999999999829e+00 8.970829999999999416e+00 0.000000000000000000e+00
8.600000000000000000e+01 -7.309619999999999784e+00 1.103696000000000055e+01 0.000000000000000000e+00
8.700000000000000000e+01 -7.583099999999999952e+00 1.313020999999999994e+01 0.000000000000000000e+00
8.800000000000000000e+01 -7.897569999999999979e+00 1.526864999999999917e+01 0.000000000000000000e+00
8.900000000000000000e+01 -4.905380000000000074e+00 2.007148000000000110e+01 0.000000000000000000e+00
9.000000000000000000e+01 -4.344940000000000246e+00 -1.868017000000000039e+01 0.000000000000000000e+00
9.100000000000000000e+01 -4.021370000000000111e+00 -1.499142999999999937e+01 0.000000000000000000e+00
9.200000000000000000e+01 -4.900330000000000297e+00 -1.297536000000000023e+01 0.000000000000000000e+00
9.300000000000000000e+01 -5.704410000000000203e+00 -1.093355999999999995e+01 0.000000000000000000e+00
9.400000000000000000e+01 -6.671540000000000248e+00 -9.071039999999999992e+00 0.000000000000000000e+00
9.500000000000000000e+01 -7.353659999999999641e+00 -7.134459999999999802e+00 0.000000000000000000e+00
9.600000000000000000e+01 -6.100999999999999979e+00 -5.430320000000000036e+00 0.000000000000000000e+00
9.700000000000000000e+01 -7.066410000000000302e+00 -3.483200000000000074e+00 0.000000000000000000e+00
9.800000000000000000e+01 -7.979490000000000194e+00 -8.567399999999999460e-01 0.000000000000000000e+00
9.900000000000000000e+01 -8.293369999999999465e+00 1.345469999999999944e+00 0.000000000000000000e+00
1.000000000000000000e+02 -6.517979999999999663e+00 2.526219999999999910e+00 0.000000000000000000e+00
1.010000000000000000e+02 -4.867580000000000240e+00 3.800390000000000157e+00 0.000000000000000000e+00
1.020000000000000000e+02 -5.141899999999999693e+00 5.864250000000000185e+00 0.000000000000000000e+00
1.030000000000000000e+02 -5.486580000000000013e+00 1.002834000000000003e+01 0.000000000000000000e+00
1.040000000000000000e+02 -5.606580000000000119e+00 1.221616000000000035e+01 0.000000000000000000e+00
1.050000000000000000e+02 -5.926689999999999792e+00 1.444837000000000060e+01 0.000000000000000000e+00
1.060000000000000000e+02 -5.928180000000000227e+00 1.659463999999999828e+01 0.000000000000000000e+00
1.070000000000000000e+02 -2.475089999999999790e+00 1.905716999999999928e+01 0.000000000000000000e+00
1.080000000000000000e+02 -3.192820000000000213e+00 -1.689509999999999934e+01 0.000000000000000000e+00
1.090000000000000000e+02 -2.799780000000000157e+00 -1.331401999999999930e+01 0.000000000000000000e+00
1.100000000000000000e+02 -1.617539999999999978e+00 -1.154458999999999946e+01 0.000000000000000000e+00
1.110000000000000000e+02 -3.654380000000000184e+00 -1.129433000000000042e+01 0.000000000000000000e+00
1.120000000000000000e+02 -4.445470000000000255e+00 -9.305509999999999948e+00 0.000000000000000000e+00
1.130000000000000000e+02 -5.112370000000000303e+00 -7.267900000000000027e+00 0.000000000000000000e+00
1.140000000000000000e+02 -4.775409999999999933e+00 -3.326490000000000169e+00 0.000000000000000000e+00
1.150000000000000000e+02 -5.992919999999999803e+00 -1.606370000000000076e+00 0.000000000000000000e+00
1.160000000000000000e+02 -4.382030000000000314e+00 -3.055800000000000183e-01 0.000000000000000000e+00
1.170000000000000000e+02 -6.325669999999999682e+00 4.353600000000000247e-01 0.000000000000000000e+00
1.180000000000000000e+02 -4.594940000000000246e+00 1.754920000000000035e+00 0.000000000000000000e+00
1.190000000000000000e+02 -3.235219999999999985e+00 5.055049999999999599e+00 0.000000000000000000e+00
1.200000000000000000e+02 -5.212229999999999919e+00 7.961750000000000327e+00 0.000000000000000000e+00
1.210000000000000000e+02 -3.387309999999999821e+00 9.272650000000000503e+00 0.000000000000000000e+00
1.220000000000000000e+02 -3.746700000000000141e+00 1.131378999999999913e+01 0.000000000000000000e+00
1.230000000000000000e+02 -3.863859999999999850e+00 1.343051999999999957e+01 0.000000000000000000e+00
1.240000000000000000e+02 -4.045530000000000292e+00 1.548648000000000025e+01 0.000000000000000000e+00
1.250000000000000000e+02 -4.390500000000000291e+00 1.806071999999999989e+01 0.000000000000000000e+00
1.260000000000000000e+02 -2.256390000000000118e+00 -1.916473999999999833e+01 0.000000000000000000e+00
1.270000000000000000e+02 -1.052589999999999915e+00 -1.716564999999999941e+01 0.000000000000000000e+00
1.280000000000000000e+02 -1.919880000000000031e+00 -1.520589999999999975e+01 0.000000000000000000e+00
1.290000000000000000e+02 -2.389730000000000132e+00 -9.626200000000000756e+00 0.000000000000000000e+00
1.300000000000000000e+02 -3.069770000000000110e+00 -7.519770000000000287e+00 0.000000000000000000e+00
1.310000000000000000e+02 -4.026239999999999597e+00 -5.473869999999999791e+00 0.000000000000000000e+00
1.320000000000000000e+02 -3.818699999999999872e-01 -4.201870000000000438e+00 0.000000000000000000e+00
1.330000000000000000e+02 -2.374859999999999971e+00 -3.618900000000000006e+00 0.000000000000000000e+00
1.340000000000000000e+02 -2.601150000000000073e+00 -1.493840000000000057e+00 0.000000000000000000e+00
1.350000000000000000e+02 -2.685540000000000038e+00 8.873999999999999666e-01 0.000000000000000000e+00
1.360000000000000000e+02 -2.888479999999999936e+00 2.984620000000000051e+00 0.000000000000000000e+00
1.370000000000000000e+02 -1.341429999999999900e+00 6.296840000000000437e+00 0.000000000000000000e+00
1.380000000000000000e+02 -3.218189999999999884e+00 7.212819999999999787e+00 0.000000000000000000e+00
1.390000000000000000e+02 -1.731209999999999916e+00 1.048751000000000033e+01 0.000000000000000000e+00
1.400000000000000000e+02 -1.957629999999999981e+00 1.263294999999999924e+01 0.000000000000000000e+00
1.410000000000000000e+02 -2.029929999999999790e+00 1.468823000000000079e+01 0.000000000000000000e+00
1.420000000000000000e+02 -2.408910000000000107e+00 1.677111000000000018e+01 0.000000000000000000e+00
1.430000000000000000e+02 -5.881999999999999451e-01 1.811024000000000100e+01 0.000000000000000000e+00
1.440000000000000000e+02 1.576000000000000068e+00 -1.734081000000000117e+01 0.000000000000000000e+00
1.450000000000000000e+02 2.818200000000000149e-01 -1.553808000000000078e+01 0.000000000000000000e+00
1.460000000000000000e+02 -7.054300000000000015e-01 -1.350436000000000014e+01 0.000000000000000000e+00
1.470000000000000000e+02 -2.675799999999999845e-01 -9.924799999999999400e+00 0.000000000000000000e+00
1.480000000000000000e+02 -1.051230000000000109e+00 -8.011710000000000775e+00 0.000000000000000000e+00
1.490000000000000000e+02 -1.978369999999999962e+00 -5.638709999999999667e+00 0.000000000000000000e+00
1.500000000000000000e+02 2.862999999999999920e-02 -6.257869999999999600e+00 0.000000000000000000e+00
1.510000000000000000e+02 -6.053699999999999637e-01 -2.117309999999999803e+00 0.000000000000000000e+00
1.520000000000000000e+02 -8.176499999999999879e-01 -2.733000000000000013e-02 0.000000000000000000e+00
1.530000000000000000e+02 -9.752199999999999758e-01 2.089480000000000004e+00 0.000000000000000000e+00
1.540000000000000000e+02 -1.144269999999999898e+00 4.249450000000000394e+00 0.000000000000000000e+00
1.550000000000000000e+02 5.993300000000000294e-01 5.372729999999999784e+00 0.000000000000000000e+00
1.560000000000000000e+02 -1.491929999999999978e+00 8.391479999999999606e+00 0.000000000000000000e+00
1.570000000000000000e+02 2.248699999999999866e-01 9.572910000000000252e+00 0.000000000000000000e+00
1.580000000000000000e+02 6.969999999999999633e-03 1.169340000000000046e+01 0.000000000000000000e+00
1.590000000000000000e+02 -1.947899999999999909e-01 1.376434000000000069e+01 0.000000000000000000e+00
1.600000000000000000e+02 -3.485400000000000165e-01 1.593131999999999948e+01 0.000000000000000000e+00
1.610000000000000000e+02 1.288739999999999997e+00 1.718117000000000161e+01 0.000000000000000000e+00
1.620000000000000000e+02 1.749810000000000088e+00 -1.943000999999999934e+01 0.000000000000000000e+00
1.630000000000000000e+02 2.651829999999999909e+00 -1.548032000000000075e+01 0.000000000000000000e+00
1.640000000000000000e+02 1.420020000000000060e+00 -1.375018999999999991e+01 0.000000000000000000e+00
1.650000000000000000e+02 6.274999999999999467e-01 -1.181363999999999947e+01 0.000000000000000000e+00
1.660000000000000000e+02 1.681910000000000016e+00 -9.147259999999999280e+00 0.000000000000000000e+00
1.670000000000000000e+02 1.951470000000000038e+00 -7.102159999999999584e+00 0.000000000000000000e+00
1.680000000000000000e+02 1.402800000000000047e+00 -2.962019999999999875e+00 0.000000000000000000e+00
1.690000000000000000e+02 1.127189999999999914e+00 -9.164499999999999869e-01 0.000000000000000000e+00
1.700000000000000000e+02 8.674100000000000144e-01 1.164590000000000014e+00 0.000000000000000000e+00
1.710000000000000000e+02 2.729680000000000106e+00 2.304730000000000167e+00 0.000000000000000000e+00
1.720000000000000000e+02 6.984599999999999698e-01 3.292320000000000135e+00 0.000000000000000000e+00
1.730000000000000000e+02 2.451550000000000118e+00 4.397680000000000256e+00 0.000000000000000000e+00
1.740000000000000000e+02 3.912800000000000167e-01 7.444480000000000430e+00 0.000000000000000000e+00
1.750000000000000000e+02 2.123190000000000133e+00 8.744910000000000849e+00 0.000000000000000000e+00
1.760000000000000000e+02 1.881029999999999980e+00 1.081217000000000006e+01 0.000000000000000000e+00
1.770000000000000000e+02 1.725589999999999957e+00 1.286696000000000062e+01 0.000000000000000000e+00
1.780000000000000000e+02 1.507489999999999997e+00 1.496692999999999962e+01 0.000000000000000000e+00
1.790000000000000000e+02 2.184870000000000090e+00 1.915462000000000131e+01 0.000000000000000000e+00
1.800000000000000000e+02 3.778070000000000039e+00 -1.735222999999999871e+01 0.000000000000000000e+00
1.810000000000000000e+02 3.532760000000000122e+00 -1.360562000000000005e+01 0.000000000000000000e+00
1.820000000000000000e+02 4.537539999999999907e+00 -1.180145000000000088e+01 0.000000000000000000e+00
1.830000000000000000e+02 2.616730000000000000e+00 -1.104462999999999973e+01 0.000000000000000000e+00
1.840000000000000000e+02 3.606310000000000127e+00 -8.362740000000000506e+00 0.000000000000000000e+00
1.850000000000000000e+02 4.103930000000000078e+00 -6.317169999999999952e+00 0.000000000000000000e+00
1.860000000000000000e+02 1.713410000000000100e+00 -5.040879999999999583e+00 0.000000000000000000e+00
1.870000000000000000e+02 3.143330000000000179e+00 -1.847920000000000007e+00 0.000000000000000000e+00
1.880000000000000000e+02 2.841699999999999893e+00 2.464300000000000102e-01 0.000000000000000000e+00
1.890000000000000000e+02 4.654950000000000365e+00 1.497789999999999955e+00 0.000000000000000000e+00
1.900000000000000000e+02 4.412029999999999674e+00 3.632820000000000160e+00 0.000000000000000000e+00
1.910000000000000000e+02 4.192789999999999573e+00 5.684249999999999581e+00 0.000000000000000000e+00
1.920000000000000000e+02 2.288520000000000110e+00 6.574849999999999639e+00 0.000000000000000000e+00
1.930000000000000000e+02 3.994209999999999816e+00 7.761210000000000164e+00 0.000000000000000000e+00
1.940000000000000000e+02 3.866989999999999927e+00 9.923450000000000770e+00 0.000000000000000000e+00
1.950000000000000000e+02 3.647180000000000089e+00 1.203410000000000046e+01 0.000000000000000000e+00
1.960000000000000000e+02 3.517279999999999962e+00 1.413339000000000034e+01 0.000000000000000000e+00
1.970000000000000000e+02 3.146609999999999907e+00 1.623979999999999890e+01 0.000000000000000000e+00
1.980000000000000000e+02 4.970979999999999954e+00 -1.542004999999999981e+01 0.000000000000000000e+00
1.990000000000000000e+02 5.947470000000000034e+00 -1.350677999999999912e+01 0.000000000000000000e+00
2.000000000000000000e+02 6.570100000000000051e+00 -1.141672999999999938e+01 0.000000000000000000e+00
2.010000000000000000e+02 5.126129999999999853e+00 -9.786440000000000694e+00 0.000000000000000000e+00
2.020000000000000000e+02 5.614709999999999646e+00 -7.738809999999999967e+00 0.000000000000000000e+00
2.030000000000000000e+02 5.949040000000000106e+00 -5.391989999999999839e+00 0.000000000000000000e+00
2.040000000000000000e+02 3.626939999999999831e+00 -4.204220000000000290e+00 0.000000000000000000e+00
2.050000000000000000e+02 5.079369999999999941e+00 -2.715090000000000003e+00 0.000000000000000000e+00
2.060000000000000000e+02 4.852120000000000211e+00 -6.650500000000000300e-01 0.000000000000000000e+00
2.070000000000000000e+02 6.548440000000000261e+00 5.895599999999999730e-01 0.000000000000000000e+00
2.080000000000000000e+02 6.455840000000000245e+00 2.742109999999999825e+00 0.000000000000000000e+00
2.090000000000000000e+02 6.107009999999999827e+00 4.831059999999999910e+00 0.000000000000000000e+00
2.100000000000000000e+02 5.940669999999999895e+00 6.899650000000000283e+00 0.000000000000000000e+00
2.110000000000000000e+02 5.757130000000000081e+00 8.998070000000000235e+00 0.000000000000000000e+00
2.120000000000000000e+02 5.578780000000000072e+00 1.111364000000000019e+01 0.000000000000000000e+00
2.130000000000000000e+02 5.439119999999999955e+00 1.324933000000000050e+01 0.000000000000000000e+00
2.140000000000000000e+02 5.137859999999999872e+00 1.547737000000000052e+01 0.000000000000000000e+00
2.150000000000000000e+02 4.395900000000000141e+00 1.792864000000000146e+01 0.000000000000000000e+00
2.160000000000000000e+02 5.222760000000000069e+00 -1.887928000000000139e+01 0.000000000000000000e+00
2.170000000000000000e+02 7.206100000000000172e+00 -1.532219000000000086e+01 0.000000000000000000e+00
2.180000000000000000e+02 8.003460000000000463e+00 -1.291621999999999915e+01 0.000000000000000000e+00
2.190000000000000000e+02 8.629089999999999705e+00 -1.091905000000000037e+01 0.000000000000000000e+00
2.200000000000000000e+02 7.190190000000000303e+00 -9.336850000000000094e+00 0.000000000000000000e+00
2.210000000000000000e+02 7.681320000000000370e+00 -7.314490000000000158e+00 0.000000000000000000e+00
2.220000000000000000e+02 8.133150000000000546e+00 -5.280640000000000001e+00 0.000000000000000000e+00
2.230000000000000000e+02 6.952379999999999782e+00 -3.574829999999999952e+00 0.000000000000000000e+00
2.240000000000000000e+02 6.839830000000000076e+00 -1.447840000000000016e+00 0.000000000000000000e+00
2.250000000000000000e+02 8.516750000000000043e+00 -2.205600000000000060e-01 0.000000000000000000e+00
2.260000000000000000e+02 8.336520000000000152e+00 1.898509999999999920e+00 0.000000000000000000e+00
2.270000000000000000e+02 8.143789999999999196e+00 3.969450000000000145e+00 0.000000000000000000e+00
2.280000000000000000e+02 7.885519999999999641e+00 6.062579999999999636e+00 0.000000000000000000e+00
2.290000000000000000e+02 7.729239999999999888e+00 8.128650000000000375e+00 0.000000000000000000e+00
2.300000000000000000e+02 7.444950000000000401e+00 1.020721999999999952e+01 0.000000000000000000e+00
2.310000000000000000e+02 7.318310000000000315e+00 1.229806999999999917e+01 0.000000000000000000e+00
2.320000000000000000e+02 7.033990000000000187e+00 1.454894999999999960e+01 0.000000000000000000e+00
2.330000000000000000e+02 6.883960000000000079e+00 1.679531000000000063e+01 0.000000000000000000e+00
2.340000000000000000e+02 6.617110000000000269e+00 -1.731015999999999977e+01 0.000000000000000000e+00
2.350000000000000000e+02 9.291059999999999874e+00 -1.455151000000000039e+01 0.000000000000000000e+00
2.360000000000000000e+02 1.012884999999999991e+01 -1.234775999999999918e+01 0.000000000000000000e+00
2.370000000000000000e+02 1.070551000000000030e+01 -1.027172000000000018e+01 0.000000000000000000e+00
2.380000000000000000e+02 9.190139999999999532e+00 -8.809240000000000848e+00 0.000000000000000000e+00
2.390000000000000000e+02 9.725229999999999819e+00 -6.808939999999999770e+00 0.000000000000000000e+00
2.400000000000000000e+02 1.003852999999999973e+01 -4.446539999999999715e+00 0.000000000000000000e+00
2.410000000000000000e+02 8.826810000000000045e+00 -2.628820000000000157e+00 0.000000000000000000e+00
2.420000000000000000e+02 1.039661000000000080e+01 -1.247460000000000013e+00 0.000000000000000000e+00
2.430000000000000000e+02 1.026599000000000039e+01 9.884199999999999653e-01 0.000000000000000000e+00
2.440000000000000000e+02 1.009460999999999942e+01 3.072420000000000151e+00 0.000000000000000000e+00
2.450000000000000000e+02 9.809960000000000235e+00 5.194230000000000125e+00 0.000000000000000000e+00
2.460000000000000000e+02 9.799540000000000362e+00 7.314219999999999722e+00 0.000000000000000000e+00
2.470000000000000000e+02 9.409679999999999822e+00 9.342760000000000176e+00 0.000000000000000000e+00
2.480000000000000000e+02 9.290820000000000078e+00 1.150339999999999918e+01 0.000000000000000000e+00
2.490000000000000000e+02 9.094079999999999941e+00 1.369223000000000035e+01 0.000000000000000000e+00
2.500000000000000000e+02 8.784440000000000026e+00 1.579864000000000068e+01 0.000000000000000000e+00
2.510000000000000000e+02 6.516259999999999941e+00 1.883534999999999826e+01 0.000000000000000000e+00
2.520000000000000000e+02 8.807479999999999976e+00 -1.663929999999999865e+01 0.000000000000000000e+00
2.530000000000000000e+02 1.136585000000000001e+01 -1.409336000000000055e+01 0.000000000000000000e+00
2.540000000000000000e+02 1.221570999999999962e+01 -1.206527999999999956e+01 0.000000000000000000e+00
2.550000000000000000e+02 1.278316000000000052e+01 -9.948069999999999524e+00 0.000000000000000000e+00
2.560000000000000000e+02 1.119654000000000060e+01 -8.243949999999999889e+00 0.000000000000000000e+00
2.570000000000000000e+02 1.170041999999999938e+01 -6.191340000000000288e+00 0.000000000000000000e+00
2.580000000000000000e+02 1.215651000000000082e+01 -4.153340000000000032e+00 0.000000000000000000e+00
2.590000000000000000e+02 1.240366000000000035e+01 -2.021659999999999791e+00 0.000000000000000000e+00
2.600000000000000000e+02 1.227970000000000006e+01 4.986000000000000154e-02 0.000000000000000000e+00
2.610000000000000000e+02 1.415230000000000032e+01 9.847799999999999887e-01 0.000000000000000000e+00
2.620000000000000000e+02 1.202214999999999989e+01 2.099540000000000184e+00 0.000000000000000000e+00
2.630000000000000000e+02 1.195194000000000045e+01 4.221849999999999881e+00 0.000000000000000000e+00
2.640000000000000000e+02 1.173508999999999958e+01 6.338309999999999889e+00 0.000000000000000000e+00
2.650000000000000000e+02 1.155213999999999963e+01 8.438010000000000232e+00 0.000000000000000000e+00
2.660000000000000000e+02 1.122813000000000017e+01 1.047733999999999988e+01 0.000000000000000000e+00
2.670000000000000000e+02 1.103209999999999980e+01 1.274470999999999954e+01 0.000000000000000000e+00
2.680000000000000000e+02 1.076704999999999934e+01 1.494424000000000063e+01 0.000000000000000000e+00
2.690000000000000000e+02 1.049200000000000088e+01 1.702206999999999937e+01 0.000000000000000000e+00
2.700000000000000000e+02 1.085538000000000025e+01 -1.608725000000000094e+01 0.000000000000000000e+00
2.710000000000000000e+02 1.378611000000000075e+01 -1.374009999999999998e+01 0.000000000000000000e+00
2.720000000000000000e+02 1.427595999999999954e+01 -1.160560000000000080e+01 0.000000000000000000e+00
2.730000000000000000e+02 1.469565000000000055e+01 -9.124499999999999389e+00 0.000000000000000000e+00
2.740000000000000000e+02 1.327497999999999934e+01 -7.617549999999999599e+00 0.000000000000000000e+00
2.750000000000000000e+02 1.366069000000000067e+01 -5.565660000000000274e+00 0.000000000000000000e+00
2.760000000000000000e+02 1.414955999999999925e+01 -3.465069999999999872e+00 0.000000000000000000e+00
2.770000000000000000e+02 1.426861000000000068e+01 -1.074659999999999949e+00 0.000000000000000000e+00
2.780000000000000000e+02 1.603975000000000151e+01 1.645500000000000018e-01 0.000000000000000000e+00
2.790000000000000000e+02 1.584304999999999986e+01 2.410489999999999799e+00 0.000000000000000000e+00
2.800000000000000000e+02 1.398625999999999969e+01 3.330480000000000107e+00 0.000000000000000000e+00
2.810000000000000000e+02 1.367262000000000022e+01 5.465119999999999756e+00 0.000000000000000000e+00
2.820000000000000000e+02 1.560239999999999938e+01 6.825219999999999843e+00 0.000000000000000000e+00
2.830000000000000000e+02 1.359139000000000053e+01 7.549009999999999998e+00 0.000000000000000000e+00
2.840000000000000000e+02 1.319811999999999941e+01 9.764789999999999637e+00 0.000000000000000000e+00
2.850000000000000000e+02 1.521691000000000038e+01 9.030699999999999505e+00 0.000000000000000000e+00
2.860000000000000000e+02 1.290984000000000087e+01 1.182901999999999987e+01 0.000000000000000000e+00
2.870000000000000000e+02 1.278335000000000043e+01 1.394177999999999962e+01 0.000000000000000000e+00
2.880000000000000000e+02 1.288033000000000072e+01 -1.562439999999999962e+01 0.000000000000000000e+00
2.890000000000000000e+02 1.615782000000000096e+01 -1.066887000000000008e+01 0.000000000000000000e+00
2.900000000000000000e+02 1.683700999999999937e+01 -8.591760000000000730e+00 0.000000000000000000e+00
2.910000000000000000e+02 1.750622999999999863e+01 -6.579690000000000261e+00 0.000000000000000000e+00
2.920000000000000000e+02 1.529537000000000013e+01 -7.111189999999999678e+00 0.000000000000000000e+00
2.930000000000000000e+02 1.570778999999999925e+01 -4.818620000000000125e+00 0.000000000000000000e+00
2.940000000000000000e+02 1.757625000000000171e+01 -3.945469999999999811e+00 0.000000000000000000e+00
2.950000000000000000e+02 1.603738999999999848e+01 -2.281390000000000029e+00 0.000000000000000000e+00
2.960000000000000000e+02 1.785816000000000159e+01 -1.206620000000000026e+00 0.000000000000000000e+00
2.970000000000000000e+02 1.778496000000000166e+01 1.326140000000000096e+00 0.000000000000000000e+00
2.980000000000000000e+02 1.565653999999999968e+01 4.595819999999999794e+00 0.000000000000000000e+00
2.990000000000000000e+02 1.755029000000000039e+01 3.680540000000000145e+00 0.000000000000000000e+00
