0.000000000000000000e+00 -1.181207999999999991e+01 -1.503946999999999967e+01 0.000000000000000000e+00
1.000000000000000000e+00 -1.337148000000000003e+01 -1.287904999999999944e+01 0.000000000000000000e+00
2.000000000000000000e+00 -1.614884999999999948e+01 -1.063583000000000034e+01 0.000000000000000000e+00
3.000000000000000000e+00 -1.706551999999999936e+01 -8.377660000000000551e+00 0.000000000000000000e+00
4.000000000000000000e+00 -1.777423999999999893e+01 -6.353650000000000020e+00 0.000000000000000000e+00
5.000000000000000000e+00 -1.837694000000000116e+01 -4.162139999999999951e+00 0.000000000000000000e+00
6.000000000000000000e+00 -1.688260000000000005e+01 -2.658679999999999932e+00 0.000000000000000000e+00
7.000000000000000000e+00 -1.906307999999999936e+01 -2.107489999999999863e+00 0.000000000000000000e+00
8.000000000000000000e+00 -1.745315000000000083e+01 -6.441500000000000004e-01 0.000000000000000000e+00
9.000000000000000000e+00 -1.843057999999999907e+01 1.313039999999999985e+00 0.000000000000000000e+00
1.000000000000000000e+01 -1.673141999999999996e+01 3.043540000000000134e+00 0.000000000000000000e+00
1.100000000000000000e+01 -1.923460999999999999e+01 4.068749999999999645e+00 0.000000000000000000e+00
1.200000000000000000e+01 -1.740728999999999971e+01 5.063349999999999795e+00 0.000000000000000000e+00
1.300000000000000000e+01 -1.814587999999999823e+01 7.159150000000000347e+00 0.000000000000000000e+00
1.400000000000000000e+01 -1.606887000000000043e+01 6.706620000000000026e+00 0.000000000000000000e+00
1.500000000000000000e+01 -1.667780000000000129e+01 8.700450000000000017e+00 0.000000000000000000e+00
1.600000000000000000e+01 -1.582490999999999914e+01 1.229623999999999917e+01 0.000000000000000000e+00
1.700000000000000000e+01 -1.441938999999999993e+01 1.384599000000000046e+01 0.000000000000000000e+00
1.800000000000000000e+01 -9.597469999999999501e+00 -1.555556999999999945e+01 0.000000000000000000e+00
1.900000000000000000e+01 -1.131509999999999927e+01 -1.300005999999999950e+01 0.000000000000000000e+00
2.000000000000000000e+01 -1.407626999999999917e+01 -1.083328000000000024e+01 0.000000000000000000e+00
2.100000000000000000e+01 -1.491474000000000011e+01 -8.686479999999999535e+00 0.000000000000000000e+00
2.200000000000000000e+01 -1.564085999999999999e+01 -6.761300000000000310e+00 0.000000000000000000e+00
2.300000000000000000e+01 -1.625446000000000168e+01 -4.687990000000000101e+00 0.000000000000000000e+00
2.400000000000000000e+01 -1.478492999999999924e+01 -3.070660000000000167e+00 0.000000000000000000e+00
2.500000000000000000e+01 -1.535586999999999946e+01 -1.021649999999999947e+00 0.000000000000000000e+00
2.600000000000000000e+01 -1.405335000000000001e+01 5.644500000000000073e-01 0.000000000000000000e+00
2.700000000000000000e+01 -1.612319000000000102e+01 1.076009999999999911e+00 0.000000000000000000e+00
2.800000000000000000e+01 -1.467007000000000083e+01 2.611670000000000158e+00 0.000000000000000000e+00
2.900000000000000000e+01 -1.528403999999999918e+01 4.587080000000000268e+00 0.000000000000000000e+00
3.000000000000000000e+01 -1.383564999999999934e+01 6.147910000000000430e+00 0.000000000000000000e+00
3.100000000000000000e+01 -1.453434000000000026e+01 8.259539999999999438e+00 0.000000000000000000e+00
3.200000000000000000e+01 -1.526722999999999963e+01 1.032053999999999938e+01 0.000000000000000000e+00
3.300000000000000000e+01 -1.372347000000000072e+01 1.185760999999999932e+01 0.000000000000000000e+00
3.400000000000000000e+01 -1.307900000000000063e+01 1.542829000000000050e+01 0.000000000000000000e+00
3.500000000000000000e+01 -1.113690000000000069e+01 1.718516999999999939e+01 0.000000000000000000e+00
3.600000000000000000e+01 -7.937730000000000175e+00 -1.717358000000000118e+01 0.000000000000000000e+00
3.700000000000000000e+01 -9.140909999999999869e+00 -1.339494999999999969e+01 0.000000000000000000e+00
3.800000000000000000e+01 -1.198906999999999989e+01 -1.104007999999999967e+01 0.000000000000000000e+00
3.900000000000000000e+01 -1.278253999999999913e+01 -9.109049999999999869e+00 0.000000000000000000e+00
4.000000000000000000e+01 -1.346771999999999991e+01 -7.078219999999999956e+00 0.000000000000000000e+00
4.100000000000000000e+01 -1.418154999999999966e+01 -5.117490000000000094e+00 0.000000000000000000e+00
4.200000000000000000e+01 -1.276458000000000048e+01 -3.513490000000000002e+00 0.000000000000000000e+00
4.300000000000000000e+01 -1.333581000000000039e+01 -1.407080000000000108e+00 0.000000000000000000e+00
4.400000000000000000e+01 -1.186176000000000030e+01 7.227000000000000091e-02 0.000000000000000000e+00
4.500000000000000000e+01 -1.257005000000000017e+01 2.059369999999999923e+00 0.000000000000000000e+00
4.600000000000000000e+01 -1.114958000000000027e+01 3.736800000000000122e+00 0.000000000000000000e+00
4.700000000000000000e+01 -1.319223999999999997e+01 4.073129999999999917e+00 0.000000000000000000e+00
4.800000000000000000e+01 -1.249437999999999960e+01 7.788969999999999949e+00 0.000000000000000000e+00
4.900000000000000000e+01 -1.109018999999999977e+01 9.378429999999999822e+00 0.000000000000000000e+00
5.000000000000000000e+01 -1.316149000000000058e+01 9.859099999999999753e+00 0.000000000000000000e+00
5.100000000000000000e+01 -1.224596000000000018e+01 1.337970999999999933e+01 0.000000000000000000e+00
5.200000000000000000e+01 -1.081142999999999965e+01 1.499058999999999919e+01 0.000000000000000000e+00
5.300000000000000000e+01 -9.139969999999999928e+00 1.656014000000000053e+01 0.000000000000000000e+00
5.400000000000000000e+01 -5.923969999999999736e+00 -1.658220999999999989e+01 0.000000000000000000e+00
5.500000000000000000e+01 -7.505690000000000417e+00 -1.496986000000000061e+01 0.000000000000000000e+00
5.600000000000000000e+01 -9.894230000000000302e+00 -1.147662000000000049e+01 0.000000000000000000e+00
5.700000000000000000e+01 -1.062866999999999962e+01 -9.407809999999999562e+00 0.000000000000000000e+00
5.800000000000000000e+01 -1.141685999999999979e+01 -7.471729999999999983e+00 0.000000000000000000e+00
5.900000000000000000e+01 -1.206708000000000069e+01 -5.488929999999999865e+00 0.000000000000000000e+00
6.000000000000000000e+01 -1.061381000000000085e+01 -3.922419999999999796e+00 0.000000000000000000e+00
6.100000000000000000e+01 -1.131241999999999948e+01 -1.983819999999999917e+00 0.000000000000000000e+00
6.200000000000000000e+01 -9.832209999999999894e+00 -3.138099999999999778e-01 0.000000000000000000e+00
6.300000000000000000e+01 -1.043712999999999980e+01 1.664609999999999923e+00 0.000000000000000000e+00
6.400000000000000000e+01 -9.046720000000000539e+00 3.280260000000000176e+00 0.000000000000000000e+00
6.500000000000000000e+01 -1.182529000000000075e+01 5.699699999999999989e+00 0.000000000000000000e+00
6.600000000000000000e+01 -1.048568999999999996e+01 7.296179999999999666e+00 0.000000000000000000e+00
6.700000000000000000e+01 -8.971379999999999910e+00 8.820809999999999818e+00 0.000000000000000000e+00
6.800000000000000000e+01 -1.153363000000000049e+01 1.144266000000000005e+01 0.000000000000000000e+00
6.900000000000000000e+01 -1.015076999999999963e+01 1.297261999999999915e+01 0.000000000000000000e+00
7.000000000000000000e+01 -8.629419999999999646e+00 1.454199000000000019e+01 0.000000000000000000e+00
7.100000000000000000e+01 -7.884000000000000341e+00 1.854795000000000016e+01 0.000000000000000000e+00
7.200000000000000000e+01 -4.500189999999999912e+00 -1.821617000000000175e+01 0.000000000000000000e+00
7.300000000000000000e+01 -5.380219999999999558e+00 -1.446951999999999927e+01 0.000000000000000000e+00
7.400000000000000000e+01 -7.084050000000000402e+00 -1.291281000000000034e+01 0.000000000000000000e+00
7.500000000000000000e+01 -8.543219999999999814e+00 -9.853659999999999641e+00 0.000000000000000000e+00
7.600000000000000000e+01 -9.250270000000000437e+00 -7.800239999999999618e+00 0.000000000000000000e+00
7.700000000000000000e+01 -9.989150000000000418e+00 -5.886519999999999975e+00 0.000000000000000000e+00
7.800000000000000000e+01 -8.593370000000000175e+00 -4.292519999999999669e+00 0.000000000000000000e+00
7.900000000000000000e+01 -9.263080000000000425e+00 -2.317050000000000054e+00 0.000000000000000000e+00
8.000000000000000000e+01 -7.802459999999999951e+00 -7.152500000000000524e-01 0.000000000000000000e+00
8.100000000000000000e+01 -8.396969999999999601e+00 1.311949999999999950e+00 0.000000000000000000e+00
8.200000000000000000e+01 -7.004450000000000287e+00 2.828310000000000102e+00 0.000000000000000000e+00
8.300000000000000000e+01 -9.745580000000000354e+00 5.250280000000000058e+00 0.000000000000000000e+00
8.400000000000000000e+01 -8.257960000000000633e+00 6.875539999999999985e+00 0.000000000000000000e+00
8.500000000000000000e+01 -6.803740000000000343e+00 8.398669999999999192e+00 0.000000000000000000e+00
8.600000000000000000e+01 -9.461809999999999832e+00 1.091602999999999923e+01 0.000000000000000000e+00
8.700000000000000000e+01 -8.099140000000000228e+00 1.247094000000000058e+01 0.000000000000000000e+00
8.800000000000000000e+01 -7.056829999999999714e+00 1.626932000000000045e+01 0.000000000000000000e+00
8.900000000000000000e+01 -5.420720000000000205e+00 1.800703999999999994e+01 0.000000000000000000e+00
9.000000000000000000e+01 -2.865200000000000191e+00 -1.955449000000000126e+01 0.000000000000000000e+00
9.100000000000000000e+01 -3.683159999999999989e+00 -1.610792000000000002e+01 0.000000000000000000e+00
9.200000000000000000e+01 -5.107039999999999580e+00 -1.234000999999999948e+01 0.000000000000000000e+00
9.300000000000000000e+01 -6.610330000000000261e+00 -1.088382000000000005e+01 0.000000000000000000e+00
9.400000000000000000e+01 -7.223130000000000273e+00 -8.249719999999999942e+00 0.000000000000000000e+00
9.500000000000000000e+01 -7.904939999999999856e+00 -6.243900000000000006e+00 0.000000000000000000e+00
9.600000000000000000e+01 -6.431440000000000268e+00 -4.703619999999999912e+00 0.000000000000000000e+00
9.700000000000000000e+01 -7.185590000000000366e+00 -2.782309999999999839e+00 0.000000000000000000e+00
9.800000000000000000e+01 -5.702359999999999651e+00 -1.190819999999999990e+00 0.000000000000000000e+00
9.900000000000000000e+01 -6.342200000000000060e+00 7.943900000000000405e-01 0.000000000000000000e+00
1.000000000000000000e+02 -4.953610000000000291e+00 2.376850000000000129e+00 0.000000000000000000e+00
1.010000000000000000e+02 -5.573030000000000150e+00 4.411929999999999907e+00 0.000000000000000000e+00
1.020000000000000000e+02 -7.615709999999999980e+00 4.891910000000000203e+00 0.000000000000000000e+00
1.030000000000000000e+02 -6.195140000000000313e+00 6.422539999999999694e+00 0.000000000000000000e+00
1.040000000000000000e+02 -7.449040000000000106e+00 1.045855000000000068e+01 0.000000000000000000e+00
1.050000000000000000e+02 -6.505679999999999907e+00 1.419488999999999912e+01 0.000000000000000000e+00
1.060000000000000000e+02 -4.998310000000000031e+00 1.562918999999999947e+01 0.000000000000000000e+00
1.070000000000000000e+02 -2.423029999999999795e+00 1.914906999999999826e+01 0.000000000000000000e+00
1.080000000000000000e+02 -2.198189999999999866e+00 -1.759558000000000177e+01 0.000000000000000000e+00
1.090000000000000000e+02 -3.226220000000000088e+00 -1.396387000000000000e+01 0.000000000000000000e+00
1.100000000000000000e+02 -3.874579999999999913e+00 -1.061429000000000045e+01 0.000000000000000000e+00
1.110000000000000000e+02 -5.379159999999999719e+00 -9.187860000000000582e+00 0.000000000000000000e+00
1.120000000000000000e+02 -3.392799999999999816e+00 -8.565390000000000725e+00 0.000000000000000000e+00
1.130000000000000000e+02 -5.272140000000000271e+00 -7.078739999999999810e+00 0.000000000000000000e+00
1.140000000000000000e+02 -4.385279999999999845e+00 -5.155540000000000234e+00 0.000000000000000000e+00
1.150000000000000000e+02 -5.043129999999999669e+00 -3.153020000000000156e+00 0.000000000000000000e+00
1.160000000000000000e+02 -3.662720000000000198e+00 -1.565690000000000026e+00 0.000000000000000000e+00
1.170000000000000000e+02 -4.301619999999999777e+00 4.002100000000000102e-01 0.000000000000000000e+00
1.180000000000000000e+02 -2.890750000000000153e+00 1.952290000000000081e+00 0.000000000000000000e+00
1.190000000000000000e+02 -3.472409999999999997e+00 3.937159999999999993e+00 0.000000000000000000e+00
1.200000000000000000e+02 -4.109530000000000349e+00 5.920600000000000307e+00 0.000000000000000000e+00
1.210000000000000000e+02 -4.686230000000000118e+00 7.991270000000000095e+00 0.000000000000000000e+00
1.220000000000000000e+02 -5.345600000000000129e+00 1.007890000000000086e+01 0.000000000000000000e+00
1.230000000000000000e+02 -5.998120000000000118e+00 1.211098999999999926e+01 0.000000000000000000e+00
1.240000000000000000e+02 -4.440010000000000012e+00 1.363425999999999938e+01 0.000000000000000000e+00
1.250000000000000000e+02 -3.515400000000000080e+00 1.718841000000000108e+01 0.000000000000000000e+00
1.260000000000000000e+02 -4.614699999999999913e-01 -1.907675000000000054e+01 0.000000000000000000e+00
1.270000000000000000e+02 -1.712509999999999977e+00 -1.551333999999999946e+01 0.000000000000000000e+00
1.280000000000000000e+02 -2.256650000000000045e+00 -1.200252000000000052e+01 0.000000000000000000e+00
1.290000000000000000e+02 -1.783069999999999933e+00 -9.996499999999999275e+00 0.000000000000000000e+00
1.300000000000000000e+02 -1.334489999999999954e+00 -7.961689999999999934e+00 0.000000000000000000e+00
1.310000000000000000e+02 -2.788870000000000182e+00 -6.509759999999999991e+00 0.000000000000000000e+00
1.320000000000000000e+02 -2.312269999999999825e+00 -4.494349999999999845e+00 0.000000000000000000e+00
1.330000000000000000e+02 -1.815160000000000107e+00 -2.492290000000000116e+00 0.000000000000000000e+00
1.340000000000000000e+02 -2.003899999999999793e+00 -2.599199999999999844e-01 0.000000000000000000e+00
1.350000000000000000e+02 -8.674300000000000344e-01 1.512320000000000109e+00 0.000000000000000000e+00
1.360000000000000000e+02 -1.427629999999999955e+00 3.513720000000000176e+00 0.000000000000000000e+00
1.370000000000000000e+02 -2.076299999999999812e+00 5.559879999999999711e+00 0.000000000000000000e+00
1.380000000000000000e+02 -2.639670000000000183e+00 7.591599999999999682e+00 0.000000000000000000e+00
1.390000000000000000e+02 -3.250169999999999781e+00 9.566359999999999530e+00 0.000000000000000000e+00
1.400000000000000000e+02 -3.864050000000000207e+00 1.162584000000000017e+01 0.000000000000000000e+00
1.410000000000000000e+02 -2.266469999999999985e+00 1.312803000000000075e+01 0.000000000000000000e+00
1.420000000000000000e+02 -2.981879999999999864e+00 1.516521999999999970e+01 0.000000000000000000e+00
1.430000000000000000e+02 -1.440660000000000052e+00 1.681557000000000102e+01 0.000000000000000000e+00
1.440000000000000000e+02 -1.051399999999999973e-01 -1.699498000000000175e+01 0.000000000000000000e+00
1.450000000000000000e+02 7.716800000000000326e-01 -1.500939999999999941e+01 0.000000000000000000e+00
1.460000000000000000e+02 -8.272000000000000464e-01 -1.357240999999999964e+01 0.000000000000000000e+00
1.470000000000000000e+02 -1.875400000000000122e-01 -1.143707000000000029e+01 0.000000000000000000e+00
1.480000000000000000e+02 3.036800000000000055e-01 -9.397529999999999717e+00 0.000000000000000000e+00
1.490000000000000000e+02 7.883299999999999752e-01 -7.363129999999999953e+00 0.000000000000000000e+00
1.500000000000000000e+02 -7.456599999999999895e-01 -5.978989999999999583e+00 0.000000000000000000e+00
1.510000000000000000e+02 -2.640500000000000069e-01 -3.893889999999999851e+00 0.000000000000000000e+00
1.520000000000000000e+02 1.361799999999999955e-01 -1.800589999999999913e+00 0.000000000000000000e+00
1.530000000000000000e+02 7.795199999999999907e-01 2.182699999999999918e-01 0.000000000000000000e+00
1.540000000000000000e+02 9.049000000000000377e-01 2.674290000000000056e+00 0.000000000000000000e+00
1.550000000000000000e+02 -1.425000000000000051e-02 5.125609999999999999e+00 0.000000000000000000e+00
1.560000000000000000e+02 -6.083600000000000119e-01 7.105749999999999567e+00 0.000000000000000000e+00
1.570000000000000000e+02 -1.169419999999999904e+00 9.099159999999999471e+00 0.000000000000000000e+00
1.580000000000000000e+02 -1.807609999999999939e+00 1.110266999999999982e+01 0.000000000000000000e+00
1.590000000000000000e+02 -2.689400000000000124e-01 1.262331999999999965e+01 0.000000000000000000e+00
1.600000000000000000e+02 -8.568099999999999605e-01 1.480056000000000083e+01 0.000000000000000000e+00
1.610000000000000000e+02 2.085199999999999942e+00 1.780336000000000141e+01 0.000000000000000000e+00
1.620000000000000000e+02 1.626819999999999933e+00 -1.853126999999999924e+01 0.000000000000000000e+00
1.630000000000000000e+02 2.242490000000000094e+00 -1.651549999999999940e+01 0.000000000000000000e+00
1.640000000000000000e+02 1.284699999999999953e+00 -1.296770000000000067e+01 0.000000000000000000e+00
1.650000000000000000e+02 1.838479999999999892e+00 -1.087677000000000049e+01 0.000000000000000000e+00
1.660000000000000000e+02 2.328320000000000167e+00 -8.779730000000000700e+00 0.000000000000000000e+00
1.670000000000000000e+02 2.796949999999999825e+00 -6.762400000000000411e+00 0.000000000000000000e+00
1.680000000000000000e+02 1.230469999999999953e+00 -5.332029999999999603e+00 0.000000000000000000e+00
1.690000000000000000e+02 1.775209999999999955e+00 -3.312759999999999927e+00 0.000000000000000000e+00
1.700000000000000000e+02 2.294659999999999922e+00 -1.247619999999999951e+00 0.000000000000000000e+00
1.710000000000000000e+02 2.826010000000000133e+00 8.268299999999999539e-01 0.000000000000000000e+00
1.720000000000000000e+02 1.961899999999999977e+00 4.449519999999999698e+00 0.000000000000000000e+00
1.730000000000000000e+02 1.532459999999999933e+00 6.527689999999999770e+00 0.000000000000000000e+00
1.740000000000000000e+02 2.915490000000000137e+00 8.099230000000000373e+00 0.000000000000000000e+00
1.750000000000000000e+02 8.850799999999999779e-01 8.532109999999999417e+00 0.000000000000000000e+00
1.760000000000000000e+02 3.073500000000000121e-01 1.056528999999999918e+01 0.000000000000000000e+00
1.770000000000000000e+02 1.232569999999999943e+00 1.432516000000000034e+01 0.000000000000000000e+00
1.780000000000000000e+02 6.192900000000000071e-01 1.631121999999999872e+01 0.000000000000000000e+00
1.790000000000000000e+02 7.219999999999999855e-03 1.846509999999999962e+01 0.000000000000000000e+00
1.800000000000000000e+02 3.728299999999999947e+00 -1.806860999999999962e+01 0.000000000000000000e+00
1.810000000000000000e+02 2.770680000000000032e+00 -1.446141000000000076e+01 0.000000000000000000e+00
1.820000000000000000e+02 3.272289999999999921e+00 -1.239288999999999952e+01 0.000000000000000000e+00
1.830000000000000000e+02 3.860980000000000079e+00 -1.023971000000000053e+01 0.000000000000000000e+00
1.840000000000000000e+02 4.354750000000000121e+00 -8.155989999999999185e+00 0.000000000000000000e+00
1.850000000000000000e+02 4.910980000000000345e+00 -6.080160000000000231e+00 0.000000000000000000e+00
1.860000000000000000e+02 3.309769999999999879e+00 -4.752670000000000172e+00 0.000000000000000000e+00
1.870000000000000000e+02 3.834750000000000103e+00 -2.711590000000000167e+00 0.000000000000000000e+00
1.880000000000000000e+02 4.366069999999999673e+00 -5.375299999999999523e-01 0.000000000000000000e+00
1.890000000000000000e+02 3.266459999999999919e+00 2.836780000000000079e+00 0.000000000000000000e+00
1.900000000000000000e+02 5.294080000000000119e+00 3.511610000000000120e+00 0.000000000000000000e+00
1.910000000000000000e+02 3.576909999999999812e+00 5.751070000000000348e+00 0.000000000000000000e+00
1.920000000000000000e+02 4.906690000000000218e+00 7.489130000000000287e+00 0.000000000000000000e+00
1.930000000000000000e+02 2.356650000000000134e+00 1.013659999999999961e+01 0.000000000000000000e+00
1.940000000000000000e+02 1.770289999999999919e+00 1.217745000000000033e+01 0.000000000000000000e+00
1.950000000000000000e+02 3.235419999999999963e+00 1.378617999999999988e+01 0.000000000000000000e+00
1.960000000000000000e+02 2.711040000000000116e+00 1.581668999999999947e+01 0.000000000000000000e+00
1.970000000000000000e+02 3.136000000000000121e+00 1.970959999999999823e+01 0.000000000000000000e+00
1.980000000000000000e+02 4.242919999999999803e+00 -1.593446999999999925e+01 0.000000000000000000e+00
1.990000000000000000e+02 4.825599999999999667e+00 -1.376759999999999984e+01 0.000000000000000000e+00
2.000000000000000000e+02 5.393539999999999779e+00 -1.165971000000000046e+01 0.000000000000000000e+00
2.010000000000000000e+02 5.908000000000000362e+00 -9.572660000000000835e+00 0.000000000000000000e+00
2.020000000000000000e+02 6.468020000000000103e+00 -7.578280000000000349e+00 0.000000000000000000e+00
2.030000000000000000e+02 6.971589999999999954e+00 -5.488710000000000200e+00 0.000000000000000000e+00
2.040000000000000000e+02 5.416850000000000165e+00 -4.064779999999999838e+00 0.000000000000000000e+00
2.050000000000000000e+02 5.934660000000000046e+00 -2.058219999999999938e+00 0.000000000000000000e+00
2.060000000000000000e+02 6.426610000000000156e+00 7.104000000000000592e-02 0.000000000000000000e+00
2.070000000000000000e+02 4.844459999999999766e+00 1.489770000000000039e+00 0.000000000000000000e+00
2.080000000000000000e+02 7.281880000000000130e+00 4.124929999999999986e+00 0.000000000000000000e+00
2.090000000000000000e+02 5.631750000000000256e+00 5.557549999999999990e+00 0.000000000000000000e+00
2.100000000000000000e+02 7.698269999999999946e+00 6.439849999999999852e+00 0.000000000000000000e+00
2.110000000000000000e+02 4.425639999999999574e+00 9.534309999999999619e+00 0.000000000000000000e+00
2.120000000000000000e+02 3.875849999999999795e+00 1.160758000000000045e+01 0.000000000000000000e+00
2.130000000000000000e+02 5.308010000000000339e+00 1.313841000000000037e+01 0.000000000000000000e+00
2.140000000000000000e+02 4.702810000000000379e+00 1.533538000000000068e+01 0.000000000000000000e+00
2.150000000000000000e+02 4.320389999999999731e+00 1.742041000000000039e+01 0.000000000000000000e+00
2.160000000000000000e+02 6.341999999999999638e+00 -1.521897000000000055e+01 0.000000000000000000e+00
2.170000000000000000e+02 6.829629999999999868e+00 -1.319373000000000040e+01 0.000000000000000000e+00
2.180000000000000000e+02 7.413610000000000255e+00 -1.111774999999999913e+01 0.000000000000000000e+00
2.190000000000000000e+02 7.951749999999999652e+00 -9.050179999999999225e+00 0.000000000000000000e+00
2.200000000000000000e+02 8.432819999999999538e+00 -6.942549999999999777e+00 0.000000000000000000e+00
2.210000000000000000e+02 8.986720000000000041e+00 -4.880720000000000169e+00 0.000000000000000000e+00
2.220000000000000000e+02 7.535890000000000200e+00 -3.394499999999999851e+00 0.000000000000000000e+00
2.230000000000000000e+02 7.950140000000000207e+00 -1.372449999999999948e+00 0.000000000000000000e+00
2.240000000000000000e+02 8.412580000000000169e+00 6.438500000000000334e-01 0.000000000000000000e+00
2.250000000000000000e+02 6.833039999999999559e+00 2.104019999999999779e+00 0.000000000000000000e+00
2.260000000000000000e+02 8.827249999999999375e+00 2.671879999999999811e+00 0.000000000000000000e+00
2.270000000000000000e+02 9.298180000000000334e+00 4.735909999999999620e+00 0.000000000000000000e+00
2.280000000000000000e+02 9.852349999999999497e+00 6.799649999999999750e+00 0.000000000000000000e+00
2.290000000000000000e+02 6.480369999999999742e+00 8.844540000000000290e+00 0.000000000000000000e+00
2.300000000000000000e+02 5.858570000000000277e+00 1.100651000000000046e+01 0.000000000000000000e+00
2.310000000000000000e+02 7.341590000000000060e+00 1.258849999999999980e+01 0.000000000000000000e+00
2.320000000000000000e+02 6.876109999999999722e+00 1.470157000000000025e+01 0.000000000000000000e+00
2.330000000000000000e+02 6.284970000000000390e+00 1.669487000000000165e+01 0.000000000000000000e+00
2.340000000000000000e+02 6.079480000000000217e+00 -1.819463999999999970e+01 0.000000000000000000e+00
2.350000000000000000e+02 8.430920000000000414e+00 -1.464295000000000080e+01 0.000000000000000000e+00
2.360000000000000000e+02 8.877689999999999415e+00 -1.260807999999999929e+01 0.000000000000000000e+00
2.370000000000000000e+02 9.471840000000000259e+00 -1.052537000000000056e+01 0.000000000000000000e+00
2.380000000000000000e+02 1.002788999999999930e+01 -8.438660000000000494e+00 0.000000000000000000e+00
2.390000000000000000e+02 1.042609000000000030e+01 -6.416369999999999685e+00 0.000000000000000000e+00
2.400000000000000000e+02 1.097410999999999959e+01 -4.348589999999999733e+00 0.000000000000000000e+00
2.410000000000000000e+02 9.535500000000000753e+00 -2.818220000000000169e+00 0.000000000000000000e+00
2.420000000000000000e+02 1.201835999999999949e+01 -2.483899999999999997e-01 0.000000000000000000e+00
2.430000000000000000e+02 1.046719000000000044e+01 1.243319999999999981e+00 0.000000000000000000e+00
2.440000000000000000e+02 1.093221999999999916e+01 3.254869999999999930e+00 0.000000000000000000e+00
2.450000000000000000e+02 1.133178999999999981e+01 5.326740000000000030e+00 0.000000000000000000e+00
2.460000000000000000e+02 1.183647999999999989e+01 7.359239999999999782e+00 0.000000000000000000e+00
2.470000000000000000e+02 8.591779999999999973e+00 8.480539999999999523e+00 0.000000000000000000e+00
2.480000000000000000e+02 7.923230000000000217e+00 1.048318000000000083e+01 0.000000000000000000e+00
2.490000000000000000e+02 9.479499999999999815e+00 1.186492999999999931e+01 0.000000000000000000e+00
2.500000000000000000e+02 8.960290000000000532e+00 1.389281000000000077e+01 0.000000000000000000e+00
2.510000000000000000e+02 8.520860000000000767e+00 1.629299999999999926e+01 0.000000000000000000e+00
2.520000000000000000e+02 7.858109999999999928e+00 -1.674614000000000047e+01 0.000000000000000000e+00
2.530000000000000000e+02 1.044491999999999976e+01 -1.411007000000000033e+01 0.000000000000000000e+00
2.540000000000000000e+02 1.089762999999999948e+01 -1.209909000000000034e+01 0.000000000000000000e+00
2.550000000000000000e+02 1.149344999999999928e+01 -1.000113999999999947e+01 0.000000000000000000e+00
2.560000000000000000e+02 1.211172999999999966e+01 -7.837410000000000210e+00 0.000000000000000000e+00
2.570000000000000000e+02 1.251833000000000062e+01 -5.803060000000000329e+00 0.000000000000000000e+00
2.580000000000000000e+02 1.155652000000000079e+01 -2.314010000000000122e+00 0.000000000000000000e+00
2.590000000000000000e+02 9.976079999999999615e+00 -7.647899999999999698e-01 0.000000000000000000e+00
2.600000000000000000e+02 1.355230000000000068e+01 -1.766440000000000010e+00 0.000000000000000000e+00
2.610000000000000000e+02 1.401661999999999964e+01 3.483600000000000030e-01 0.000000000000000000e+00
2.620000000000000000e+02 1.245476999999999990e+01 1.823479999999999990e+00 0.000000000000000000e+00
2.630000000000000000e+02 1.291813999999999929e+01 3.915579999999999838e+00 0.000000000000000000e+00
2.640000000000000000e+02 1.343994000000000000e+01 5.982770000000000366e+00 0.000000000000000000e+00
2.650000000000000000e+02 1.375315999999999939e+01 8.128059999999999619e+00 0.000000000000000000e+00
2.660000000000000000e+02 1.012232999999999983e+01 9.901859999999999218e+00 0.000000000000000000e+00
2.670000000000000000e+02 1.156442000000000014e+01 1.154653000000000063e+01 0.000000000000000000e+00
2.680000000000000000e+02 1.165573000000000015e+01 1.362762000000000029e+01 0.000000000000000000e+00
2.690000000000000000e+02 1.041999999999999993e+01 1.538296000000000063e+01 0.000000000000000000e+00
2.700000000000000000e+02 9.867390000000000327e+00 -1.624119999999999919e+01 0.000000000000000000e+00
2.710000000000000000e+02 1.250413999999999959e+01 -1.353603000000000023e+01 0.000000000000000000e+00
2.720000000000000000e+02 1.311875000000000036e+01 -1.144176000000000037e+01 0.000000000000000000e+00
2.730000000000000000e+02 1.359909000000000034e+01 -9.420709999999999695e+00 0.000000000000000000e+00
2.740000000000000000e+02 1.413926999999999978e+01 -7.338630000000000209e+00 0.000000000000000000e+00
2.750000000000000000e+02 1.464248000000000083e+01 -5.325599999999999667e+00 0.000000000000000000e+00
2.760000000000000000e+02 1.308895000000000053e+01 -3.780650000000000066e+00 0.000000000000000000e+00
2.770000000000000000e+02 1.510332000000000008e+01 -3.243819999999999926e+00 0.000000000000000000e+00
2.780000000000000000e+02 1.558512999999999948e+01 -1.130419999999999980e+00 0.000000000000000000e+00
2.790000000000000000e+02 1.601154000000000011e+01 1.071590000000000042e+00 0.000000000000000000e+00
2.800000000000000000e+02 1.447552999999999912e+01 2.529599999999999849e+00 0.000000000000000000e+00
2.810000000000000000e+02 1.496207000000000065e+01 4.546249999999999680e+00 0.000000000000000000e+00
2.820000000000000000e+02 1.554025000000000034e+01 6.624509999999999899e+00 0.000000000000000000e+00
2.830000000000000000e+02 1.751642000000000010e+01 7.422279999999999767e+00 0.000000000000000000e+00
2.840000000000000000e+02 1.221730999999999945e+01 9.509660000000000224e+00 0.000000000000000000e+00
2.850000000000000000e+02 1.574428999999999945e+01 8.783770000000000522e+00 0.000000000000000000e+00
2.860000000000000000e+02 1.463973999999999975e+01 1.058511000000000024e+01 0.000000000000000000e+00
2.870000000000000000e+02 1.350262000000000029e+01 1.266479999999999961e+01 0.000000000000000000e+00
2.880000000000000000e+02 1.186520999999999937e+01 -1.565748999999999924e+01 0.000000000000000000e+00
2.890000000000000000e+02 1.461299999999999955e+01 -1.305197000000000074e+01 0.000000000000000000e+00
2.900000000000000000e+02 1.536294000000000004e+01 -1.098343999999999987e+01 0.000000000000000000e+00
2.910000000000000000e+02 1.576243999999999978e+01 -8.798909999999999343e+00 0.000000000000000000e+00
2.920000000000000000e+02 1.641356999999999999e+01 -6.838330000000000020e+00 0.000000000000000000e+00
2.930000000000000000e+02 1.662772000000000006e+01 -4.681110000000000326e+00 0.000000000000000000e+00
2.940000000000000000e+02 1.927057999999999893e+01 -2.062289999999999957e+00 0.000000000000000000e+00
2.950000000000000000e+02 1.726370999999999967e+01 -2.729159999999999808e+00 0.000000000000000000e+00
2.960000000000000000e+02 1.751295999999999964e+01 -3.562699999999999756e-01 0.000000000000000000e+00
2.970000000000000000e+02 1.838945999999999970e+01 1.987470000000000070e+00 0.000000000000000000e+00
2.980000000000000000e+02 1.669151000000000096e+01 3.132109999999999950e+00 0.000000000000000000e+00
2.990000000000000000e+02 1.714454999999999885e+01 5.317479999999999762e+00 0.000000000000000000e+00
