0.000000000000000000e+00 -1.256554000000000038e+01 -1.513554000000000066e+01 0.000000000000000000e+00
1.000000000000000000e+00 -1.348714000000000013e+01 -1.325314999999999976e+01 0.000000000000000000e+00
2.000000000000000000e+00 -1.489939000000000036e+01 -1.169030000000000058e+01 0.000000000000000000e+00
3.000000000000000000e+00 -1.553720999999999997e+01 -9.702890000000000015e+00 0.000000000000000000e+00
4.000000000000000000e+00 -1.659910999999999959e+01 -7.714999999999999858e+00 0.000000000000000000e+00
5.000000000000000000e+00 -1.783927999999999869e+01 -5.692359999999999864e+00 0.000000000000000000e+00
6.000000000000000000e+00 -1.649483000000000033e+01 -4.090209999999999901e+00 0.000000000000000000e+00
7.000000000000000000e+00 -1.771905999999999892e+01 -2.370789999999999953e+00 0.000000000000000000e+00
8.000000000000000000e+00 -1.673768000000000100e+01 -4.753899999999999793e-01 0.000000000000000000e+00
9.000000000000000000e+00 -1.748220999999999847e+01 1.626710000000000100e+00 0.000000000000000000e+00
1.000000000000000000e+01 -1.842803999999999931e+01 3.772780000000000022e+00 0.000000000000000000e+00
1.100000000000000000e+01 -1.732130000000000081e+01 5.572149999999999714e+00 0.000000000000000000e+00
1.200000000000000000e+01 -1.623633999999999844e+01 7.331209999999999560e+00 0.000000000000000000e+00
1.300000000000000000e+01 -1.844479000000000113e+01 7.429149999999999920e+00 0.000000000000000000e+00
1.400000000000000000e+01 -1.516336000000000084e+01 9.127430000000000376e+00 0.000000000000000000e+00
1.500000000000000000e+01 -1.644038000000000110e+01 1.103214000000000006e+01 0.000000000000000000e+00
1.600000000000000000e+01 -1.505418000000000056e+01 1.265437999999999974e+01 0.000000000000000000e+00
1.700000000000000000e+01 -1.192300999999999966e+01 1.466064000000000078e+01 0.000000000000000000e+00
1.800000000000000000e+01 -1.030367999999999995e+01 -1.532417000000000051e+01 0.000000000000000000e+00
1.900000000000000000e+01 -1.134008000000000038e+01 -1.345505999999999958e+01 0.000000000000000000e+00
2.000000000000000000e+01 -1.228627000000000002e+01 -1.155621000000000009e+01 0.000000000000000000e+00
2.100000000000000000e+01 -1.340737000000000023e+01 -9.769170000000000798e+00 0.000000000000000000e+00
2.200000000000000000e+01 -1.440033000000000030e+01 -7.889070000000000249e+00 0.000000000000000000e+00
2.300000000000000000e+01 -1.543825999999999965e+01 -5.924269999999999925e+00 0.000000000000000000e+00
2.400000000000000000e+01 -1.428273000000000081e+01 -3.964020000000000099e+00 0.000000000000000000e+00
2.500000000000000000e+01 -1.550805000000000078e+01 -2.140289999999999804e+00 0.000000000000000000e+00
2.600000000000000000e+01 -1.448362999999999978e+01 -2.474000000000000088e-01 0.000000000000000000e+00
2.700000000000000000e+01 -1.538095999999999997e+01 1.635820000000000052e+00 0.000000000000000000e+00
2.800000000000000000e+01 -1.638913000000000153e+01 3.456949999999999967e+00 0.000000000000000000e+00
2.900000000000000000e+01 -1.525555999999999912e+01 5.325289999999999857e+00 0.000000000000000000e+00
3.000000000000000000e+01 -1.406797000000000075e+01 7.144510000000000360e+00 0.000000000000000000e+00
3.100000000000000000e+01 -1.302012999999999998e+01 8.930160000000000764e+00 0.000000000000000000e+00
3.200000000000000000e+01 -1.395438000000000045e+01 1.084582999999999942e+01 0.000000000000000000e+00
3.300000000000000000e+01 -1.288699000000000083e+01 1.283538000000000068e+01 0.000000000000000000e+00
3.400000000000000000e+01 -1.076016000000000084e+01 1.635743000000000080e+01 0.000000000000000000e+00
3.500000000000000000e+01 -8.634829999999999117e+00 1.642133000000000109e+01 0.000000000000000000e+00
3.600000000000000000e+01 -9.554389999999999716e+00 -1.732566999999999879e+01 0.000000000000000000e+00
3.700000000000000000e+01 -9.265259999999999607e+00 -1.344974000000000025e+01 0.000000000000000000e+00
3.800000000000000000e+01 -1.021044000000000018e+01 -1.159722999999999971e+01 0.000000000000000000e+00
3.900000000000000000e+01 -1.133064000000000071e+01 -9.648960000000000647e+00 0.000000000000000000e+00
4.000000000000000000e+01 -1.233722000000000030e+01 -7.597570000000000157e+00 0.000000000000000000e+00
4.100000000000000000e+01 -1.334084999999999965e+01 -5.805790000000000006e+00 0.000000000000000000e+00
4.200000000000000000e+01 -1.218314999999999948e+01 -3.963639999999999830e+00 0.000000000000000000e+00
4.300000000000000000e+01 -1.339316999999999958e+01 -2.065469999999999917e+00 0.000000000000000000e+00
4.400000000000000000e+01 -1.220236000000000054e+01 -3.452700000000000213e-01 0.000000000000000000e+00
4.500000000000000000e+01 -1.322348000000000035e+01 1.521360000000000046e+00 0.000000000000000000e+00
4.600000000000000000e+01 -1.423827999999999960e+01 3.370109999999999939e+00 0.000000000000000000e+00
4.700000000000000000e+01 -1.312584000000000017e+01 5.118170000000000108e+00 0.000000000000000000e+00
4.800000000000000000e+01 -1.187768999999999942e+01 7.014509999999999579e+00 0.000000000000000000e+00
4.900000000000000000e+01 -1.084834999999999994e+01 8.830750000000000099e+00 0.000000000000000000e+00
5.000000000000000000e+01 -1.187208000000000041e+01 1.080832000000000015e+01 0.000000000000000000e+00
5.100000000000000000e+01 -1.070268000000000086e+01 1.271479000000000070e+01 0.000000000000000000e+00
5.200000000000000000e+01 -9.581200000000000827e+00 1.451289000000000051e+01 0.000000000000000000e+00
5.300000000000000000e+01 -6.500919999999999810e+00 1.627871999999999986e+01 0.000000000000000000e+00
5.400000000000000000e+01 -7.236229999999999940e+00 -1.730842000000000169e+01 0.000000000000000000e+00
5.500000000000000000e+01 -6.723279999999999923e+00 -1.351868999999999943e+01 0.000000000000000000e+00
5.600000000000000000e+01 -8.143340000000000245e+00 -1.171781999999999968e+01 0.000000000000000000e+00
5.700000000000000000e+01 -9.204269999999999285e+00 -9.724190000000000111e+00 0.000000000000000000e+00
5.800000000000000000e+01 -1.027863999999999933e+01 -7.751290000000000013e+00 0.000000000000000000e+00
5.900000000000000000e+01 -1.123545999999999978e+01 -5.823959999999999582e+00 0.000000000000000000e+00
6.000000000000000000e+01 -1.009812999999999938e+01 -3.960920000000000218e+00 0.000000000000000000e+00
6.100000000000000000e+01 -1.116460000000000008e+01 -2.133059999999999956e+00 0.000000000000000000e+00
6.200000000000000000e+01 -1.003481000000000023e+01 -3.814799999999999858e-01 0.000000000000000000e+00
6.300000000000000000e+01 -1.102045999999999992e+01 1.431780000000000053e+00 0.000000000000000000e+00
6.400000000000000000e+01 -1.208684000000000047e+01 3.261880000000000113e+00 0.000000000000000000e+00
6.500000000000000000e+01 -1.102325000000000088e+01 5.069049999999999834e+00 0.000000000000000000e+00
6.600000000000000000e+01 -9.811420000000000030e+00 6.850399999999999601e+00 0.000000000000000000e+00
6.700000000000000000e+01 -8.767989999999999284e+00 8.671390000000000597e+00 0.000000000000000000e+00
6.800000000000000000e+01 -9.823119999999999408e+00 1.070317000000000007e+01 0.000000000000000000e+00
6.900000000000000000e+01 -8.621079999999999188e+00 1.259496000000000038e+01 0.000000000000000000e+00
7.000000000000000000e+01 -7.098460000000000214e+00 1.431324000000000041e+01 0.000000000000000000e+00
7.100000000000000000e+01 -7.427240000000000286e+00 1.816895999999999844e+01 0.000000000000000000e+00
7.200000000000000000e+01 -3.482810000000000183e+00 -1.937561000000000178e+01 0.000000000000000000e+00
7.300000000000000000e+01 -8.060340000000000060e+00 -1.534783000000000008e+01 0.000000000000000000e+00
7.400000000000000000e+01 -4.658459999999999823e+00 -1.387890999999999941e+01 0.000000000000000000e+00
7.500000000000000000e+01 -7.042650000000000077e+00 -9.598660000000000636e+00 0.000000000000000000e+00
7.600000000000000000e+01 -8.216739999999999711e+00 -7.775210000000000399e+00 0.000000000000000000e+00
7.700000000000000000e+01 -9.177469999999999573e+00 -5.904580000000000162e+00 0.000000000000000000e+00
7.800000000000000000e+01 -8.028570000000000206e+00 -4.125350000000000072e+00 0.000000000000000000e+00
7.900000000000000000e+01 -9.023220000000000240e+00 -2.200860000000000039e+00 0.000000000000000000e+00
8.000000000000000000e+01 -7.926479999999999748e+00 -4.633300000000000196e-01 0.000000000000000000e+00
8.100000000000000000e+01 -8.885210000000000719e+00 1.379429999999999934e+00 0.000000000000000000e+00
8.200000000000000000e+01 -1.000747999999999927e+01 3.248930000000000096e+00 0.000000000000000000e+00
8.300000000000000000e+01 -8.862059999999999604e+00 4.991950000000000109e+00 0.000000000000000000e+00
8.400000000000000000e+01 -7.732219999999999871e+00 6.816060000000000230e+00 0.000000000000000000e+00
8.500000000000000000e+01 -6.674640000000000128e+00 8.680350000000000676e+00 0.000000000000000000e+00
8.600000000000000000e+01 -7.741010000000000169e+00 1.052523000000000053e+01 0.000000000000000000e+00
8.700000000000000000e+01 -6.539509999999999934e+00 1.219933999999999941e+01 0.000000000000000000e+00
8.800000000000000000e+01 -4.686630000000000074e+00 1.527740000000000009e+01 0.000000000000000000e+00
8.900000000000000000e+01 -4.823489999999999611e+00 1.757307000000000130e+01 0.000000000000000000e+00
9.000000000000000000e+01 -1.143429999999999946e+00 -1.916214000000000084e+01 0.000000000000000000e+00
9.100000000000000000e+01 -5.861480000000000246e+00 -1.555570999999999948e+01 0.000000000000000000e+00
9.200000000000000000e+01 -4.062979999999999592e+00 -1.185505999999999993e+01 0.000000000000000000e+00
9.300000000000000000e+01 -6.099750000000000227e+00 -1.149956000000000067e+01 0.000000000000000000e+00
9.400000000000000000e+01 -6.034410000000000274e+00 -7.782510000000000261e+00 0.000000000000000000e+00
9.500000000000000000e+01 -7.058620000000000339e+00 -5.976969999999999672e+00 0.000000000000000000e+00
9.600000000000000000e+01 -5.910099999999999909e+00 -4.254369999999999763e+00 0.000000000000000000e+00
9.700000000000000000e+01 -6.965069999999999872e+00 -2.306799999999999962e+00 0.000000000000000000e+00
9.800000000000000000e+01 -5.848390000000000200e+00 -5.549699999999999633e-01 0.000000000000000000e+00
9.900000000000000000e+01 -6.803420000000000023e+00 1.285009999999999986e+00 0.000000000000000000e+00
1.000000000000000000e+02 -7.795270000000000366e+00 3.161960000000000104e+00 0.000000000000000000e+00
1.010000000000000000e+02 -6.746349999999999625e+00 4.999799999999999578e+00 0.000000000000000000e+00
1.020000000000000000e+02 -5.520019999999999705e+00 6.866620000000000168e+00 0.000000000000000000e+00
1.030000000000000000e+02 -4.641490000000000116e+00 9.027449999999999974e+00 0.000000000000000000e+00
1.040000000000000000e+02 -4.738679999999999559e+00 1.110861000000000054e+01 0.000000000000000000e+00
1.050000000000000000e+02 -4.619679999999999787e+00 1.318477000000000032e+01 0.000000000000000000e+00
1.060000000000000000e+02 -2.852199999999999847e+00 1.425900999999999996e+01 0.000000000000000000e+00
1.070000000000000000e+02 -3.298690000000000122e+00 1.897628999999999877e+01 0.000000000000000000e+00
1.080000000000000000e+02 -4.684429999999999872e+00 -1.768896000000000157e+01 0.000000000000000000e+00
1.090000000000000000e+02 -3.690510000000000179e+00 -1.570132000000000083e+01 0.000000000000000000e+00
1.100000000000000000e+02 -1.984850000000000003e+00 -1.165436000000000050e+01 0.000000000000000000e+00
1.110000000000000000e+02 -4.900730000000000253e+00 -9.746919999999999362e+00 0.000000000000000000e+00
1.120000000000000000e+02 -3.877200000000000202e+00 -7.902029999999999887e+00 0.000000000000000000e+00
1.130000000000000000e+02 -4.873000000000000220e+00 -6.073970000000000091e+00 0.000000000000000000e+00
1.140000000000000000e+02 -3.850929999999999964e+00 -4.258969999999999700e+00 0.000000000000000000e+00
1.150000000000000000e+02 -4.877279999999999838e+00 -2.388389999999999791e+00 0.000000000000000000e+00
1.160000000000000000e+02 -3.729290000000000216e+00 -6.567699999999999649e-01 0.000000000000000000e+00
1.170000000000000000e+02 -4.709509999999999863e+00 1.266450000000000076e+00 0.000000000000000000e+00
1.180000000000000000e+02 -5.650389999999999802e+00 3.098539999999999850e+00 0.000000000000000000e+00
1.190000000000000000e+02 -4.672100000000000364e+00 4.931549999999999656e+00 0.000000000000000000e+00
1.200000000000000000e+02 -2.843999999999999861e+00 5.907549999999999635e+00 0.000000000000000000e+00
1.210000000000000000e+02 -2.858330000000000037e+00 7.981130000000000280e+00 0.000000000000000000e+00
1.220000000000000000e+02 -2.724829999999999863e+00 1.007785999999999937e+01 0.000000000000000000e+00
1.230000000000000000e+02 -2.846620000000000150e+00 1.213949000000000034e+01 0.000000000000000000e+00
1.240000000000000000e+02 -1.072070000000000078e+00 1.532010000000000005e+01 0.000000000000000000e+00
1.250000000000000000e+02 -2.990759999999999863e+00 1.651182999999999979e+01 0.000000000000000000e+00
1.260000000000000000e+02 1.361790000000000056e+00 -1.840897000000000006e+01 0.000000000000000000e+00
1.270000000000000000e+02 -2.598500000000000032e+00 -1.750631999999999877e+01 0.000000000000000000e+00
1.280000000000000000e+02 -2.471610000000000085e+00 -1.367722999999999978e+01 0.000000000000000000e+00
1.290000000000000000e+02 -2.805969999999999853e+00 -9.749280000000000612e+00 0.000000000000000000e+00
1.300000000000000000e+02 -1.748439999999999994e+00 -7.952250000000000263e+00 0.000000000000000000e+00
1.310000000000000000e+02 -2.799189999999999845e+00 -6.127229999999999954e+00 0.000000000000000000e+00
1.320000000000000000e+02 -1.731980000000000075e+00 -4.304870000000000196e+00 0.000000000000000000e+00
1.330000000000000000e+02 -2.771990000000000176e+00 -2.502209999999999823e+00 0.000000000000000000e+00
1.340000000000000000e+02 -2.640060000000000073e+00 1.239540000000000086e+00 0.000000000000000000e+00
1.350000000000000000e+02 -1.162679999999999936e+00 2.722780000000000200e+00 0.000000000000000000e+00
1.360000000000000000e+02 -3.200849999999999973e+00 3.240530000000000133e+00 0.000000000000000000e+00
1.370000000000000000e+02 -1.011549999999999949e+00 4.798110000000000319e+00 0.000000000000000000e+00
1.380000000000000000e+02 -1.019949999999999912e+00 6.878370000000000317e+00 0.000000000000000000e+00
1.390000000000000000e+02 -9.789200000000000124e-01 8.956400000000000361e+00 0.000000000000000000e+00
1.400000000000000000e+02 -9.437699999999999978e-01 1.113771000000000022e+01 0.000000000000000000e+00
1.410000000000000000e+02 -9.629199999999999982e-01 1.322911999999999999e+01 0.000000000000000000e+00
1.420000000000000000e+02 -1.162989999999999968e+00 1.745858000000000132e+01 0.000000000000000000e+00
1.430000000000000000e+02 -7.543199999999999905e-01 2.006816999999999851e+01 0.000000000000000000e+00
1.440000000000000000e+02 -5.288599999999999968e-01 -1.713674999999999926e+01 0.000000000000000000e+00
1.450000000000000000e+02 -7.977600000000000247e-01 -1.508226999999999940e+01 0.000000000000000000e+00
1.460000000000000000e+02 -4.309100000000000152e-01 -1.300526999999999944e+01 0.000000000000000000e+00
1.470000000000000000e+02 -9.579999999999999974e-03 -1.098029000000000011e+01 0.000000000000000000e+00
1.480000000000000000e+02 1.018799999999999983e-01 -8.897790000000000532e+00 0.000000000000000000e+00
1.490000000000000000e+02 -6.185999999999999832e-02 -6.729729999999999990e+00 0.000000000000000000e+00
1.500000000000000000e+02 3.130499999999999949e-01 -4.668549999999999756e+00 0.000000000000000000e+00
1.510000000000000000e+02 -4.132000000000000117e-01 -2.501669999999999838e+00 0.000000000000000000e+00
1.520000000000000000e+02 -1.580519999999999925e+00 -6.709399999999999809e-01 0.000000000000000000e+00
1.530000000000000000e+02 5.525600000000000511e-01 1.535349999999999993e+00 0.000000000000000000e+00
1.540000000000000000e+02 7.177700000000000191e-01 3.603250000000000064e+00 0.000000000000000000e+00
1.550000000000000000e+02 7.771599999999999620e-01 5.807409999999999961e+00 0.000000000000000000e+00
1.560000000000000000e+02 8.546200000000000463e-01 7.958660000000000068e+00 0.000000000000000000e+00
1.570000000000000000e+02 8.180600000000000094e-01 1.001914000000000016e+01 0.000000000000000000e+00
1.580000000000000000e+02 8.536099999999999799e-01 1.218107999999999969e+01 0.000000000000000000e+00
1.590000000000000000e+02 8.146099999999999453e-01 1.429021000000000008e+01 0.000000000000000000e+00
1.600000000000000000e+02 8.178900000000000059e-01 1.637155999999999878e+01 0.000000000000000000e+00
1.610000000000000000e+02 2.675530000000000186e+00 1.737078999999999951e+01 0.000000000000000000e+00
1.620000000000000000e+02 1.353150000000000075e+00 -1.628256999999999977e+01 0.000000000000000000e+00
1.630000000000000000e+02 1.329620000000000024e+00 -1.418055000000000021e+01 0.000000000000000000e+00
1.640000000000000000e+02 1.709039999999999893e+00 -1.212644000000000055e+01 0.000000000000000000e+00
1.650000000000000000e+02 1.834449999999999914e+00 -1.002828000000000053e+01 0.000000000000000000e+00
1.660000000000000000e+02 1.948299999999999921e+00 -7.957670000000000243e+00 0.000000000000000000e+00
1.670000000000000000e+02 2.040840000000000209e+00 -5.884960000000000413e+00 0.000000000000000000e+00
1.680000000000000000e+02 2.208549999999999791e+00 -3.725719999999999921e+00 0.000000000000000000e+00
1.690000000000000000e+02 2.294999999999999929e+00 -1.615510000000000002e+00 0.000000000000000000e+00
1.700000000000000000e+02 5.237100000000000088e-01 -5.661699999999999511e-01 0.000000000000000000e+00
1.710000000000000000e+02 2.411329999999999973e+00 5.243299999999999628e-01 0.000000000000000000e+00
1.720000000000000000e+02 2.578250000000000153e+00 2.592179999999999929e+00 0.000000000000000000e+00
1.730000000000000000e+02 2.576550000000000118e+00 4.693209999999999660e+00 0.000000000000000000e+00
1.740000000000000000e+02 2.620740000000000069e+00 6.783269999999999911e+00 0.000000000000000000e+00
1.750000000000000000e+02 2.682859999999999800e+00 8.958410000000000650e+00 0.000000000000000000e+00
1.760000000000000000e+02 2.688070000000000181e+00 1.108533000000000079e+01 0.000000000000000000e+00
1.770000000000000000e+02 2.687619999999999898e+00 1.314802000000000071e+01 0.000000000000000000e+00
1.780000000000000000e+02 2.721429999999999794e+00 1.522694000000000081e+01 0.000000000000000000e+00
1.790000000000000000e+02 8.182199999999999473e-01 1.852056999999999931e+01 0.000000000000000000e+00
1.800000000000000000e+02 3.388930000000000220e+00 -1.789573999999999998e+01 0.000000000000000000e+00
1.810000000000000000e+02 3.349060000000000148e+00 -1.566305999999999976e+01 0.000000000000000000e+00
1.820000000000000000e+02 3.427189999999999959e+00 -1.352689999999999948e+01 0.000000000000000000e+00
1.830000000000000000e+02 3.620070000000000121e+00 -1.115029999999999966e+01 0.000000000000000000e+00
1.840000000000000000e+02 3.759939999999999838e+00 -9.055300000000000793e+00 0.000000000000000000e+00
1.850000000000000000e+02 3.812489999999999934e+00 -6.973930000000000184e+00 0.000000000000000000e+00
1.860000000000000000e+02 3.957380000000000120e+00 -4.831940000000000346e+00 0.000000000000000000e+00
1.870000000000000000e+02 4.071559999999999846e+00 -2.700670000000000126e+00 0.000000000000000000e+00
1.880000000000000000e+02 4.162620000000000431e+00 -6.195800000000000196e-01 0.000000000000000000e+00
1.890000000000000000e+02 4.313979999999999926e+00 1.476669999999999927e+00 0.000000000000000000e+00
1.900000000000000000e+02 4.398139999999999716e+00 3.601010000000000044e+00 0.000000000000000000e+00
1.910000000000000000e+02 4.397050000000000125e+00 5.742420000000000080e+00 0.000000000000000000e+00
1.920000000000000000e+02 4.502670000000000172e+00 7.858850000000000335e+00 0.000000000000000000e+00
1.930000000000000000e+02 4.527319999999999567e+00 9.945259999999999323e+00 0.000000000000000000e+00
1.940000000000000000e+02 4.565190000000000303e+00 1.202936000000000050e+01 0.000000000000000000e+00
1.950000000000000000e+02 4.627959999999999852e+00 1.408601999999999954e+01 0.000000000000000000e+00
1.960000000000000000e+02 4.543890000000000207e+00 1.619575000000000031e+01 0.000000000000000000e+00
1.970000000000000000e+02 2.663240000000000052e+00 1.948319000000000045e+01 0.000000000000000000e+00
1.980000000000000000e+02 5.104919999999999902e+00 -1.675850000000000151e+01 0.000000000000000000e+00
1.990000000000000000e+02 5.221169999999999867e+00 -1.458428999999999931e+01 0.000000000000000000e+00
2.000000000000000000e+02 5.281760000000000232e+00 -1.243429000000000073e+01 0.000000000000000000e+00
2.010000000000000000e+02 5.531719999999999970e+00 -1.033732999999999969e+01 0.000000000000000000e+00
2.020000000000000000e+02 5.654530000000000278e+00 -8.193880000000000052e+00 0.000000000000000000e+00
2.030000000000000000e+02 5.764479999999999826e+00 -6.087170000000000414e+00 0.000000000000000000e+00
2.040000000000000000e+02 5.908070000000000377e+00 -3.870169999999999888e+00 0.000000000000000000e+00
2.050000000000000000e+02 5.940730000000000288e+00 -1.781360000000000054e+00 0.000000000000000000e+00
2.060000000000000000e+02 7.819910000000000139e+00 -8.658200000000000340e-01 0.000000000000000000e+00
2.070000000000000000e+02 6.062500000000000000e+00 3.758799999999999919e-01 0.000000000000000000e+00
2.080000000000000000e+02 6.167440000000000033e+00 2.478520000000000056e+00 0.000000000000000000e+00
2.090000000000000000e+02 6.174990000000000201e+00 4.653730000000000366e+00 0.000000000000000000e+00
2.100000000000000000e+02 6.318629999999999747e+00 6.727120000000000211e+00 0.000000000000000000e+00
2.110000000000000000e+02 6.394960000000000200e+00 8.882619999999999294e+00 0.000000000000000000e+00
2.120000000000000000e+02 6.405009999999999870e+00 1.096593999999999980e+01 0.000000000000000000e+00
2.130000000000000000e+02 6.495090000000000252e+00 1.305017999999999923e+01 0.000000000000000000e+00
2.140000000000000000e+02 6.439429999999999765e+00 1.513057000000000052e+01 0.000000000000000000e+00
2.150000000000000000e+02 4.699259999999999771e+00 1.827098000000000155e+01 0.000000000000000000e+00
2.160000000000000000e+02 7.075090000000000323e+00 -1.599395999999999951e+01 0.000000000000000000e+00
2.170000000000000000e+02 7.125250000000000306e+00 -1.372419000000000011e+01 0.000000000000000000e+00
2.180000000000000000e+02 7.188970000000000304e+00 -1.156471999999999944e+01 0.000000000000000000e+00
2.190000000000000000e+02 7.428630000000000067e+00 -9.468149999999999622e+00 0.000000000000000000e+00
2.200000000000000000e+02 7.619279999999999831e+00 -7.279250000000000220e+00 0.000000000000000000e+00
2.210000000000000000e+02 7.626570000000000071e+00 -5.040219999999999700e+00 0.000000000000000000e+00
2.220000000000000000e+02 9.605330000000000368e+00 -4.005630000000000024e+00 0.000000000000000000e+00
2.230000000000000000e+02 7.762509999999999799e+00 -2.945089999999999986e+00 0.000000000000000000e+00
2.240000000000000000e+02 9.659459999999999269e+00 1.793099999999999972e-01 0.000000000000000000e+00
2.250000000000000000e+02 7.952200000000000379e+00 1.393100000000000005e+00 0.000000000000000000e+00
2.260000000000000000e+02 9.830220000000000624e+00 2.290950000000000042e+00 0.000000000000000000e+00
2.270000000000000000e+02 7.973329999999999806e+00 3.503239999999999910e+00 0.000000000000000000e+00
2.280000000000000000e+02 8.087640000000000384e+00 5.572049999999999947e+00 0.000000000000000000e+00
2.290000000000000000e+02 8.124420000000000641e+00 7.778380000000000294e+00 0.000000000000000000e+00
2.300000000000000000e+02 8.305749999999999744e+00 9.930339999999999279e+00 0.000000000000000000e+00
2.310000000000000000e+02 8.343690000000000495e+00 1.200079999999999991e+01 0.000000000000000000e+00
2.320000000000000000e+02 8.359759999999999636e+00 1.406187000000000076e+01 0.000000000000000000e+00
2.330000000000000000e+02 8.507389999999999119e+00 1.614328000000000074e+01 0.000000000000000000e+00
2.340000000000000000e+02 6.611830000000000318e+00 -1.844725999999999999e+01 0.000000000000000000e+00
2.350000000000000000e+02 8.904460000000000264e+00 -1.484627000000000052e+01 0.000000000000000000e+00
2.360000000000000000e+02 8.962650000000000006e+00 -1.275999000000000017e+01 0.000000000000000000e+00
2.370000000000000000e+02 9.107989999999999142e+00 -1.068431999999999960e+01 0.000000000000000000e+00
2.380000000000000000e+02 9.320970000000000866e+00 -8.466659999999999187e+00 0.000000000000000000e+00
2.390000000000000000e+02 9.466860000000000497e+00 -6.293120000000000047e+00 0.000000000000000000e+00
2.400000000000000000e+02 1.135778999999999961e+01 -5.372390000000000221e+00 0.000000000000000000e+00
2.410000000000000000e+02 1.153903000000000034e+01 -3.177880000000000038e+00 0.000000000000000000e+00
2.420000000000000000e+02 1.139528999999999925e+01 -1.042089999999999961e+00 0.000000000000000000e+00
2.430000000000000000e+02 1.155289999999999928e+01 1.162779999999999925e+00 0.000000000000000000e+00
2.440000000000000000e+02 1.168411000000000044e+01 3.499490000000000212e+00 0.000000000000000000e+00
2.450000000000000000e+02 9.815419999999999590e+00 4.407580000000000275e+00 0.000000000000000000e+00
2.460000000000000000e+02 9.878819999999999268e+00 6.673580000000000290e+00 0.000000000000000000e+00
2.470000000000000000e+02 1.001862999999999992e+01 8.751319999999999766e+00 0.000000000000000000e+00
2.480000000000000000e+02 1.023288999999999938e+01 1.099680000000000035e+01 0.000000000000000000e+00
2.490000000000000000e+02 1.026304000000000016e+01 1.306488000000000049e+01 0.000000000000000000e+00
2.500000000000000000e+02 1.038776999999999973e+01 1.524882999999999988e+01 0.000000000000000000e+00
2.510000000000000000e+02 6.489869999999999806e+00 1.723956000000000088e+01 0.000000000000000000e+00
2.520000000000000000e+02 8.929850000000000065e+00 -1.714314999999999856e+01 0.000000000000000000e+00
2.530000000000000000e+02 1.091182000000000052e+01 -1.387270000000000003e+01 0.000000000000000000e+00
2.540000000000000000e+02 1.100938000000000017e+01 -1.176097999999999999e+01 0.000000000000000000e+00
2.550000000000000000e+02 1.103696000000000055e+01 -9.598129999999999384e+00 0.000000000000000000e+00
2.560000000000000000e+02 1.115790999999999933e+01 -7.487160000000000259e+00 0.000000000000000000e+00
2.570000000000000000e+02 1.309474999999999945e+01 -6.596040000000000347e+00 0.000000000000000000e+00
2.580000000000000000e+02 1.500849999999999973e+01 -5.489510000000000112e+00 0.000000000000000000e+00
2.590000000000000000e+02 1.325177000000000049e+01 -4.355979999999999741e+00 0.000000000000000000e+00
2.600000000000000000e+02 1.339643000000000050e+01 -2.168070000000000164e+00 0.000000000000000000e+00
2.610000000000000000e+02 1.328749000000000002e+01 -4.819999999999999979e-02 0.000000000000000000e+00
2.620000000000000000e+02 1.333573999999999948e+01 2.243630000000000013e+00 0.000000000000000000e+00
2.630000000000000000e+02 1.353717999999999932e+01 4.447840000000000238e+00 0.000000000000000000e+00
2.640000000000000000e+02 1.168520999999999965e+01 5.633539999999999992e+00 0.000000000000000000e+00
2.650000000000000000e+02 1.193238999999999983e+01 7.725640000000000285e+00 0.000000000000000000e+00
2.660000000000000000e+02 1.210424000000000078e+01 9.830239999999999867e+00 0.000000000000000000e+00
2.670000000000000000e+02 1.208163000000000054e+01 1.199421000000000070e+01 0.000000000000000000e+00
2.680000000000000000e+02 1.412556999999999974e+01 1.308675000000000033e+01 0.000000000000000000e+00
2.690000000000000000e+02 1.229537999999999975e+01 1.406190999999999924e+01 0.000000000000000000e+00
2.700000000000000000e+02 1.081184000000000012e+01 -1.593247000000000035e+01 0.000000000000000000e+00
2.710000000000000000e+02 1.276083999999999996e+01 -1.288775000000000048e+01 0.000000000000000000e+00
2.720000000000000000e+02 1.289514999999999922e+01 -1.082881000000000071e+01 0.000000000000000000e+00
2.730000000000000000e+02 1.492613000000000056e+01 -9.717719999999999914e+00 0.000000000000000000e+00
2.740000000000000000e+02 1.291094000000000008e+01 -8.736439999999999984e+00 0.000000000000000000e+00
2.750000000000000000e+02 1.490911000000000008e+01 -7.613369999999999749e+00 0.000000000000000000e+00
2.760000000000000000e+02 1.712584999999999980e+01 -4.279440000000000133e+00 0.000000000000000000e+00
2.770000000000000000e+02 1.522297999999999973e+01 -3.365610000000000213e+00 0.000000000000000000e+00
2.780000000000000000e+02 1.516704999999999970e+01 -1.108079999999999954e+00 0.000000000000000000e+00
2.790000000000000000e+02 1.514988999999999919e+01 1.057360000000000078e+00 0.000000000000000000e+00
2.800000000000000000e+02 1.527464999999999939e+01 3.251770000000000049e+00 0.000000000000000000e+00
2.810000000000000000e+02 1.553017999999999965e+01 5.398159999999999847e+00 0.000000000000000000e+00
2.820000000000000000e+02 1.769191000000000003e+01 6.598460000000000214e+00 0.000000000000000000e+00
2.830000000000000000e+02 1.378184000000000076e+01 6.595439999999999969e+00 0.000000000000000000e+00
2.840000000000000000e+02 1.576277999999999935e+01 7.489270000000000316e+00 0.000000000000000000e+00
2.850000000000000000e+02 1.395228000000000002e+01 8.668519999999999115e+00 0.000000000000000000e+00
2.860000000000000000e+02 1.595420999999999978e+01 9.703170000000000073e+00 0.000000000000000000e+00
2.870000000000000000e+02 1.412449999999999939e+01 1.080292999999999992e+01 0.000000000000000000e+00
2.880000000000000000e+02 1.269950000000000045e+01 -1.510439000000000043e+01 0.000000000000000000e+00
2.890000000000000000e+02 1.473487000000000080e+01 -1.219017999999999979e+01 0.000000000000000000e+00
2.900000000000000000e+02 1.656843999999999895e+01 -1.123606999999999978e+01 0.000000000000000000e+00
2.910000000000000000e+02 1.892298999999999864e+01 -2.900799999999999823e+00 0.000000000000000000e+00
2.920000000000000000e+02 1.681945999999999941e+01 -8.839380000000000237e+00 0.000000000000000000e+00
2.930000000000000000e+02 1.686480999999999852e+01 -6.636870000000000047e+00 0.000000000000000000e+00
2.940000000000000000e+02 1.894230999999999909e+01 1.154689999999999994e+00 0.000000000000000000e+00
2.950000000000000000e+02 1.694428999999999874e+01 -2.219370000000000065e+00 0.000000000000000000e+00
2.960000000000000000e+02 1.699096000000000117e+01 -4.474000000000000199e-02 0.000000000000000000e+00
2.970000000000000000e+02 1.941513000000000133e+01 3.791469999999999896e+00 0.000000000000000000e+00
2.980000000000000000e+02 1.697205999999999904e+01 2.101379999999999804e+00 0.000000000000000000e+00
2.990000000000000000e+02 1.737399999999999878e+01 4.351499999999999702e+00 0.000000000000000000e+00
