0.000000000000000000e+00 -1.550225000000000009e+01 -1.622334000000000032e+01 0.000000000000000000e+00
1.000000000000000000e+00 -1.646916999999999831e+01 -1.414814999999999934e+01 0.000000000000000000e+00
2.000000000000000000e+00 -1.693137000000000114e+01 -1.206611000000000011e+01 0.000000000000000000e+00
3.000000000000000000e+00 -1.779634000000000071e+01 -1.000139000000000067e+01 0.000000000000000000e+00
4.000000000000000000e+00 -1.840955999999999904e+01 -7.959730000000000416e+00 0.000000000000000000e+00
5.000000000000000000e+00 -1.946265999999999963e+01 -6.057780000000000165e+00 0.000000000000000000e+00
6.000000000000000000e+00 -1.790140999999999849e+01 -4.489600000000000257e+00 0.000000000000000000e+00
7.000000000000000000e+00 -1.862093000000000131e+01 -2.301299999999999901e+00 0.000000000000000000e+00
8.000000000000000000e+00 -1.730993000000000137e+01 -6.838999999999999524e-01 0.000000000000000000e+00
9.000000000000000000e+00 -1.859846999999999895e+01 1.102579999999999893e+00 0.000000000000000000e+00
1.000000000000000000e+01 -1.954939999999999856e+01 3.392389999999999795e+00 0.000000000000000000e+00
1.100000000000000000e+01 -1.848892999999999986e+01 5.205379999999999896e+00 0.000000000000000000e+00
1.200000000000000000e+01 -1.780030000000000001e+01 7.225730000000000430e+00 0.000000000000000000e+00
1.300000000000000000e+01 -1.997370000000000090e+01 8.066409999999999414e+00 0.000000000000000000e+00
1.400000000000000000e+01 -1.857213000000000136e+01 9.574199999999999378e+00 0.000000000000000000e+00
1.500000000000000000e+01 -1.789737999999999829e+01 1.169177000000000000e+01 0.000000000000000000e+00
1.600000000000000000e+01 -1.734662000000000148e+01 1.372593999999999959e+01 0.000000000000000000e+00
1.700000000000000000e+01 -1.665305999999999997e+01 1.567282999999999937e+01 0.000000000000000000e+00
1.800000000000000000e+01 -1.343937000000000026e+01 -1.664455999999999847e+01 0.000000000000000000e+00
1.900000000000000000e+01 -1.435684999999999967e+01 -1.436053000000000068e+01 0.000000000000000000e+00
2.000000000000000000e+01 -1.486783999999999928e+01 -1.228426999999999936e+01 0.000000000000000000e+00
2.100000000000000000e+01 -1.555208000000000013e+01 -1.031484999999999985e+01 0.000000000000000000e+00
2.200000000000000000e+01 -1.620661000000000129e+01 -8.310769999999999769e+00 0.000000000000000000e+00
2.300000000000000000e+01 -1.692735000000000056e+01 -6.374209999999999710e+00 0.000000000000000000e+00
2.400000000000000000e+01 -1.530070000000000086e+01 -4.418680000000000163e+00 0.000000000000000000e+00
2.500000000000000000e+01 -1.658335999999999899e+01 -2.766750000000000043e+00 0.000000000000000000e+00
2.600000000000000000e+01 -1.524276000000000053e+01 -9.784000000000000474e-01 0.000000000000000000e+00
2.700000000000000000e+01 -1.628473999999999933e+01 1.193429999999999991e+00 0.000000000000000000e+00
2.800000000000000000e+01 -1.746660999999999930e+01 3.013279999999999959e+00 0.000000000000000000e+00
2.900000000000000000e+01 -1.641244000000000014e+01 4.847529999999999895e+00 0.000000000000000000e+00
3.000000000000000000e+01 -1.571734000000000009e+01 6.794850000000000279e+00 0.000000000000000000e+00
3.100000000000000000e+01 -1.491384000000000043e+01 8.719780000000000086e+00 0.000000000000000000e+00
3.200000000000000000e+01 -1.656062999999999974e+01 1.008320999999999934e+01 0.000000000000000000e+00
3.300000000000000000e+01 -1.586919999999999931e+01 1.221133000000000024e+01 0.000000000000000000e+00
3.400000000000000000e+01 -1.512740999999999936e+01 1.418143000000000065e+01 0.000000000000000000e+00
3.500000000000000000e+01 -1.463170999999999999e+01 1.627843999999999980e+01 0.000000000000000000e+00
3.600000000000000000e+01 -1.139363999999999955e+01 -1.700825000000000031e+01 0.000000000000000000e+00
3.700000000000000000e+01 -1.217458000000000062e+01 -1.485621000000000080e+01 0.000000000000000000e+00
3.800000000000000000e+01 -1.284642999999999979e+01 -1.277654000000000067e+01 0.000000000000000000e+00
3.900000000000000000e+01 -1.341560999999999915e+01 -1.079149999999999920e+01 0.000000000000000000e+00
4.000000000000000000e+01 -1.408314999999999984e+01 -8.777919999999999945e+00 0.000000000000000000e+00
4.100000000000000000e+01 -1.467169999999999952e+01 -6.593320000000000292e+00 0.000000000000000000e+00
4.200000000000000000e+01 -1.323245000000000005e+01 -4.808119999999999727e+00 0.000000000000000000e+00
4.300000000000000000e+01 -1.356235999999999997e+01 -2.567610000000000170e+00 0.000000000000000000e+00
4.400000000000000000e+01 -1.302552999999999983e+01 -4.903199999999999781e-01 0.000000000000000000e+00
4.500000000000000000e+01 -1.420726999999999940e+01 1.234199999999999964e+00 0.000000000000000000e+00
4.600000000000000000e+01 -1.517545999999999928e+01 3.141319999999999890e+00 0.000000000000000000e+00
4.700000000000000000e+01 -1.422987000000000002e+01 5.286369999999999791e+00 0.000000000000000000e+00
4.800000000000000000e+01 -1.334176000000000073e+01 7.330610000000000070e+00 0.000000000000000000e+00
4.900000000000000000e+01 -1.269546000000000063e+01 9.381520000000000081e+00 0.000000000000000000e+00
5.000000000000000000e+01 -1.429546999999999990e+01 1.082036000000000087e+01 0.000000000000000000e+00
5.100000000000000000e+01 -1.354334000000000060e+01 1.274843000000000082e+01 0.000000000000000000e+00
5.200000000000000000e+01 -1.302152000000000065e+01 1.475891999999999982e+01 0.000000000000000000e+00
5.300000000000000000e+01 -1.251520999999999972e+01 1.679044999999999987e+01 0.000000000000000000e+00
5.400000000000000000e+01 -9.272259999999999280e+00 -1.727186000000000021e+01 0.000000000000000000e+00
5.500000000000000000e+01 -1.011627999999999972e+01 -1.532423999999999964e+01 0.000000000000000000e+00
5.600000000000000000e+01 -1.079834999999999923e+01 -1.320600999999999914e+01 0.000000000000000000e+00
5.700000000000000000e+01 -1.130178000000000083e+01 -1.105973999999999968e+01 0.000000000000000000e+00
5.800000000000000000e+01 -1.197361000000000075e+01 -9.026849999999999596e+00 0.000000000000000000e+00
5.900000000000000000e+01 -1.261006000000000071e+01 -7.044579999999999842e+00 0.000000000000000000e+00
6.000000000000000000e+01 -1.085674000000000028e+01 -5.347330000000000361e+00 0.000000000000000000e+00
6.100000000000000000e+01 -1.158669000000000082e+01 -3.398099999999999898e+00 0.000000000000000000e+00
6.200000000000000000e+01 -1.110472000000000037e+01 -1.371459999999999901e+00 0.000000000000000000e+00
6.300000000000000000e+01 -1.126819000000000059e+01 7.989000000000000545e-01 0.000000000000000000e+00
6.400000000000000000e+01 -1.260401000000000060e+01 2.579209999999999781e+00 0.000000000000000000e+00
6.500000000000000000e+01 -1.215264999999999951e+01 5.266040000000000276e+00 0.000000000000000000e+00
6.600000000000000000e+01 -1.122574000000000005e+01 7.339000000000000412e+00 0.000000000000000000e+00
6.700000000000000000e+01 -1.063349000000000011e+01 9.485680000000000334e+00 0.000000000000000000e+00
6.800000000000000000e+01 -1.200595000000000034e+01 1.137180999999999997e+01 0.000000000000000000e+00
6.900000000000000000e+01 -1.130283000000000015e+01 1.341835999999999984e+01 0.000000000000000000e+00
7.000000000000000000e+01 -1.056306000000000012e+01 1.540976000000000035e+01 0.000000000000000000e+00
7.100000000000000000e+01 -1.009795000000000087e+01 1.747669000000000139e+01 0.000000000000000000e+00
7.200000000000000000e+01 -7.132060000000000066e+00 -1.784196000000000026e+01 0.000000000000000000e+00
7.300000000000000000e+01 -8.039160000000000750e+00 -1.553722999999999921e+01 0.000000000000000000e+00
7.400000000000000000e+01 -8.666380000000000194e+00 -1.342211999999999961e+01 0.000000000000000000e+00
7.500000000000000000e+01 -9.213589999999999947e+00 -1.144053000000000075e+01 0.000000000000000000e+00
7.600000000000000000e+01 -9.915309999999999846e+00 -9.478899999999999437e+00 0.000000000000000000e+00
7.700000000000000000e+01 -1.049690000000000012e+01 -7.415860000000000340e+00 0.000000000000000000e+00
7.800000000000000000e+01 -8.638730000000000686e+00 -5.177620000000000111e+00 0.000000000000000000e+00
7.900000000000000000e+01 -9.572839999999999350e+00 -2.884320000000000217e+00 0.000000000000000000e+00
8.000000000000000000e+01 -9.398110000000000852e+00 -1.491000000000000103e-01 0.000000000000000000e+00
8.100000000000000000e+01 -9.524580000000000268e+00 2.054920000000000080e+00 0.000000000000000000e+00
8.200000000000000000e+01 -1.061261999999999972e+01 3.848869999999999791e+00 0.000000000000000000e+00
8.300000000000000000e+01 -9.261799999999999145e+00 5.450000000000000178e+00 0.000000000000000000e+00
8.400000000000000000e+01 -9.216359999999999886e+00 7.800300000000000011e+00 0.000000000000000000e+00
8.500000000000000000e+01 -8.622650000000000148e+00 9.968909999999999272e+00 0.000000000000000000e+00
8.600000000000000000e+01 -9.919240000000000279e+00 1.183004999999999995e+01 0.000000000000000000e+00
8.700000000000000000e+01 -9.205790000000000362e+00 1.376920999999999928e+01 0.000000000000000000e+00
8.800000000000000000e+01 -8.574999999999999289e+00 1.601892000000000138e+01 0.000000000000000000e+00
8.900000000000000000e+01 -8.277910000000000323e+00 1.848856999999999928e+01 0.000000000000000000e+00
9.000000000000000000e+01 -6.152000000000000135e+00 -1.969171000000000049e+01 0.000000000000000000e+00
9.100000000000000000e+01 -6.010720000000000063e+00 -1.596618999999999922e+01 0.000000000000000000e+00
9.200000000000000000e+01 -6.645150000000000112e+00 -1.394947999999999944e+01 0.000000000000000000e+00
9.300000000000000000e+01 -7.149700000000000166e+00 -1.194677000000000078e+01 0.000000000000000000e+00
9.400000000000000000e+01 -7.862169999999999881e+00 -9.799350000000000449e+00 0.000000000000000000e+00
9.500000000000000000e+01 -8.305279999999999774e+00 -7.774230000000000196e+00 0.000000000000000000e+00
9.600000000000000000e+01 -6.809309999999999974e+00 -6.189000000000000057e+00 0.000000000000000000e+00
9.700000000000000000e+01 -7.482190000000000119e+00 -2.620449999999999946e+00 0.000000000000000000e+00
9.800000000000000000e+01 -7.319169999999999732e+00 -4.799900000000000277e-01 0.000000000000000000e+00
9.900000000000000000e+01 -7.321419999999999817e+00 1.763789999999999969e+00 0.000000000000000000e+00
1.000000000000000000e+02 -7.394949999999999690e+00 3.834729999999999972e+00 0.000000000000000000e+00
1.010000000000000000e+02 -7.164649999999999963e+00 5.958330000000000126e+00 0.000000000000000000e+00
1.020000000000000000e+02 -7.197000000000000064e+00 8.287319999999999354e+00 0.000000000000000000e+00
1.030000000000000000e+02 -6.377760000000000318e+00 1.019791999999999987e+01 0.000000000000000000e+00
1.040000000000000000e+02 -7.780050000000000132e+00 1.198019000000000034e+01 0.000000000000000000e+00
1.050000000000000000e+02 -6.889520000000000088e+00 1.417454999999999998e+01 0.000000000000000000e+00
1.060000000000000000e+02 -6.648209999999999731e+00 1.691421000000000063e+01 0.000000000000000000e+00
1.070000000000000000e+02 -6.288509999999999600e+00 1.923191999999999879e+01 0.000000000000000000e+00
1.080000000000000000e+02 -5.057059999999999889e+00 -1.780386000000000024e+01 0.000000000000000000e+00
1.090000000000000000e+02 -3.912879999999999914e+00 -1.609385999999999939e+01 0.000000000000000000e+00
1.100000000000000000e+02 -4.558760000000000367e+00 -1.409265000000000079e+01 0.000000000000000000e+00
1.110000000000000000e+02 -4.679570000000000007e+00 -1.195083999999999946e+01 0.000000000000000000e+00
1.120000000000000000e+02 -5.845349999999999824e+00 -1.024666999999999994e+01 0.000000000000000000e+00
1.130000000000000000e+02 -5.626759999999999984e+00 -7.954710000000000392e+00 0.000000000000000000e+00
1.140000000000000000e+02 -4.600740000000000052e+00 -5.816729999999999734e+00 0.000000000000000000e+00
1.150000000000000000e+02 -6.018130000000000202e+00 -4.290320000000000356e+00 0.000000000000000000e+00
1.160000000000000000e+02 -5.351460000000000328e+00 -2.192229999999999901e+00 0.000000000000000000e+00
1.170000000000000000e+02 -5.263620000000000410e+00 -8.357000000000000539e-02 0.000000000000000000e+00
1.180000000000000000e+02 -5.340700000000000003e+00 4.068220000000000169e+00 0.000000000000000000e+00
1.190000000000000000e+02 -5.099009999999999820e+00 6.530739999999999768e+00 0.000000000000000000e+00
1.200000000000000000e+02 -4.801059999999999661e+00 8.582800000000000651e+00 0.000000000000000000e+00
1.210000000000000000e+02 -4.342730000000000423e+00 1.061547999999999981e+01 0.000000000000000000e+00
1.220000000000000000e+02 -5.716470000000000162e+00 1.218224000000000018e+01 0.000000000000000000e+00
1.230000000000000000e+02 -4.275470000000000326e+00 1.365972999999999971e+01 0.000000000000000000e+00
1.240000000000000000e+02 -4.983200000000000074e+00 1.565832999999999942e+01 0.000000000000000000e+00
1.250000000000000000e+02 -4.694819999999999993e+00 1.785559999999999903e+01 0.000000000000000000e+00
1.260000000000000000e+02 -3.078870000000000218e+00 -1.937743000000000038e+01 0.000000000000000000e+00
1.270000000000000000e+02 -2.251360000000000028e+00 -1.731491000000000113e+01 0.000000000000000000e+00
1.280000000000000000e+02 -2.454460000000000086e+00 -1.453354999999999997e+01 0.000000000000000000e+00
1.290000000000000000e+02 -2.841460000000000097e+00 -1.089811000000000085e+01 0.000000000000000000e+00
1.300000000000000000e+02 -3.638469999999999871e+00 -8.997629999999999129e+00 0.000000000000000000e+00
1.310000000000000000e+02 -2.795749999999999957e+00 -6.914100000000000357e+00 0.000000000000000000e+00
1.320000000000000000e+02 -1.181820000000000093e+00 -5.091689999999999827e+00 0.000000000000000000e+00
1.330000000000000000e+02 -3.913320000000000132e+00 -3.821429999999999882e+00 0.000000000000000000e+00
1.340000000000000000e+02 -3.272780000000000022e+00 -1.524780000000000024e+00 0.000000000000000000e+00
1.350000000000000000e+02 -3.273969999999999825e+00 5.646499999999999853e-01 0.000000000000000000e+00
1.360000000000000000e+02 -3.530670000000000197e+00 2.706669999999999909e+00 0.000000000000000000e+00
1.370000000000000000e+02 -3.467849999999999877e+00 4.993829999999999991e+00 0.000000000000000000e+00
1.380000000000000000e+02 -3.068360000000000198e+00 7.178209999999999980e+00 0.000000000000000000e+00
1.390000000000000000e+02 -2.764969999999999928e+00 9.229020000000000223e+00 0.000000000000000000e+00
1.400000000000000000e+02 -2.651549999999999851e+00 1.200841999999999921e+01 0.000000000000000000e+00
1.410000000000000000e+02 -2.340139999999999887e+00 1.445254000000000083e+01 0.000000000000000000e+00
1.420000000000000000e+02 -2.958200000000000163e+00 1.644657000000000124e+01 0.000000000000000000e+00
1.430000000000000000e+02 -2.812889999999999890e+00 1.884412999999999982e+01 0.000000000000000000e+00
1.440000000000000000e+02 -8.101800000000000113e-01 -1.888945999999999970e+01 0.000000000000000000e+00
1.450000000000000000e+02 -1.963799999999999990e-01 -1.688560000000000016e+01 0.000000000000000000e+00
1.460000000000000000e+02 -3.868900000000000117e-01 -1.473554999999999993e+01 0.000000000000000000e+00
1.470000000000000000e+02 -1.331050000000000066e+00 -1.259595000000000020e+01 0.000000000000000000e+00
1.480000000000000000e+02 -6.428000000000000380e-01 -1.051781000000000077e+01 0.000000000000000000e+00
1.490000000000000000e+02 -1.592319999999999958e+00 -8.635930000000000106e+00 0.000000000000000000e+00
1.500000000000000000e+02 -2.222300000000000109e-01 -6.952860000000000262e+00 0.000000000000000000e+00
1.510000000000000000e+02 -1.931969999999999965e+00 -3.105129999999999946e+00 0.000000000000000000e+00
1.520000000000000000e+02 -6.518500000000000405e-01 -1.340410000000000101e+00 0.000000000000000000e+00
1.530000000000000000e+02 -1.167359999999999953e+00 7.253199999999999648e-01 0.000000000000000000e+00
1.540000000000000000e+02 -1.735610000000000097e+00 3.872189999999999799e+00 0.000000000000000000e+00
1.550000000000000000e+02 -1.345129999999999937e+00 5.978069999999999773e+00 0.000000000000000000e+00
1.560000000000000000e+02 -9.677200000000000246e-01 8.091749999999999332e+00 0.000000000000000000e+00
1.570000000000000000e+02 -7.799300000000000122e-01 1.020911000000000080e+01 0.000000000000000000e+00
1.580000000000000000e+02 -3.407800000000000273e-01 1.227228000000000030e+01 0.000000000000000000e+00
1.590000000000000000e+02 -4.982999999999999929e-02 1.438054999999999950e+01 0.000000000000000000e+00
1.600000000000000000e+02 -8.848599999999999799e-01 1.684478999999999971e+01 0.000000000000000000e+00
1.610000000000000000e+02 -7.695800000000000418e-01 1.903217000000000070e+01 0.000000000000000000e+00
1.620000000000000000e+02 1.497640000000000082e+00 -2.035416999999999987e+01 0.000000000000000000e+00
1.630000000000000000e+02 1.339420000000000055e+00 -1.825600999999999985e+01 0.000000000000000000e+00
1.640000000000000000e+02 1.558780000000000054e+00 -1.542582999999999949e+01 0.000000000000000000e+00
1.650000000000000000e+02 1.381490000000000107e+00 -1.325578999999999930e+01 0.000000000000000000e+00
1.660000000000000000e+02 1.553569999999999895e+00 -1.087571999999999939e+01 0.000000000000000000e+00
1.670000000000000000e+02 7.289700000000000069e-01 -8.793200000000000571e+00 0.000000000000000000e+00
1.680000000000000000e+02 9.436299999999999688e-01 -5.023139999999999716e+00 0.000000000000000000e+00
1.690000000000000000e+02 1.062969999999999970e+00 -2.750199999999999978e+00 0.000000000000000000e+00
1.700000000000000000e+02 2.315440000000000165e+00 -9.994300000000000406e-01 0.000000000000000000e+00
1.710000000000000000e+02 2.183570000000000011e+00 1.849539999999999962e+00 0.000000000000000000e+00
1.720000000000000000e+02 4.422000000000000236e-02 2.409170000000000034e+00 0.000000000000000000e+00
1.730000000000000000e+02 7.857100000000000195e-01 4.853830000000000311e+00 0.000000000000000000e+00
1.740000000000000000e+02 1.469549999999999912e+00 6.953750000000000320e+00 0.000000000000000000e+00
1.750000000000000000e+02 9.178899999999999837e-01 9.008150000000000546e+00 0.000000000000000000e+00
1.760000000000000000e+02 1.466290000000000093e+00 1.100568999999999953e+01 0.000000000000000000e+00
1.770000000000000000e+02 1.746089999999999920e+00 1.312528000000000006e+01 0.000000000000000000e+00
1.780000000000000000e+02 1.120929999999999982e+00 1.609935000000000116e+01 0.000000000000000000e+00
1.790000000000000000e+02 2.969300000000000050e+00 1.974600999999999829e+01 0.000000000000000000e+00
1.800000000000000000e+02 3.503330000000000055e+00 -1.932935000000000159e+01 0.000000000000000000e+00
1.810000000000000000e+02 3.046129999999999782e+00 -1.690834999999999866e+01 0.000000000000000000e+00
1.820000000000000000e+02 3.258669999999999956e+00 -1.419194000000000067e+01 0.000000000000000000e+00
1.830000000000000000e+02 3.251829999999999998e+00 -1.211744000000000021e+01 0.000000000000000000e+00
1.840000000000000000e+02 3.509700000000000042e+00 -9.999330000000000496e+00 0.000000000000000000e+00
1.850000000000000000e+02 3.663609999999999811e+00 -7.900520000000000209e+00 0.000000000000000000e+00
1.860000000000000000e+02 2.905650000000000066e+00 -5.955519999999999925e+00 0.000000000000000000e+00
1.870000000000000000e+02 2.877439999999999998e+00 -3.735669999999999824e+00 0.000000000000000000e+00
1.880000000000000000e+02 4.230380000000000251e+00 2.045299999999999896e-01 0.000000000000000000e+00
1.890000000000000000e+02 4.355249999999999844e+00 2.279959999999999987e+00 0.000000000000000000e+00
1.900000000000000000e+02 2.962219999999999853e+00 3.968010000000000037e+00 0.000000000000000000e+00
1.910000000000000000e+02 3.500900000000000123e+00 6.072250000000000369e+00 0.000000000000000000e+00
1.920000000000000000e+02 2.940780000000000172e+00 8.447219999999999729e+00 0.000000000000000000e+00
1.930000000000000000e+02 3.694700000000000095e+00 1.040451999999999977e+01 0.000000000000000000e+00
1.940000000000000000e+02 3.831090000000000106e+00 1.248014000000000046e+01 0.000000000000000000e+00
1.950000000000000000e+02 3.196759999999999824e+00 1.468258999999999936e+01 0.000000000000000000e+00
1.960000000000000000e+02 3.088350000000000151e+00 1.685650000000000048e+01 0.000000000000000000e+00
1.970000000000000000e+02 1.444329999999999892e+00 1.817972999999999928e+01 0.000000000000000000e+00
1.980000000000000000e+02 4.895660000000000345e+00 -1.781994999999999862e+01 0.000000000000000000e+00
1.990000000000000000e+02 4.821670000000000122e+00 -1.562515999999999927e+01 0.000000000000000000e+00
2.000000000000000000e+02 5.102149999999999963e+00 -1.329116999999999926e+01 0.000000000000000000e+00
2.010000000000000000e+02 5.205409999999999648e+00 -1.118290000000000006e+01 0.000000000000000000e+00
2.020000000000000000e+02 5.543050000000000033e+00 -9.118619999999999948e+00 0.000000000000000000e+00
2.030000000000000000e+02 5.538540000000000241e+00 -6.894580000000000375e+00 0.000000000000000000e+00
2.040000000000000000e+02 5.125519999999999854e+00 -4.426350000000000229e+00 0.000000000000000000e+00
2.050000000000000000e+02 4.379719999999999835e+00 -2.307720000000000216e+00 0.000000000000000000e+00
2.060000000000000000e+02 5.981670000000000265e+00 -9.645099999999999785e-01 0.000000000000000000e+00
2.070000000000000000e+02 6.165269999999999584e+00 1.140549999999999953e+00 0.000000000000000000e+00
2.080000000000000000e+02 6.313810000000000144e+00 3.670809999999999906e+00 0.000000000000000000e+00
2.090000000000000000e+02 5.692929999999999602e+00 5.702410000000000423e+00 0.000000000000000000e+00
2.100000000000000000e+02 4.961039999999999672e+00 7.668330000000000091e+00 0.000000000000000000e+00
2.110000000000000000e+02 5.645629999999999704e+00 9.642139999999999489e+00 0.000000000000000000e+00
2.120000000000000000e+02 5.805150000000000254e+00 1.172855000000000025e+01 0.000000000000000000e+00
2.130000000000000000e+02 5.639359999999999928e+00 1.382070000000000043e+01 0.000000000000000000e+00
2.140000000000000000e+02 5.051020000000000287e+00 1.590668999999999933e+01 0.000000000000000000e+00
2.150000000000000000e+02 4.703479999999999883e+00 1.821473999999999904e+01 0.000000000000000000e+00
2.160000000000000000e+02 6.295790000000000219e+00 -1.935291000000000139e+01 0.000000000000000000e+00
2.170000000000000000e+02 6.855990000000000251e+00 -1.714032999999999873e+01 0.000000000000000000e+00
2.180000000000000000e+02 6.838729999999999976e+00 -1.465047999999999995e+01 0.000000000000000000e+00
2.190000000000000000e+02 7.093770000000000131e+00 -1.259554999999999936e+01 0.000000000000000000e+00
2.200000000000000000e+02 7.167779999999999596e+00 -1.044705000000000084e+01 0.000000000000000000e+00
2.210000000000000000e+02 7.490330000000000155e+00 -8.124700000000000699e+00 0.000000000000000000e+00
2.220000000000000000e+02 8.063069999999999737e+00 -6.076349999999999696e+00 0.000000000000000000e+00
2.230000000000000000e+02 7.086070000000000313e+00 -3.709220000000000184e+00 0.000000000000000000e+00
2.240000000000000000e+02 7.928639999999999688e+00 -1.677540000000000031e+00 0.000000000000000000e+00
2.250000000000000000e+02 8.493940000000000268e+00 8.391600000000000170e-01 0.000000000000000000e+00
2.260000000000000000e+02 8.797290000000000276e+00 3.032099999999999795e+00 0.000000000000000000e+00
2.270000000000000000e+02 7.835910000000000153e+00 5.123739999999999739e+00 0.000000000000000000e+00
2.280000000000000000e+02 7.156080000000000219e+00 7.182760000000000034e+00 0.000000000000000000e+00
2.290000000000000000e+02 7.845699999999999896e+00 9.152229999999999421e+00 0.000000000000000000e+00
2.300000000000000000e+02 8.001010000000000844e+00 1.124484999999999957e+01 0.000000000000000000e+00
2.310000000000000000e+02 7.750490000000000101e+00 1.331152999999999942e+01 0.000000000000000000e+00
2.320000000000000000e+02 7.328389999999999738e+00 1.539697999999999922e+01 0.000000000000000000e+00
2.330000000000000000e+02 6.579430000000000334e+00 1.733373999999999882e+01 0.000000000000000000e+00
2.340000000000000000e+02 8.357430000000000803e+00 -1.859100000000000108e+01 0.000000000000000000e+00
2.350000000000000000e+02 8.540800000000000836e+00 -1.592083000000000048e+01 0.000000000000000000e+00
2.360000000000000000e+02 8.991640000000000299e+00 -1.381522000000000006e+01 0.000000000000000000e+00
2.370000000000000000e+02 9.440160000000000551e+00 -1.165485999999999933e+01 0.000000000000000000e+00
2.380000000000000000e+02 9.094569999999999155e+00 -9.494339999999999336e+00 0.000000000000000000e+00
2.390000000000000000e+02 9.772399999999999309e+00 -7.552629999999999733e+00 0.000000000000000000e+00
2.400000000000000000e+02 1.016206000000000031e+01 -5.403310000000000279e+00 0.000000000000000000e+00
2.410000000000000000e+02 9.189399999999999125e+00 -3.431680000000000064e+00 0.000000000000000000e+00
2.420000000000000000e+02 9.909449999999999648e+00 -1.030030000000000001e+00 0.000000000000000000e+00
2.430000000000000000e+02 1.056345999999999918e+01 9.807099999999999707e-01 0.000000000000000000e+00
2.440000000000000000e+02 1.101692000000000071e+01 3.384939999999999838e+00 0.000000000000000000e+00
2.450000000000000000e+02 1.015596000000000032e+01 5.669310000000000294e+00 0.000000000000000000e+00
2.460000000000000000e+02 9.720309999999999562e+00 8.091929999999999623e+00 0.000000000000000000e+00
2.470000000000000000e+02 9.918340000000000600e+00 1.030570999999999948e+01 0.000000000000000000e+00
2.480000000000000000e+02 9.726660000000000750e+00 1.251910999999999952e+01 0.000000000000000000e+00
2.490000000000000000e+02 9.478650000000000020e+00 1.458742999999999945e+01 0.000000000000000000e+00
2.500000000000000000e+02 8.957990000000000563e+00 1.667932000000000059e+01 0.000000000000000000e+00
2.510000000000000000e+02 8.191729999999999734e+00 1.862183999999999884e+01 0.000000000000000000e+00
2.520000000000000000e+02 1.021602000000000032e+01 -1.759119000000000099e+01 0.000000000000000000e+00
2.530000000000000000e+02 1.062648000000000081e+01 -1.541055000000000064e+01 0.000000000000000000e+00
2.540000000000000000e+02 1.101558999999999955e+01 -1.326331000000000060e+01 0.000000000000000000e+00
2.550000000000000000e+02 1.239174000000000042e+01 -1.160618999999999978e+01 0.000000000000000000e+00
2.560000000000000000e+02 1.127513000000000076e+01 -9.573900000000000077e+00 0.000000000000000000e+00
2.570000000000000000e+02 1.203570000000000029e+01 -7.504170000000000229e+00 0.000000000000000000e+00
2.580000000000000000e+02 1.246298999999999957e+01 -5.005449999999999733e+00 0.000000000000000000e+00
2.590000000000000000e+02 1.124257000000000062e+01 -2.813670000000000115e+00 0.000000000000000000e+00
2.600000000000000000e+02 1.198831000000000024e+01 -7.017600000000000504e-01 0.000000000000000000e+00
2.610000000000000000e+02 1.269203000000000081e+01 1.234669999999999934e+00 0.000000000000000000e+00
2.620000000000000000e+02 1.323966000000000065e+01 3.233589999999999964e+00 0.000000000000000000e+00
2.630000000000000000e+02 1.237163999999999930e+01 5.165969999999999729e+00 0.000000000000000000e+00
2.640000000000000000e+02 1.159586999999999968e+01 7.132979999999999876e+00 0.000000000000000000e+00
2.650000000000000000e+02 1.189523999999999937e+01 9.550670000000000215e+00 0.000000000000000000e+00
2.660000000000000000e+02 1.169773999999999958e+01 1.182274999999999920e+01 0.000000000000000000e+00
2.670000000000000000e+02 1.146697999999999951e+01 1.398664999999999914e+01 0.000000000000000000e+00
2.680000000000000000e+02 1.110421999999999976e+01 1.603648000000000096e+01 0.000000000000000000e+00
2.690000000000000000e+02 1.051927000000000056e+01 1.809545999999999921e+01 0.000000000000000000e+00
2.700000000000000000e+02 1.224793999999999983e+01 -1.678913000000000011e+01 0.000000000000000000e+00
2.710000000000000000e+02 1.262836000000000070e+01 -1.472319000000000067e+01 0.000000000000000000e+00
2.720000000000000000e+02 1.401815000000000033e+01 -1.310739000000000054e+01 0.000000000000000000e+00
2.730000000000000000e+02 1.446306000000000047e+01 -1.093285999999999980e+01 0.000000000000000000e+00
2.740000000000000000e+02 1.345974000000000004e+01 -9.074439999999999173e+00 0.000000000000000000e+00
2.750000000000000000e+02 1.430331999999999937e+01 -7.150280000000000413e+00 0.000000000000000000e+00
2.760000000000000000e+02 1.464947000000000088e+01 -5.114550000000000374e+00 0.000000000000000000e+00
2.770000000000000000e+02 1.347735999999999912e+01 -2.816370000000000040e+00 0.000000000000000000e+00
2.780000000000000000e+02 1.409018000000000015e+01 -7.539900000000000491e-01 0.000000000000000000e+00
2.790000000000000000e+02 1.480671000000000070e+01 1.246890000000000054e+00 0.000000000000000000e+00
2.800000000000000000e+02 1.531009000000000064e+01 3.316019999999999968e+00 0.000000000000000000e+00
2.810000000000000000e+02 1.439884999999999948e+01 5.738979999999999748e+00 0.000000000000000000e+00
2.820000000000000000e+02 1.576346999999999987e+01 8.172449999999999548e+00 0.000000000000000000e+00
2.830000000000000000e+02 1.363410000000000011e+01 7.698680000000000412e+00 0.000000000000000000e+00
2.840000000000000000e+02 1.424835999999999991e+01 9.702289999999999637e+00 0.000000000000000000e+00
2.850000000000000000e+02 1.484828000000000081e+01 1.177050000000000018e+01 0.000000000000000000e+00
2.860000000000000000e+02 1.346743000000000023e+01 1.333864999999999945e+01 0.000000000000000000e+00
2.870000000000000000e+02 1.312259000000000064e+01 1.541615000000000002e+01 0.000000000000000000e+00
2.880000000000000000e+02 1.425346000000000046e+01 -1.616723999999999961e+01 0.000000000000000000e+00
2.890000000000000000e+02 1.562420000000000009e+01 -1.454588000000000036e+01 0.000000000000000000e+00
2.900000000000000000e+02 1.604788999999999888e+01 -1.245889000000000024e+01 0.000000000000000000e+00
2.910000000000000000e+02 1.723438000000000159e+01 -1.049860999999999933e+01 0.000000000000000000e+00
2.920000000000000000e+02 1.556024999999999991e+01 -9.099470000000000169e+00 0.000000000000000000e+00
2.930000000000000000e+02 1.649668000000000134e+01 -7.054870000000000196e+00 0.000000000000000000e+00
2.940000000000000000e+02 1.820768999999999949e+01 -5.371870000000000367e+00 0.000000000000000000e+00
2.950000000000000000e+02 1.601567000000000007e+01 -3.530530000000000168e+00 0.000000000000000000e+00
2.960000000000000000e+02 1.632126999999999839e+01 -2.648400000000000198e-01 0.000000000000000000e+00
2.970000000000000000e+02 1.692539000000000016e+01 1.991959999999999953e+00 0.000000000000000000e+00
2.980000000000000000e+02 1.868603999999999843e+01 4.239729999999999777e+00 0.000000000000000000e+00
2.990000000000000000e+02 1.662578999999999851e+01 5.712579999999999991e+00 0.000000000000000000e+00
