0.000000000000000000e+00 -1.558117000000000019e+01 -1.134060000000000024e+01 0.000000000000000000e+00
1.000000000000000000e+00 -1.595639000000000074e+01 -9.268909999999999982e+00 0.000000000000000000e+00
2.000000000000000000e+00 -1.654239000000000104e+01 -7.246970000000000134e+00 0.000000000000000000e+00
3.000000000000000000e+00 -1.837743000000000038e+01 -6.284290000000000376e+00 0.000000000000000000e+00
4.000000000000000000e+00 -2.006274000000000157e+01 -4.932439999999999714e+00 0.000000000000000000e+00
5.000000000000000000e+00 -1.986918000000000006e+01 -1.527099999999999902e+00 0.000000000000000000e+00
6.000000000000000000e+00 -1.831209000000000131e+01 -3.728320000000000078e+00 0.000000000000000000e+00
7.000000000000000000e+00 -1.805970999999999904e+01 -2.617999999999999772e-01 0.000000000000000000e+00
8.000000000000000000e+00 -1.963903000000000176e+01 1.120449999999999946e+00 0.000000000000000000e+00
9.000000000000000000e+00 -1.598738999999999955e+01 3.327800000000000202e-01 0.000000000000000000e+00
1.000000000000000000e+01 -1.769342999999999932e+01 1.899489999999999901e+00 0.000000000000000000e+00
1.100000000000000000e+01 -1.702899999999999991e+01 5.008799999999999919e+00 0.000000000000000000e+00
1.200000000000000000e+01 -1.631110999999999933e+01 7.019440000000000346e+00 0.000000000000000000e+00
1.300000000000000000e+01 -1.857328000000000046e+01 6.443030000000000257e+00 0.000000000000000000e+00
1.400000000000000000e+01 -1.574868999999999986e+01 9.011169999999999902e+00 0.000000000000000000e+00
1.500000000000000000e+01 -1.477294000000000018e+01 1.091940999999999917e+01 0.000000000000000000e+00
1.600000000000000000e+01 -1.401201000000000008e+01 1.286851000000000056e+01 0.000000000000000000e+00
1.700000000000000000e+01 -1.327909999999999968e+01 1.501285999999999987e+01 0.000000000000000000e+00
1.800000000000000000e+01 -1.293355999999999995e+01 -1.434312000000000076e+01 0.000000000000000000e+00
1.900000000000000000e+01 -1.337520999999999916e+01 -1.231545000000000023e+01 0.000000000000000000e+00
2.000000000000000000e+01 -1.379452000000000034e+01 -1.025548000000000037e+01 0.000000000000000000e+00
2.100000000000000000e+01 -1.422723000000000049e+01 -8.081860000000000710e+00 0.000000000000000000e+00
2.200000000000000000e+01 -1.477205000000000013e+01 -5.966160000000000352e+00 0.000000000000000000e+00
2.300000000000000000e+01 -1.664472999999999914e+01 -5.088940000000000019e+00 0.000000000000000000e+00
2.400000000000000000e+01 -1.517112000000000016e+01 -3.389940000000000175e+00 0.000000000000000000e+00
2.500000000000000000e+01 -1.682689999999999841e+01 -2.062429999999999986e+00 0.000000000000000000e+00
2.600000000000000000e+01 -1.478275000000000006e+01 -1.342019999999999991e+00 0.000000000000000000e+00
2.700000000000000000e+01 -1.412989999999999924e+01 1.404150000000000009e+00 0.000000000000000000e+00
2.800000000000000000e+01 -1.558657000000000004e+01 2.885240000000000027e+00 0.000000000000000000e+00
2.900000000000000000e+01 -1.330826000000000064e+01 3.543960000000000221e+00 0.000000000000000000e+00
3.000000000000000000e+01 -1.497117000000000075e+01 5.235280000000000378e+00 0.000000000000000000e+00
3.100000000000000000e+01 -1.416170999999999935e+01 7.190430000000000099e+00 0.000000000000000000e+00
3.200000000000000000e+01 -1.350946000000000069e+01 9.226900000000000546e+00 0.000000000000000000e+00
3.300000000000000000e+01 -1.263086000000000020e+01 1.118882999999999939e+01 0.000000000000000000e+00
3.400000000000000000e+01 -1.195902000000000065e+01 1.336442000000000085e+01 0.000000000000000000e+00
3.500000000000000000e+01 -1.124723999999999968e+01 1.543369000000000035e+01 0.000000000000000000e+00
3.600000000000000000e+01 -1.109745000000000026e+01 -1.546740999999999921e+01 0.000000000000000000e+00
3.700000000000000000e+01 -1.133126000000000033e+01 -1.291919000000000040e+01 0.000000000000000000e+00
3.800000000000000000e+01 -1.172536000000000023e+01 -1.088470000000000049e+01 0.000000000000000000e+00
3.900000000000000000e+01 -1.224735000000000085e+01 -8.874570000000000292e+00 0.000000000000000000e+00
4.000000000000000000e+01 -1.260209000000000046e+01 -6.817090000000000316e+00 0.000000000000000000e+00
4.100000000000000000e+01 -1.307663999999999938e+01 -4.662939999999999863e+00 0.000000000000000000e+00
4.200000000000000000e+01 -1.086314999999999920e+01 -5.708319999999999617e+00 0.000000000000000000e+00
4.300000000000000000e+01 -1.127183999999999919e+01 -3.620359999999999800e+00 0.000000000000000000e+00
4.400000000000000000e+01 -1.309620999999999924e+01 -2.594860000000000166e+00 0.000000000000000000e+00
4.500000000000000000e+01 -1.292212999999999923e+01 -3.529800000000000160e-01 0.000000000000000000e+00
4.600000000000000000e+01 -1.201957999999999949e+01 1.896640000000000104e+00 0.000000000000000000e+00
4.700000000000000000e+01 -1.127569000000000088e+01 3.878270000000000106e+00 0.000000000000000000e+00
4.800000000000000000e+01 -1.264151000000000025e+01 5.508040000000000269e+00 0.000000000000000000e+00
4.900000000000000000e+01 -1.199257000000000062e+01 7.529289999999999594e+00 0.000000000000000000e+00
5.000000000000000000e+01 -1.141841999999999935e+01 9.507979999999999876e+00 0.000000000000000000e+00
5.100000000000000000e+01 -1.056657000000000046e+01 1.169286999999999921e+01 0.000000000000000000e+00
5.200000000000000000e+01 -9.747049999999999770e+00 1.362171000000000021e+01 0.000000000000000000e+00
5.300000000000000000e+01 -8.305329999999999657e+00 1.755322999999999922e+01 0.000000000000000000e+00
5.400000000000000000e+01 -6.231169999999999654e+00 -1.877481999999999829e+01 0.000000000000000000e+00
5.500000000000000000e+01 -8.848480000000000345e+00 -1.599539000000000044e+01 0.000000000000000000e+00
5.600000000000000000e+01 -9.498350000000000293e+00 -1.395339000000000063e+01 0.000000000000000000e+00
5.700000000000000000e+01 -9.501089999999999591e+00 -1.180827999999999989e+01 0.000000000000000000e+00
5.800000000000000000e+01 -9.933899999999999508e+00 -9.778900000000000148e+00 0.000000000000000000e+00
5.900000000000000000e+01 -1.030335000000000001e+01 -7.754010000000000069e+00 0.000000000000000000e+00
6.000000000000000000e+01 -8.778140000000000498e+00 -6.266560000000000130e+00 0.000000000000000000e+00
6.100000000000000000e+01 -9.157899999999999707e+00 -4.219829999999999970e+00 0.000000000000000000e+00
6.200000000000000000e+01 -1.121216000000000079e+01 -1.545560000000000045e+00 0.000000000000000000e+00
6.300000000000000000e+01 -1.056733999999999973e+01 4.127199999999999758e-01 0.000000000000000000e+00
6.400000000000000000e+01 -9.806800000000000850e+00 2.328489999999999949e+00 0.000000000000000000e+00
6.500000000000000000e+01 -9.173149999999999693e+00 4.342570000000000263e+00 0.000000000000000000e+00
6.600000000000000000e+01 -1.060402000000000022e+01 5.883130000000000415e+00 0.000000000000000000e+00
6.700000000000000000e+01 -9.879089999999999705e+00 7.941010000000000346e+00 0.000000000000000000e+00
6.800000000000000000e+01 -9.249739999999999185e+00 1.003626000000000040e+01 0.000000000000000000e+00
6.900000000000000000e+01 -8.477959999999999496e+00 1.195876999999999946e+01 0.000000000000000000e+00
7.000000000000000000e+01 -9.111060000000000159e+00 1.563160000000000061e+01 0.000000000000000000e+00
7.100000000000000000e+01 -6.157130000000000436e+00 1.777462999999999838e+01 0.000000000000000000e+00
7.200000000000000000e+01 -6.814610000000000056e+00 -1.677974000000000032e+01 0.000000000000000000e+00
7.300000000000000000e+01 -7.218079999999999607e+00 -1.461642999999999937e+01 0.000000000000000000e+00
7.400000000000000000e+01 -7.516849999999999810e+00 -1.251981999999999928e+01 0.000000000000000000e+00
7.500000000000000000e+01 -7.850410000000000110e+00 -1.046937999999999924e+01 0.000000000000000000e+00
7.600000000000000000e+01 -8.345129999999999271e+00 -8.411659999999999471e+00 0.000000000000000000e+00
7.700000000000000000e+01 -6.783070000000000377e+00 -7.022759999999999891e+00 0.000000000000000000e+00
7.800000000000000000e+01 -7.171420000000000350e+00 -4.916990000000000194e+00 0.000000000000000000e+00
7.900000000000000000e+01 -7.471149999999999736e+00 -2.870249999999999968e+00 0.000000000000000000e+00
8.000000000000000000e+01 -9.098580000000000112e+00 -1.562610000000000054e+00 0.000000000000000000e+00
8.100000000000000000e+01 -8.489649999999999253e+00 7.473899999999999988e-01 0.000000000000000000e+00
8.200000000000000000e+01 -7.756020000000000358e+00 2.696810000000000151e+00 0.000000000000000000e+00
8.300000000000000000e+01 -7.104820000000000135e+00 4.667329999999999757e+00 0.000000000000000000e+00
8.400000000000000000e+01 -8.398949999999999250e+00 6.284989999999999633e+00 0.000000000000000000e+00
8.500000000000000000e+01 -7.823909999999999698e+00 8.308550000000000324e+00 0.000000000000000000e+00
8.600000000000000000e+01 -7.119530000000000136e+00 1.032524000000000086e+01 0.000000000000000000e+00
8.700000000000000000e+01 -7.648769999999999847e+00 1.390720999999999918e+01 0.000000000000000000e+00
8.800000000000000000e+01 -7.055679999999999730e+00 1.587875999999999976e+01 0.000000000000000000e+00
8.900000000000000000e+01 -7.481760000000000410e+00 1.946902000000000044e+01 0.000000000000000000e+00
9.000000000000000000e+01 -4.708039999999999559e+00 -1.739646000000000114e+01 0.000000000000000000e+00
9.100000000000000000e+01 -5.157040000000000290e+00 -1.529917000000000016e+01 0.000000000000000000e+00
9.200000000000000000e+01 -5.553259999999999863e+00 -1.322439999999999927e+01 0.000000000000000000e+00
9.300000000000000000e+01 -5.851860000000000284e+00 -1.111613000000000007e+01 0.000000000000000000e+00
9.400000000000000000e+01 -6.267660000000000231e+00 -9.042170000000000485e+00 0.000000000000000000e+00
9.500000000000000000e+01 -4.770859999999999879e+00 -7.604230000000000267e+00 0.000000000000000000e+00
9.600000000000000000e+01 -5.180220000000000269e+00 -5.573450000000000237e+00 0.000000000000000000e+00
9.700000000000000000e+01 -5.451459999999999972e+00 -3.362010000000000165e+00 0.000000000000000000e+00
9.800000000000000000e+01 -7.116159999999999819e+00 -8.517200000000000326e-01 0.000000000000000000e+00
9.900000000000000000e+01 -6.445570000000000022e+00 1.091169999999999973e+00 0.000000000000000000e+00
1.000000000000000000e+02 -5.718639999999999723e+00 3.104109999999999925e+00 0.000000000000000000e+00
1.010000000000000000e+02 -5.029650000000000176e+00 5.067199999999999704e+00 0.000000000000000000e+00
1.020000000000000000e+02 -6.348980000000000068e+00 6.642769999999999619e+00 0.000000000000000000e+00
1.030000000000000000e+02 -5.763349999999999973e+00 8.636879999999999669e+00 0.000000000000000000e+00
1.040000000000000000e+02 -6.308580000000000076e+00 1.228251000000000026e+01 0.000000000000000000e+00
1.050000000000000000e+02 -5.555399999999999672e+00 1.420736999999999917e+01 0.000000000000000000e+00
1.060000000000000000e+02 -4.833169999999999966e+00 1.614764999999999873e+01 0.000000000000000000e+00
1.070000000000000000e+02 -4.102479999999999905e+00 1.823671999999999827e+01 0.000000000000000000e+00
1.080000000000000000e+02 -2.616309999999999913e+00 -1.821806000000000125e+01 0.000000000000000000e+00
1.090000000000000000e+02 -3.056039999999999868e+00 -1.607479000000000013e+01 0.000000000000000000e+00
1.100000000000000000e+02 -3.532929999999999904e+00 -1.384683000000000064e+01 0.000000000000000000e+00
1.110000000000000000e+02 -3.870169999999999888e+00 -1.178443000000000040e+01 0.000000000000000000e+00
1.120000000000000000e+02 -4.272170000000000023e+00 -9.753030000000000754e+00 0.000000000000000000e+00
1.130000000000000000e+02 -2.685970000000000191e+00 -8.374969999999999359e+00 0.000000000000000000e+00
1.140000000000000000e+02 -3.086759999999999948e+00 -6.212790000000000035e+00 0.000000000000000000e+00
1.150000000000000000e+02 -3.566069999999999851e+00 -4.182990000000000208e+00 0.000000000000000000e+00
1.160000000000000000e+02 -3.772780000000000022e+00 -2.133690000000000087e+00 0.000000000000000000e+00
1.170000000000000000e+02 -5.060940000000000438e+00 -5.131400000000000405e-01 0.000000000000000000e+00
1.180000000000000000e+02 -3.666529999999999845e+00 3.476609999999999978e+00 0.000000000000000000e+00
1.190000000000000000e+02 -2.964679999999999982e+00 5.449690000000000367e+00 0.000000000000000000e+00
1.200000000000000000e+02 -4.338890000000000136e+00 7.101740000000000386e+00 0.000000000000000000e+00
1.210000000000000000e+02 -3.647749999999999826e+00 9.067429999999999879e+00 0.000000000000000000e+00
1.220000000000000000e+02 -5.037250000000000227e+00 1.066583999999999932e+01 0.000000000000000000e+00
1.230000000000000000e+02 -4.157309999999999839e+00 1.266394000000000020e+01 0.000000000000000000e+00
1.240000000000000000e+02 -3.428069999999999951e+00 1.459178999999999959e+01 0.000000000000000000e+00
1.250000000000000000e+02 -1.993570000000000064e+00 1.856831999999999994e+01 0.000000000000000000e+00
1.260000000000000000e+02 -5.745500000000000052e-01 -1.885915999999999926e+01 0.000000000000000000e+00
1.270000000000000000e+02 -9.529800000000000493e-01 -1.672440999999999889e+01 0.000000000000000000e+00
1.280000000000000000e+02 -1.491049999999999986e+00 -1.458876000000000062e+01 0.000000000000000000e+00
1.290000000000000000e+02 -2.270540000000000003e+00 -1.041663999999999923e+01 0.000000000000000000e+00
1.300000000000000000e+02 -6.956099999999999506e-01 -9.026059999999999306e+00 0.000000000000000000e+00
1.310000000000000000e+02 -1.152730000000000032e+00 -6.947149999999999714e+00 0.000000000000000000e+00
1.320000000000000000e+02 -1.508299999999999974e+00 -4.787519999999999776e+00 0.000000000000000000e+00
1.330000000000000000e+02 -1.704280000000000017e+00 -2.468649999999999789e+00 0.000000000000000000e+00
1.340000000000000000e+02 -3.012690000000000090e+00 -1.728000000000000091e-01 0.000000000000000000e+00
1.350000000000000000e+02 -4.397870000000000168e+00 1.435540000000000038e+00 0.000000000000000000e+00
1.360000000000000000e+02 -2.334060000000000024e+00 1.807450000000000001e+00 0.000000000000000000e+00
1.370000000000000000e+02 -1.618030000000000079e+00 3.766480000000000050e+00 0.000000000000000000e+00
1.380000000000000000e+02 -8.766100000000000003e-01 5.718609999999999971e+00 0.000000000000000000e+00
1.390000000000000000e+02 -2.319589999999999819e+00 7.443489999999999718e+00 0.000000000000000000e+00
1.400000000000000000e+02 -2.890200000000000102e+00 1.098586000000000062e+01 0.000000000000000000e+00
1.410000000000000000e+02 -2.105589999999999851e+00 1.298512000000000022e+01 0.000000000000000000e+00
1.420000000000000000e+02 -2.759889999999999954e+00 1.661537999999999826e+01 0.000000000000000000e+00
1.430000000000000000e+02 2.852399999999999936e-01 1.941137000000000157e+01 0.000000000000000000e+00
1.440000000000000000e+02 9.844399999999999817e-01 -1.748733999999999966e+01 0.000000000000000000e+00
1.450000000000000000e+02 5.395400000000000196e-01 -1.524554999999999971e+01 0.000000000000000000e+00
1.460000000000000000e+02 1.018600000000000061e-01 -1.307967000000000013e+01 0.000000000000000000e+00
1.470000000000000000e+02 -1.893100000000000005e+00 -1.246881999999999913e+01 0.000000000000000000e+00
1.480000000000000000e+02 -2.433200000000000085e-01 -1.103905999999999921e+01 0.000000000000000000e+00
1.490000000000000000e+02 8.467700000000000227e-01 -7.612210000000000143e+00 0.000000000000000000e+00
1.500000000000000000e+02 4.805699999999999972e-01 -5.581330000000000346e+00 0.000000000000000000e+00
1.510000000000000000e+02 1.207499999999999962e-01 -3.518279999999999852e+00 0.000000000000000000e+00
1.520000000000000000e+02 2.958200000000000274e-01 -1.430139999999999967e+00 0.000000000000000000e+00
1.530000000000000000e+02 -9.942299999999999471e-01 2.166899999999999937e-01 0.000000000000000000e+00
1.540000000000000000e+02 -2.086800000000000044e-01 2.127240000000000020e+00 0.000000000000000000e+00
1.550000000000000000e+02 4.395299999999999763e-01 4.131599999999999717e+00 0.000000000000000000e+00
1.560000000000000000e+02 -1.145499999999999990e-01 7.796170000000000044e+00 0.000000000000000000e+00
1.570000000000000000e+02 -1.577890000000000015e+00 9.405599999999999739e+00 0.000000000000000000e+00
1.580000000000000000e+02 -7.940099999999999936e-01 1.136434999999999995e+01 0.000000000000000000e+00
1.590000000000000000e+02 7.009999999999999738e-03 1.342170999999999914e+01 0.000000000000000000e+00
1.600000000000000000e+02 -1.403089999999999948e+00 1.496606000000000058e+01 0.000000000000000000e+00
1.610000000000000000e+02 -6.744700000000000140e-01 1.696582000000000079e+01 0.000000000000000000e+00
1.620000000000000000e+02 3.057780000000000165e+00 -1.821744999999999948e+01 0.000000000000000000e+00
1.630000000000000000e+02 2.510229999999999961e+00 -1.605824000000000140e+01 0.000000000000000000e+00
1.640000000000000000e+02 2.143990000000000062e+00 -1.392835000000000001e+01 0.000000000000000000e+00
1.650000000000000000e+02 1.829639999999999933e+00 -1.178420000000000023e+01 0.000000000000000000e+00
1.660000000000000000e+02 1.362360000000000015e+00 -9.712120000000000530e+00 0.000000000000000000e+00
1.670000000000000000e+02 2.488620000000000054e+00 -6.185620000000000118e+00 0.000000000000000000e+00
1.680000000000000000e+02 2.120499999999999829e+00 -4.103369999999999962e+00 0.000000000000000000e+00
1.690000000000000000e+02 2.392830000000000013e+00 -1.108549999999999924e+00 0.000000000000000000e+00
1.700000000000000000e+02 1.133129999999999971e+00 5.360200000000000520e-01 0.000000000000000000e+00
1.710000000000000000e+02 3.208029999999999937e+00 7.868500000000000494e-01 0.000000000000000000e+00
1.720000000000000000e+02 1.916639999999999899e+00 2.463159999999999794e+00 0.000000000000000000e+00
1.730000000000000000e+02 2.571089999999999876e+00 4.490789999999999615e+00 0.000000000000000000e+00
1.740000000000000000e+02 1.236180000000000057e+00 6.059610000000000163e+00 0.000000000000000000e+00
1.750000000000000000e+02 6.031300000000000550e-01 9.802630000000000621e+00 0.000000000000000000e+00
1.760000000000000000e+02 1.464720000000000022e+00 1.180419000000000018e+01 0.000000000000000000e+00
1.770000000000000000e+02 2.099050000000000082e+00 1.379912999999999990e+01 0.000000000000000000e+00
1.780000000000000000e+02 7.517099999999999893e-01 1.544190000000000040e+01 0.000000000000000000e+00
1.790000000000000000e+02 2.684870000000000090e+00 1.911968999999999852e+01 0.000000000000000000e+00
1.800000000000000000e+02 7.234340000000000437e+00 -1.804723999999999862e+01 0.000000000000000000e+00
1.810000000000000000e+02 4.163389999999999702e+00 -1.462660999999999945e+01 0.000000000000000000e+00
1.820000000000000000e+02 3.809689999999999799e+00 -1.241670000000000051e+01 0.000000000000000000e+00
1.830000000000000000e+02 3.354960000000000164e+00 -1.035615999999999914e+01 0.000000000000000000e+00
1.840000000000000000e+02 2.839809999999999945e+00 -8.268990000000000506e+00 0.000000000000000000e+00
1.850000000000000000e+02 4.488089999999999691e+00 -6.837819999999999787e+00 0.000000000000000000e+00
1.860000000000000000e+02 4.082650000000000112e+00 -4.769840000000000302e+00 0.000000000000000000e+00
1.870000000000000000e+02 3.718150000000000066e+00 -2.710039999999999782e+00 0.000000000000000000e+00
1.880000000000000000e+02 5.277479999999999727e+00 -1.261660000000000004e+00 0.000000000000000000e+00
1.890000000000000000e+02 5.237969999999999793e+00 1.200209999999999999e+00 0.000000000000000000e+00
1.900000000000000000e+02 4.084229999999999805e+00 2.944040000000000212e+00 0.000000000000000000e+00
1.910000000000000000e+02 3.312899999999999956e+00 6.448050000000000281e+00 0.000000000000000000e+00
1.920000000000000000e+02 1.934830000000000050e+00 8.074450000000000571e+00 0.000000000000000000e+00
1.930000000000000000e+02 2.663330000000000197e+00 1.010402000000000022e+01 0.000000000000000000e+00
1.940000000000000000e+02 3.678329999999999878e+00 1.203440999999999939e+01 0.000000000000000000e+00
1.950000000000000000e+02 4.150500000000000078e+00 1.409595000000000020e+01 0.000000000000000000e+00
1.960000000000000000e+02 2.906829999999999803e+00 1.578818000000000055e+01 0.000000000000000000e+00
1.970000000000000000e+02 1.476660000000000084e+00 1.741369999999999862e+01 0.000000000000000000e+00
1.980000000000000000e+02 4.648920000000000385e+00 -1.667596999999999952e+01 0.000000000000000000e+00
1.990000000000000000e+02 6.169959999999999667e+00 -1.524165999999999954e+01 0.000000000000000000e+00
2.000000000000000000e+02 5.758140000000000036e+00 -1.312344000000000044e+01 0.000000000000000000e+00
2.010000000000000000e+02 5.349359999999999893e+00 -1.098659999999999926e+01 0.000000000000000000e+00
2.020000000000000000e+02 4.821189999999999642e+00 -8.895749999999999602e+00 0.000000000000000000e+00
2.030000000000000000e+02 6.513320000000000221e+00 -7.585390000000000299e+00 0.000000000000000000e+00
2.040000000000000000e+02 6.118549999999999933e+00 -5.515209999999999724e+00 0.000000000000000000e+00
2.050000000000000000e+02 5.678340000000000387e+00 -3.469700000000000006e+00 0.000000000000000000e+00
2.060000000000000000e+02 7.026839999999999975e+00 1.043899999999999967e-01 0.000000000000000000e+00
2.070000000000000000e+02 8.581070000000000420e+00 1.539889999999999981e+00 0.000000000000000000e+00
2.080000000000000000e+02 6.144940000000000069e+00 3.173540000000000028e+00 0.000000000000000000e+00
2.090000000000000000e+02 4.815570000000000128e+00 4.945079999999999920e+00 0.000000000000000000e+00
2.100000000000000000e+02 5.563659999999999606e+00 6.878949999999999676e+00 0.000000000000000000e+00
2.110000000000000000e+02 3.986439999999999984e+00 8.440530000000000754e+00 0.000000000000000000e+00
2.120000000000000000e+02 4.845979999999999954e+00 1.032446999999999981e+01 0.000000000000000000e+00
2.130000000000000000e+02 6.197429999999999772e+00 1.388286000000000087e+01 0.000000000000000000e+00
2.140000000000000000e+02 5.438310000000000421e+00 1.580812000000000062e+01 0.000000000000000000e+00
2.150000000000000000e+02 4.245700000000000252e+00 1.775911999999999935e+01 0.000000000000000000e+00
2.160000000000000000e+02 8.136879999999999669e+00 -1.609204000000000079e+01 0.000000000000000000e+00
2.170000000000000000e+02 7.738319999999999865e+00 -1.378429000000000038e+01 0.000000000000000000e+00
2.180000000000000000e+02 7.306930000000000369e+00 -1.167300999999999966e+01 0.000000000000000000e+00
2.190000000000000000e+02 6.900809999999999889e+00 -9.642189999999999372e+00 0.000000000000000000e+00
2.200000000000000000e+02 8.457530000000000214e+00 -8.290160000000000196e+00 0.000000000000000000e+00
2.210000000000000000e+02 8.085229999999999251e+00 -6.211439999999999628e+00 0.000000000000000000e+00
2.220000000000000000e+02 7.642870000000000275e+00 -4.092080000000000162e+00 0.000000000000000000e+00
2.230000000000000000e+02 7.279480000000000395e+00 -1.970120000000000093e+00 0.000000000000000000e+00
2.240000000000000000e+02 9.003009999999999735e+00 -6.624600000000000488e-01 0.000000000000000000e+00
2.250000000000000000e+02 1.051884000000000086e+01 7.829599999999999893e-01 0.000000000000000000e+00
2.260000000000000000e+02 1.018750000000000000e+01 2.872790000000000177e+00 0.000000000000000000e+00
2.270000000000000000e+02 8.179019999999999513e+00 3.589510000000000201e+00 0.000000000000000000e+00
2.280000000000000000e+02 7.050849999999999618e+00 5.407849999999999824e+00 0.000000000000000000e+00
2.290000000000000000e+02 7.518659999999999677e+00 7.664729999999999599e+00 0.000000000000000000e+00
2.300000000000000000e+02 6.812739999999999796e+00 9.597820000000000462e+00 0.000000000000000000e+00
2.310000000000000000e+02 6.562599999999999767e+00 1.179354999999999976e+01 0.000000000000000000e+00
2.320000000000000000e+02 5.933189999999999742e+00 1.905244000000000071e+01 0.000000000000000000e+00
2.330000000000000000e+02 4.313930000000000042e+00 2.040968000000000160e+01 0.000000000000000000e+00
2.340000000000000000e+02 1.033952000000000027e+01 -1.650263999999999953e+01 0.000000000000000000e+00
2.350000000000000000e+02 9.855000000000000426e+00 -1.441192000000000029e+01 0.000000000000000000e+00
2.360000000000000000e+02 9.355190000000000339e+00 -1.239550000000000018e+01 0.000000000000000000e+00
2.370000000000000000e+02 8.920899999999999608e+00 -1.031410999999999945e+01 0.000000000000000000e+00
2.380000000000000000e+02 1.049962000000000018e+01 -8.825139999999999318e+00 0.000000000000000000e+00
2.390000000000000000e+02 1.008689999999999998e+01 -6.810480000000000089e+00 0.000000000000000000e+00
2.400000000000000000e+02 9.700020000000000309e+00 -4.785949999999999704e+00 0.000000000000000000e+00
2.410000000000000000e+02 9.239869999999999806e+00 -2.743500000000000050e+00 0.000000000000000000e+00
2.420000000000000000e+02 1.099324999999999974e+01 -1.316140000000000088e+00 0.000000000000000000e+00
2.430000000000000000e+02 1.228306000000000076e+01 2.210259999999999891e+00 0.000000000000000000e+00
2.440000000000000000e+02 1.186397000000000013e+01 4.293149999999999800e+00 0.000000000000000000e+00
2.450000000000000000e+02 9.900809999999999889e+00 4.956360000000000099e+00 0.000000000000000000e+00
2.460000000000000000e+02 9.566929999999999268e+00 6.997259999999999813e+00 0.000000000000000000e+00
2.470000000000000000e+02 9.125529999999999475e+00 9.022660000000000124e+00 0.000000000000000000e+00
2.480000000000000000e+02 8.565170000000000172e+00 1.111124000000000045e+01 0.000000000000000000e+00
2.490000000000000000e+02 8.173529999999999518e+00 1.321818999999999988e+01 0.000000000000000000e+00
2.500000000000000000e+02 8.038019999999999499e+00 1.527785000000000082e+01 0.000000000000000000e+00
2.510000000000000000e+02 7.024390000000000356e+00 1.728943999999999903e+01 0.000000000000000000e+00
2.520000000000000000e+02 1.181775000000000020e+01 -1.504010000000000069e+01 0.000000000000000000e+00
2.530000000000000000e+02 1.140854999999999997e+01 -1.298987999999999943e+01 0.000000000000000000e+00
2.540000000000000000e+02 1.092563999999999957e+01 -1.096992999999999974e+01 0.000000000000000000e+00
2.550000000000000000e+02 1.247253000000000078e+01 -9.530519999999999214e+00 0.000000000000000000e+00
2.560000000000000000e+02 1.208577000000000012e+01 -7.453780000000000072e+00 0.000000000000000000e+00
2.570000000000000000e+02 1.168294999999999995e+01 -5.427579999999999849e+00 0.000000000000000000e+00
2.580000000000000000e+02 1.143244999999999933e+01 -3.339199999999999946e+00 0.000000000000000000e+00
2.590000000000000000e+02 1.316361000000000026e+01 -1.905529999999999946e+00 0.000000000000000000e+00
2.600000000000000000e+02 1.250576000000000043e+01 1.146400000000000058e-01 0.000000000000000000e+00
2.610000000000000000e+02 1.395002000000000031e+01 3.772670000000000190e+00 0.000000000000000000e+00
2.620000000000000000e+02 1.365696999999999939e+01 5.842629999999999768e+00 0.000000000000000000e+00
2.630000000000000000e+02 1.152440999999999960e+01 6.330219999999999736e+00 0.000000000000000000e+00
2.640000000000000000e+02 1.329861000000000004e+01 7.921879999999999811e+00 0.000000000000000000e+00
2.650000000000000000e+02 1.113580999999999932e+01 8.430149999999999366e+00 0.000000000000000000e+00
2.660000000000000000e+02 1.061810000000000009e+01 1.046287000000000056e+01 0.000000000000000000e+00
2.670000000000000000e+02 1.017523000000000089e+01 1.248047000000000040e+01 0.000000000000000000e+00
2.680000000000000000e+02 1.014663999999999966e+01 1.470004999999999917e+01 0.000000000000000000e+00
2.690000000000000000e+02 9.230790000000000717e+00 1.699364999999999881e+01 0.000000000000000000e+00
2.700000000000000000e+02 1.364405999999999963e+01 -1.403613999999999962e+01 0.000000000000000000e+00
2.710000000000000000e+02 1.314649999999999963e+01 -1.161453999999999986e+01 0.000000000000000000e+00
2.720000000000000000e+02 1.480353999999999992e+01 -1.022650999999999932e+01 0.000000000000000000e+00
2.730000000000000000e+02 1.410074000000000005e+01 -8.178839999999999222e+00 0.000000000000000000e+00
2.740000000000000000e+02 1.367108999999999952e+01 -6.045560000000000045e+00 0.000000000000000000e+00
2.750000000000000000e+02 1.339889999999999937e+01 -3.975530000000000008e+00 0.000000000000000000e+00
2.760000000000000000e+02 1.524662000000000006e+01 -2.777320000000000011e+00 0.000000000000000000e+00
2.770000000000000000e+02 1.476130000000000031e+01 -5.035699999999999621e-01 0.000000000000000000e+00
2.780000000000000000e+02 1.676611000000000118e+01 -1.265339999999999909e+00 0.000000000000000000e+00
2.790000000000000000e+02 1.423354999999999926e+01 1.552059999999999995e+00 0.000000000000000000e+00
2.800000000000000000e+02 1.599215000000000053e+01 3.018850000000000033e+00 0.000000000000000000e+00
2.810000000000000000e+02 1.569359999999999999e+01 5.087229999999999919e+00 0.000000000000000000e+00
2.820000000000000000e+02 1.744354999999999833e+01 7.532499999999999751e+00 0.000000000000000000e+00
2.830000000000000000e+02 1.525508999999999915e+01 7.198879999999999946e+00 0.000000000000000000e+00
2.840000000000000000e+02 1.270636000000000010e+01 9.904780000000000584e+00 0.000000000000000000e+00
2.850000000000000000e+02 1.477849999999999930e+01 9.569789999999999353e+00 0.000000000000000000e+00
2.860000000000000000e+02 1.309623999999999988e+01 1.207757999999999932e+01 0.000000000000000000e+00
2.870000000000000000e+02 1.212480000000000047e+01 1.413935999999999993e+01 0.000000000000000000e+00
2.880000000000000000e+02 1.509430000000000049e+01 -1.230329000000000050e+01 0.000000000000000000e+00
2.890000000000000000e+02 1.653815000000000168e+01 -8.839199999999999946e+00 0.000000000000000000e+00
2.900000000000000000e+02 1.836396999999999835e+01 -7.693740000000000023e+00 0.000000000000000000e+00
2.910000000000000000e+02 1.743308000000000035e+01 -5.505370000000000097e+00 0.000000000000000000e+00
2.920000000000000000e+02 1.582338999999999984e+01 -6.869740000000000180e+00 0.000000000000000000e+00
2.930000000000000000e+02 1.538188000000000066e+01 -4.844940000000000246e+00 0.000000000000000000e+00
2.940000000000000000e+02 1.916938000000000031e+01 -4.371000000000000441e+00 0.000000000000000000e+00
2.950000000000000000e+02 1.725806000000000040e+01 -3.348599999999999799e+00 0.000000000000000000e+00
2.960000000000000000e+02 1.901949000000000112e+01 -2.137770000000000170e+00 0.000000000000000000e+00
2.970000000000000000e+02 1.635009000000000157e+01 8.150600000000000067e-01 0.000000000000000000e+00
2.980000000000000000e+02 1.808066000000000173e+01 2.118819999999999926e+00 0.000000000000000000e+00
2.990000000000000000e+02 1.777086999999999861e+01 4.326349999999999696e+00 0.000000000000000000e+00
