0.000000000000000000e+00 -1.228036999999999956e+01 -1.490002999999999922e+01 0.000000000000000000e+00
1.000000000000000000e+00 -1.525051999999999985e+01 -1.229401000000000010e+01 0.000000000000000000e+00
2.000000000000000000e+00 -1.578900999999999932e+01 -9.701629999999999754e+00 0.000000000000000000e+00
3.000000000000000000e+00 -1.643909999999999982e+01 -7.729849999999999888e+00 0.000000000000000000e+00
4.000000000000000000e+00 -1.676039000000000101e+01 -5.498070000000000235e+00 0.000000000000000000e+00
5.000000000000000000e+00 -1.742473000000000027e+01 -3.546650000000000080e+00 0.000000000000000000e+00
6.000000000000000000e+00 -1.783995000000000175e+01 -1.351390000000000091e+00 0.000000000000000000e+00
7.000000000000000000e+00 -1.573574999999999946e+01 -1.939939999999999998e+00 0.000000000000000000e+00
8.000000000000000000e+00 -1.826341999999999999e+01 8.791600000000000525e-01 0.000000000000000000e+00
9.000000000000000000e+00 -1.656837000000000160e+01 2.224369999999999958e+00 0.000000000000000000e+00
1.000000000000000000e+01 -1.867226000000000141e+01 3.163720000000000088e+00 0.000000000000000000e+00
1.100000000000000000e+01 -1.692749999999999844e+01 4.284139999999999837e+00 0.000000000000000000e+00
1.200000000000000000e+01 -1.764696999999999960e+01 6.262679999999999580e+00 0.000000000000000000e+00
1.300000000000000000e+01 -1.589703000000000088e+01 7.810120000000000395e+00 0.000000000000000000e+00
1.400000000000000000e+01 -1.785105000000000075e+01 8.519140000000000157e+00 0.000000000000000000e+00
1.500000000000000000e+01 -1.632528999999999897e+01 9.936030000000000584e+00 0.000000000000000000e+00
1.600000000000000000e+01 -1.470175000000000054e+01 1.146087999999999951e+01 0.000000000000000000e+00
1.700000000000000000e+01 -1.345972000000000079e+01 1.480636999999999937e+01 0.000000000000000000e+00
1.800000000000000000e+01 -1.038433000000000028e+01 -1.571810999999999936e+01 0.000000000000000000e+00
1.900000000000000000e+01 -1.324563999999999986e+01 -1.306509999999999927e+01 0.000000000000000000e+00
2.000000000000000000e+01 -1.389298999999999928e+01 -1.065133999999999936e+01 0.000000000000000000e+00
2.100000000000000000e+01 -1.421710000000000029e+01 -8.246639999999999304e+00 0.000000000000000000e+00
2.200000000000000000e+01 -1.463452999999999982e+01 -6.202469999999999928e+00 0.000000000000000000e+00
2.300000000000000000e+01 -1.516729999999999912e+01 -4.060060000000000002e+00 0.000000000000000000e+00
2.400000000000000000e+01 -1.359352999999999945e+01 -2.620190000000000019e+00 0.000000000000000000e+00
2.500000000000000000e+01 -1.407876000000000083e+01 -5.727700000000000014e-01 0.000000000000000000e+00
2.600000000000000000e+01 -1.608006999999999920e+01 1.519199999999999995e-01 0.000000000000000000e+00
2.700000000000000000e+01 -1.437340999999999980e+01 1.504769999999999941e+00 0.000000000000000000e+00
2.800000000000000000e+01 -1.491103999999999985e+01 3.573199999999999932e+00 0.000000000000000000e+00
2.900000000000000000e+01 -1.541172000000000075e+01 5.741349999999999731e+00 0.000000000000000000e+00
3.000000000000000000e+01 -1.369780000000000086e+01 7.112070000000000114e+00 0.000000000000000000e+00
3.100000000000000000e+01 -1.432934000000000019e+01 9.258150000000000546e+00 0.000000000000000000e+00
3.200000000000000000e+01 -1.214065000000000083e+01 8.499499999999999389e+00 0.000000000000000000e+00
3.300000000000000000e+01 -1.261153999999999975e+01 1.051884000000000086e+01 0.000000000000000000e+00
3.400000000000000000e+01 -1.296518000000000015e+01 1.269264000000000081e+01 0.000000000000000000e+00
3.500000000000000000e+01 -1.186336999999999975e+01 1.613664999999999949e+01 0.000000000000000000e+00
3.600000000000000000e+01 -8.700490000000000279e+00 -1.697224999999999895e+01 0.000000000000000000e+00
3.700000000000000000e+01 -1.103317999999999977e+01 -1.322874000000000017e+01 0.000000000000000000e+00
3.800000000000000000e+01 -1.180907999999999980e+01 -1.126084999999999958e+01 0.000000000000000000e+00
3.900000000000000000e+01 -1.217962999999999951e+01 -9.140290000000000248e+00 0.000000000000000000e+00
4.000000000000000000e+01 -1.259229000000000021e+01 -6.929689999999999905e+00 0.000000000000000000e+00
4.100000000000000000e+01 -1.318477999999999994e+01 -4.690369999999999706e+00 0.000000000000000000e+00
4.200000000000000000e+01 -1.160563999999999929e+01 -3.224650000000000016e+00 0.000000000000000000e+00
4.300000000000000000e+01 -1.205089000000000077e+01 -1.153850000000000042e+00 0.000000000000000000e+00
4.400000000000000000e+01 -1.240005999999999986e+01 9.015300000000000535e-01 0.000000000000000000e+00
4.500000000000000000e+01 -1.082469000000000037e+01 2.269600000000000062e+00 0.000000000000000000e+00
4.600000000000000000e+01 -1.287693999999999939e+01 2.921959999999999891e+00 0.000000000000000000e+00
4.700000000000000000e+01 -1.336105000000000054e+01 5.054070000000000285e+00 0.000000000000000000e+00
4.800000000000000000e+01 -1.165203999999999951e+01 6.433430000000000426e+00 0.000000000000000000e+00
4.900000000000000000e+01 -1.010247999999999990e+01 7.794330000000000425e+00 0.000000000000000000e+00
5.000000000000000000e+01 -1.052140999999999948e+01 9.831469999999999487e+00 0.000000000000000000e+00
5.100000000000000000e+01 -1.103631000000000029e+01 1.195913999999999966e+01 0.000000000000000000e+00
5.200000000000000000e+01 -1.137104000000000070e+01 1.410401000000000060e+01 0.000000000000000000e+00
5.300000000000000000e+01 -1.050946000000000069e+01 1.775518999999999892e+01 0.000000000000000000e+00
5.400000000000000000e+01 -4.635600000000000165e+00 -1.824340000000000117e+01 0.000000000000000000e+00
5.500000000000000000e+01 -9.085710000000000619e+00 -1.400266000000000055e+01 0.000000000000000000e+00
5.600000000000000000e+01 -9.465780000000000527e+00 -1.177022999999999975e+01 0.000000000000000000e+00
5.700000000000000000e+01 -1.008681999999999945e+01 -9.718519999999999825e+00 0.000000000000000000e+00
5.800000000000000000e+01 -1.052602000000000082e+01 -7.547679999999999723e+00 0.000000000000000000e+00
5.900000000000000000e+01 -1.107241999999999926e+01 -5.465620000000000367e+00 0.000000000000000000e+00
6.000000000000000000e+01 -9.562829999999999941e+00 -3.988339999999999996e+00 0.000000000000000000e+00
6.100000000000000000e+01 -1.006335999999999942e+01 -1.807279999999999998e+00 0.000000000000000000e+00
6.200000000000000000e+01 -1.043829000000000029e+01 2.349600000000000022e-01 0.000000000000000000e+00
6.300000000000000000e+01 -8.852109999999999701e+00 1.631890000000000063e+00 0.000000000000000000e+00
6.400000000000000000e+01 -9.280900000000000816e+00 3.683590000000000142e+00 0.000000000000000000e+00
6.500000000000000000e+01 -1.132213999999999920e+01 4.265710000000000335e+00 0.000000000000000000e+00
6.600000000000000000e+01 -9.683270000000000266e+00 5.760609999999999786e+00 0.000000000000000000e+00
6.700000000000000000e+01 -8.488260000000000360e+00 9.181760000000000588e+00 0.000000000000000000e+00
6.800000000000000000e+01 -8.968189999999999884e+00 1.121570000000000000e+01 0.000000000000000000e+00
6.900000000000000000e+01 -9.250370000000000203e+00 1.327492999999999945e+01 0.000000000000000000e+00
7.000000000000000000e+01 -9.739470000000000738e+00 1.540705999999999953e+01 0.000000000000000000e+00
7.100000000000000000e+01 -6.618369999999999642e+00 1.839377999999999957e+01 0.000000000000000000e+00
7.200000000000000000e+01 -6.013080000000000425e+00 -1.665709000000000017e+01 0.000000000000000000e+00
7.300000000000000000e+01 -7.243870000000000253e+00 -1.497222000000000008e+01 0.000000000000000000e+00
7.400000000000000000e+01 -7.236170000000000435e+00 -1.273958999999999975e+01 0.000000000000000000e+00
7.500000000000000000e+01 -8.057370000000000587e+00 -1.023975000000000080e+01 0.000000000000000000e+00
7.600000000000000000e+01 -8.551239999999999952e+00 -8.181910000000000238e+00 0.000000000000000000e+00
7.700000000000000000e+01 -9.020789999999999864e+00 -6.100590000000000401e+00 0.000000000000000000e+00
7.800000000000000000e+01 -7.577420000000000044e+00 -4.632249999999999979e+00 0.000000000000000000e+00
7.900000000000000000e+01 -8.030720000000000525e+00 -2.528379999999999850e+00 0.000000000000000000e+00
8.000000000000000000e+01 -8.439310000000000755e+00 -4.292900000000000049e-01 0.000000000000000000e+00
8.100000000000000000e+01 -6.883239999999999803e+00 9.485400000000000498e-01 0.000000000000000000e+00
8.200000000000000000e+01 -7.288969999999999949e+00 2.980410000000000004e+00 0.000000000000000000e+00
8.300000000000000000e+01 -7.651010000000000311e+00 5.031209999999999738e+00 0.000000000000000000e+00
8.400000000000000000e+01 -8.086660000000000181e+00 7.093340000000000423e+00 0.000000000000000000e+00
8.500000000000000000e+01 -6.517290000000000028e+00 8.474339999999999762e+00 0.000000000000000000e+00
8.600000000000000000e+01 -6.931580000000000297e+00 1.063787999999999911e+01 0.000000000000000000e+00
8.700000000000000000e+01 -7.233850000000000335e+00 1.271974999999999945e+01 0.000000000000000000e+00
8.800000000000000000e+01 -7.769790000000000418e+00 1.475043999999999933e+01 0.000000000000000000e+00
8.900000000000000000e+01 -8.018000000000000682e+00 1.683749999999999858e+01 0.000000000000000000e+00
9.000000000000000000e+01 -3.970410000000000217e+00 -1.628657000000000110e+01 0.000000000000000000e+00
9.100000000000000000e+01 -5.196850000000000414e+00 -1.460333999999999932e+01 0.000000000000000000e+00
9.200000000000000000e+01 -4.692179999999999573e+00 -1.243769999999999953e+01 0.000000000000000000e+00
9.300000000000000000e+01 -6.086210000000000342e+00 -1.088254000000000055e+01 0.000000000000000000e+00
9.400000000000000000e+01 -6.501949999999999896e+00 -8.792809999999999349e+00 0.000000000000000000e+00
9.500000000000000000e+01 -7.043490000000000251e+00 -6.761790000000000411e+00 0.000000000000000000e+00
9.600000000000000000e+01 -5.548610000000000042e+00 -5.253510000000000346e+00 0.000000000000000000e+00
9.700000000000000000e+01 -6.079110000000000014e+00 -3.205400000000000027e+00 0.000000000000000000e+00
9.800000000000000000e+01 -6.479820000000000135e+00 -1.145289999999999919e+00 0.000000000000000000e+00
9.900000000000000000e+01 -5.268189999999999706e+00 2.237890000000000157e+00 0.000000000000000000e+00
1.000000000000000000e+02 -3.701839999999999797e+00 3.594440000000000079e+00 0.000000000000000000e+00
1.010000000000000000e+02 -5.670079999999999565e+00 4.279539999999999900e+00 0.000000000000000000e+00
1.020000000000000000e+02 -6.015349999999999753e+00 6.337950000000000195e+00 0.000000000000000000e+00
1.030000000000000000e+02 -4.825140000000000207e+00 9.839959999999999596e+00 0.000000000000000000e+00
1.040000000000000000e+02 -5.270570000000000199e+00 1.188291000000000075e+01 0.000000000000000000e+00
1.050000000000000000e+02 -5.677120000000000388e+00 1.409148000000000067e+01 0.000000000000000000e+00
1.060000000000000000e+02 -6.010989999999999611e+00 1.626859999999999928e+01 0.000000000000000000e+00
1.070000000000000000e+02 -4.478469999999999729e+00 1.765523999999999916e+01 0.000000000000000000e+00
1.080000000000000000e+02 -2.575540000000000163e+00 -1.797919999999999874e+01 0.000000000000000000e+00
1.090000000000000000e+02 -3.154780000000000140e+00 -1.410946999999999996e+01 0.000000000000000000e+00
1.100000000000000000e+02 -2.573749999999999982e+00 -1.208569999999999922e+01 0.000000000000000000e+00
1.110000000000000000e+02 -3.988780000000000214e+00 -1.041094000000000008e+01 0.000000000000000000e+00
1.120000000000000000e+02 -3.124150000000000205e+00 -8.437860000000000582e+00 0.000000000000000000e+00
1.130000000000000000e+02 -4.845629999999999882e+00 -7.198889999999999567e+00 0.000000000000000000e+00
1.140000000000000000e+02 -3.798070000000000057e+00 -3.986899999999999888e+00 0.000000000000000000e+00
1.150000000000000000e+02 -4.514039999999999608e+00 -1.867680000000000007e+00 0.000000000000000000e+00
1.160000000000000000e+02 -4.888490000000000002e+00 1.991100000000000092e-01 0.000000000000000000e+00
1.170000000000000000e+02 -3.319920000000000204e+00 1.562449999999999894e+00 0.000000000000000000e+00
1.180000000000000000e+02 -1.719530000000000003e+00 2.951350000000000140e+00 0.000000000000000000e+00
1.190000000000000000e+02 -3.989370000000000083e+00 5.687820000000000320e+00 0.000000000000000000e+00
1.200000000000000000e+02 -4.486930000000000085e+00 7.749959999999999738e+00 0.000000000000000000e+00
1.210000000000000000e+02 -2.803319999999999812e+00 9.121249999999999858e+00 0.000000000000000000e+00
1.220000000000000000e+02 -3.308419999999999916e+00 1.125313000000000052e+01 0.000000000000000000e+00
1.230000000000000000e+02 -3.582949999999999857e+00 1.342864999999999931e+01 0.000000000000000000e+00
1.240000000000000000e+02 -3.989790000000000170e+00 1.554955999999999960e+01 0.000000000000000000e+00
1.250000000000000000e+02 -3.867480000000000029e+00 1.973149000000000086e+01 0.000000000000000000e+00
1.260000000000000000e+02 -1.518620000000000081e+00 -1.983539000000000030e+01 0.000000000000000000e+00
1.270000000000000000e+02 -1.738969999999999905e+00 -1.566893999999999920e+01 0.000000000000000000e+00
1.280000000000000000e+02 -1.123010000000000064e+00 -1.368443000000000076e+01 0.000000000000000000e+00
1.290000000000000000e+02 -1.805560000000000054e+00 -1.009826999999999941e+01 0.000000000000000000e+00
1.300000000000000000e+02 -9.881799999999999473e-01 -8.210839999999999250e+00 0.000000000000000000e+00
1.310000000000000000e+02 -2.764629999999999921e+00 -6.406889999999999752e+00 0.000000000000000000e+00
1.320000000000000000e+02 -1.793959999999999999e+00 -4.591660000000000075e+00 0.000000000000000000e+00
1.330000000000000000e+02 -2.172460000000000058e+00 -2.552950000000000053e+00 0.000000000000000000e+00
1.340000000000000000e+02 -2.926769999999999872e+00 -4.581700000000000217e-01 0.000000000000000000e+00
1.350000000000000000e+02 -1.315039999999999987e+00 8.822200000000000042e-01 0.000000000000000000e+00
1.360000000000000000e+02 2.570399999999999907e-01 2.225369999999999848e+00 0.000000000000000000e+00
1.370000000000000000e+02 -2.021549999999999958e+00 4.996089999999999698e+00 0.000000000000000000e+00
1.380000000000000000e+02 -2.451649999999999885e+00 7.083890000000000242e+00 0.000000000000000000e+00
1.390000000000000000e+02 -8.555700000000000527e-01 8.469829999999999970e+00 0.000000000000000000e+00
1.400000000000000000e+02 -1.304920000000000080e+00 1.066188000000000002e+01 0.000000000000000000e+00
1.410000000000000000e+02 -1.589169999999999972e+00 1.271039000000000030e+01 0.000000000000000000e+00
1.420000000000000000e+02 -1.969459999999999988e+00 1.480819999999999936e+01 0.000000000000000000e+00
1.430000000000000000e+02 -2.393949999999999800e+00 1.706512000000000029e+01 0.000000000000000000e+00
1.440000000000000000e+02 -5.642200000000000548e-01 -1.741941999999999879e+01 0.000000000000000000e+00
1.450000000000000000e+02 3.044499999999999984e-01 -1.539174000000000042e+01 0.000000000000000000e+00
1.460000000000000000e+02 -4.418699999999999850e-01 -1.166121000000000052e+01 0.000000000000000000e+00
1.470000000000000000e+02 3.681200000000000028e-01 -9.776830000000000354e+00 0.000000000000000000e+00
1.480000000000000000e+02 1.030140000000000056e+00 -7.807929999999999815e+00 0.000000000000000000e+00
1.490000000000000000e+02 -4.710599999999999787e-01 -6.207019999999999982e+00 0.000000000000000000e+00
1.500000000000000000e+02 2.486700000000000021e-01 -4.281970000000000276e+00 0.000000000000000000e+00
1.510000000000000000e+02 9.559299999999999464e-01 -2.352730000000000210e+00 0.000000000000000000e+00
1.520000000000000000e+02 -6.993500000000000272e-01 -1.093399999999999928e+00 0.000000000000000000e+00
1.530000000000000000e+02 2.273719999999999963e+00 1.624209999999999932e+00 0.000000000000000000e+00
1.540000000000000000e+02 -2.275999999999999898e-02 4.278730000000000366e+00 0.000000000000000000e+00
1.550000000000000000e+02 -4.613300000000000178e-01 6.375630000000000130e+00 0.000000000000000000e+00
1.560000000000000000e+02 1.132670000000000066e+00 7.834360000000000213e+00 0.000000000000000000e+00
1.570000000000000000e+02 7.012800000000000145e-01 9.866649999999999920e+00 0.000000000000000000e+00
1.580000000000000000e+02 3.877499999999999836e-01 1.195803000000000083e+01 0.000000000000000000e+00
1.590000000000000000e+02 4.531999999999999917e-02 1.410064000000000028e+01 0.000000000000000000e+00
1.600000000000000000e+02 -3.775899999999999812e-01 1.617312000000000083e+01 0.000000000000000000e+00
1.610000000000000000e+02 -8.533300000000000329e-01 1.860531999999999897e+01 0.000000000000000000e+00
1.620000000000000000e+02 1.069730000000000070e+00 -1.893196000000000012e+01 0.000000000000000000e+00
1.630000000000000000e+02 1.669680000000000053e+00 -1.694572000000000145e+01 0.000000000000000000e+00
1.640000000000000000e+02 1.161259999999999959e+00 -1.340198999999999963e+01 0.000000000000000000e+00
1.650000000000000000e+02 1.826389999999999958e+00 -1.143756999999999913e+01 0.000000000000000000e+00
1.660000000000000000e+02 2.416380000000000194e+00 -9.443390000000000839e+00 0.000000000000000000e+00
1.670000000000000000e+02 1.628989999999999938e+00 -5.826120000000000410e+00 0.000000000000000000e+00
1.680000000000000000e+02 2.357110000000000039e+00 -3.897190000000000154e+00 0.000000000000000000e+00
1.690000000000000000e+02 3.012750000000000039e+00 -1.929179999999999895e+00 0.000000000000000000e+00
1.700000000000000000e+02 1.164809999999999901e+00 -2.201799999999999868e-01 0.000000000000000000e+00
1.710000000000000000e+02 3.617389999999999883e+00 5.908000000000000057e-02 0.000000000000000000e+00
1.720000000000000000e+02 1.964930000000000065e+00 3.663889999999999869e+00 0.000000000000000000e+00
1.730000000000000000e+02 1.527519999999999989e+00 5.686779999999999724e+00 0.000000000000000000e+00
1.740000000000000000e+02 3.120109999999999939e+00 6.994360000000000355e+00 0.000000000000000000e+00
1.750000000000000000e+02 2.690710000000000157e+00 9.264570000000000860e+00 0.000000000000000000e+00
1.760000000000000000e+02 2.414239999999999942e+00 1.151266000000000034e+01 0.000000000000000000e+00
1.770000000000000000e+02 2.066329999999999778e+00 1.354155000000000086e+01 0.000000000000000000e+00
1.780000000000000000e+02 1.680220000000000047e+00 1.561830999999999925e+01 0.000000000000000000e+00
1.790000000000000000e+02 1.100700000000000012e+00 1.761248000000000147e+01 0.000000000000000000e+00
1.800000000000000000e+02 5.433900000000000396e+00 -1.837568999999999875e+01 0.000000000000000000e+00
1.810000000000000000e+02 2.543750000000000178e+00 -1.494430000000000014e+01 0.000000000000000000e+00
1.820000000000000000e+02 3.216200000000000170e+00 -1.297709000000000046e+01 0.000000000000000000e+00
1.830000000000000000e+02 3.849660000000000082e+00 -1.095955000000000013e+01 0.000000000000000000e+00
1.840000000000000000e+02 4.535429999999999851e+00 -9.003410000000000579e+00 0.000000000000000000e+00
1.850000000000000000e+02 3.099580000000000002e+00 -7.446039999999999992e+00 0.000000000000000000e+00
1.860000000000000000e+02 3.798849999999999838e+00 -5.491480000000000139e+00 0.000000000000000000e+00
1.870000000000000000e+02 4.434409999999999741e+00 -3.506800000000000139e+00 0.000000000000000000e+00
1.880000000000000000e+02 5.056610000000000049e+00 -1.477919999999999900e+00 0.000000000000000000e+00
1.890000000000000000e+02 5.634719999999999729e+00 6.557800000000000296e-01 0.000000000000000000e+00
1.900000000000000000e+02 4.135810000000000208e+00 2.604459999999999997e+00 0.000000000000000000e+00
1.910000000000000000e+02 3.734539999999999971e+00 4.744180000000000064e+00 0.000000000000000000e+00
1.920000000000000000e+02 5.093270000000000408e+00 6.335939999999999905e+00 0.000000000000000000e+00
1.930000000000000000e+02 4.599969999999999892e+00 8.433889999999999887e+00 0.000000000000000000e+00
1.940000000000000000e+02 4.318640000000000256e+00 1.059988000000000063e+01 0.000000000000000000e+00
1.950000000000000000e+02 4.230690000000000062e+00 1.277012000000000036e+01 0.000000000000000000e+00
1.960000000000000000e+02 3.871329999999999938e+00 1.484955000000000069e+01 0.000000000000000000e+00
1.970000000000000000e+02 3.534949999999999815e+00 1.692344999999999899e+01 0.000000000000000000e+00
1.980000000000000000e+02 3.997809999999999864e+00 -1.658877999999999986e+01 0.000000000000000000e+00
1.990000000000000000e+02 4.659970000000000390e+00 -1.458084999999999987e+01 0.000000000000000000e+00
2.000000000000000000e+02 5.358139999999999681e+00 -1.262017999999999951e+01 0.000000000000000000e+00
2.010000000000000000e+02 5.965959999999999930e+00 -1.049765000000000015e+01 0.000000000000000000e+00
2.020000000000000000e+02 6.593580000000000219e+00 -8.534489999999999910e+00 0.000000000000000000e+00
2.030000000000000000e+02 5.241660000000000430e+00 -6.982199999999999740e+00 0.000000000000000000e+00
2.040000000000000000e+02 5.858600000000000030e+00 -5.025339999999999918e+00 0.000000000000000000e+00
2.050000000000000000e+02 6.450420000000000265e+00 -3.046609999999999818e+00 0.000000000000000000e+00
2.060000000000000000e+02 7.102739999999999831e+00 -9.308699999999999752e-01 0.000000000000000000e+00
2.070000000000000000e+02 7.655310000000000059e+00 1.082940000000000014e+00 0.000000000000000000e+00
2.080000000000000000e+02 6.206459999999999866e+00 2.658110000000000195e+00 0.000000000000000000e+00
2.090000000000000000e+02 6.566259999999999764e+00 4.763519999999999754e+00 0.000000000000000000e+00
2.100000000000000000e+02 7.320669999999999789e+00 6.785980000000000345e+00 0.000000000000000000e+00
2.110000000000000000e+02 6.281320000000000014e+00 9.784649999999999181e+00 0.000000000000000000e+00
2.120000000000000000e+02 6.106849999999999667e+00 1.184600000000000009e+01 0.000000000000000000e+00
2.130000000000000000e+02 5.911669999999999980e+00 1.405075000000000074e+01 0.000000000000000000e+00
2.140000000000000000e+02 5.631039999999999601e+00 1.615997000000000128e+01 0.000000000000000000e+00
2.150000000000000000e+02 2.685919999999999863e+00 1.898915999999999826e+01 0.000000000000000000e+00
2.160000000000000000e+02 6.061530000000000307e+00 -1.630253000000000085e+01 0.000000000000000000e+00
2.170000000000000000e+02 6.723449999999999704e+00 -1.430030999999999963e+01 0.000000000000000000e+00
2.180000000000000000e+02 7.406130000000000102e+00 -1.204875999999999969e+01 0.000000000000000000e+00
2.190000000000000000e+02 8.074120000000000630e+00 -1.006057999999999986e+01 0.000000000000000000e+00
2.200000000000000000e+02 8.797409999999999286e+00 -8.121909999999999741e+00 0.000000000000000000e+00
2.210000000000000000e+02 7.293169999999999931e+00 -6.551580000000000403e+00 0.000000000000000000e+00
2.220000000000000000e+02 7.867460000000000342e+00 -4.550370000000000026e+00 0.000000000000000000e+00
2.230000000000000000e+02 8.468890000000000029e+00 -2.554670000000000218e+00 0.000000000000000000e+00
2.240000000000000000e+02 9.150619999999999976e+00 -3.525699999999999945e-01 0.000000000000000000e+00
2.250000000000000000e+02 9.707979999999999166e+00 1.670830000000000037e+00 0.000000000000000000e+00
2.260000000000000000e+02 8.224420000000000286e+00 3.192520000000000024e+00 0.000000000000000000e+00
2.270000000000000000e+02 8.784409999999999386e+00 5.303090000000000082e+00 0.000000000000000000e+00
2.280000000000000000e+02 9.525449999999999307e+00 7.223939999999999806e+00 0.000000000000000000e+00
2.290000000000000000e+02 8.122009999999999508e+00 8.730940000000000367e+00 0.000000000000000000e+00
2.300000000000000000e+02 7.786439999999999806e+00 1.308061999999999969e+01 0.000000000000000000e+00
2.310000000000000000e+02 7.874060000000000059e+00 1.516812000000000005e+01 0.000000000000000000e+00
2.320000000000000000e+02 8.146520000000000650e+00 1.724802000000000035e+01 0.000000000000000000e+00
2.330000000000000000e+02 5.240459999999999674e+00 1.818665000000000020e+01 0.000000000000000000e+00
2.340000000000000000e+02 8.191610000000000724e+00 -1.582301000000000002e+01 0.000000000000000000e+00
2.350000000000000000e+02 8.832309999999999661e+00 -1.361773999999999951e+01 0.000000000000000000e+00
2.360000000000000000e+02 9.468989999999999796e+00 -1.161663000000000068e+01 0.000000000000000000e+00
2.370000000000000000e+02 1.017721000000000053e+01 -9.642279999999999518e+00 0.000000000000000000e+00
2.380000000000000000e+02 1.082933000000000057e+01 -7.625250000000000306e+00 0.000000000000000000e+00
2.390000000000000000e+02 9.383350000000000080e+00 -6.041710000000000136e+00 0.000000000000000000e+00
2.400000000000000000e+02 9.935629999999999740e+00 -4.003219999999999779e+00 0.000000000000000000e+00
2.410000000000000000e+02 1.194317999999999991e+01 -3.447499999999999787e+00 0.000000000000000000e+00
2.420000000000000000e+02 1.063691000000000031e+01 -1.831709999999999949e+00 0.000000000000000000e+00
2.430000000000000000e+02 1.122277000000000058e+01 1.799900000000000111e-01 0.000000000000000000e+00
2.440000000000000000e+02 1.178589999999999982e+01 2.170960000000000001e+00 0.000000000000000000e+00
2.450000000000000000e+02 1.032375000000000043e+01 3.698830000000000062e+00 0.000000000000000000e+00
2.460000000000000000e+02 1.099818999999999924e+01 5.716450000000000031e+00 0.000000000000000000e+00
2.470000000000000000e+02 1.151393000000000022e+01 7.738999999999999879e+00 0.000000000000000000e+00
2.480000000000000000e+02 1.010280000000000022e+01 9.333050000000000068e+00 0.000000000000000000e+00
2.490000000000000000e+02 8.008599999999999497e+00 1.099752999999999936e+01 0.000000000000000000e+00
2.500000000000000000e+02 9.895379999999999399e+00 1.348714000000000013e+01 0.000000000000000000e+00
2.510000000000000000e+02 9.937020000000000408e+00 1.577152000000000065e+01 0.000000000000000000e+00
2.520000000000000000e+02 1.022957000000000072e+01 -1.529046999999999912e+01 0.000000000000000000e+00
2.530000000000000000e+02 1.087021999999999977e+01 -1.330756000000000050e+01 0.000000000000000000e+00
2.540000000000000000e+02 1.151604999999999990e+01 -1.121434999999999960e+01 0.000000000000000000e+00
2.550000000000000000e+02 1.221471999999999980e+01 -9.206670000000000798e+00 0.000000000000000000e+00
2.560000000000000000e+02 1.280555000000000021e+01 -6.996310000000000251e+00 0.000000000000000000e+00
2.570000000000000000e+02 1.137401000000000018e+01 -5.476289999999999658e+00 0.000000000000000000e+00
2.580000000000000000e+02 1.337416999999999945e+01 -4.997690000000000410e+00 0.000000000000000000e+00
2.590000000000000000e+02 1.407230000000000025e+01 -3.031210000000000182e+00 0.000000000000000000e+00
2.600000000000000000e+02 1.272212999999999994e+01 -1.432860000000000023e+00 0.000000000000000000e+00
2.610000000000000000e+02 1.330128999999999984e+01 5.678499999999999659e-01 0.000000000000000000e+00
2.620000000000000000e+02 1.381844000000000072e+01 2.630619999999999958e+00 0.000000000000000000e+00
2.630000000000000000e+02 1.241822999999999944e+01 4.153959999999999653e+00 0.000000000000000000e+00
2.640000000000000000e+02 1.301270000000000060e+01 6.241170000000000329e+00 0.000000000000000000e+00
2.650000000000000000e+02 1.365117000000000047e+01 8.276749999999999829e+00 0.000000000000000000e+00
2.660000000000000000e+02 1.570984999999999943e+01 8.858159999999999812e+00 0.000000000000000000e+00
2.670000000000000000e+02 1.208549000000000007e+01 9.932760000000000034e+00 0.000000000000000000e+00
2.680000000000000000e+02 1.010990999999999929e+01 1.142257000000000033e+01 0.000000000000000000e+00
2.690000000000000000e+02 1.230434999999999945e+01 1.415551999999999921e+01 0.000000000000000000e+00
2.700000000000000000e+02 1.240033999999999992e+01 -1.471631999999999962e+01 0.000000000000000000e+00
2.710000000000000000e+02 1.294553999999999938e+01 -1.273323000000000071e+01 0.000000000000000000e+00
2.720000000000000000e+02 1.361406000000000027e+01 -1.073869999999999969e+01 0.000000000000000000e+00
2.730000000000000000e+02 1.425534000000000034e+01 -8.716590000000000060e+00 0.000000000000000000e+00
2.740000000000000000e+02 1.643055999999999983e+01 -8.278000000000000469e+00 0.000000000000000000e+00
2.750000000000000000e+02 1.488094000000000072e+01 -6.744830000000000325e+00 0.000000000000000000e+00
2.760000000000000000e+02 1.542373000000000083e+01 -4.594630000000000436e+00 0.000000000000000000e+00
2.770000000000000000e+02 1.620185999999999993e+01 -2.503870000000000040e+00 0.000000000000000000e+00
2.780000000000000000e+02 1.475854999999999961e+01 -1.035020000000000051e+00 0.000000000000000000e+00
2.790000000000000000e+02 1.675303999999999860e+01 -4.051400000000000001e-01 0.000000000000000000e+00
2.800000000000000000e+02 1.538197000000000081e+01 1.172500000000000098e+00 0.000000000000000000e+00
2.810000000000000000e+02 1.599117999999999995e+01 3.232470000000000176e+00 0.000000000000000000e+00
2.820000000000000000e+02 1.450834000000000046e+01 4.721540000000000070e+00 0.000000000000000000e+00
2.830000000000000000e+02 1.519663000000000075e+01 6.831949999999999967e+00 0.000000000000000000e+00
2.840000000000000000e+02 1.730478000000000094e+01 7.419920000000000293e+00 0.000000000000000000e+00
2.850000000000000000e+02 1.414564999999999984e+01 1.312113000000000085e+01 0.000000000000000000e+00
2.860000000000000000e+02 1.405147999999999975e+01 1.075400999999999918e+01 0.000000000000000000e+00
2.870000000000000000e+02 1.221428000000000047e+01 1.206330999999999953e+01 0.000000000000000000e+00
2.880000000000000000e+02 1.439911000000000030e+01 -1.422685000000000066e+01 0.000000000000000000e+00
2.890000000000000000e+02 1.510637000000000008e+01 -1.224820000000000064e+01 0.000000000000000000e+00
2.900000000000000000e+02 1.570553999999999917e+01 -1.026392000000000060e+01 0.000000000000000000e+00
2.910000000000000000e+02 2.067135000000000034e+01 -1.567919999999999980e+00 0.000000000000000000e+00
2.920000000000000000e+02 1.759030999999999878e+01 -4.088289999999999758e+00 0.000000000000000000e+00
2.930000000000000000e+02 1.703395000000000081e+01 -6.065100000000000158e+00 0.000000000000000000e+00
2.940000000000000000e+02 1.857347000000000037e+01 -2.093420000000000059e+00 0.000000000000000000e+00
2.950000000000000000e+02 1.963257000000000119e+01 1.966539999999999955e+00 0.000000000000000000e+00
2.960000000000000000e+02 1.880816000000000088e+01 6.790000000000000202e-02 0.000000000000000000e+00
2.970000000000000000e+02 1.754836999999999847e+01 1.794960000000000111e+00 0.000000000000000000e+00
2.980000000000000000e+02 1.824822999999999951e+01 3.786929999999999907e+00 0.000000000000000000e+00
2.990000000000000000e+02 1.657196000000000069e+01 5.291890000000000427e+00 0.000000000000000000e+00
