0.000000000000000000e+00 -1.490945999999999927e+01 -1.189667000000000030e+01 0.000000000000000000e+00
1.000000000000000000e+00 -1.517263999999999946e+01 -9.830849999999999866e+00 0.000000000000000000e+00
2.000000000000000000e+00 -1.730994000000000099e+01 -6.849820000000000242e+00 0.000000000000000000e+00
3.000000000000000000e+00 -1.540996999999999950e+01 -7.728240000000000443e+00 0.000000000000000000e+00
4.000000000000000000e+00 -1.838100999999999985e+01 -5.016160000000000174e+00 0.000000000000000000e+00
5.000000000000000000e+00 -1.949378000000000100e+01 -1.070319999999999938e+00 0.000000000000000000e+00
6.000000000000000000e+00 -1.565837999999999930e+01 -3.175739999999999785e+00 0.000000000000000000e+00
7.000000000000000000e+00 -1.761111999999999966e+01 -2.293489999999999807e+00 0.000000000000000000e+00
8.000000000000000000e+00 -1.771342999999999890e+01 -1.485000000000000035e-02 0.000000000000000000e+00
9.000000000000000000e+00 -2.019602000000000075e+01 1.570009999999999906e+00 0.000000000000000000e+00
1.000000000000000000e+01 -1.812862000000000151e+01 2.080540000000000056e+00 0.000000000000000000e+00
1.100000000000000000e+01 -1.605247999999999919e+01 3.180989999999999984e+00 0.000000000000000000e+00
1.200000000000000000e+01 -1.643393000000000015e+01 5.337790000000000035e+00 0.000000000000000000e+00
1.300000000000000000e+01 -1.857619000000000042e+01 4.399630000000000152e+00 0.000000000000000000e+00
1.400000000000000000e+01 -1.715998000000000090e+01 7.405300000000000438e+00 0.000000000000000000e+00
1.500000000000000000e+01 -1.667748999999999882e+01 9.619569999999999510e+00 0.000000000000000000e+00
1.600000000000000000e+01 -1.493497999999999948e+01 1.079917999999999978e+01 0.000000000000000000e+00
1.700000000000000000e+01 -1.459783000000000008e+01 1.304847999999999963e+01 0.000000000000000000e+00
1.800000000000000000e+01 -1.098933000000000071e+01 -1.602393999999999963e+01 0.000000000000000000e+00
1.900000000000000000e+01 -1.315766999999999953e+01 -1.296603999999999957e+01 0.000000000000000000e+00
2.000000000000000000e+01 -1.316708000000000034e+01 -1.061806999999999945e+01 0.000000000000000000e+00
2.100000000000000000e+01 -1.344125999999999976e+01 -8.547280000000000655e+00 0.000000000000000000e+00
2.200000000000000000e+01 -1.375298000000000087e+01 -6.398920000000000385e+00 0.000000000000000000e+00
2.300000000000000000e+01 -1.556146000000000029e+01 -5.372270000000000323e+00 0.000000000000000000e+00
2.400000000000000000e+01 -1.360486000000000040e+01 -4.237059999999999604e+00 0.000000000000000000e+00
2.500000000000000000e+01 -1.384556000000000076e+01 -2.178729999999999833e+00 0.000000000000000000e+00
2.600000000000000000e+01 -1.588354999999999961e+01 -1.006269999999999998e+00 0.000000000000000000e+00
2.700000000000000000e+01 -1.405859000000000059e+01 -5.179999999999999709e-03 0.000000000000000000e+00
2.800000000000000000e+01 -1.591381999999999941e+01 1.082600000000000007e+00 0.000000000000000000e+00
2.900000000000000000e+01 -1.406062999999999974e+01 2.226820000000000022e+00 0.000000000000000000e+00
3.000000000000000000e+01 -1.420050999999999952e+01 4.431770000000000209e+00 0.000000000000000000e+00
3.100000000000000000e+01 -1.467529000000000039e+01 6.432559999999999611e+00 0.000000000000000000e+00
3.200000000000000000e+01 -1.490220000000000056e+01 8.481559999999999988e+00 0.000000000000000000e+00
3.300000000000000000e+01 -1.295465000000000089e+01 9.674369999999999692e+00 0.000000000000000000e+00
3.400000000000000000e+01 -1.274615999999999971e+01 1.192051999999999978e+01 0.000000000000000000e+00
3.500000000000000000e+01 -1.317821999999999960e+01 1.471987999999999985e+01 0.000000000000000000e+00
3.600000000000000000e+01 -9.031589999999999563e+00 -1.676201999999999970e+01 0.000000000000000000e+00
3.700000000000000000e+01 -1.119570000000000043e+01 -1.395589000000000013e+01 0.000000000000000000e+00
3.800000000000000000e+01 -1.133867000000000047e+01 -1.162237999999999971e+01 0.000000000000000000e+00
3.900000000000000000e+01 -1.141219000000000072e+01 -9.405590000000000117e+00 0.000000000000000000e+00
4.000000000000000000e+01 -1.162784000000000084e+01 -7.324089999999999989e+00 0.000000000000000000e+00
4.100000000000000000e+01 -1.176872999999999969e+01 -5.162149999999999572e+00 0.000000000000000000e+00
4.200000000000000000e+01 -1.002622000000000035e+01 -3.960570000000000146e+00 0.000000000000000000e+00
4.300000000000000000e+01 -1.186570999999999998e+01 -3.003589999999999982e+00 0.000000000000000000e+00
4.400000000000000000e+01 -1.220063999999999993e+01 -9.201099999999999834e-01 0.000000000000000000e+00
4.500000000000000000e+01 -1.040700999999999965e+01 2.268699999999999883e-01 0.000000000000000000e+00
4.600000000000000000e+01 -1.221575999999999951e+01 1.245789999999999953e+00 0.000000000000000000e+00
4.700000000000000000e+01 -1.235336999999999996e+01 3.387030000000000207e+00 0.000000000000000000e+00
4.800000000000000000e+01 -1.240634000000000015e+01 5.538920000000000066e+00 0.000000000000000000e+00
4.900000000000000000e+01 -1.261782999999999966e+01 7.602929999999999744e+00 0.000000000000000000e+00
5.000000000000000000e+01 -1.083684000000000047e+01 8.638460000000000250e+00 0.000000000000000000e+00
5.100000000000000000e+01 -1.107696999999999932e+01 1.068154000000000003e+01 0.000000000000000000e+00
5.200000000000000000e+01 -1.116244999999999976e+01 1.329444999999999943e+01 0.000000000000000000e+00
5.300000000000000000e+01 -1.118955000000000055e+01 1.560073000000000043e+01 0.000000000000000000e+00
5.400000000000000000e+01 -4.910529999999999617e+00 -1.898742000000000019e+01 0.000000000000000000e+00
5.500000000000000000e+01 -9.154989999999999739e+00 -1.468378000000000050e+01 0.000000000000000000e+00
5.600000000000000000e+01 -9.317589999999999151e+00 -1.248719999999999963e+01 0.000000000000000000e+00
5.700000000000000000e+01 -9.611649999999999139e+00 -1.044996000000000080e+01 0.000000000000000000e+00
5.800000000000000000e+01 -9.722379999999999356e+00 -8.119220000000000326e+00 0.000000000000000000e+00
5.900000000000000000e+01 -9.891149999999999665e+00 -6.044889999999999652e+00 0.000000000000000000e+00
6.000000000000000000e+01 -8.118159999999999599e+00 -4.965200000000000280e+00 0.000000000000000000e+00
6.100000000000000000e+01 -8.229089999999999350e+00 -2.817750000000000199e+00 0.000000000000000000e+00
6.200000000000000000e+01 -1.016099999999999959e+01 -1.830750000000000099e+00 0.000000000000000000e+00
6.300000000000000000e+01 -8.565549999999999997e+00 1.374449999999999950e+00 0.000000000000000000e+00
6.400000000000000000e+01 -1.043825999999999965e+01 2.419430000000000192e+00 0.000000000000000000e+00
6.500000000000000000e+01 -1.051955000000000062e+01 4.523550000000000182e+00 0.000000000000000000e+00
6.600000000000000000e+01 -1.061631999999999998e+01 6.592550000000000132e+00 0.000000000000000000e+00
6.700000000000000000e+01 -8.909399999999999764e+00 7.849700000000000344e+00 0.000000000000000000e+00
6.800000000000000000e+01 -9.059250000000000469e+00 9.969770000000000465e+00 0.000000000000000000e+00
6.900000000000000000e+01 -9.348300000000000054e+00 1.202569000000000088e+01 0.000000000000000000e+00
7.000000000000000000e+01 -9.366490000000000649e+00 1.445053000000000054e+01 0.000000000000000000e+00
7.100000000000000000e+01 -7.743299999999999628e+00 1.573507999999999996e+01 0.000000000000000000e+00
7.200000000000000000e+01 -7.285040000000000404e+00 -1.561115999999999993e+01 0.000000000000000000e+00
7.300000000000000000e+01 -7.428060000000000329e+00 -1.352255000000000074e+01 0.000000000000000000e+00
7.400000000000000000e+01 -7.540289999999999715e+00 -1.127561999999999998e+01 0.000000000000000000e+00
7.500000000000000000e+01 -7.720080000000000275e+00 -9.216530000000000555e+00 0.000000000000000000e+00
7.600000000000000000e+01 -7.879209999999999603e+00 -7.136919999999999931e+00 0.000000000000000000e+00
7.700000000000000000e+01 -6.113819999999999588e+00 -5.736810000000000187e+00 0.000000000000000000e+00
7.800000000000000000e+01 -6.310069999999999624e+00 -3.666189999999999838e+00 0.000000000000000000e+00
7.900000000000000000e+01 -6.451830000000000176e+00 -1.596060000000000034e+00 0.000000000000000000e+00
8.000000000000000000e+01 -8.367190000000000794e+00 -7.555100000000000149e-01 0.000000000000000000e+00
8.100000000000000000e+01 -6.619349999999999845e+00 4.693700000000000094e-01 0.000000000000000000e+00
8.200000000000000000e+01 -8.665889999999999205e+00 3.608010000000000161e+00 0.000000000000000000e+00
8.300000000000000000e+01 -8.738340000000000884e+00 5.714039999999999786e+00 0.000000000000000000e+00
8.400000000000000000e+01 -7.018089999999999939e+00 7.021930000000000227e+00 0.000000000000000000e+00
8.500000000000000000e+01 -7.168750000000000178e+00 9.148910000000000764e+00 0.000000000000000000e+00
8.600000000000000000e+01 -7.368529999999999802e+00 1.120343000000000089e+01 0.000000000000000000e+00
8.700000000000000000e+01 -7.603399999999999714e+00 1.330076999999999998e+01 0.000000000000000000e+00
8.800000000000000000e+01 -5.842509999999999870e+00 1.478265000000000029e+01 0.000000000000000000e+00
8.900000000000000000e+01 -5.809910000000000352e+00 1.697861999999999938e+01 0.000000000000000000e+00
9.000000000000000000e+01 -5.658249999999999780e+00 -1.692539999999999978e+01 0.000000000000000000e+00
9.100000000000000000e+01 -5.513930000000000220e+00 -1.433461999999999925e+01 0.000000000000000000e+00
9.200000000000000000e+01 -5.673650000000000304e+00 -1.224691999999999936e+01 0.000000000000000000e+00
9.300000000000000000e+01 -5.820689999999999920e+00 -1.009455999999999953e+01 0.000000000000000000e+00
9.400000000000000000e+01 -5.982000000000000206e+00 -8.001340000000000785e+00 0.000000000000000000e+00
9.500000000000000000e+01 -4.297699999999999854e+00 -6.812520000000000131e+00 0.000000000000000000e+00
9.600000000000000000e+01 -4.387139999999999596e+00 -4.602219999999999978e+00 0.000000000000000000e+00
9.700000000000000000e+01 -4.537289999999999601e+00 -2.504729999999999901e+00 0.000000000000000000e+00
9.800000000000000000e+01 -4.729350000000000165e+00 -3.941799999999999748e-01 0.000000000000000000e+00
9.900000000000000000e+01 -4.830650000000000333e+00 1.708679999999999977e+00 0.000000000000000000e+00
1.000000000000000000e+02 -6.796030000000000015e+00 2.649560000000000137e+00 0.000000000000000000e+00
1.010000000000000000e+02 -6.874189999999999579e+00 4.746089999999999698e+00 0.000000000000000000e+00
1.020000000000000000e+02 -5.232380000000000031e+00 8.169349999999999667e+00 0.000000000000000000e+00
1.030000000000000000e+02 -5.466990000000000016e+00 1.032868999999999993e+01 0.000000000000000000e+00
1.040000000000000000e+02 -5.669450000000000323e+00 1.240254000000000012e+01 0.000000000000000000e+00
1.050000000000000000e+02 -3.992420000000000080e+00 1.360715000000000074e+01 0.000000000000000000e+00
1.060000000000000000e+02 -4.063990000000000435e+00 1.583872000000000035e+01 0.000000000000000000e+00
1.070000000000000000e+02 -3.907529999999999948e+00 1.793029999999999902e+01 0.000000000000000000e+00
1.080000000000000000e+02 -3.497710000000000097e+00 -1.724956999999999852e+01 0.000000000000000000e+00
1.090000000000000000e+02 -3.618380000000000152e+00 -1.517595000000000027e+01 0.000000000000000000e+00
1.100000000000000000e+02 -3.782329999999999970e+00 -1.308234000000000030e+01 0.000000000000000000e+00
1.110000000000000000e+02 -3.906590000000000007e+00 -1.100698000000000043e+01 0.000000000000000000e+00
1.120000000000000000e+02 -4.105949999999999989e+00 -8.895260000000000389e+00 0.000000000000000000e+00
1.130000000000000000e+02 -2.402029999999999887e+00 -7.654650000000000176e+00 0.000000000000000000e+00
1.140000000000000000e+02 -2.586460000000000203e+00 -5.603250000000000064e+00 0.000000000000000000e+00
1.150000000000000000e+02 -2.628260000000000041e+00 -3.457190000000000207e+00 0.000000000000000000e+00
1.160000000000000000e+02 -2.824899999999999967e+00 -1.330850000000000088e+00 0.000000000000000000e+00
1.170000000000000000e+02 -2.966930000000000067e+00 7.963799999999999768e-01 0.000000000000000000e+00
1.180000000000000000e+02 -5.041820000000000412e+00 3.814760000000000151e+00 0.000000000000000000e+00
1.190000000000000000e+02 -3.237509999999999888e+00 5.101670000000000371e+00 0.000000000000000000e+00
1.200000000000000000e+02 -5.070669999999999789e+00 6.078159999999999563e+00 0.000000000000000000e+00
1.210000000000000000e+02 -3.515029999999999877e+00 9.345290000000000319e+00 0.000000000000000000e+00
1.220000000000000000e+02 -3.648559999999999803e+00 1.144985999999999926e+01 0.000000000000000000e+00
1.230000000000000000e+02 -2.007979999999999876e+00 1.268445000000000000e+01 0.000000000000000000e+00
1.240000000000000000e+02 -2.149080000000000101e+00 1.477047999999999917e+01 0.000000000000000000e+00
1.250000000000000000e+02 -1.844969999999999999e+00 1.688316999999999979e+01 0.000000000000000000e+00
1.260000000000000000e+02 -1.566330000000000000e+00 -1.850959999999999894e+01 0.000000000000000000e+00
1.270000000000000000e+02 -1.618449999999999944e+00 -1.619253000000000142e+01 0.000000000000000000e+00
1.280000000000000000e+02 -1.878770000000000051e+00 -1.398906999999999989e+01 0.000000000000000000e+00
1.290000000000000000e+02 -2.012030000000000207e+00 -1.190920999999999985e+01 0.000000000000000000e+00
1.300000000000000000e+02 -2.154510000000000147e+00 -9.813129999999999242e+00 0.000000000000000000e+00
1.310000000000000000e+02 -6.284600000000000186e-01 -6.479370000000000296e+00 0.000000000000000000e+00
1.320000000000000000e+02 -7.668800000000000061e-01 -4.388589999999999769e+00 0.000000000000000000e+00
1.330000000000000000e+02 -9.276299999999999546e-01 -2.232310000000000016e+00 0.000000000000000000e+00
1.340000000000000000e+02 -1.099720000000000031e+00 -1.397599999999999953e-01 0.000000000000000000e+00
1.350000000000000000e+02 -3.130399999999999849e+00 2.893440000000000012e+00 0.000000000000000000e+00
1.360000000000000000e+02 -1.420409999999999950e+00 4.113240000000000229e+00 0.000000000000000000e+00
1.370000000000000000e+02 -1.510659999999999892e+00 6.250820000000000043e+00 0.000000000000000000e+00
1.380000000000000000e+02 -3.316940000000000222e+00 7.241179999999999950e+00 0.000000000000000000e+00
1.390000000000000000e+02 -1.531570000000000098e+00 8.423740000000000450e+00 0.000000000000000000e+00
1.400000000000000000e+02 -1.601390000000000091e+00 1.050239999999999974e+01 0.000000000000000000e+00
1.410000000000000000e+02 -2.526999999999999802e-01 1.379950000000000010e+01 0.000000000000000000e+00
1.420000000000000000e+02 -2.223999999999999935e-02 1.587556000000000012e+01 0.000000000000000000e+00
1.430000000000000000e+02 -1.988790000000000058e+00 1.894482999999999961e+01 0.000000000000000000e+00
1.440000000000000000e+02 4.299299999999999788e-01 -1.718018999999999963e+01 0.000000000000000000e+00
1.450000000000000000e+02 1.396699999999999886e-01 -1.502771000000000079e+01 0.000000000000000000e+00
1.460000000000000000e+02 -6.133000000000000257e-02 -1.287405000000000044e+01 0.000000000000000000e+00
1.470000000000000000e+02 -2.932100000000000262e-01 -1.069838999999999984e+01 0.000000000000000000e+00
1.480000000000000000e+02 1.496189999999999909e+00 -9.467029999999999390e+00 0.000000000000000000e+00
1.490000000000000000e+02 -4.597899999999999765e-01 -8.592779999999999418e+00 0.000000000000000000e+00
1.500000000000000000e+02 1.089469999999999938e+00 -5.302389999999999937e+00 0.000000000000000000e+00
1.510000000000000000e+02 9.534500000000000197e-01 -3.196229999999999905e+00 0.000000000000000000e+00
1.520000000000000000e+02 8.257900000000000240e-01 -1.107979999999999965e+00 0.000000000000000000e+00
1.530000000000000000e+02 6.515699999999999825e-01 9.580100000000000282e-01 0.000000000000000000e+00
1.540000000000000000e+02 -1.161950000000000038e+00 1.940900000000000070e+00 0.000000000000000000e+00
1.550000000000000000e+02 3.294799999999999951e-01 5.290510000000000268e+00 0.000000000000000000e+00
1.560000000000000000e+02 2.347400000000000042e-01 7.368159999999999599e+00 0.000000000000000000e+00
1.570000000000000000e+02 4.622999999999999887e-01 1.001361999999999952e+01 0.000000000000000000e+00
1.580000000000000000e+02 1.082209999999999894e+00 1.221288000000000018e+01 0.000000000000000000e+00
1.590000000000000000e+02 1.817679999999999962e+00 1.420181999999999967e+01 0.000000000000000000e+00
1.600000000000000000e+02 4.290399999999999769e-01 1.789984000000000108e+01 0.000000000000000000e+00
1.610000000000000000e+02 2.200400000000000134e-01 1.996329000000000065e+01 0.000000000000000000e+00
1.620000000000000000e+02 3.963800000000000101e-01 -1.962987000000000037e+01 0.000000000000000000e+00
1.630000000000000000e+02 2.448539999999999939e+00 -1.798367999999999967e+01 0.000000000000000000e+00
1.640000000000000000e+02 1.903049999999999908e+00 -1.377309999999999945e+01 0.000000000000000000e+00
1.650000000000000000e+02 1.624090000000000034e+00 -1.166130000000000067e+01 0.000000000000000000e+00
1.660000000000000000e+02 3.240730000000000111e+00 -8.290609999999999147e+00 0.000000000000000000e+00
1.670000000000000000e+02 1.238599999999999923e+00 -7.414520000000000444e+00 0.000000000000000000e+00
1.680000000000000000e+02 2.836539999999999839e+00 -4.094590000000000174e+00 0.000000000000000000e+00
1.690000000000000000e+02 2.702440000000000175e+00 -1.997540000000000093e+00 0.000000000000000000e+00
1.700000000000000000e+02 2.552630000000000177e+00 9.299999999999999933e-02 0.000000000000000000e+00
1.710000000000000000e+02 2.321340000000000181e+00 2.180270000000000152e+00 0.000000000000000000e+00
1.720000000000000000e+02 5.213299999999999601e-01 3.197940000000000005e+00 0.000000000000000000e+00
1.730000000000000000e+02 2.221540000000000070e+00 4.442120000000000068e+00 0.000000000000000000e+00
1.740000000000000000e+02 2.220740000000000158e+00 6.523220000000000240e+00 0.000000000000000000e+00
1.750000000000000000e+02 1.977430000000000021e+00 8.574350000000000804e+00 0.000000000000000000e+00
1.760000000000000000e+02 2.474439999999999973e+00 1.060568999999999917e+01 0.000000000000000000e+00
1.770000000000000000e+02 3.151299999999999990e+00 1.255095999999999989e+01 0.000000000000000000e+00
1.780000000000000000e+02 2.288069999999999826e+00 1.626052999999999926e+01 0.000000000000000000e+00
1.790000000000000000e+02 5.317510000000000403e+00 1.881427000000000049e+01 0.000000000000000000e+00
1.800000000000000000e+02 3.794509999999999827e+00 -2.046580000000000155e+01 0.000000000000000000e+00
1.810000000000000000e+02 2.114030000000000076e+00 -1.591389000000000031e+01 0.000000000000000000e+00
1.820000000000000000e+02 3.567210000000000214e+00 -1.254138999999999982e+01 0.000000000000000000e+00
1.830000000000000000e+02 3.325369999999999937e+00 -1.043141999999999925e+01 0.000000000000000000e+00
1.840000000000000000e+02 4.972269999999999968e+00 -7.024009999999999643e+00 0.000000000000000000e+00
1.850000000000000000e+02 3.040340000000000042e+00 -6.183099999999999596e+00 0.000000000000000000e+00
1.860000000000000000e+02 5.386490000000000222e+00 -4.995440000000000325e+00 0.000000000000000000e+00
1.870000000000000000e+02 4.714699999999999669e+00 -3.006149999999999878e+00 0.000000000000000000e+00
1.880000000000000000e+02 4.532770000000000188e+00 -9.427799999999999514e-01 0.000000000000000000e+00
1.890000000000000000e+02 4.327700000000000102e+00 1.243030000000000079e+00 0.000000000000000000e+00
1.900000000000000000e+02 4.049509999999999721e+00 3.314140000000000086e+00 0.000000000000000000e+00
1.910000000000000000e+02 4.239539999999999864e+00 5.415390000000000370e+00 0.000000000000000000e+00
1.920000000000000000e+02 5.157309999999999839e+00 7.380840000000000067e+00 0.000000000000000000e+00
1.930000000000000000e+02 3.971499999999999808e+00 9.143829999999999458e+00 0.000000000000000000e+00
1.940000000000000000e+02 4.636110000000000397e+00 1.110721999999999987e+01 0.000000000000000000e+00
1.950000000000000000e+02 5.377229999999999954e+00 1.304945999999999984e+01 0.000000000000000000e+00
1.960000000000000000e+02 3.906660000000000021e+00 1.457549000000000028e+01 0.000000000000000000e+00
1.970000000000000000e+02 2.555540000000000145e+00 1.834630999999999901e+01 0.000000000000000000e+00
1.980000000000000000e+02 5.028850000000000264e+00 -1.877199999999999847e+01 0.000000000000000000e+00
1.990000000000000000e+02 4.395609999999999573e+00 -1.680875999999999948e+01 0.000000000000000000e+00
2.000000000000000000e+02 3.864669999999999828e+00 -1.461477999999999966e+01 0.000000000000000000e+00
2.010000000000000000e+02 5.228369999999999962e+00 -1.129940000000000033e+01 0.000000000000000000e+00
2.020000000000000000e+02 5.194230000000000125e+00 -9.074210000000000775e+00 0.000000000000000000e+00
2.030000000000000000e+02 7.032020000000000159e+00 -6.591759999999999842e+00 0.000000000000000000e+00
2.040000000000000000e+02 8.021959999999999980e+00 -4.776229999999999976e+00 0.000000000000000000e+00
2.050000000000000000e+02 6.765690000000000204e+00 -3.139619999999999855e+00 0.000000000000000000e+00
2.060000000000000000e+02 7.605400000000000382e+00 -1.243940000000000046e+00 0.000000000000000000e+00
2.070000000000000000e+02 6.198990000000000222e+00 2.960200000000000053e-01 0.000000000000000000e+00
2.080000000000000000e+02 7.013349999999999973e+00 2.295009999999999994e+00 0.000000000000000000e+00
2.090000000000000000e+02 5.963350000000000151e+00 4.071970000000000312e+00 0.000000000000000000e+00
2.100000000000000000e+02 6.711129999999999818e+00 6.005580000000000140e+00 0.000000000000000000e+00
2.110000000000000000e+02 6.093840000000000146e+00 9.541240000000000165e+00 0.000000000000000000e+00
2.120000000000000000e+02 6.855360000000000120e+00 1.147771999999999970e+01 0.000000000000000000e+00
2.130000000000000000e+02 7.402639999999999887e+00 1.357942000000000071e+01 0.000000000000000000e+00
2.140000000000000000e+02 5.914119999999999600e+00 1.507384000000000057e+01 0.000000000000000000e+00
2.150000000000000000e+02 4.435690000000000133e+00 1.669836000000000098e+01 0.000000000000000000e+00
2.160000000000000000e+02 6.593189999999999884e+00 -1.744527000000000072e+01 0.000000000000000000e+00
2.170000000000000000e+02 5.872429999999999595e+00 -1.538327999999999918e+01 0.000000000000000000e+00
2.180000000000000000e+02 5.603040000000000020e+00 -1.332241999999999926e+01 0.000000000000000000e+00
2.190000000000000000e+02 6.983170000000000321e+00 -1.021030999999999977e+01 0.000000000000000000e+00
2.200000000000000000e+02 8.106680000000000774e+00 -8.413619999999999877e+00 0.000000000000000000e+00
2.210000000000000000e+02 9.186690000000000467e+00 -6.493350000000000399e+00 0.000000000000000000e+00
2.220000000000000000e+02 1.007498000000000005e+01 -4.614029999999999632e+00 0.000000000000000000e+00
2.230000000000000000e+02 8.888669999999999405e+00 -2.891610000000000014e+00 0.000000000000000000e+00
2.240000000000000000e+02 9.646100000000000563e+00 -9.373500000000000165e-01 0.000000000000000000e+00
2.250000000000000000e+02 8.371710000000000207e+00 7.017499999999999849e-01 0.000000000000000000e+00
2.260000000000000000e+02 9.203699999999999548e+00 2.611819999999999808e+00 0.000000000000000000e+00
2.270000000000000000e+02 8.017200000000000770e+00 4.296179999999999666e+00 0.000000000000000000e+00
2.280000000000000000e+02 8.765359999999999374e+00 6.310139999999999638e+00 0.000000000000000000e+00
2.290000000000000000e+02 7.393089999999999939e+00 7.948459999999999859e+00 0.000000000000000000e+00
2.300000000000000000e+02 8.189260000000000872e+00 9.921010000000000773e+00 0.000000000000000000e+00
2.310000000000000000e+02 8.904109999999999303e+00 1.191493999999999964e+01 0.000000000000000000e+00
2.320000000000000000e+02 7.959959999999999702e+00 1.562589999999999968e+01 0.000000000000000000e+00
2.330000000000000000e+02 6.510909999999999975e+00 1.711196999999999946e+01 0.000000000000000000e+00
2.340000000000000000e+02 8.168829999999999814e+00 -1.607620999999999967e+01 0.000000000000000000e+00
2.350000000000000000e+02 7.531620000000000203e+00 -1.409768000000000043e+01 0.000000000000000000e+00
2.360000000000000000e+02 7.941180000000000128e+00 -1.204964000000000013e+01 0.000000000000000000e+00
2.370000000000000000e+02 9.182669999999999888e+00 -1.018219999999999992e+01 0.000000000000000000e+00
2.380000000000000000e+02 1.036041999999999952e+01 -8.199370000000000047e+00 0.000000000000000000e+00
2.390000000000000000e+02 1.136489000000000082e+01 -6.256840000000000401e+00 0.000000000000000000e+00
2.400000000000000000e+02 1.216867000000000054e+01 -4.346020000000000216e+00 0.000000000000000000e+00
2.410000000000000000e+02 1.101417000000000002e+01 -2.625809999999999977e+00 0.000000000000000000e+00
2.420000000000000000e+02 1.185540999999999912e+01 -6.822300000000000031e-01 0.000000000000000000e+00
2.430000000000000000e+02 1.052932000000000023e+01 1.011190000000000033e+00 0.000000000000000000e+00
2.440000000000000000e+02 1.134911999999999921e+01 2.949510000000000076e+00 0.000000000000000000e+00
2.450000000000000000e+02 1.004035000000000011e+01 4.645629999999999704e+00 0.000000000000000000e+00
2.460000000000000000e+02 1.083050000000000068e+01 6.670239999999999725e+00 0.000000000000000000e+00
2.470000000000000000e+02 9.524330000000000851e+00 8.336970000000000880e+00 0.000000000000000000e+00
2.480000000000000000e+02 1.029804000000000030e+01 1.029758999999999958e+01 0.000000000000000000e+00
2.490000000000000000e+02 1.100937000000000054e+01 1.223498999999999981e+01 0.000000000000000000e+00
2.500000000000000000e+02 9.715270000000000294e+00 1.384543000000000035e+01 0.000000000000000000e+00
2.510000000000000000e+02 8.829489999999999839e+00 1.756107000000000085e+01 0.000000000000000000e+00
2.520000000000000000e+02 1.074098000000000042e+01 -1.533409999999999940e+01 0.000000000000000000e+00
2.530000000000000000e+02 9.615769999999999484e+00 -1.358033999999999963e+01 0.000000000000000000e+00
2.540000000000000000e+02 1.054635000000000034e+01 -1.173907999999999952e+01 0.000000000000000000e+00
2.550000000000000000e+02 1.158852000000000082e+01 -9.905430000000000845e+00 0.000000000000000000e+00
2.560000000000000000e+02 1.248405999999999949e+01 -8.023260000000000502e+00 0.000000000000000000e+00
2.570000000000000000e+02 1.347845000000000049e+01 -6.150920000000000165e+00 0.000000000000000000e+00
2.580000000000000000e+02 1.424451000000000001e+01 -4.146659999999999791e+00 0.000000000000000000e+00
2.590000000000000000e+02 1.309725000000000072e+01 -2.377400000000000180e+00 0.000000000000000000e+00
2.600000000000000000e+02 1.389223999999999926e+01 -3.926600000000000090e-01 0.000000000000000000e+00
2.610000000000000000e+02 1.267308000000000057e+01 1.369320000000000093e+00 0.000000000000000000e+00
2.620000000000000000e+02 1.338269999999999982e+01 3.385320000000000107e+00 0.000000000000000000e+00
2.630000000000000000e+02 1.208881000000000050e+01 5.026629999999999932e+00 0.000000000000000000e+00
2.640000000000000000e+02 1.298068999999999917e+01 7.008619999999999628e+00 0.000000000000000000e+00
2.650000000000000000e+02 1.161904999999999966e+01 8.569020000000000081e+00 0.000000000000000000e+00
2.660000000000000000e+02 1.240718999999999994e+01 1.070481999999999978e+01 0.000000000000000000e+00
2.670000000000000000e+02 1.451481000000000066e+01 1.114323000000000086e+01 0.000000000000000000e+00
2.680000000000000000e+02 1.174860999999999933e+01 1.453200000000000003e+01 0.000000000000000000e+00
2.690000000000000000e+02 1.009802000000000000e+01 1.589878999999999998e+01 0.000000000000000000e+00
2.700000000000000000e+02 1.179321999999999981e+01 -1.345226000000000077e+01 0.000000000000000000e+00
2.710000000000000000e+02 1.284326000000000079e+01 -1.152876999999999974e+01 0.000000000000000000e+00
2.720000000000000000e+02 1.376401000000000074e+01 -9.657840000000000202e+00 0.000000000000000000e+00
2.730000000000000000e+02 1.586739999999999995e+01 -9.870710000000000761e+00 0.000000000000000000e+00
2.740000000000000000e+02 1.485788999999999938e+01 -7.780199999999999783e+00 0.000000000000000000e+00
2.750000000000000000e+02 1.551416000000000039e+01 -5.805869999999999642e+00 0.000000000000000000e+00
2.760000000000000000e+02 1.650165000000000148e+01 -3.795710000000000139e+00 0.000000000000000000e+00
2.770000000000000000e+02 1.518233999999999995e+01 -2.193140000000000089e+00 0.000000000000000000e+00
2.780000000000000000e+02 1.604163000000000139e+01 1.557000000000000051e-02 0.000000000000000000e+00
2.790000000000000000e+02 1.472795999999999950e+01 1.613730000000000109e+00 0.000000000000000000e+00
2.800000000000000000e+02 1.557211999999999996e+01 3.641529999999999934e+00 0.000000000000000000e+00
2.810000000000000000e+02 1.421607000000000021e+01 5.286609999999999587e+00 0.000000000000000000e+00
2.820000000000000000e+02 1.506359999999999921e+01 7.312450000000000117e+00 0.000000000000000000e+00
2.830000000000000000e+02 1.719238000000000000e+01 7.904420000000000002e+00 0.000000000000000000e+00
2.840000000000000000e+02 1.368861000000000061e+01 8.940879999999999939e+00 0.000000000000000000e+00
2.850000000000000000e+02 1.585271999999999970e+01 9.565429999999999211e+00 0.000000000000000000e+00
2.860000000000000000e+02 1.303240000000000087e+01 1.284495000000000076e+01 0.000000000000000000e+00
2.870000000000000000e+02 1.673034000000000177e+01 1.172235000000000049e+01 0.000000000000000000e+00
2.880000000000000000e+02 1.392548000000000030e+01 -1.429686000000000057e+01 0.000000000000000000e+00
2.890000000000000000e+02 1.499848000000000070e+01 -1.195008999999999943e+01 0.000000000000000000e+00
2.900000000000000000e+02 1.977379000000000175e+01 -5.868689999999999962e+00 0.000000000000000000e+00
2.910000000000000000e+02 1.764391000000000176e+01 -5.804199999999999804e+00 0.000000000000000000e+00
2.920000000000000000e+02 1.707700000000000173e+01 -7.917819999999999858e+00 0.000000000000000000e+00
2.930000000000000000e+02 1.864928000000000097e+01 -3.944469999999999921e+00 0.000000000000000000e+00
2.940000000000000000e+02 1.942668000000000106e+01 -1.862630000000000008e+00 0.000000000000000000e+00
2.950000000000000000e+02 1.731231000000000009e+01 -1.684220000000000050e+00 0.000000000000000000e+00
2.960000000000000000e+02 1.819333999999999918e+01 3.359800000000000009e-01 0.000000000000000000e+00
2.970000000000000000e+02 1.748808999999999969e+01 2.275790000000000202e+00 0.000000000000000000e+00
2.980000000000000000e+02 1.794690999999999903e+01 4.394289999999999807e+00 0.000000000000000000e+00
2.990000000000000000e+02 1.626576999999999984e+01 5.618940000000000268e+00 0.000000000000000000e+00
