0.000000000000000000e+00 -1.295634000000000086e+01 -1.586189000000000071e+01 0.000000000000000000e+00
1.000000000000000000e+00 -1.401870000000000083e+01 -1.403688000000000002e+01 0.000000000000000000e+00
2.000000000000000000e+00 -1.518199000000000076e+01 -1.193778999999999968e+01 0.000000000000000000e+00
3.000000000000000000e+00 -1.640531000000000006e+01 -1.024696999999999925e+01 0.000000000000000000e+00
4.000000000000000000e+00 -1.728612000000000037e+01 -8.246990000000000265e+00 0.000000000000000000e+00
5.000000000000000000e+00 -1.945469999999999899e+01 -4.121520000000000294e+00 0.000000000000000000e+00
6.000000000000000000e+00 -1.743031999999999826e+01 -4.646090000000000053e+00 0.000000000000000000e+00
7.000000000000000000e+00 -1.979148999999999958e+01 -7.172300000000000342e-01 0.000000000000000000e+00
8.000000000000000000e+00 -1.771011000000000024e+01 -1.008440000000000003e+00 0.000000000000000000e+00
9.000000000000000000e+00 -1.825805000000000078e+01 1.158700000000000063e+00 0.000000000000000000e+00
1.000000000000000000e+01 -1.922419000000000011e+01 3.068249999999999922e+00 0.000000000000000000e+00
1.100000000000000000e+01 -1.814821999999999846e+01 4.870429999999999815e+00 0.000000000000000000e+00
1.200000000000000000e+01 -1.704629999999999868e+01 6.695540000000000269e+00 0.000000000000000000e+00
1.300000000000000000e+01 -1.803901000000000110e+01 8.733359999999999346e+00 0.000000000000000000e+00
1.400000000000000000e+01 -1.584665999999999997e+01 8.542559999999999931e+00 0.000000000000000000e+00
1.500000000000000000e+01 -1.676473999999999975e+01 1.066416000000000075e+01 0.000000000000000000e+00
1.600000000000000000e+01 -1.543891999999999953e+01 1.241615999999999964e+01 0.000000000000000000e+00
1.700000000000000000e+01 -1.415220000000000056e+01 1.403566000000000003e+01 0.000000000000000000e+00
1.800000000000000000e+01 -1.061747000000000085e+01 -1.558956000000000053e+01 0.000000000000000000e+00
1.900000000000000000e+01 -1.192501000000000033e+01 -1.392131000000000007e+01 0.000000000000000000e+00
2.000000000000000000e+01 -1.306436000000000064e+01 -1.218573999999999913e+01 0.000000000000000000e+00
2.100000000000000000e+01 -1.418459000000000003e+01 -1.011835999999999913e+01 0.000000000000000000e+00
2.200000000000000000e+01 -1.517495000000000083e+01 -8.292669999999999320e+00 0.000000000000000000e+00
2.300000000000000000e+01 -1.628877999999999915e+01 -6.375239999999999796e+00 0.000000000000000000e+00
2.400000000000000000e+01 -1.517557000000000045e+01 -4.496830000000000105e+00 0.000000000000000000e+00
2.500000000000000000e+01 -1.622997000000000156e+01 -2.602650000000000130e+00 0.000000000000000000e+00
2.600000000000000000e+01 -1.515474999999999994e+01 -7.832400000000000473e-01 0.000000000000000000e+00
2.700000000000000000e+01 -1.605378999999999934e+01 1.145979999999999999e+00 0.000000000000000000e+00
2.800000000000000000e+01 -1.713423999999999836e+01 3.073100000000000165e+00 0.000000000000000000e+00
2.900000000000000000e+01 -1.608252999999999844e+01 4.858069999999999666e+00 0.000000000000000000e+00
3.000000000000000000e+01 -1.485411000000000037e+01 6.643629999999999924e+00 0.000000000000000000e+00
3.100000000000000000e+01 -1.360723999999999911e+01 8.391590000000000771e+00 0.000000000000000000e+00
3.200000000000000000e+01 -1.469984999999999964e+01 1.036106000000000016e+01 0.000000000000000000e+00
3.300000000000000000e+01 -1.337922999999999973e+01 1.206193000000000026e+01 0.000000000000000000e+00
3.400000000000000000e+01 -1.206601000000000035e+01 1.391943999999999981e+01 0.000000000000000000e+00
3.500000000000000000e+01 -1.102397999999999989e+01 1.583136999999999972e+01 0.000000000000000000e+00
3.600000000000000000e+01 -8.484209999999999141e+00 -1.618218999999999852e+01 0.000000000000000000e+00
3.700000000000000000e+01 -8.836470000000000269e+00 -1.412894000000000005e+01 0.000000000000000000e+00
3.800000000000000000e+01 -1.100642000000000031e+01 -1.207321999999999917e+01 0.000000000000000000e+00
3.900000000000000000e+01 -1.211550000000000082e+01 -1.031079000000000079e+01 0.000000000000000000e+00
4.000000000000000000e+01 -1.310914999999999964e+01 -8.354269999999999641e+00 0.000000000000000000e+00
4.100000000000000000e+01 -1.411650000000000027e+01 -6.430830000000000268e+00 0.000000000000000000e+00
4.200000000000000000e+01 -1.309764999999999979e+01 -4.549699999999999633e+00 0.000000000000000000e+00
4.300000000000000000e+01 -1.402336000000000027e+01 -2.654689999999999994e+00 0.000000000000000000e+00
4.400000000000000000e+01 -1.300914000000000037e+01 -8.473100000000000076e-01 0.000000000000000000e+00
4.500000000000000000e+01 -1.398822999999999972e+01 1.086670000000000025e+00 0.000000000000000000e+00
4.600000000000000000e+01 -1.506038999999999994e+01 3.059849999999999959e+00 0.000000000000000000e+00
4.700000000000000000e+01 -1.388607000000000014e+01 4.792110000000000092e+00 0.000000000000000000e+00
4.800000000000000000e+01 -1.263371000000000066e+01 6.517599999999999838e+00 0.000000000000000000e+00
4.900000000000000000e+01 -1.150979000000000063e+01 8.265430000000000277e+00 0.000000000000000000e+00
5.000000000000000000e+01 -1.252255000000000074e+01 1.018318999999999974e+01 0.000000000000000000e+00
5.100000000000000000e+01 -1.132582000000000022e+01 1.192465999999999937e+01 0.000000000000000000e+00
5.200000000000000000e+01 -9.984840000000000160e+00 1.379406999999999961e+01 0.000000000000000000e+00
5.300000000000000000e+01 -8.816240000000000521e+00 1.576994999999999969e+01 0.000000000000000000e+00
5.400000000000000000e+01 -6.901019999999999932e+00 -1.752868000000000137e+01 0.000000000000000000e+00
5.500000000000000000e+01 -6.975030000000000285e+00 -1.314132000000000033e+01 0.000000000000000000e+00
5.600000000000000000e+01 -8.783160000000000522e+00 -1.197208999999999968e+01 0.000000000000000000e+00
5.700000000000000000e+01 -1.001437999999999917e+01 -1.021368999999999971e+01 0.000000000000000000e+00
5.800000000000000000e+01 -1.102266999999999975e+01 -8.407849999999999824e+00 0.000000000000000000e+00
5.900000000000000000e+01 -1.205831000000000053e+01 -6.441080000000000361e+00 0.000000000000000000e+00
6.000000000000000000e+01 -1.096352000000000082e+01 -4.540390000000000370e+00 0.000000000000000000e+00
6.100000000000000000e+01 -1.195819999999999972e+01 -2.689039999999999875e+00 0.000000000000000000e+00
6.200000000000000000e+01 -1.084889000000000081e+01 -9.383700000000000374e-01 0.000000000000000000e+00
6.300000000000000000e+01 -1.181475000000000009e+01 9.645099999999999785e-01 0.000000000000000000e+00
6.400000000000000000e+01 -1.282882999999999996e+01 2.908329999999999860e+00 0.000000000000000000e+00
6.500000000000000000e+01 -1.169164999999999921e+01 4.667740000000000222e+00 0.000000000000000000e+00
6.600000000000000000e+01 -1.050397000000000070e+01 6.445159999999999556e+00 0.000000000000000000e+00
6.700000000000000000e+01 -9.385170000000000456e+00 8.225550000000000139e+00 0.000000000000000000e+00
6.800000000000000000e+01 -1.039175000000000004e+01 1.004283000000000037e+01 0.000000000000000000e+00
6.900000000000000000e+01 -9.218280000000000030e+00 1.181122000000000050e+01 0.000000000000000000e+00
7.000000000000000000e+01 -7.852750000000000341e+00 1.371728000000000058e+01 0.000000000000000000e+00
7.100000000000000000e+01 -7.462399999999999700e+00 1.742241999999999891e+01 0.000000000000000000e+00
7.200000000000000000e+01 -4.915709999999999802e+00 -1.658411999999999864e+01 0.000000000000000000e+00
7.300000000000000000e+01 -6.553819999999999979e+00 -1.520714000000000077e+01 0.000000000000000000e+00
7.400000000000000000e+01 -6.240499999999999936e+00 -1.121799999999999997e+01 0.000000000000000000e+00
7.500000000000000000e+01 -7.932190000000000296e+00 -1.004662000000000077e+01 0.000000000000000000e+00
7.600000000000000000e+01 -8.930009999999999337e+00 -8.215790000000000148e+00 0.000000000000000000e+00
7.700000000000000000e+01 -9.960169999999999746e+00 -6.348910000000000053e+00 0.000000000000000000e+00
7.800000000000000000e+01 -8.877530000000000143e+00 -4.576279999999999681e+00 0.000000000000000000e+00
7.900000000000000000e+01 -9.872970000000000468e+00 -2.746989999999999821e+00 0.000000000000000000e+00
8.000000000000000000e+01 -8.716229999999999478e+00 -9.913199999999999790e-01 0.000000000000000000e+00
8.100000000000000000e+01 -9.737569999999999837e+00 9.710800000000000542e-01 0.000000000000000000e+00
8.200000000000000000e+01 -1.072048000000000023e+01 2.821149999999999824e+00 0.000000000000000000e+00
8.300000000000000000e+01 -9.579250000000000043e+00 4.549570000000000114e+00 0.000000000000000000e+00
8.400000000000000000e+01 -8.457079999999999487e+00 6.287219999999999587e+00 0.000000000000000000e+00
8.500000000000000000e+01 -7.218370000000000175e+00 8.105019999999999669e+00 0.000000000000000000e+00
8.600000000000000000e+01 -8.164080000000000226e+00 1.002130999999999972e+01 0.000000000000000000e+00
8.700000000000000000e+01 -7.083610000000000184e+00 1.178298999999999985e+01 0.000000000000000000e+00
8.800000000000000000e+01 -6.604470000000000063e+00 1.542083000000000048e+01 0.000000000000000000e+00
8.900000000000000000e+01 -6.196019999999999861e+00 1.905669999999999931e+01 0.000000000000000000e+00
9.000000000000000000e+01 -3.196720000000000006e+00 -1.789542000000000144e+01 0.000000000000000000e+00
9.100000000000000000e+01 -4.592530000000000001e+00 -1.449737000000000009e+01 0.000000000000000000e+00
9.200000000000000000e+01 -4.365660000000000096e+00 -1.245870000000000033e+01 0.000000000000000000e+00
9.300000000000000000e+01 -6.142360000000000042e+00 -8.966110000000000468e+00 0.000000000000000000e+00
9.400000000000000000e+01 -5.854809999999999626e+00 -6.890340000000000131e+00 0.000000000000000000e+00
9.500000000000000000e+01 -7.881870000000000154e+00 -6.430729999999999613e+00 0.000000000000000000e+00
9.600000000000000000e+01 -6.653229999999999755e+00 -4.789909999999999890e+00 0.000000000000000000e+00
9.700000000000000000e+01 -7.740479999999999805e+00 -2.863630000000000120e+00 0.000000000000000000e+00
9.800000000000000000e+01 -6.652720000000000411e+00 -1.012790000000000079e+00 0.000000000000000000e+00
9.900000000000000000e+01 -7.657009999999999650e+00 8.484199999999999520e-01 0.000000000000000000e+00
1.000000000000000000e+02 -8.554539999999999367e+00 2.759539999999999882e+00 0.000000000000000000e+00
1.010000000000000000e+02 -7.437700000000000422e+00 4.503580000000000361e+00 0.000000000000000000e+00
1.020000000000000000e+02 -6.225609999999999644e+00 6.282029999999999781e+00 0.000000000000000000e+00
1.030000000000000000e+02 -5.157049999999999912e+00 8.063129999999999242e+00 0.000000000000000000e+00
1.040000000000000000e+02 -6.034209999999999852e+00 9.985590000000000188e+00 0.000000000000000000e+00
1.050000000000000000e+02 -5.588429999999999787e+00 1.323404999999999987e+01 0.000000000000000000e+00
1.060000000000000000e+02 -5.154969999999999608e+00 1.693216999999999928e+01 0.000000000000000000e+00
1.070000000000000000e+02 -4.048820000000000086e+00 1.869180000000000064e+01 0.000000000000000000e+00
1.080000000000000000e+02 -2.912760000000000016e+00 -1.585355999999999987e+01 0.000000000000000000e+00
1.090000000000000000e+02 -2.683800000000000185e+00 -1.364392999999999923e+01 0.000000000000000000e+00
1.100000000000000000e+02 -2.451869999999999994e+00 -1.157450000000000045e+01 0.000000000000000000e+00
1.110000000000000000e+02 -4.307620000000000005e+00 -1.027408999999999928e+01 0.000000000000000000e+00
1.120000000000000000e+02 -4.086389999999999745e+00 -8.143100000000000449e+00 0.000000000000000000e+00
1.130000000000000000e+02 -3.954950000000000188e+00 -6.066530000000000200e+00 0.000000000000000000e+00
1.140000000000000000e+02 -3.886359999999999815e+00 -3.988869999999999916e+00 0.000000000000000000e+00
1.150000000000000000e+02 -5.670600000000000307e+00 -2.827459999999999862e+00 0.000000000000000000e+00
1.160000000000000000e+02 -3.785810000000000120e+00 -1.758350000000000080e+00 0.000000000000000000e+00
1.170000000000000000e+02 -5.518670000000000186e+00 7.140400000000000080e-01 0.000000000000000000e+00
1.180000000000000000e+02 -6.463049999999999962e+00 2.535519999999999996e+00 0.000000000000000000e+00
1.190000000000000000e+02 -5.329259999999999664e+00 4.268119999999999692e+00 0.000000000000000000e+00
1.200000000000000000e+02 -4.047729999999999606e+00 6.283310000000000173e+00 0.000000000000000000e+00
1.210000000000000000e+02 -3.377949999999999786e+00 9.191060000000000230e+00 0.000000000000000000e+00
1.220000000000000000e+02 -4.395419999999999661e+00 1.122917999999999950e+01 0.000000000000000000e+00
1.230000000000000000e+02 -3.338830000000000187e+00 1.306189000000000000e+01 0.000000000000000000e+00
1.240000000000000000e+02 -4.337530000000000108e+00 1.488217000000000034e+01 0.000000000000000000e+00
1.250000000000000000e+02 -2.916409999999999947e+00 1.638919999999999888e+01 0.000000000000000000e+00
1.260000000000000000e+02 -1.464990000000000014e+00 -1.903201999999999927e+01 0.000000000000000000e+00
1.270000000000000000e+02 -1.100840000000000041e+00 -1.688694999999999879e+01 0.000000000000000000e+00
1.280000000000000000e+02 -8.800000000000000044e-01 -1.477021000000000051e+01 0.000000000000000000e+00
1.290000000000000000e+02 -2.366800000000000015e+00 -9.309049999999999159e+00 0.000000000000000000e+00
1.300000000000000000e+02 -2.192140000000000200e+00 -7.163660000000000139e+00 0.000000000000000000e+00
1.310000000000000000e+02 -2.128229999999999844e+00 -5.106910000000000061e+00 0.000000000000000000e+00
1.320000000000000000e+02 -1.467400000000000093e-01 -4.234549999999999592e+00 0.000000000000000000e+00
1.330000000000000000e+02 -2.042850000000000055e+00 -2.919500000000000206e+00 0.000000000000000000e+00
1.340000000000000000e+02 -1.751900000000000013e+00 -8.766399999999999748e-01 0.000000000000000000e+00
1.350000000000000000e+02 -3.486810000000000187e+00 3.192300000000000137e-01 0.000000000000000000e+00
1.360000000000000000e+02 -4.119119999999999671e+00 2.312089999999999979e+00 0.000000000000000000e+00
1.370000000000000000e+02 -3.219359999999999999e+00 4.354390000000000427e+00 0.000000000000000000e+00
1.380000000000000000e+02 -2.113649999999999807e+00 7.307620000000000005e+00 0.000000000000000000e+00
1.390000000000000000e+02 -1.290419999999999900e+00 9.192700000000000315e+00 0.000000000000000000e+00
1.400000000000000000e+02 -2.324710000000000054e+00 1.108061000000000007e+01 0.000000000000000000e+00
1.410000000000000000e+02 -9.959999999999999964e-01 1.268066999999999922e+01 0.000000000000000000e+00
1.420000000000000000e+02 -1.876500000000000057e+00 1.454199000000000019e+01 0.000000000000000000e+00
1.430000000000000000e+02 -1.809360000000000079e+00 1.832196000000000069e+01 0.000000000000000000e+00
1.440000000000000000e+02 6.241499999999999826e-01 -1.808620000000000161e+01 0.000000000000000000e+00
1.450000000000000000e+02 9.842499999999999583e-01 -1.604798999999999864e+01 0.000000000000000000e+00
1.460000000000000000e+02 -7.400999999999999801e-01 -1.271557999999999922e+01 0.000000000000000000e+00
1.470000000000000000e+02 -6.008099999999999552e-01 -1.063397999999999932e+01 0.000000000000000000e+00
1.480000000000000000e+02 -5.009599999999999609e-01 -8.395479999999999166e+00 0.000000000000000000e+00
1.490000000000000000e+02 1.393680000000000030e+00 -7.518390000000000128e+00 0.000000000000000000e+00
1.500000000000000000e+02 -2.841299999999999937e-01 -6.314840000000000231e+00 0.000000000000000000e+00
1.510000000000000000e+02 -5.575999999999999707e-02 -2.158710000000000129e+00 0.000000000000000000e+00
1.520000000000000000e+02 1.522699999999999887e-01 -2.370000000000000145e-03 0.000000000000000000e+00
1.530000000000000000e+02 -1.518270000000000008e+00 1.208420000000000050e+00 0.000000000000000000e+00
1.540000000000000000e+02 -1.422709999999999919e+00 3.302379999999999871e+00 0.000000000000000000e+00
1.550000000000000000e+02 -1.376789999999999958e+00 5.363599999999999923e+00 0.000000000000000000e+00
1.560000000000000000e+02 3.015499999999999847e-01 6.669439999999999813e+00 0.000000000000000000e+00
1.570000000000000000e+02 7.279400000000000315e-01 8.712270000000000181e+00 0.000000000000000000e+00
1.580000000000000000e+02 1.154899999999999954e-01 1.074191000000000074e+01 0.000000000000000000e+00
1.590000000000000000e+02 2.576999999999999846e-01 1.459104999999999919e+01 0.000000000000000000e+00
1.600000000000000000e+02 -8.224399999999999489e-01 1.634404999999999930e+01 0.000000000000000000e+00
1.610000000000000000e+02 3.955600000000000227e-01 1.817787999999999826e+01 0.000000000000000000e+00
1.620000000000000000e+02 8.792200000000000015e-01 -2.019738999999999862e+01 0.000000000000000000e+00
1.630000000000000000e+02 2.702350000000000030e+00 -1.722595000000000098e+01 0.000000000000000000e+00
1.640000000000000000e+02 1.025689999999999991e+00 -1.393186999999999998e+01 0.000000000000000000e+00
1.650000000000000000e+02 1.168220000000000036e+00 -1.186936000000000035e+01 0.000000000000000000e+00
1.660000000000000000e+02 1.248340000000000005e+00 -9.623409999999999798e+00 0.000000000000000000e+00
1.670000000000000000e+02 1.586230000000000029e+00 -5.357020000000000337e+00 0.000000000000000000e+00
1.680000000000000000e+02 1.741419999999999968e+00 -3.253629999999999800e+00 0.000000000000000000e+00
1.690000000000000000e+02 3.684460000000000068e+00 -2.387690000000000090e+00 0.000000000000000000e+00
1.700000000000000000e+02 1.892560000000000020e+00 -1.141219999999999901e+00 0.000000000000000000e+00
1.710000000000000000e+02 2.041539999999999910e+00 9.506999999999999895e-01 0.000000000000000000e+00
1.720000000000000000e+02 3.246899999999999786e-01 2.175829999999999931e+00 0.000000000000000000e+00
1.730000000000000000e+02 4.384700000000000264e-01 4.286480000000000068e+00 0.000000000000000000e+00
1.740000000000000000e+02 2.297719999999999985e+00 5.233279999999999710e+00 0.000000000000000000e+00
1.750000000000000000e+02 2.304380000000000095e+00 7.372510000000000119e+00 0.000000000000000000e+00
1.760000000000000000e+02 2.574040000000000106e+00 9.818260000000000431e+00 0.000000000000000000e+00
1.770000000000000000e+02 1.124719999999999942e+00 1.254819999999999958e+01 0.000000000000000000e+00
1.780000000000000000e+02 1.435060000000000002e+00 1.631953000000000031e+01 0.000000000000000000e+00
1.790000000000000000e+02 1.426509999999999945e+00 1.999923000000000073e+01 0.000000000000000000e+00
1.800000000000000000e+02 3.175349999999999895e+00 -1.927882999999999925e+01 0.000000000000000000e+00
1.810000000000000000e+02 2.850530000000000008e+00 -1.503090000000000082e+01 0.000000000000000000e+00
1.820000000000000000e+02 3.050930000000000142e+00 -1.285314999999999941e+01 0.000000000000000000e+00
1.830000000000000000e+02 3.017640000000000100e+00 -1.077777000000000029e+01 0.000000000000000000e+00
1.840000000000000000e+02 3.179390000000000160e+00 -8.618420000000000414e+00 0.000000000000000000e+00
1.850000000000000000e+02 3.337169999999999970e+00 -6.511219999999999786e+00 0.000000000000000000e+00
1.860000000000000000e+02 3.464859999999999829e+00 -4.442059999999999675e+00 0.000000000000000000e+00
1.870000000000000000e+02 5.435839999999999783e+00 -3.488039999999999807e+00 0.000000000000000000e+00
1.880000000000000000e+02 3.765070000000000139e+00 -2.087400000000000089e-01 0.000000000000000000e+00
1.890000000000000000e+02 3.960869999999999891e+00 1.946949999999999958e+00 0.000000000000000000e+00
1.900000000000000000e+02 2.218789999999999818e+00 3.066590000000000149e+00 0.000000000000000000e+00
1.910000000000000000e+02 4.053689999999999571e+00 4.123109999999999609e+00 0.000000000000000000e+00
1.920000000000000000e+02 4.092880000000000074e+00 6.234880000000000422e+00 0.000000000000000000e+00
1.930000000000000000e+02 4.162740000000000329e+00 8.402829999999999799e+00 0.000000000000000000e+00
1.940000000000000000e+02 4.650619999999999976e+00 1.047987999999999964e+01 0.000000000000000000e+00
1.950000000000000000e+02 3.072159999999999780e+00 1.185548000000000002e+01 0.000000000000000000e+00
1.960000000000000000e+02 2.906979999999999897e+00 1.410585999999999984e+01 0.000000000000000000e+00
1.970000000000000000e+02 2.480160000000000142e+00 1.812102000000000146e+01 0.000000000000000000e+00
1.980000000000000000e+02 4.626890000000000391e+00 -1.635160000000000124e+01 0.000000000000000000e+00
1.990000000000000000e+02 4.795779999999999710e+00 -1.402994999999999948e+01 0.000000000000000000e+00
2.000000000000000000e+02 4.962650000000000006e+00 -1.190588999999999942e+01 0.000000000000000000e+00
2.010000000000000000e+02 4.920069999999999943e+00 -9.828310000000000102e+00 0.000000000000000000e+00
2.020000000000000000e+02 5.082089999999999996e+00 -7.665199999999999569e+00 0.000000000000000000e+00
2.030000000000000000e+02 5.193649999999999878e+00 -5.581660000000000288e+00 0.000000000000000000e+00
2.040000000000000000e+02 7.172030000000000349e+00 -4.685769999999999769e+00 0.000000000000000000e+00
2.050000000000000000e+02 5.520789999999999864e+00 -1.398919999999999941e+00 0.000000000000000000e+00
2.060000000000000000e+02 7.510279999999999845e+00 -4.002700000000000147e-01 0.000000000000000000e+00
2.070000000000000000e+02 5.678189999999999849e+00 6.809699999999999642e-01 0.000000000000000000e+00
2.080000000000000000e+02 5.843539999999999957e+00 2.856990000000000141e+00 0.000000000000000000e+00
2.090000000000000000e+02 5.921190000000000175e+00 5.028430000000000177e+00 0.000000000000000000e+00
2.100000000000000000e+02 6.170029999999999681e+00 7.130770000000000053e+00 0.000000000000000000e+00
2.110000000000000000e+02 6.297010000000000218e+00 9.229770000000000252e+00 0.000000000000000000e+00
2.120000000000000000e+02 6.513860000000000205e+00 1.150000000000000000e+01 0.000000000000000000e+00
2.130000000000000000e+02 4.824150000000000382e+00 1.292603000000000080e+01 0.000000000000000000e+00
2.140000000000000000e+02 3.567750000000000199e+00 1.626792000000000016e+01 0.000000000000000000e+00
2.150000000000000000e+02 4.544900000000000162e+00 1.879647999999999897e+01 0.000000000000000000e+00
2.160000000000000000e+02 6.460280000000000022e+00 -1.750982000000000127e+01 0.000000000000000000e+00
2.170000000000000000e+02 6.428130000000000344e+00 -1.529034000000000049e+01 0.000000000000000000e+00
2.180000000000000000e+02 6.666170000000000151e+00 -1.314053000000000004e+01 0.000000000000000000e+00
2.190000000000000000e+02 6.827099999999999724e+00 -1.102262999999999948e+01 0.000000000000000000e+00
2.200000000000000000e+02 6.792970000000000397e+00 -8.837740000000000151e+00 0.000000000000000000e+00
2.210000000000000000e+02 6.954369999999999941e+00 -6.775750000000000384e+00 0.000000000000000000e+00
2.220000000000000000e+02 9.105750000000000455e+00 -3.917679999999999829e+00 0.000000000000000000e+00
2.230000000000000000e+02 7.283739999999999881e+00 -2.551120000000000054e+00 0.000000000000000000e+00
2.240000000000000000e+02 9.160729999999999151e+00 -1.688970000000000082e+00 0.000000000000000000e+00
2.250000000000000000e+02 7.570890000000000342e+00 1.690709999999999935e+00 0.000000000000000000e+00
2.260000000000000000e+02 7.695000000000000284e+00 3.774199999999999999e+00 0.000000000000000000e+00
2.270000000000000000e+02 9.652279999999999305e+00 4.714850000000000207e+00 0.000000000000000000e+00
2.280000000000000000e+02 7.933589999999999698e+00 5.933139999999999858e+00 0.000000000000000000e+00
2.290000000000000000e+02 8.056060000000000443e+00 8.068410000000000082e+00 0.000000000000000000e+00
2.300000000000000000e+02 8.146699999999999164e+00 1.020034000000000063e+01 0.000000000000000000e+00
2.310000000000000000e+02 6.781080000000000219e+00 1.354324000000000083e+01 0.000000000000000000e+00
2.320000000000000000e+02 5.192910000000000359e+00 1.496659000000000006e+01 0.000000000000000000e+00
2.330000000000000000e+02 5.604460000000000441e+00 1.699127999999999972e+01 0.000000000000000000e+00
2.340000000000000000e+02 8.653729999999999478e+00 -1.652811000000000163e+01 0.000000000000000000e+00
2.350000000000000000e+02 8.338060000000000471e+00 -1.439658000000000015e+01 0.000000000000000000e+00
2.360000000000000000e+02 8.618230000000000501e+00 -1.225258999999999965e+01 0.000000000000000000e+00
2.370000000000000000e+02 8.745219999999999771e+00 -1.015177000000000085e+01 0.000000000000000000e+00
2.380000000000000000e+02 8.722640000000000171e+00 -8.061640000000000583e+00 0.000000000000000000e+00
2.390000000000000000e+02 8.911780000000000257e+00 -5.967109999999999914e+00 0.000000000000000000e+00
2.400000000000000000e+02 1.084146999999999927e+01 -5.088700000000000223e+00 0.000000000000000000e+00
2.410000000000000000e+02 1.090216999999999992e+01 -2.883049999999999891e+00 0.000000000000000000e+00
2.420000000000000000e+02 9.373210000000000264e+00 4.965200000000000169e-01 0.000000000000000000e+00
2.430000000000000000e+02 1.128279999999999994e+01 1.444989999999999997e+00 0.000000000000000000e+00
2.440000000000000000e+02 9.493700000000000472e+00 2.587650000000000006e+00 0.000000000000000000e+00
2.450000000000000000e+02 1.155812000000000062e+01 5.720690000000000275e+00 0.000000000000000000e+00
2.460000000000000000e+02 9.802099999999999369e+00 6.942129999999999690e+00 0.000000000000000000e+00
2.470000000000000000e+02 9.977579999999999671e+00 9.022550000000000736e+00 0.000000000000000000e+00
2.480000000000000000e+02 8.461980000000000501e+00 1.228969999999999985e+01 0.000000000000000000e+00
2.490000000000000000e+02 8.947400000000000020e+00 1.431295000000000073e+01 0.000000000000000000e+00
2.500000000000000000e+02 7.219769999999999577e+00 1.563207000000000058e+01 0.000000000000000000e+00
2.510000000000000000e+02 8.492850000000000676e+00 1.728150000000000119e+01 0.000000000000000000e+00
2.520000000000000000e+02 1.053688999999999965e+01 -1.567031000000000063e+01 0.000000000000000000e+00
2.530000000000000000e+02 1.050084999999999980e+01 -1.348822999999999972e+01 0.000000000000000000e+00
2.540000000000000000e+02 1.052219999999999978e+01 -1.133303000000000083e+01 0.000000000000000000e+00
2.550000000000000000e+02 1.060857999999999990e+01 -9.212830000000000297e+00 0.000000000000000000e+00
2.560000000000000000e+02 1.063453999999999944e+01 -7.141099999999999781e+00 0.000000000000000000e+00
2.570000000000000000e+02 1.254040999999999961e+01 -6.287880000000000358e+00 0.000000000000000000e+00
2.580000000000000000e+02 1.271654000000000018e+01 -4.163649999999999629e+00 0.000000000000000000e+00
2.590000000000000000e+02 1.291074000000000055e+01 -2.031260000000000066e+00 0.000000000000000000e+00
2.600000000000000000e+02 1.113850000000000051e+01 -7.120600000000000263e-01 0.000000000000000000e+00
2.610000000000000000e+02 1.318197999999999936e+01 2.291090000000000071e+00 0.000000000000000000e+00
2.620000000000000000e+02 1.139921000000000006e+01 3.585240000000000204e+00 0.000000000000000000e+00
2.630000000000000000e+02 1.327552000000000021e+01 4.470279999999999809e+00 0.000000000000000000e+00
2.640000000000000000e+02 1.355668999999999969e+01 6.614930000000000199e+00 0.000000000000000000e+00
2.650000000000000000e+02 1.167441999999999958e+01 7.809210000000000207e+00 0.000000000000000000e+00
2.660000000000000000e+02 1.191737999999999964e+01 9.994550000000000267e+00 0.000000000000000000e+00
2.670000000000000000e+02 1.013998999999999917e+01 1.110200000000000031e+01 0.000000000000000000e+00
2.680000000000000000e+02 1.122334000000000032e+01 1.399413000000000018e+01 0.000000000000000000e+00
2.690000000000000000e+02 1.026881000000000022e+01 1.597178000000000075e+01 0.000000000000000000e+00
2.700000000000000000e+02 1.242098000000000013e+01 -1.482184999999999953e+01 0.000000000000000000e+00
2.710000000000000000e+02 1.262219999999999942e+01 -1.274550999999999945e+01 0.000000000000000000e+00
2.720000000000000000e+02 1.251356999999999964e+01 -1.050914999999999999e+01 0.000000000000000000e+00
2.730000000000000000e+02 1.433272999999999975e+01 -9.511739999999999640e+00 0.000000000000000000e+00
2.740000000000000000e+02 1.253734000000000037e+01 -8.419169999999999376e+00 0.000000000000000000e+00
2.750000000000000000e+02 1.461778999999999940e+01 -5.241660000000000430e+00 0.000000000000000000e+00
2.760000000000000000e+02 1.466807999999999979e+01 -3.112670000000000048e+00 0.000000000000000000e+00
2.770000000000000000e+02 1.486290999999999940e+01 -1.048249999999999904e+00 0.000000000000000000e+00
2.780000000000000000e+02 1.307484000000000002e+01 1.308600000000000041e-01 0.000000000000000000e+00
2.790000000000000000e+02 1.492966999999999977e+01 1.058550000000000102e+00 0.000000000000000000e+00
2.800000000000000000e+02 1.503766000000000069e+01 3.249969999999999803e+00 0.000000000000000000e+00
2.810000000000000000e+02 1.516668999999999912e+01 5.344560000000000421e+00 0.000000000000000000e+00
2.820000000000000000e+02 1.744469000000000136e+01 6.698080000000000034e+00 0.000000000000000000e+00
2.830000000000000000e+02 1.549962000000000018e+01 7.501019999999999577e+00 0.000000000000000000e+00
2.840000000000000000e+02 1.356152999999999942e+01 8.692510000000000403e+00 0.000000000000000000e+00
2.850000000000000000e+02 1.560674000000000028e+01 9.671699999999999520e+00 0.000000000000000000e+00
2.860000000000000000e+02 1.382620000000000005e+01 1.076929999999999943e+01 0.000000000000000000e+00
2.870000000000000000e+02 1.230142000000000024e+01 1.222627999999999915e+01 0.000000000000000000e+00
2.880000000000000000e+02 1.439045999999999914e+01 -1.392816000000000010e+01 0.000000000000000000e+00
2.890000000000000000e+02 1.467703999999999986e+01 -1.183956000000000053e+01 0.000000000000000000e+00
2.900000000000000000e+02 1.643157000000000068e+01 -1.071714000000000055e+01 0.000000000000000000e+00
2.910000000000000000e+02 1.622209000000000145e+01 -8.552149999999999253e+00 0.000000000000000000e+00
2.920000000000000000e+02 1.447329000000000043e+01 -7.354589999999999961e+00 0.000000000000000000e+00
2.930000000000000000e+02 1.675137000000000143e+01 -6.485089999999999577e+00 0.000000000000000000e+00
2.940000000000000000e+02 1.655118999999999829e+01 -4.230360000000000120e+00 0.000000000000000000e+00
2.950000000000000000e+02 1.881255000000000166e+01 -1.384570000000000078e+00 0.000000000000000000e+00
2.960000000000000000e+02 1.687604999999999933e+01 -2.186259999999999870e+00 0.000000000000000000e+00
2.970000000000000000e+02 1.674866000000000099e+01 -9.886999999999999955e-02 0.000000000000000000e+00
2.980000000000000000e+02 1.675133999999999901e+01 2.084709999999999841e+00 0.000000000000000000e+00
2.990000000000000000e+02 1.698195000000000121e+01 4.207370000000000054e+00 0.000000000000000000e+00
