0.000000000000000000e+00 -1.549661000000000044e+01 -1.391649999999999920e+01 0.000000000000000000e+00
1.000000000000000000e+00 -1.588655999999999935e+01 -1.174990000000000023e+01 0.000000000000000000e+00
2.000000000000000000e+00 -1.713610999999999862e+01 -1.008811000000000035e+01 0.000000000000000000e+00
3.000000000000000000e+00 -1.842635999999999896e+01 -8.404970000000000496e+00 0.000000000000000000e+00
4.000000000000000000e+00 -1.652399000000000129e+01 -7.376719999999999722e+00 0.000000000000000000e+00
5.000000000000000000e+00 -1.841503000000000156e+01 -6.043949999999999712e+00 0.000000000000000000e+00
6.000000000000000000e+00 -1.784809999999999874e+01 -3.541500000000000092e+00 0.000000000000000000e+00
7.000000000000000000e+00 -1.744166999999999845e+01 -1.298729999999999940e+00 0.000000000000000000e+00
8.000000000000000000e+00 -1.692460000000000164e+01 7.101600000000000135e-01 0.000000000000000000e+00
9.000000000000000000e+00 -1.863115000000000165e+01 2.026689999999999880e+00 0.000000000000000000e+00
1.000000000000000000e+01 -1.651807000000000158e+01 2.768959999999999866e+00 0.000000000000000000e+00
1.100000000000000000e+01 -1.819807000000000130e+01 4.128330000000000055e+00 0.000000000000000000e+00
1.200000000000000000e+01 -1.568694999999999951e+01 6.928810000000000358e+00 0.000000000000000000e+00
1.300000000000000000e+01 -1.769404000000000110e+01 6.295379999999999754e+00 0.000000000000000000e+00
1.400000000000000000e+01 -1.732130000000000081e+01 8.365970000000000795e+00 0.000000000000000000e+00
1.500000000000000000e+01 -1.679355999999999938e+01 1.038762000000000008e+01 0.000000000000000000e+00
1.600000000000000000e+01 -1.630483999999999867e+01 1.241933000000000042e+01 0.000000000000000000e+00
1.700000000000000000e+01 -1.595208000000000048e+01 1.448803000000000019e+01 0.000000000000000000e+00
1.800000000000000000e+01 -1.387903999999999982e+01 -1.548094000000000037e+01 0.000000000000000000e+00
1.900000000000000000e+01 -1.361769999999999925e+01 -1.292389000000000010e+01 0.000000000000000000e+00
2.000000000000000000e+01 -1.356372000000000000e+01 -1.058977999999999930e+01 0.000000000000000000e+00
2.100000000000000000e+01 -1.503420000000000023e+01 -9.006500000000000838e+00 0.000000000000000000e+00
2.200000000000000000e+01 -1.460970000000000013e+01 -6.594540000000000290e+00 0.000000000000000000e+00
2.300000000000000000e+01 -1.638591999999999871e+01 -5.125149999999999650e+00 0.000000000000000000e+00
2.400000000000000000e+01 -1.442586000000000013e+01 -4.438080000000000247e+00 0.000000000000000000e+00
2.500000000000000000e+01 -1.586248999999999931e+01 -2.922530000000000072e+00 0.000000000000000000e+00
2.600000000000000000e+01 -1.542929999999999957e+01 -8.090899999999999759e-01 0.000000000000000000e+00
2.700000000000000000e+01 -1.494763000000000019e+01 1.364449999999999941e+00 0.000000000000000000e+00
2.800000000000000000e+01 -1.449245999999999945e+01 3.394470000000000098e+00 0.000000000000000000e+00
2.900000000000000000e+01 -1.608510000000000062e+01 4.847669999999999924e+00 0.000000000000000000e+00
3.000000000000000000e+01 -1.408614000000000033e+01 5.512660000000000338e+00 0.000000000000000000e+00
3.100000000000000000e+01 -1.366829000000000072e+01 7.584010000000000140e+00 0.000000000000000000e+00
3.200000000000000000e+01 -1.521387999999999963e+01 8.985829999999999984e+00 0.000000000000000000e+00
3.300000000000000000e+01 -1.477053000000000083e+01 1.102205000000000013e+01 0.000000000000000000e+00
3.400000000000000000e+01 -1.429822000000000060e+01 1.312601000000000084e+01 0.000000000000000000e+00
3.500000000000000000e+01 -1.387015000000000065e+01 1.534656999999999982e+01 0.000000000000000000e+00
3.600000000000000000e+01 -1.167908000000000079e+01 -1.629929999999999879e+01 0.000000000000000000e+00
3.700000000000000000e+01 -1.187144999999999939e+01 -1.417905999999999977e+01 0.000000000000000000e+00
3.800000000000000000e+01 -1.180646999999999913e+01 -1.182498000000000005e+01 0.000000000000000000e+00
3.900000000000000000e+01 -1.157292999999999950e+01 -9.687469999999999359e+00 0.000000000000000000e+00
4.000000000000000000e+01 -1.312879000000000040e+01 -8.024229999999999308e+00 0.000000000000000000e+00
4.100000000000000000e+01 -1.270651999999999937e+01 -5.724120000000000097e+00 0.000000000000000000e+00
4.200000000000000000e+01 -1.242549999999999955e+01 -3.656579999999999941e+00 0.000000000000000000e+00
4.300000000000000000e+01 -1.383023000000000025e+01 -2.113150000000000084e+00 0.000000000000000000e+00
4.400000000000000000e+01 -1.186856000000000044e+01 -1.415049999999999919e+00 0.000000000000000000e+00
4.500000000000000000e+01 -1.343829999999999991e+01 -6.425999999999999768e-02 0.000000000000000000e+00
4.600000000000000000e+01 -1.285211999999999932e+01 1.973510000000000097e+00 0.000000000000000000e+00
4.700000000000000000e+01 -1.254011000000000031e+01 4.114869999999999806e+00 0.000000000000000000e+00
4.800000000000000000e+01 -1.211236000000000068e+01 6.186139999999999972e+00 0.000000000000000000e+00
4.900000000000000000e+01 -1.168302000000000085e+01 8.206490000000000506e+00 0.000000000000000000e+00
5.000000000000000000e+01 -1.314066000000000045e+01 9.735709999999999198e+00 0.000000000000000000e+00
5.100000000000000000e+01 -1.262739000000000011e+01 1.174288999999999916e+01 0.000000000000000000e+00
5.200000000000000000e+01 -1.205014000000000074e+01 1.386740999999999957e+01 0.000000000000000000e+00
5.300000000000000000e+01 -1.188601000000000063e+01 1.594500000000000028e+01 0.000000000000000000e+00
5.400000000000000000e+01 -9.593289999999999651e+00 -1.738698000000000121e+01 0.000000000000000000e+00
5.500000000000000000e+01 -9.709530000000000882e+00 -1.525431000000000026e+01 0.000000000000000000e+00
5.600000000000000000e+01 -9.980999999999999872e+00 -1.314765000000000050e+01 0.000000000000000000e+00
5.700000000000000000e+01 -9.920840000000000103e+00 -1.091873999999999967e+01 0.000000000000000000e+00
5.800000000000000000e+01 -9.760389999999999233e+00 -8.628270000000000550e+00 0.000000000000000000e+00
5.900000000000000000e+01 -1.123001000000000005e+01 -7.163870000000000182e+00 0.000000000000000000e+00
6.000000000000000000e+01 -1.073370000000000068e+01 -4.893600000000000172e+00 0.000000000000000000e+00
6.100000000000000000e+01 -1.034336000000000055e+01 -2.838870000000000005e+00 0.000000000000000000e+00
6.200000000000000000e+01 -9.694810000000000372e+00 -8.061599999999999877e-01 0.000000000000000000e+00
6.300000000000000000e+01 -1.124813999999999936e+01 5.739699999999999802e-01 0.000000000000000000e+00
6.400000000000000000e+01 -1.087490000000000023e+01 2.617350000000000065e+00 0.000000000000000000e+00
6.500000000000000000e+01 -1.056766999999999967e+01 4.708879999999999733e+00 0.000000000000000000e+00
6.600000000000000000e+01 -1.000882999999999967e+01 6.768709999999999560e+00 0.000000000000000000e+00
6.700000000000000000e+01 -9.560900000000000176e+00 8.867480000000000473e+00 0.000000000000000000e+00
6.800000000000000000e+01 -1.113803000000000054e+01 1.019621000000000066e+01 0.000000000000000000e+00
6.900000000000000000e+01 -1.063835000000000086e+01 1.232150000000000034e+01 0.000000000000000000e+00
7.000000000000000000e+01 -1.003558999999999912e+01 1.467455999999999960e+01 0.000000000000000000e+00
7.100000000000000000e+01 -1.001004000000000005e+01 1.690372999999999948e+01 0.000000000000000000e+00
7.200000000000000000e+01 -7.473790000000000155e+00 -1.832366000000000028e+01 0.000000000000000000e+00
7.300000000000000000e+01 -7.779989999999999739e+00 -1.616751000000000005e+01 0.000000000000000000e+00
7.400000000000000000e+01 -7.940140000000000420e+00 -1.405570999999999948e+01 0.000000000000000000e+00
7.500000000000000000e+01 -8.142609999999999459e+00 -1.201314999999999955e+01 0.000000000000000000e+00
7.600000000000000000e+01 -8.102199999999999847e+00 -9.927329999999999544e+00 0.000000000000000000e+00
7.700000000000000000e+01 -9.301159999999999428e+00 -6.418800000000000061e+00 0.000000000000000000e+00
7.800000000000000000e+01 -8.707800000000000651e+00 -4.250429999999999708e+00 0.000000000000000000e+00
7.900000000000000000e+01 -8.137790000000000745e+00 -2.198980000000000157e+00 0.000000000000000000e+00
8.000000000000000000e+01 -7.727339999999999876e+00 -1.790799999999999892e-01 0.000000000000000000e+00
8.100000000000000000e+01 -9.267129999999999868e+00 1.251169999999999893e+00 0.000000000000000000e+00
8.200000000000000000e+01 -8.931309999999999860e+00 3.295199999999999907e+00 0.000000000000000000e+00
8.300000000000000000e+01 -8.494870000000000587e+00 5.345229999999999926e+00 0.000000000000000000e+00
8.400000000000000000e+01 -7.969319999999999737e+00 7.425970000000000404e+00 0.000000000000000000e+00
8.500000000000000000e+01 -7.530380000000000074e+00 9.513799999999999812e+00 0.000000000000000000e+00
8.600000000000000000e+01 -9.132089999999999819e+00 1.091737999999999964e+01 0.000000000000000000e+00
8.700000000000000000e+01 -8.667529999999999291e+00 1.307559000000000005e+01 0.000000000000000000e+00
8.800000000000000000e+01 -8.069039999999999324e+00 1.548512999999999984e+01 0.000000000000000000e+00
8.900000000000000000e+01 -7.601239999999999775e+00 1.768246999999999858e+01 0.000000000000000000e+00
9.000000000000000000e+01 -5.231270000000000309e+00 -1.880517000000000039e+01 0.000000000000000000e+00
9.100000000000000000e+01 -5.364869999999999806e+00 -1.667226000000000141e+01 0.000000000000000000e+00
9.200000000000000000e+01 -5.864130000000000287e+00 -1.466658999999999935e+01 0.000000000000000000e+00
9.300000000000000000e+01 -6.140229999999999855e+00 -1.258098000000000027e+01 0.000000000000000000e+00
9.400000000000000000e+01 -6.116200000000000081e+00 -9.325850000000000861e+00 0.000000000000000000e+00
9.500000000000000000e+01 -7.799220000000000041e+00 -7.831450000000000244e+00 0.000000000000000000e+00
9.600000000000000000e+01 -7.203260000000000218e+00 -5.681070000000000064e+00 0.000000000000000000e+00
9.700000000000000000e+01 -6.682909999999999684e+00 -3.680890000000000217e+00 0.000000000000000000e+00
9.800000000000000000e+01 -6.159480000000000288e+00 -1.542300000000000004e+00 0.000000000000000000e+00
9.900000000000000000e+01 -7.235619999999999941e+00 1.940029999999999921e+00 0.000000000000000000e+00
1.000000000000000000e+02 -6.887190000000000367e+00 4.033350000000000435e+00 0.000000000000000000e+00
1.010000000000000000e+02 -4.883980000000000210e+00 4.562369999999999592e+00 0.000000000000000000e+00
1.020000000000000000e+02 -6.419139999999999624e+00 6.066919999999999646e+00 0.000000000000000000e+00
1.030000000000000000e+02 -5.902239999999999931e+00 8.089620000000000033e+00 0.000000000000000000e+00
1.040000000000000000e+02 -7.149020000000000152e+00 1.169325000000000081e+01 0.000000000000000000e+00
1.050000000000000000e+02 -6.721239999999999881e+00 1.376599000000000039e+01 0.000000000000000000e+00
1.060000000000000000e+02 -6.042290000000000383e+00 1.606871999999999900e+01 0.000000000000000000e+00
1.070000000000000000e+02 -5.585930000000000284e+00 1.861111999999999966e+01 0.000000000000000000e+00
1.080000000000000000e+02 -3.194970000000000088e+00 -1.752393000000000001e+01 0.000000000000000000e+00
1.090000000000000000e+02 -3.742189999999999905e+00 -1.523529000000000089e+01 0.000000000000000000e+00
1.100000000000000000e+02 -4.140959999999999752e+00 -1.313130999999999915e+01 0.000000000000000000e+00
1.110000000000000000e+02 -4.737070000000000114e+00 -1.096837999999999980e+01 0.000000000000000000e+00
1.120000000000000000e+02 -4.199530000000000207e+00 -8.570339999999999847e+00 0.000000000000000000e+00
1.130000000000000000e+02 -5.761930000000000440e+00 -7.192770000000000330e+00 0.000000000000000000e+00
1.140000000000000000e+02 -5.155389999999999695e+00 -5.102660000000000196e+00 0.000000000000000000e+00
1.150000000000000000e+02 -4.631339999999999790e+00 -2.951740000000000030e+00 0.000000000000000000e+00
1.160000000000000000e+02 -4.178169999999999717e+00 -8.737800000000000011e-01 0.000000000000000000e+00
1.170000000000000000e+02 -5.735050000000000203e+00 4.960200000000000164e-01 0.000000000000000000e+00
1.180000000000000000e+02 -5.224380000000000024e+00 2.494089999999999918e+00 0.000000000000000000e+00
1.190000000000000000e+02 -2.789919999999999956e+00 5.300600000000000200e+00 0.000000000000000000e+00
1.200000000000000000e+02 -4.431180000000000341e+00 6.593810000000000393e+00 0.000000000000000000e+00
1.210000000000000000e+02 -3.990450000000000053e+00 8.850229999999999819e+00 0.000000000000000000e+00
1.220000000000000000e+02 -5.524720000000000297e+00 1.027857000000000021e+01 0.000000000000000000e+00
1.230000000000000000e+02 -5.083050000000000068e+00 1.229346999999999923e+01 0.000000000000000000e+00
1.240000000000000000e+02 -4.685780000000000278e+00 1.446255999999999986e+01 0.000000000000000000e+00
1.250000000000000000e+02 -3.783349999999999991e+00 1.677057999999999893e+01 0.000000000000000000e+00
1.260000000000000000e+02 -9.668400000000000327e-01 -1.781640000000000157e+01 0.000000000000000000e+00
1.270000000000000000e+02 -1.711610000000000076e+00 -1.572555000000000014e+01 0.000000000000000000e+00
1.280000000000000000e+02 -2.095860000000000056e+00 -1.367164000000000001e+01 0.000000000000000000e+00
1.290000000000000000e+02 -2.786620000000000097e+00 -1.007497000000000043e+01 0.000000000000000000e+00
1.300000000000000000e+02 -2.167520000000000113e+00 -7.991249999999999964e+00 0.000000000000000000e+00
1.310000000000000000e+02 -3.639949999999999797e+00 -6.543619999999999770e+00 0.000000000000000000e+00
1.320000000000000000e+02 -3.187899999999999956e+00 -4.478360000000000340e+00 0.000000000000000000e+00
1.330000000000000000e+02 -2.669890000000000096e+00 -2.316790000000000127e+00 0.000000000000000000e+00
1.340000000000000000e+02 -2.121640000000000192e+00 -2.976900000000000102e-01 0.000000000000000000e+00
1.350000000000000000e+02 -3.655940000000000190e+00 1.166539999999999910e+00 0.000000000000000000e+00
1.360000000000000000e+02 -3.273639999999999883e+00 3.270329999999999959e+00 0.000000000000000000e+00
1.370000000000000000e+02 -8.172099999999999920e-01 5.968280000000000030e+00 0.000000000000000000e+00
1.380000000000000000e+02 -2.467859999999999943e+00 7.400019999999999598e+00 0.000000000000000000e+00
1.390000000000000000e+02 -1.986089999999999911e+00 9.436890000000000001e+00 0.000000000000000000e+00
1.400000000000000000e+02 -3.464379999999999793e+00 1.093368000000000073e+01 0.000000000000000000e+00
1.410000000000000000e+02 -2.956440000000000179e+00 1.294213000000000058e+01 0.000000000000000000e+00
1.420000000000000000e+02 -2.655489999999999906e+00 1.499376999999999960e+01 0.000000000000000000e+00
1.430000000000000000e+02 -2.568620000000000125e+00 1.867467999999999861e+01 0.000000000000000000e+00
1.440000000000000000e+02 6.461200000000000276e-01 -1.934099000000000146e+01 0.000000000000000000e+00
1.450000000000000000e+02 3.519499999999999851e-01 -1.605702000000000140e+01 0.000000000000000000e+00
1.460000000000000000e+02 8.877999999999999781e-02 -1.367262000000000022e+01 0.000000000000000000e+00
1.470000000000000000e+02 -1.294010000000000105e+00 -1.162236000000000047e+01 0.000000000000000000e+00
1.480000000000000000e+02 -7.903700000000000170e-01 -9.555790000000000006e+00 0.000000000000000000e+00
1.490000000000000000e+02 -7.817999999999999949e-02 -7.376610000000000333e+00 0.000000000000000000e+00
1.500000000000000000e+02 -1.615720000000000045e+00 -5.932269999999999932e+00 0.000000000000000000e+00
1.510000000000000000e+02 -1.172420000000000018e+00 -3.892609999999999904e+00 0.000000000000000000e+00
1.520000000000000000e+02 -3.926200000000000245e-01 -1.717570000000000041e+00 0.000000000000000000e+00
1.530000000000000000e+02 -1.676730000000000054e+00 1.779800000000000049e+00 0.000000000000000000e+00
1.540000000000000000e+02 -1.290980000000000016e+00 3.890060000000000073e+00 0.000000000000000000e+00
1.550000000000000000e+02 6.907400000000000206e-01 4.529049999999999798e+00 0.000000000000000000e+00
1.560000000000000000e+02 -4.355999999999999872e-01 8.008689999999999642e+00 0.000000000000000000e+00
1.570000000000000000e+02 4.133999999999999897e-01 9.972360000000000113e+00 0.000000000000000000e+00
1.580000000000000000e+02 -1.467850000000000099e+00 1.144365999999999950e+01 0.000000000000000000e+00
1.590000000000000000e+02 -1.032790000000000097e+00 1.366886000000000045e+01 0.000000000000000000e+00
1.600000000000000000e+02 -1.659429999999999961e+00 1.681894000000000133e+01 0.000000000000000000e+00
1.610000000000000000e+02 -2.569199999999999817e-01 1.837459000000000131e+01 0.000000000000000000e+00
1.620000000000000000e+02 2.732270000000000199e+00 -1.961576000000000164e+01 0.000000000000000000e+00
1.630000000000000000e+02 1.948790000000000022e+00 -1.761360000000000170e+01 0.000000000000000000e+00
1.640000000000000000e+02 1.932909999999999906e+00 -1.468857000000000035e+01 0.000000000000000000e+00
1.650000000000000000e+02 7.071899999999999853e-01 -1.109801000000000037e+01 0.000000000000000000e+00
1.660000000000000000e+02 1.209950000000000081e+00 -9.005620000000000402e+00 0.000000000000000000e+00
1.670000000000000000e+02 2.000410000000000021e+00 -6.785750000000000171e+00 0.000000000000000000e+00
1.680000000000000000e+02 4.401499999999999857e-01 -5.349960000000000271e+00 0.000000000000000000e+00
1.690000000000000000e+02 8.872700000000000031e-01 -3.329530000000000101e+00 0.000000000000000000e+00
1.700000000000000000e+02 1.565339999999999954e+00 -7.598899999999999544e-01 0.000000000000000000e+00
1.710000000000000000e+02 -1.590699999999999892e-01 3.927599999999999980e-01 0.000000000000000000e+00
1.720000000000000000e+02 3.039999999999999925e-01 2.495029999999999859e+00 0.000000000000000000e+00
1.730000000000000000e+02 2.534969999999999946e+00 3.569280000000000008e+00 0.000000000000000000e+00
1.740000000000000000e+02 1.959349999999999925e+00 6.163339999999999819e+00 0.000000000000000000e+00
1.750000000000000000e+02 1.615590000000000082e+00 8.294259999999999522e+00 0.000000000000000000e+00
1.760000000000000000e+02 4.731000000000000205e-01 1.212599999999999945e+01 0.000000000000000000e+00
1.770000000000000000e+02 1.453619999999999912e+00 1.395313999999999943e+01 0.000000000000000000e+00
1.780000000000000000e+02 1.570199999999999929e-01 1.558991999999999933e+01 0.000000000000000000e+00
1.790000000000000000e+02 -9.289600000000000080e-01 2.034589000000000070e+01 0.000000000000000000e+00
1.800000000000000000e+02 4.142850000000000144e+00 -1.808555000000000135e+01 0.000000000000000000e+00
1.810000000000000000e+02 3.887700000000000156e+00 -1.404105999999999987e+01 0.000000000000000000e+00
1.820000000000000000e+02 2.281930000000000014e+00 -1.263028000000000084e+01 0.000000000000000000e+00
1.830000000000000000e+02 2.736299999999999955e+00 -1.054222999999999999e+01 0.000000000000000000e+00
1.840000000000000000e+02 3.219860000000000166e+00 -8.545420000000000016e+00 0.000000000000000000e+00
1.850000000000000000e+02 4.156019999999999825e+00 -5.978930000000000078e+00 0.000000000000000000e+00
1.860000000000000000e+02 2.597609999999999975e+00 -4.612359999999999793e+00 0.000000000000000000e+00
1.870000000000000000e+02 2.773639999999999883e+00 -2.491760000000000197e+00 0.000000000000000000e+00
1.880000000000000000e+02 3.694179999999999797e+00 -3.693899999999999961e-01 0.000000000000000000e+00
1.890000000000000000e+02 2.734500000000000153e+00 1.473519999999999941e+00 0.000000000000000000e+00
1.900000000000000000e+02 4.702029999999999710e+00 3.661259999999999959e+00 0.000000000000000000e+00
1.910000000000000000e+02 4.019969999999999821e+00 5.668709999999999916e+00 0.000000000000000000e+00
1.920000000000000000e+02 3.691199999999999815e+00 7.757729999999999571e+00 0.000000000000000000e+00
1.930000000000000000e+02 2.973650000000000126e+00 1.006183000000000050e+01 0.000000000000000000e+00
1.940000000000000000e+02 2.547219999999999818e+00 1.211546000000000056e+01 0.000000000000000000e+00
1.950000000000000000e+02 3.812780000000000058e+00 1.384233000000000047e+01 0.000000000000000000e+00
1.960000000000000000e+02 2.983080000000000176e+00 1.572373999999999938e+01 0.000000000000000000e+00
1.970000000000000000e+02 1.600649999999999906e+00 1.736233000000000004e+01 0.000000000000000000e+00
1.980000000000000000e+02 3.450579999999999981e+00 -1.611283999999999850e+01 0.000000000000000000e+00
1.990000000000000000e+02 5.624329999999999607e+00 -1.518369999999999997e+01 0.000000000000000000e+00
2.000000000000000000e+02 4.251369999999999649e+00 -1.198286000000000051e+01 0.000000000000000000e+00
2.010000000000000000e+02 4.974450000000000038e+00 -9.865940000000000154e+00 0.000000000000000000e+00
2.020000000000000000e+02 5.144929999999999559e+00 -7.787239999999999718e+00 0.000000000000000000e+00
2.030000000000000000e+02 6.255080000000000418e+00 -6.050580000000000069e+00 0.000000000000000000e+00
2.040000000000000000e+02 5.372349999999999959e+00 -4.189250000000000362e+00 0.000000000000000000e+00
2.050000000000000000e+02 4.809599999999999653e+00 -2.194209999999999994e+00 0.000000000000000000e+00
2.060000000000000000e+02 6.092570000000000263e+00 -4.924200000000000244e-01 0.000000000000000000e+00
2.070000000000000000e+02 4.993660000000000210e+00 1.265279999999999960e+00 0.000000000000000000e+00
2.080000000000000000e+02 6.771029999999999660e+00 3.113109999999999822e+00 0.000000000000000000e+00
2.090000000000000000e+02 6.180049999999999599e+00 5.151030000000000442e+00 0.000000000000000000e+00
2.100000000000000000e+02 5.694130000000000358e+00 7.209789999999999921e+00 0.000000000000000000e+00
2.110000000000000000e+02 5.033800000000000274e+00 9.355840000000000600e+00 0.000000000000000000e+00
2.120000000000000000e+02 4.526709999999999567e+00 1.158613000000000071e+01 0.000000000000000000e+00
2.130000000000000000e+02 5.850889999999999702e+00 1.320367000000000068e+01 0.000000000000000000e+00
2.140000000000000000e+02 5.205300000000000260e+00 1.538355999999999923e+01 0.000000000000000000e+00
2.150000000000000000e+02 4.382469999999999644e+00 1.741226999999999947e+01 0.000000000000000000e+00
2.160000000000000000e+02 6.276539999999999786e+00 -1.722772000000000148e+01 0.000000000000000000e+00
2.170000000000000000e+02 7.009739999999999860e+00 -1.355401999999999951e+01 0.000000000000000000e+00
2.180000000000000000e+02 6.367569999999999730e+00 -1.158343999999999951e+01 0.000000000000000000e+00
2.190000000000000000e+02 7.896530000000000271e+00 -1.016243000000000052e+01 0.000000000000000000e+00
2.200000000000000000e+02 7.169810000000000016e+00 -8.198610000000000397e+00 0.000000000000000000e+00
2.210000000000000000e+02 8.367789999999999395e+00 -6.474870000000000125e+00 0.000000000000000000e+00
2.220000000000000000e+02 7.536950000000000038e+00 -4.414259999999999629e+00 0.000000000000000000e+00
2.230000000000000000e+02 6.892050000000000232e+00 -2.430600000000000094e+00 0.000000000000000000e+00
2.240000000000000000e+02 8.266859999999999431e+00 -8.761499999999999844e-01 0.000000000000000000e+00
2.250000000000000000e+02 7.435940000000000438e+00 1.174090000000000078e+00 0.000000000000000000e+00
2.260000000000000000e+02 8.818690000000000140e+00 2.805120000000000058e+00 0.000000000000000000e+00
2.270000000000000000e+02 8.250690000000000524e+00 4.781119999999999592e+00 0.000000000000000000e+00
2.280000000000000000e+02 7.808919999999999639e+00 6.808840000000000003e+00 0.000000000000000000e+00
2.290000000000000000e+02 7.107969999999999899e+00 8.822129999999999583e+00 0.000000000000000000e+00
2.300000000000000000e+02 6.468670000000000364e+00 1.084181000000000061e+01 0.000000000000000000e+00
2.310000000000000000e+02 7.805880000000000152e+00 1.249747999999999948e+01 0.000000000000000000e+00
2.320000000000000000e+02 7.386379999999999946e+00 1.490239000000000047e+01 0.000000000000000000e+00
2.330000000000000000e+02 6.474339999999999762e+00 1.701079999999999970e+01 0.000000000000000000e+00
2.340000000000000000e+02 6.838890000000000136e+00 -1.933532999999999902e+01 0.000000000000000000e+00
2.350000000000000000e+02 7.719789999999999708e+00 -1.571378999999999948e+01 0.000000000000000000e+00
2.360000000000000000e+02 8.578450000000000131e+00 -1.211619999999999919e+01 0.000000000000000000e+00
2.370000000000000000e+02 1.004767000000000010e+01 -1.044796000000000014e+01 0.000000000000000000e+00
2.380000000000000000e+02 9.237429999999999808e+00 -8.555170000000000385e+00 0.000000000000000000e+00
2.390000000000000000e+02 1.041076999999999941e+01 -6.819180000000000241e+00 0.000000000000000000e+00
2.400000000000000000e+02 9.677080000000000126e+00 -4.814969999999999750e+00 0.000000000000000000e+00
2.410000000000000000e+02 8.990690000000000737e+00 -2.821009999999999796e+00 0.000000000000000000e+00
2.420000000000000000e+02 1.033172000000000068e+01 -1.166600000000000081e+00 0.000000000000000000e+00
2.430000000000000000e+02 9.496040000000000703e+00 8.031399999999999650e-01 0.000000000000000000e+00
2.440000000000000000e+02 1.085715000000000074e+01 2.457260000000000222e+00 0.000000000000000000e+00
2.450000000000000000e+02 1.033576000000000050e+01 4.466149999999999842e+00 0.000000000000000000e+00
2.460000000000000000e+02 9.928720000000000212e+00 6.524079999999999657e+00 0.000000000000000000e+00
2.470000000000000000e+02 9.200269999999999726e+00 8.489190000000000680e+00 0.000000000000000000e+00
2.480000000000000000e+02 8.613649999999999807e+00 1.049729999999999919e+01 0.000000000000000000e+00
2.490000000000000000e+02 9.936859999999999360e+00 1.208985000000000021e+01 0.000000000000000000e+00
2.500000000000000000e+02 9.319770000000000110e+00 1.407689000000000057e+01 0.000000000000000000e+00
2.510000000000000000e+02 9.065120000000000289e+00 1.621546000000000021e+01 0.000000000000000000e+00
2.520000000000000000e+02 8.479060000000000485e+00 -1.773233000000000104e+01 0.000000000000000000e+00
2.530000000000000000e+02 9.282600000000000406e+00 -1.428459999999999930e+01 0.000000000000000000e+00
2.540000000000000000e+02 1.080089000000000077e+01 -1.251163999999999987e+01 0.000000000000000000e+00
2.550000000000000000e+02 1.210574000000000083e+01 -1.071249000000000073e+01 0.000000000000000000e+00
2.560000000000000000e+02 1.140206000000000053e+01 -8.680699999999999861e+00 0.000000000000000000e+00
2.570000000000000000e+02 1.269954000000000072e+01 -7.045490000000000030e+00 0.000000000000000000e+00
2.580000000000000000e+02 1.181560999999999950e+01 -5.108719999999999928e+00 0.000000000000000000e+00
2.590000000000000000e+02 1.102351999999999954e+01 -3.207230000000000025e+00 0.000000000000000000e+00
2.600000000000000000e+02 1.258749000000000073e+01 -1.397739999999999982e+00 0.000000000000000000e+00
2.610000000000000000e+02 1.154536000000000051e+01 5.070700000000000207e-01 0.000000000000000000e+00
2.620000000000000000e+02 1.296137000000000050e+01 2.082230000000000025e+00 0.000000000000000000e+00
2.630000000000000000e+02 1.254202000000000083e+01 4.241559999999999775e+00 0.000000000000000000e+00
2.640000000000000000e+02 1.246166999999999980e+01 6.301440000000000374e+00 0.000000000000000000e+00
2.650000000000000000e+02 1.130410000000000004e+01 8.059440000000000381e+00 0.000000000000000000e+00
2.660000000000000000e+02 1.074488000000000021e+01 1.004481000000000002e+01 0.000000000000000000e+00
2.670000000000000000e+02 1.261478999999999928e+01 1.121166999999999980e+01 0.000000000000000000e+00
2.680000000000000000e+02 1.167479999999999940e+01 1.318327999999999989e+01 0.000000000000000000e+00
2.690000000000000000e+02 1.106437000000000026e+01 1.532010999999999967e+01 0.000000000000000000e+00
2.700000000000000000e+02 1.018912000000000084e+01 -1.643518999999999863e+01 0.000000000000000000e+00
2.710000000000000000e+02 1.150427999999999962e+01 -1.480180000000000007e+01 0.000000000000000000e+00
2.720000000000000000e+02 1.288959999999999972e+01 -1.290082999999999913e+01 0.000000000000000000e+00
2.730000000000000000e+02 1.352351999999999954e+01 -9.064370000000000260e+00 0.000000000000000000e+00
2.740000000000000000e+02 1.497644000000000020e+01 -7.096499999999999808e+00 0.000000000000000000e+00
2.750000000000000000e+02 1.629269000000000034e+01 -5.502979999999999983e+00 0.000000000000000000e+00
2.760000000000000000e+02 1.388391999999999982e+01 -5.315260000000000318e+00 0.000000000000000000e+00
2.770000000000000000e+02 1.315903999999999918e+01 -3.382470000000000088e+00 0.000000000000000000e+00
2.780000000000000000e+02 1.467421000000000042e+01 -1.373150000000000093e+00 0.000000000000000000e+00
2.790000000000000000e+02 1.463540000000000063e+01 7.442100000000000382e-01 0.000000000000000000e+00
2.800000000000000000e+02 1.484592999999999918e+01 3.103779999999999983e+00 0.000000000000000000e+00
2.810000000000000000e+02 1.435546000000000078e+01 5.209439999999999849e+00 0.000000000000000000e+00
2.820000000000000000e+02 1.432535000000000025e+01 7.537759999999999572e+00 0.000000000000000000e+00
2.830000000000000000e+02 1.623530999999999835e+01 8.400909999999999656e+00 0.000000000000000000e+00
2.840000000000000000e+02 1.302669999999999995e+01 9.183989999999999654e+00 0.000000000000000000e+00
2.850000000000000000e+02 1.490034999999999954e+01 1.012012000000000000e+01 0.000000000000000000e+00
2.860000000000000000e+02 1.407060000000000066e+01 1.289671000000000056e+01 0.000000000000000000e+00
2.870000000000000000e+02 1.316580000000000084e+01 1.516944999999999943e+01 0.000000000000000000e+00
2.880000000000000000e+02 1.378768999999999956e+01 -1.485834999999999972e+01 0.000000000000000000e+00
2.890000000000000000e+02 1.532451999999999970e+01 -1.314844000000000079e+01 0.000000000000000000e+00
2.900000000000000000e+02 1.426272999999999946e+01 -1.102139999999999986e+01 0.000000000000000000e+00
2.910000000000000000e+02 1.559365999999999985e+01 -9.143860000000000099e+00 0.000000000000000000e+00
2.920000000000000000e+02 1.702840000000000131e+01 -7.661489999999999689e+00 0.000000000000000000e+00
2.930000000000000000e+02 1.838163000000000125e+01 -5.630219999999999558e+00 0.000000000000000000e+00
2.940000000000000000e+02 1.731416000000000111e+01 -2.770690000000000097e+00 0.000000000000000000e+00
2.950000000000000000e+02 1.533173000000000030e+01 -3.598720000000000141e+00 0.000000000000000000e+00
2.960000000000000000e+02 1.648846999999999952e+01 -2.988100000000000200e-01 0.000000000000000000e+00
2.970000000000000000e+02 1.676443000000000083e+01 2.205929999999999946e+00 0.000000000000000000e+00
2.980000000000000000e+02 1.821310000000000073e+01 3.799110000000000209e+00 0.000000000000000000e+00
2.990000000000000000e+02 1.649352999999999980e+01 5.137999999999999901e+00 0.000000000000000000e+00
