0.000000000000000000e+00 -1.393764000000000003e+01 -1.432152999999999921e+01 0.000000000000000000e+00
1.000000000000000000e+00 -1.455169000000000068e+01 -1.236142000000000074e+01 0.000000000000000000e+00
2.000000000000000000e+00 -1.517082000000000086e+01 -1.039260999999999946e+01 0.000000000000000000e+00
3.000000000000000000e+00 -1.594342999999999932e+01 -8.289899999999999380e+00 0.000000000000000000e+00
4.000000000000000000e+00 -1.642436999999999969e+01 -6.265950000000000131e+00 0.000000000000000000e+00
5.000000000000000000e+00 -1.858085000000000164e+01 -5.915309999999999846e+00 0.000000000000000000e+00
6.000000000000000000e+00 -1.712237999999999971e+01 -3.972799999999999887e+00 0.000000000000000000e+00
7.000000000000000000e+00 -1.757229999999999848e+01 -1.890490000000000004e+00 0.000000000000000000e+00
8.000000000000000000e+00 -1.614422000000000068e+01 -3.939500000000000224e-01 0.000000000000000000e+00
9.000000000000000000e+00 -1.970217999999999847e+01 -1.341499999999999915e+00 0.000000000000000000e+00
1.000000000000000000e+01 -1.832331999999999894e+01 2.479200000000000015e-01 0.000000000000000000e+00
1.100000000000000000e+01 -1.926874000000000109e+01 2.436479999999999979e+00 0.000000000000000000e+00
1.200000000000000000e+01 -1.798018000000000072e+01 5.739639999999999631e+00 0.000000000000000000e+00
1.300000000000000000e+01 -1.654699000000000098e+01 7.320050000000000168e+00 0.000000000000000000e+00
1.400000000000000000e+01 -1.489696999999999960e+01 8.705970000000000653e+00 0.000000000000000000e+00
1.500000000000000000e+01 -1.688876000000000133e+01 9.422340000000000160e+00 0.000000000000000000e+00
1.600000000000000000e+01 -1.404233999999999938e+01 1.247629000000000055e+01 0.000000000000000000e+00
1.700000000000000000e+01 -1.250522999999999918e+01 1.388241000000000014e+01 0.000000000000000000e+00
1.800000000000000000e+01 -1.175409999999999933e+01 -1.495012999999999970e+01 0.000000000000000000e+00
1.900000000000000000e+01 -1.241212999999999944e+01 -1.272498000000000040e+01 0.000000000000000000e+00
2.000000000000000000e+01 -1.310577999999999932e+01 -1.069868999999999915e+01 0.000000000000000000e+00
2.100000000000000000e+01 -1.385998999999999981e+01 -8.736319999999999197e+00 0.000000000000000000e+00
2.200000000000000000e+01 -1.429501999999999917e+01 -6.634979999999999656e+00 0.000000000000000000e+00
2.300000000000000000e+01 -1.511621000000000059e+01 -4.610660000000000203e+00 0.000000000000000000e+00
2.400000000000000000e+01 -1.352852000000000032e+01 -3.069329999999999892e+00 0.000000000000000000e+00
2.500000000000000000e+01 -1.557343000000000011e+01 -2.438530000000000086e+00 0.000000000000000000e+00
2.600000000000000000e+01 -1.401071999999999917e+01 -9.712399999999999922e-01 0.000000000000000000e+00
2.700000000000000000e+01 -1.679947999999999908e+01 1.697030000000000038e+00 0.000000000000000000e+00
2.800000000000000000e+01 -1.527201999999999948e+01 3.159069999999999823e+00 0.000000000000000000e+00
2.900000000000000000e+01 -1.732845999999999975e+01 3.686879999999999935e+00 0.000000000000000000e+00
3.000000000000000000e+01 -1.592680999999999969e+01 5.301330000000000098e+00 0.000000000000000000e+00
3.100000000000000000e+01 -1.439089000000000063e+01 6.682419999999999582e+00 0.000000000000000000e+00
3.200000000000000000e+01 -1.341630999999999929e+01 1.016203999999999930e+01 0.000000000000000000e+00
3.300000000000000000e+01 -1.191194999999999915e+01 1.172988999999999926e+01 0.000000000000000000e+00
3.400000000000000000e+01 -1.092826999999999948e+01 1.531945999999999941e+01 0.000000000000000000e+00
3.500000000000000000e+01 -1.545612000000000030e+01 1.094321000000000055e+01 0.000000000000000000e+00
3.600000000000000000e+01 -9.693410000000000082e+00 -1.516127999999999965e+01 0.000000000000000000e+00
3.700000000000000000e+01 -1.031733000000000011e+01 -1.316976000000000013e+01 0.000000000000000000e+00
3.800000000000000000e+01 -1.100116000000000049e+01 -1.119360999999999962e+01 0.000000000000000000e+00
3.900000000000000000e+01 -1.159293000000000085e+01 -9.154299999999999216e+00 0.000000000000000000e+00
4.000000000000000000e+01 -1.228640000000000043e+01 -7.195249999999999702e+00 0.000000000000000000e+00
4.100000000000000000e+01 -1.294814000000000043e+01 -5.058489999999999931e+00 0.000000000000000000e+00
4.200000000000000000e+01 -1.142780999999999914e+01 -3.486159999999999926e+00 0.000000000000000000e+00
4.300000000000000000e+01 -1.199585000000000079e+01 -1.406120000000000037e+00 0.000000000000000000e+00
4.400000000000000000e+01 -1.264384000000000086e+01 6.134600000000000053e-01 0.000000000000000000e+00
4.500000000000000000e+01 -1.471011999999999986e+01 1.102850000000000108e+00 0.000000000000000000e+00
4.600000000000000000e+01 -1.327502999999999922e+01 2.604729999999999990e+00 0.000000000000000000e+00
4.700000000000000000e+01 -1.373093000000000075e+01 4.701459999999999972e+00 0.000000000000000000e+00
4.800000000000000000e+01 -1.228336000000000006e+01 6.168219999999999814e+00 0.000000000000000000e+00
4.900000000000000000e+01 -1.284831999999999930e+01 8.190300000000000580e+00 0.000000000000000000e+00
5.000000000000000000e+01 -1.133530999999999977e+01 9.699880000000000280e+00 0.000000000000000000e+00
5.100000000000000000e+01 -1.037742000000000075e+01 1.322713000000000072e+01 0.000000000000000000e+00
5.200000000000000000e+01 -9.397980000000000445e+00 1.673789999999999978e+01 0.000000000000000000e+00
5.300000000000000000e+01 -5.607429999999999914e+00 1.775171999999999883e+01 0.000000000000000000e+00
5.400000000000000000e+01 -7.703179999999999694e+00 -1.575103000000000009e+01 0.000000000000000000e+00
5.500000000000000000e+01 -8.198000000000000398e+00 -1.372582000000000058e+01 0.000000000000000000e+00
5.600000000000000000e+01 -8.870200000000000529e+00 -1.166638000000000019e+01 0.000000000000000000e+00
5.700000000000000000e+01 -9.492810000000000414e+00 -9.642070000000000363e+00 0.000000000000000000e+00
5.800000000000000000e+01 -1.025042999999999971e+01 -7.580490000000000173e+00 0.000000000000000000e+00
5.900000000000000000e+01 -1.085188999999999915e+01 -5.550150000000000361e+00 0.000000000000000000e+00
6.000000000000000000e+01 -9.408889999999999532e+00 -4.040720000000000312e+00 0.000000000000000000e+00
6.100000000000000000e+01 -9.924379999999999313e+00 -2.003179999999999961e+00 0.000000000000000000e+00
6.200000000000000000e+01 -1.048682999999999943e+01 -1.000000000000000021e-03 0.000000000000000000e+00
6.300000000000000000e+01 -1.121510999999999925e+01 2.114930000000000199e+00 0.000000000000000000e+00
6.400000000000000000e+01 -1.172612999999999950e+01 4.133090000000000153e+00 0.000000000000000000e+00
6.500000000000000000e+01 -1.026421000000000028e+01 5.597400000000000375e+00 0.000000000000000000e+00
6.600000000000000000e+01 -1.077009999999999934e+01 7.700890000000000235e+00 0.000000000000000000e+00
6.700000000000000000e+01 -9.231080000000000396e+00 9.197020000000000195e+00 0.000000000000000000e+00
6.800000000000000000e+01 -9.851820000000000022e+00 1.117844000000000015e+01 0.000000000000000000e+00
6.900000000000000000e+01 -8.881000000000000227e+00 1.472611999999999988e+01 0.000000000000000000e+00
7.000000000000000000e+01 -7.380510000000000126e+00 1.619530999999999921e+01 0.000000000000000000e+00
7.100000000000000000e+01 -4.167279999999999873e+00 1.932453999999999894e+01 0.000000000000000000e+00
7.200000000000000000e+01 -5.683119999999999727e+00 -1.628390999999999877e+01 0.000000000000000000e+00
7.300000000000000000e+01 -6.176249999999999574e+00 -1.422489000000000026e+01 0.000000000000000000e+00
7.400000000000000000e+01 -6.822090000000000209e+00 -1.212443000000000026e+01 0.000000000000000000e+00
7.500000000000000000e+01 -7.463099999999999845e+00 -1.015516000000000041e+01 0.000000000000000000e+00
7.600000000000000000e+01 -8.125790000000000290e+00 -8.013139999999999930e+00 0.000000000000000000e+00
7.700000000000000000e+01 -8.775710000000000122e+00 -6.039030000000000342e+00 0.000000000000000000e+00
7.800000000000000000e+01 -7.343729999999999869e+00 -4.513539999999999885e+00 0.000000000000000000e+00
7.900000000000000000e+01 -7.863990000000000258e+00 -2.473419999999999952e+00 0.000000000000000000e+00
8.000000000000000000e+01 -8.464959999999999596e+00 -4.411999999999999811e-01 0.000000000000000000e+00
8.100000000000000000e+01 -9.061489999999999156e+00 1.533400000000000096e+00 0.000000000000000000e+00
8.200000000000000000e+01 -9.714529999999999887e+00 3.565609999999999946e+00 0.000000000000000000e+00
8.300000000000000000e+01 -8.161929999999999907e+00 5.034189999999999721e+00 0.000000000000000000e+00
8.400000000000000000e+01 -8.713870000000000005e+00 7.116130000000000067e+00 0.000000000000000000e+00
8.500000000000000000e+01 -7.682140000000000413e+00 1.068304999999999971e+01 0.000000000000000000e+00
8.600000000000000000e+01 -8.281729999999999592e+00 1.269374000000000002e+01 0.000000000000000000e+00
8.700000000000000000e+01 -6.830110000000000348e+00 1.418007000000000062e+01 0.000000000000000000e+00
8.800000000000000000e+01 -5.319320000000000270e+00 1.567735000000000056e+01 0.000000000000000000e+00
8.900000000000000000e+01 -3.589640000000000164e+00 1.729963000000000051e+01 0.000000000000000000e+00
9.000000000000000000e+01 4.076400000000000023e-01 -1.897888000000000019e+01 0.000000000000000000e+00
9.100000000000000000e+01 -4.152720000000000411e+00 -1.488648000000000060e+01 0.000000000000000000e+00
9.200000000000000000e+01 -4.803259999999999863e+00 -1.263734000000000002e+01 0.000000000000000000e+00
9.300000000000000000e+01 -5.390179999999999971e+00 -1.064147999999999961e+01 0.000000000000000000e+00
9.400000000000000000e+01 -6.004279999999999617e+00 -8.639049999999999230e+00 0.000000000000000000e+00
9.500000000000000000e+01 -6.703750000000000320e+00 -6.489869999999999806e+00 0.000000000000000000e+00
9.600000000000000000e+01 -5.892380000000000173e+00 -3.037869999999999848e+00 0.000000000000000000e+00
9.700000000000000000e+01 -6.437780000000000058e+00 -9.705599999999999783e-01 0.000000000000000000e+00
9.800000000000000000e+01 -6.937129999999999797e+00 1.070170000000000066e+00 0.000000000000000000e+00
9.900000000000000000e+01 -5.516589999999999883e+00 2.565890000000000004e+00 0.000000000000000000e+00
1.000000000000000000e+02 -7.609090000000000131e+00 3.058279999999999887e+00 0.000000000000000000e+00
1.010000000000000000e+02 -6.155210000000000292e+00 4.564809999999999590e+00 0.000000000000000000e+00
1.020000000000000000e+02 -7.191060000000000230e+00 8.633490000000000109e+00 0.000000000000000000e+00
1.030000000000000000e+02 -5.675530000000000186e+00 1.005532999999999966e+01 0.000000000000000000e+00
1.040000000000000000e+02 -6.235780000000000101e+00 1.216163000000000061e+01 0.000000000000000000e+00
1.050000000000000000e+02 -4.602610000000000312e+00 1.371555999999999997e+01 0.000000000000000000e+00
1.060000000000000000e+02 -3.193719999999999892e+00 1.526609000000000016e+01 0.000000000000000000e+00
1.070000000000000000e+02 -2.110949999999999882e+00 1.880393000000000114e+01 0.000000000000000000e+00
1.080000000000000000e+02 -4.871559999999999668e+00 -1.846021000000000001e+01 0.000000000000000000e+00
1.090000000000000000e+02 -2.746269999999999989e+00 -1.324236999999999931e+01 0.000000000000000000e+00
1.100000000000000000e+02 -3.323700000000000099e+00 -1.104073999999999955e+01 0.000000000000000000e+00
1.110000000000000000e+02 -3.949009999999999909e+00 -9.062430000000000874e+00 0.000000000000000000e+00
1.120000000000000000e+02 -4.545519999999999783e+00 -7.095830000000000304e+00 0.000000000000000000e+00
1.130000000000000000e+02 -5.178749999999999964e+00 -4.983810000000000073e+00 0.000000000000000000e+00
1.140000000000000000e+02 -3.150990000000000180e+00 -5.444069999999999965e+00 0.000000000000000000e+00
1.150000000000000000e+02 -3.770840000000000192e+00 -3.478180000000000049e+00 0.000000000000000000e+00
1.160000000000000000e+02 -4.385539999999999772e+00 -1.488809999999999967e+00 0.000000000000000000e+00
1.170000000000000000e+02 -4.918370000000000353e+00 5.717100000000000515e-01 0.000000000000000000e+00
1.180000000000000000e+02 -3.450590000000000046e+00 2.044130000000000003e+00 0.000000000000000000e+00
1.190000000000000000e+02 -6.678630000000000067e+00 6.564460000000000406e+00 0.000000000000000000e+00
1.200000000000000000e+02 -5.175130000000000230e+00 8.033089999999999620e+00 0.000000000000000000e+00
1.210000000000000000e+02 -3.646310000000000162e+00 9.518580000000000041e+00 0.000000000000000000e+00
1.220000000000000000e+02 -4.184730000000000061e+00 1.162439000000000000e+01 0.000000000000000000e+00
1.230000000000000000e+02 -2.114180000000000170e+00 1.096197000000000088e+01 0.000000000000000000e+00
1.240000000000000000e+02 -2.618889999999999940e+00 1.301510999999999996e+01 0.000000000000000000e+00
1.250000000000000000e+02 -1.529849999999999932e+00 1.656860999999999962e+01 0.000000000000000000e+00
1.260000000000000000e+02 -2.431239999999999846e+00 -1.886015000000000086e+01 0.000000000000000000e+00
1.270000000000000000e+02 -3.387039999999999829e+00 -1.697713999999999857e+01 0.000000000000000000e+00
1.280000000000000000e+02 -1.298669999999999991e+00 -1.177055000000000007e+01 0.000000000000000000e+00
1.290000000000000000e+02 -1.895180000000000087e+00 -9.519159999999999400e+00 0.000000000000000000e+00
1.300000000000000000e+02 -2.519289999999999807e+00 -7.551190000000000069e+00 0.000000000000000000e+00
1.310000000000000000e+02 -1.104659999999999975e+00 -6.016449999999999854e+00 0.000000000000000000e+00
1.320000000000000000e+02 -1.642830000000000013e+00 -3.963140000000000107e+00 0.000000000000000000e+00
1.330000000000000000e+02 -2.277789999999999981e+00 -1.963109999999999911e+00 0.000000000000000000e+00
1.340000000000000000e+02 -2.928479999999999972e+00 9.390000000000000777e-03 0.000000000000000000e+00
1.350000000000000000e+02 -1.449019999999999975e+00 1.445230000000000015e+00 0.000000000000000000e+00
1.360000000000000000e+02 -1.878349999999999964e+00 3.491039999999999921e+00 0.000000000000000000e+00
1.370000000000000000e+02 -4.020199999999999996e+00 4.045370000000000132e+00 0.000000000000000000e+00
1.380000000000000000e+02 -4.532980000000000231e+00 6.051149999999999807e+00 0.000000000000000000e+00
1.390000000000000000e+02 -2.716419999999999835e+00 7.567809999999999704e+00 0.000000000000000000e+00
1.400000000000000000e+02 -7.001300000000000301e-01 8.823470000000000368e+00 0.000000000000000000e+00
1.410000000000000000e+02 2.102499999999999925e-01 1.299285000000000068e+01 0.000000000000000000e+00
1.420000000000000000e+02 -1.201880000000000059e+00 1.450947000000000031e+01 0.000000000000000000e+00
1.430000000000000000e+02 3.407299999999999773e-01 1.963735000000000142e+01 0.000000000000000000e+00
1.440000000000000000e+02 -1.092989999999999906e+00 -1.723666000000000054e+01 0.000000000000000000e+00
1.450000000000000000e+02 -2.049129999999999896e+00 -1.540077999999999925e+01 0.000000000000000000e+00
1.460000000000000000e+02 -7.460900000000000309e-01 -1.379158999999999935e+01 0.000000000000000000e+00
1.470000000000000000e+02 1.367800000000000127e-01 -1.012049999999999983e+01 0.000000000000000000e+00
1.480000000000000000e+02 -3.591799999999999993e-01 -8.085000000000000853e+00 0.000000000000000000e+00
1.490000000000000000e+02 2.642079999999999984e+00 -7.552950000000000053e+00 0.000000000000000000e+00
1.500000000000000000e+02 9.457299999999999596e-01 -6.388740000000000308e+00 0.000000000000000000e+00
1.510000000000000000e+02 -1.277800000000000047e-01 -2.567110000000000003e+00 0.000000000000000000e+00
1.520000000000000000e+02 -5.534499999999999975e-01 -4.440600000000000103e-01 0.000000000000000000e+00
1.530000000000000000e+02 6.071999999999999620e-01 1.272250000000000103e+00 0.000000000000000000e+00
1.540000000000000000e+02 1.978999999999999926e-01 3.313550000000000217e+00 0.000000000000000000e+00
1.550000000000000000e+02 -2.481529999999999792e+00 5.471630000000000216e+00 0.000000000000000000e+00
1.560000000000000000e+02 -7.341999999999999638e-01 6.705400000000000027e+00 0.000000000000000000e+00
1.570000000000000000e+02 1.621699999999999919e+00 9.539239999999999498e+00 0.000000000000000000e+00
1.580000000000000000e+02 -2.103999999999999967e-02 1.084971999999999959e+01 0.000000000000000000e+00
1.590000000000000000e+02 7.328400000000000469e-01 1.531957000000000058e+01 0.000000000000000000e+00
1.600000000000000000e+02 7.325399999999999689e-01 1.743401000000000067e+01 0.000000000000000000e+00
1.610000000000000000e+02 5.157600000000000406e+00 1.900234999999999985e+01 0.000000000000000000e+00
1.620000000000000000e+02 2.118710000000000093e+00 -1.719857000000000014e+01 0.000000000000000000e+00
1.630000000000000000e+02 2.901370000000000005e+00 -1.523663999999999952e+01 0.000000000000000000e+00
1.640000000000000000e+02 2.508600000000000274e-01 -1.565618000000000087e+01 0.000000000000000000e+00
1.650000000000000000e+02 1.476169999999999982e+00 -1.176548000000000016e+01 0.000000000000000000e+00
1.660000000000000000e+02 2.218030000000000168e+00 -9.607929999999999637e+00 0.000000000000000000e+00
1.670000000000000000e+02 2.970439999999999969e+00 -5.523089999999999833e+00 0.000000000000000000e+00
1.680000000000000000e+02 1.068410000000000082e+00 -4.329909999999999926e+00 0.000000000000000000e+00
1.690000000000000000e+02 3.507829999999999782e+00 -3.480049999999999866e+00 0.000000000000000000e+00
1.700000000000000000e+02 1.930700000000000083e+00 -2.104760000000000186e+00 0.000000000000000000e+00
1.710000000000000000e+02 2.263520000000000199e+00 -7.763000000000000456e-02 0.000000000000000000e+00
1.720000000000000000e+02 2.560500000000000220e+00 1.964080000000000048e+00 0.000000000000000000e+00
1.730000000000000000e+02 2.699920000000000098e+00 4.038809999999999789e+00 0.000000000000000000e+00
1.740000000000000000e+02 1.045770000000000088e+00 5.384089999999999598e+00 0.000000000000000000e+00
1.750000000000000000e+02 1.327059999999999906e+00 7.500939999999999941e+00 0.000000000000000000e+00
1.760000000000000000e+02 1.937189999999999968e+00 1.172260999999999953e+01 0.000000000000000000e+00
1.770000000000000000e+02 2.352269999999999861e+00 1.380653000000000041e+01 0.000000000000000000e+00
1.780000000000000000e+02 2.749410000000000132e+00 1.585450999999999944e+01 0.000000000000000000e+00
1.790000000000000000e+02 2.868199999999999861e+00 1.802710000000000079e+01 0.000000000000000000e+00
1.800000000000000000e+02 3.809509999999999952e+00 -1.854341000000000150e+01 0.000000000000000000e+00
1.810000000000000000e+02 1.341970000000000107e+00 -1.386176000000000030e+01 0.000000000000000000e+00
1.820000000000000000e+02 3.317870000000000097e+00 -1.308736000000000033e+01 0.000000000000000000e+00
1.830000000000000000e+02 3.697029999999999816e+00 -1.105874000000000024e+01 0.000000000000000000e+00
1.840000000000000000e+02 4.249640000000000306e+00 -8.907140000000000057e+00 0.000000000000000000e+00
1.850000000000000000e+02 4.631260000000000154e+00 -6.859079999999999622e+00 0.000000000000000000e+00
1.860000000000000000e+02 5.122279999999999944e+00 -4.789609999999999701e+00 0.000000000000000000e+00
1.870000000000000000e+02 5.538210000000000299e+00 -2.711790000000000145e+00 0.000000000000000000e+00
1.880000000000000000e+02 3.938660000000000050e+00 -1.361990000000000034e+00 0.000000000000000000e+00
1.890000000000000000e+02 4.207040000000000113e+00 7.073000000000000398e-01 0.000000000000000000e+00
1.900000000000000000e+02 4.485219999999999985e+00 2.768219999999999903e+00 0.000000000000000000e+00
1.910000000000000000e+02 4.674640000000000128e+00 4.814020000000000188e+00 0.000000000000000000e+00
1.920000000000000000e+02 3.015249999999999986e+00 6.080860000000000376e+00 0.000000000000000000e+00
1.930000000000000000e+02 3.296190000000000175e+00 8.144059999999999633e+00 0.000000000000000000e+00
1.940000000000000000e+02 3.670960000000000001e+00 1.028328999999999915e+01 0.000000000000000000e+00
1.950000000000000000e+02 3.907179999999999875e+00 1.234181000000000061e+01 0.000000000000000000e+00
1.960000000000000000e+02 4.449099999999999611e+00 1.464939999999999998e+01 0.000000000000000000e+00
1.970000000000000000e+02 4.598320000000000185e+00 1.677800999999999831e+01 0.000000000000000000e+00
1.980000000000000000e+02 4.493310000000000137e+00 -1.660360999999999976e+01 0.000000000000000000e+00
1.990000000000000000e+02 4.836199999999999832e+00 -1.450040000000000084e+01 0.000000000000000000e+00
2.000000000000000000e+02 5.329329999999999679e+00 -1.237728000000000073e+01 0.000000000000000000e+00
2.010000000000000000e+02 5.818310000000000315e+00 -1.032920000000000016e+01 0.000000000000000000e+00
2.020000000000000000e+02 6.282049999999999912e+00 -8.238870000000000360e+00 0.000000000000000000e+00
2.030000000000000000e+02 6.720270000000000188e+00 -6.186569999999999681e+00 0.000000000000000000e+00
2.040000000000000000e+02 7.139630000000000365e+00 -4.092089999999999783e+00 0.000000000000000000e+00
2.050000000000000000e+02 7.509050000000000225e+00 -2.031859999999999999e+00 0.000000000000000000e+00
2.060000000000000000e+02 5.920350000000000001e+00 -6.668699999999999628e-01 0.000000000000000000e+00
2.070000000000000000e+02 6.165689999999999671e+00 1.392800000000000038e+00 0.000000000000000000e+00
2.080000000000000000e+02 6.441349999999999909e+00 3.449419999999999931e+00 0.000000000000000000e+00
2.090000000000000000e+02 6.652569999999999872e+00 5.574580000000000091e+00 0.000000000000000000e+00
2.100000000000000000e+02 5.009780000000000122e+00 6.863349999999999618e+00 0.000000000000000000e+00
2.110000000000000000e+02 5.323540000000000383e+00 9.001540000000000319e+00 0.000000000000000000e+00
2.120000000000000000e+02 5.591660000000000075e+00 1.111828000000000038e+01 0.000000000000000000e+00
2.130000000000000000e+02 6.023719999999999963e+00 1.317469000000000001e+01 0.000000000000000000e+00
2.140000000000000000e+02 6.390010000000000190e+00 1.540990000000000038e+01 0.000000000000000000e+00
2.150000000000000000e+02 6.552679999999999616e+00 1.747010999999999825e+01 0.000000000000000000e+00
2.160000000000000000e+02 5.977330000000000254e+00 -1.814642999999999873e+01 0.000000000000000000e+00
2.170000000000000000e+02 6.430509999999999948e+00 -1.589514999999999922e+01 0.000000000000000000e+00
2.180000000000000000e+02 6.891090000000000160e+00 -1.378664999999999985e+01 0.000000000000000000e+00
2.190000000000000000e+02 7.400929999999999787e+00 -1.166902999999999935e+01 0.000000000000000000e+00
2.200000000000000000e+02 7.830969999999999764e+00 -9.643489999999999895e+00 0.000000000000000000e+00
2.210000000000000000e+02 8.314159999999999329e+00 -7.580129999999999590e+00 0.000000000000000000e+00
2.220000000000000000e+02 8.736750000000000682e+00 -5.508569999999999744e+00 0.000000000000000000e+00
2.230000000000000000e+02 9.247889999999999944e+00 -3.416599999999999859e+00 0.000000000000000000e+00
2.240000000000000000e+02 7.916920000000000179e+00 2.600999999999999840e-02 0.000000000000000000e+00
2.250000000000000000e+02 9.883839999999999293e+00 7.165700000000000403e-01 0.000000000000000000e+00
2.260000000000000000e+02 8.140810000000000102e+00 2.139400000000000190e+00 0.000000000000000000e+00
2.270000000000000000e+02 8.371130000000000848e+00 4.225450000000000372e+00 0.000000000000000000e+00
2.280000000000000000e+02 8.774039999999999395e+00 6.362169999999999881e+00 0.000000000000000000e+00
2.290000000000000000e+02 7.018559999999999910e+00 7.649020000000000152e+00 0.000000000000000000e+00
2.300000000000000000e+02 7.358259999999999579e+00 9.791619999999999990e+00 0.000000000000000000e+00
2.310000000000000000e+02 7.699370000000000047e+00 1.183846999999999916e+01 0.000000000000000000e+00
2.320000000000000000e+02 7.972859999999999836e+00 1.394870000000000054e+01 0.000000000000000000e+00
2.330000000000000000e+02 8.440429999999999211e+00 1.605553000000000097e+01 0.000000000000000000e+00
2.340000000000000000e+02 8.315129999999999910e+00 -1.735643999999999920e+01 0.000000000000000000e+00
2.350000000000000000e+02 8.579549999999999343e+00 -1.522054999999999936e+01 0.000000000000000000e+00
2.360000000000000000e+02 8.902400000000000091e+00 -1.315625000000000000e+01 0.000000000000000000e+00
2.370000000000000000e+02 9.390330000000000510e+00 -1.105893999999999977e+01 0.000000000000000000e+00
2.380000000000000000e+02 9.895500000000000185e+00 -8.938929999999999154e+00 0.000000000000000000e+00
2.390000000000000000e+02 1.079006000000000043e+01 -4.842060000000000031e+00 0.000000000000000000e+00
2.400000000000000000e+02 1.126327000000000034e+01 -2.778760000000000119e+00 0.000000000000000000e+00
2.410000000000000000e+02 9.468479999999999563e+00 -1.361210000000000031e+00 0.000000000000000000e+00
2.420000000000000000e+02 1.149713999999999992e+01 -6.237500000000000266e-01 0.000000000000000000e+00
2.430000000000000000e+02 1.182620999999999967e+01 1.530319999999999903e+00 0.000000000000000000e+00
2.440000000000000000e+02 1.008451999999999948e+01 2.856850000000000112e+00 0.000000000000000000e+00
2.450000000000000000e+02 1.034706000000000081e+01 5.029329999999999856e+00 0.000000000000000000e+00
2.460000000000000000e+02 1.073558000000000057e+01 7.075400000000000134e+00 0.000000000000000000e+00
2.470000000000000000e+02 8.965949999999999420e+00 8.425010000000000332e+00 0.000000000000000000e+00
2.480000000000000000e+02 9.323430000000000106e+00 1.057075999999999993e+01 0.000000000000000000e+00
2.490000000000000000e+02 9.640980000000000771e+00 1.272078999999999915e+01 0.000000000000000000e+00
2.500000000000000000e+02 1.007070000000000043e+01 1.475633999999999979e+01 0.000000000000000000e+00
2.510000000000000000e+02 1.034385999999999939e+01 1.722035999999999945e+01 0.000000000000000000e+00
2.520000000000000000e+02 1.025685999999999964e+01 -1.654569000000000045e+01 0.000000000000000000e+00
2.530000000000000000e+02 1.055364999999999931e+01 -1.447505999999999915e+01 0.000000000000000000e+00
2.540000000000000000e+02 1.100309000000000026e+01 -1.240731000000000073e+01 0.000000000000000000e+00
2.550000000000000000e+02 1.147569999999999979e+01 -1.035228000000000037e+01 0.000000000000000000e+00
2.560000000000000000e+02 1.028448999999999991e+01 -6.858229999999999826e+00 0.000000000000000000e+00
2.570000000000000000e+02 1.248719000000000001e+01 -6.034519999999999662e+00 0.000000000000000000e+00
2.580000000000000000e+02 1.292122999999999955e+01 -4.011309999999999931e+00 0.000000000000000000e+00
2.590000000000000000e+02 1.315577000000000041e+01 -1.945079999999999920e+00 0.000000000000000000e+00
2.600000000000000000e+02 1.344063000000000052e+01 1.610699999999999910e-01 0.000000000000000000e+00
2.610000000000000000e+02 1.371476000000000006e+01 2.410229999999999873e+00 0.000000000000000000e+00
2.620000000000000000e+02 1.200417000000000023e+01 3.624019999999999797e+00 0.000000000000000000e+00
2.630000000000000000e+02 1.414906000000000041e+01 4.597269999999999968e+00 0.000000000000000000e+00
2.640000000000000000e+02 1.232352000000000025e+01 5.662250000000000227e+00 0.000000000000000000e+00
2.650000000000000000e+02 1.271062000000000047e+01 7.815150000000000041e+00 0.000000000000000000e+00
2.660000000000000000e+02 1.091188000000000002e+01 9.165729999999999933e+00 0.000000000000000000e+00
2.670000000000000000e+02 1.127580000000000027e+01 1.129702999999999946e+01 0.000000000000000000e+00
2.680000000000000000e+02 1.196006999999999998e+01 1.326993000000000045e+01 0.000000000000000000e+00
2.690000000000000000e+02 1.219552000000000014e+01 1.545902000000000065e+01 0.000000000000000000e+00
2.700000000000000000e+02 1.228630000000000067e+01 -1.599727999999999994e+01 0.000000000000000000e+00
2.710000000000000000e+02 1.260120000000000040e+01 -1.380358999999999980e+01 0.000000000000000000e+00
2.720000000000000000e+02 1.309282999999999930e+01 -1.175641000000000069e+01 0.000000000000000000e+00
2.730000000000000000e+02 1.358691999999999922e+01 -9.547000000000000597e+00 0.000000000000000000e+00
2.740000000000000000e+02 1.190299000000000085e+01 -8.279189999999999827e+00 0.000000000000000000e+00
2.750000000000000000e+02 1.450467000000000084e+01 -5.355019999999999669e+00 0.000000000000000000e+00
2.760000000000000000e+02 1.500087000000000081e+01 -3.220110000000000028e+00 0.000000000000000000e+00
2.770000000000000000e+02 1.518023999999999951e+01 -1.048499999999999988e+00 0.000000000000000000e+00
2.780000000000000000e+02 1.536827000000000076e+01 1.046030000000000015e+00 0.000000000000000000e+00
2.790000000000000000e+02 1.719856000000000051e+01 -3.327499999999999902e-01 0.000000000000000000e+00
2.800000000000000000e+02 1.573731000000000080e+01 3.164559999999999818e+00 0.000000000000000000e+00
2.810000000000000000e+02 1.627578000000000102e+01 5.593539999999999957e+00 0.000000000000000000e+00
2.820000000000000000e+02 1.446063999999999972e+01 6.711649999999999672e+00 0.000000000000000000e+00
2.830000000000000000e+02 1.458323000000000036e+01 8.811719999999999331e+00 0.000000000000000000e+00
2.840000000000000000e+02 1.287312999999999974e+01 9.967930000000000845e+00 0.000000000000000000e+00
2.850000000000000000e+02 1.539841999999999977e+01 1.082123999999999953e+01 0.000000000000000000e+00
2.860000000000000000e+02 1.353987000000000052e+01 1.194748000000000054e+01 0.000000000000000000e+00
2.870000000000000000e+02 1.399971000000000032e+01 1.398420999999999914e+01 0.000000000000000000e+00
2.880000000000000000e+02 1.506652000000000058e+01 -1.102881000000000000e+01 0.000000000000000000e+00
2.890000000000000000e+02 1.558118999999999943e+01 -8.993949999999999889e+00 0.000000000000000000e+00
2.900000000000000000e+02 1.864802999999999855e+01 -4.087810000000000166e+00 0.000000000000000000e+00
2.910000000000000000e+02 1.620419000000000054e+01 -6.782119999999999926e+00 0.000000000000000000e+00
2.920000000000000000e+02 1.406306000000000012e+01 -7.475909999999999833e+00 0.000000000000000000e+00
2.930000000000000000e+02 1.650827999999999918e+01 -4.665899999999999714e+00 0.000000000000000000e+00
2.940000000000000000e+02 1.901610000000000156e+01 -1.569979999999999931e+00 0.000000000000000000e+00
2.950000000000000000e+02 1.708734000000000108e+01 -2.478169999999999984e+00 0.000000000000000000e+00
2.960000000000000000e+02 1.958595000000000041e+01 2.709130000000000038e+00 0.000000000000000000e+00
2.970000000000000000e+02 1.759513000000000105e+01 1.745549999999999935e+00 0.000000000000000000e+00
2.980000000000000000e+02 1.774042000000000030e+01 4.038310000000000066e+00 0.000000000000000000e+00
2.990000000000000000e+02 1.638824999999999932e+01 7.677360000000000184e+00 0.000000000000000000e+00
