0.000000000000000000e+00 -1.200305999999999962e+01 -1.396631000000000000e+01 0.000000000000000000e+00
1.000000000000000000e+00 -1.349549000000000021e+01 -1.236476000000000042e+01 0.000000000000000000e+00
2.000000000000000000e+00 -1.487147000000000041e+01 -1.075361000000000011e+01 0.000000000000000000e+00
3.000000000000000000e+00 -1.655553000000000097e+01 -9.489319999999999311e+00 0.000000000000000000e+00
4.000000000000000000e+00 -1.795861000000000018e+01 -6.154790000000000205e+00 0.000000000000000000e+00
5.000000000000000000e+00 -1.897653999999999996e+01 -2.427950000000000053e+00 0.000000000000000000e+00
6.000000000000000000e+00 -1.736723999999999890e+01 -3.811080000000000023e+00 0.000000000000000000e+00
7.000000000000000000e+00 -2.001641000000000048e+01 1.004029999999999978e+00 0.000000000000000000e+00
8.000000000000000000e+00 -1.829626999999999981e+01 -3.563500000000000001e-01 0.000000000000000000e+00
9.000000000000000000e+00 -1.796574999999999989e+01 1.737510000000000110e+00 0.000000000000000000e+00
1.000000000000000000e+01 -1.582557000000000080e+01 2.436399999999999899e+00 0.000000000000000000e+00
1.100000000000000000e+01 -1.752740000000000009e+01 3.878390000000000004e+00 0.000000000000000000e+00
1.200000000000000000e+01 -1.489692999999999934e+01 6.633569999999999744e+00 0.000000000000000000e+00
1.300000000000000000e+01 -1.699095000000000155e+01 6.043689999999999785e+00 0.000000000000000000e+00
1.400000000000000000e+01 -1.655712000000000117e+01 8.123160000000000380e+00 0.000000000000000000e+00
1.500000000000000000e+01 -1.609410000000000096e+01 1.014929000000000059e+01 0.000000000000000000e+00
1.600000000000000000e+01 -1.350268999999999942e+01 1.283248000000000033e+01 0.000000000000000000e+00
1.700000000000000000e+01 -1.118735000000000035e+01 1.558779000000000003e+01 0.000000000000000000e+00
1.800000000000000000e+01 -1.029695000000000071e+01 -1.520799000000000056e+01 0.000000000000000000e+00
1.900000000000000000e+01 -1.147710999999999970e+01 -1.161283000000000065e+01 0.000000000000000000e+00
2.000000000000000000e+01 -1.285594000000000037e+01 -1.006609000000000087e+01 0.000000000000000000e+00
2.100000000000000000e+01 -1.442122999999999955e+01 -8.723259999999999792e+00 0.000000000000000000e+00
2.200000000000000000e+01 -1.611880999999999986e+01 -7.390900000000000247e+00 0.000000000000000000e+00
2.300000000000000000e+01 -1.582554999999999978e+01 -5.207449999999999690e+00 0.000000000000000000e+00
2.400000000000000000e+01 -1.524010999999999960e+01 -3.158910000000000107e+00 0.000000000000000000e+00
2.500000000000000000e+01 -1.672465000000000046e+01 -1.715780000000000083e+00 0.000000000000000000e+00
2.600000000000000000e+01 -1.471834999999999916e+01 -1.072300000000000031e+00 0.000000000000000000e+00
2.700000000000000000e+01 -1.633313000000000059e+01 3.902700000000000058e-01 0.000000000000000000e+00
2.800000000000000000e+01 -1.378054000000000023e+01 3.173750000000000071e+00 0.000000000000000000e+00
2.900000000000000000e+01 -1.539592999999999989e+01 4.518539999999999779e+00 0.000000000000000000e+00
3.000000000000000000e+01 -1.336463000000000001e+01 5.254260000000000375e+00 0.000000000000000000e+00
3.100000000000000000e+01 -1.288766999999999996e+01 7.274289999999999701e+00 0.000000000000000000e+00
3.200000000000000000e+01 -1.454486999999999952e+01 8.665150000000000574e+00 0.000000000000000000e+00
3.300000000000000000e+01 -1.405536000000000030e+01 1.082746000000000031e+01 0.000000000000000000e+00
3.400000000000000000e+01 -1.155963999999999992e+01 1.355974999999999930e+01 0.000000000000000000e+00
3.500000000000000000e+01 -9.104749999999999233e+00 1.615515999999999863e+01 0.000000000000000000e+00
3.600000000000000000e+01 -9.044570000000000221e+00 -1.688160999999999845e+01 0.000000000000000000e+00
3.700000000000000000e+01 -9.919610000000000483e+00 -1.306994000000000078e+01 0.000000000000000000e+00
3.800000000000000000e+01 -1.083666999999999980e+01 -9.559309999999999974e+00 0.000000000000000000e+00
3.900000000000000000e+01 -1.247852999999999923e+01 -8.029780000000000584e+00 0.000000000000000000e+00
4.000000000000000000e+01 -1.412453999999999965e+01 -6.648209999999999731e+00 0.000000000000000000e+00
4.100000000000000000e+01 -1.367451999999999934e+01 -4.561139999999999972e+00 0.000000000000000000e+00
4.200000000000000000e+01 -1.157437000000000005e+01 -3.841709999999999958e+00 0.000000000000000000e+00
4.300000000000000000e+01 -1.322195999999999927e+01 -2.528999999999999915e+00 0.000000000000000000e+00
4.400000000000000000e+01 -1.265544000000000047e+01 -4.387499999999999734e-01 0.000000000000000000e+00
4.500000000000000000e+01 -1.426226999999999911e+01 1.002220000000000111e+00 0.000000000000000000e+00
4.600000000000000000e+01 -1.226665000000000028e+01 1.765910000000000091e+00 0.000000000000000000e+00
4.700000000000000000e+01 -1.179030000000000022e+01 3.810410000000000075e+00 0.000000000000000000e+00
4.800000000000000000e+01 -1.132158000000000087e+01 5.823629999999999640e+00 0.000000000000000000e+00
4.900000000000000000e+01 -1.085690999999999917e+01 7.822669999999999568e+00 0.000000000000000000e+00
5.000000000000000000e+01 -1.239085999999999999e+01 9.320700000000000429e+00 0.000000000000000000e+00
5.100000000000000000e+01 -1.193800000000000061e+01 1.139737000000000045e+01 0.000000000000000000e+00
5.200000000000000000e+01 -9.568519999999999470e+00 1.412082000000000015e+01 0.000000000000000000e+00
5.300000000000000000e+01 -7.152999999999999581e+00 1.698722000000000065e+01 0.000000000000000000e+00
5.400000000000000000e+01 -7.135279999999999845e+00 -1.812735999999999947e+01 0.000000000000000000e+00
5.500000000000000000e+01 -8.289970000000000283e+00 -1.448531999999999975e+01 0.000000000000000000e+00
5.600000000000000000e+01 -7.813799999999999635e+00 -1.246593000000000018e+01 0.000000000000000000e+00
5.700000000000000000e+01 -9.334039999999999893e+00 -1.100981999999999950e+01 0.000000000000000000e+00
5.800000000000000000e+01 -1.040884999999999927e+01 -7.389090000000000380e+00 0.000000000000000000e+00
5.900000000000000000e+01 -1.193210000000000015e+01 -5.984440000000000204e+00 0.000000000000000000e+00
6.000000000000000000e+01 -9.943350000000000577e+00 -5.238509999999999778e+00 0.000000000000000000e+00
6.100000000000000000e+01 -1.107657000000000025e+01 -1.842770000000000019e+00 0.000000000000000000e+00
6.200000000000000000e+01 -8.940250000000000696e+00 -1.152020000000000044e+00 0.000000000000000000e+00
6.300000000000000000e+01 -1.062911000000000072e+01 2.791100000000000247e-01 0.000000000000000000e+00
6.400000000000000000e+01 -1.023259999999999970e+01 2.360279999999999934e+00 0.000000000000000000e+00
6.500000000000000000e+01 -9.795379999999999754e+00 4.384500000000000064e+00 0.000000000000000000e+00
6.600000000000000000e+01 -9.292999999999999261e+00 6.426009999999999778e+00 0.000000000000000000e+00
6.700000000000000000e+01 -8.845969999999999445e+00 8.625759999999999650e+00 0.000000000000000000e+00
6.800000000000000000e+01 -1.039288999999999952e+01 1.000957999999999970e+01 0.000000000000000000e+00
6.900000000000000000e+01 -9.936360000000000525e+00 1.208128999999999920e+01 0.000000000000000000e+00
7.000000000000000000e+01 -7.480540000000000411e+00 1.488626000000000005e+01 0.000000000000000000e+00
7.100000000000000000e+01 -4.941880000000000273e+00 1.753872000000000142e+01 0.000000000000000000e+00
7.200000000000000000e+01 -5.045829999999999593e+00 -1.725587000000000160e+01 0.000000000000000000e+00
7.300000000000000000e+01 -6.650280000000000413e+00 -1.591759000000000057e+01 0.000000000000000000e+00
7.400000000000000000e+01 -6.212930000000000064e+00 -1.387442000000000064e+01 0.000000000000000000e+00
7.500000000000000000e+01 -7.309179999999999566e+00 -1.024588999999999928e+01 0.000000000000000000e+00
7.600000000000000000e+01 -8.854309999999999903e+00 -8.783310000000000173e+00 0.000000000000000000e+00
7.700000000000000000e+01 -8.443580000000000751e+00 -6.705160000000000231e+00 0.000000000000000000e+00
7.800000000000000000e+01 -7.905560000000000365e+00 -4.648310000000000386e+00 0.000000000000000000e+00
7.900000000000000000e+01 -9.496959999999999624e+00 -3.180130000000000123e+00 0.000000000000000000e+00
8.000000000000000000e+01 -7.376599999999999824e+00 -2.623569999999999958e+00 0.000000000000000000e+00
8.100000000000000000e+01 -8.642640000000000100e+00 8.784300000000000441e-01 0.000000000000000000e+00
8.200000000000000000e+01 -8.162559999999999150e+00 2.947579999999999867e+00 0.000000000000000000e+00
8.300000000000000000e+01 -7.769319999999999560e+00 5.008440000000000225e+00 0.000000000000000000e+00
8.400000000000000000e+01 -7.185710000000000264e+00 7.111480000000000246e+00 0.000000000000000000e+00
8.500000000000000000e+01 -6.821539999999999715e+00 9.171969999999999956e+00 0.000000000000000000e+00
8.600000000000000000e+01 -8.439049999999999940e+00 1.068021000000000065e+01 0.000000000000000000e+00
8.700000000000000000e+01 -7.979190000000000005e+00 1.280109000000000030e+01 0.000000000000000000e+00
8.800000000000000000e+01 -5.427349999999999675e+00 1.539466999999999963e+01 0.000000000000000000e+00
8.900000000000000000e+01 -4.177620000000000111e+00 1.945577000000000112e+01 0.000000000000000000e+00
9.000000000000000000e+01 -3.540470000000000006e+00 -1.880694000000000088e+01 0.000000000000000000e+00
9.100000000000000000e+01 -4.642489999999999561e+00 -1.519636999999999993e+01 0.000000000000000000e+00
9.200000000000000000e+01 -4.208289999999999864e+00 -1.314638000000000062e+01 0.000000000000000000e+00
9.300000000000000000e+01 -5.854800000000000004e+00 -1.178002000000000038e+01 0.000000000000000000e+00
9.400000000000000000e+01 -5.317199999999999704e+00 -9.641249999999999432e+00 0.000000000000000000e+00
9.500000000000000000e+01 -6.855660000000000309e+00 -8.151120000000000587e+00 0.000000000000000000e+00
9.600000000000000000e+01 -6.436499999999999666e+00 -6.105430000000000135e+00 0.000000000000000000e+00
9.700000000000000000e+01 -5.893570000000000420e+00 -4.099719999999999587e+00 0.000000000000000000e+00
9.800000000000000000e+01 -5.303440000000000154e+00 -1.887839999999999963e+00 0.000000000000000000e+00
9.900000000000000000e+01 -6.917839999999999989e+00 -5.733899999999999553e-01 0.000000000000000000e+00
1.000000000000000000e+02 -6.550550000000000317e+00 1.456059999999999910e+00 0.000000000000000000e+00
1.010000000000000000e+02 -6.134299999999999642e+00 3.542930000000000135e+00 0.000000000000000000e+00
1.020000000000000000e+02 -5.715869999999999784e+00 5.621559999999999668e+00 0.000000000000000000e+00
1.030000000000000000e+02 -5.098290000000000433e+00 7.679299999999999571e+00 0.000000000000000000e+00
1.040000000000000000e+02 -6.464409999999999989e+00 1.125606999999999935e+01 0.000000000000000000e+00
1.050000000000000000e+02 -5.902700000000000280e+00 1.329476000000000013e+01 0.000000000000000000e+00
1.060000000000000000e+02 -3.342960000000000154e+00 1.589122000000000057e+01 0.000000000000000000e+00
1.070000000000000000e+02 -1.432760000000000034e+00 1.957723999999999975e+01 0.000000000000000000e+00
1.080000000000000000e+02 -3.063140000000000196e+00 -1.665190000000000126e+01 0.000000000000000000e+00
1.090000000000000000e+02 -2.615099999999999980e+00 -1.455658000000000030e+01 0.000000000000000000e+00
1.100000000000000000e+02 -2.222770000000000135e+00 -1.245512000000000086e+01 0.000000000000000000e+00
1.110000000000000000e+02 -3.844409999999999883e+00 -1.111528000000000027e+01 0.000000000000000000e+00
1.120000000000000000e+02 -3.312289999999999957e+00 -8.929750000000000298e+00 0.000000000000000000e+00
1.130000000000000000e+02 -4.839649999999999785e+00 -7.516250000000000320e+00 0.000000000000000000e+00
1.140000000000000000e+02 -4.326010000000000133e+00 -5.482680000000000220e+00 0.000000000000000000e+00
1.150000000000000000e+02 -3.858039999999999914e+00 -3.388949999999999907e+00 0.000000000000000000e+00
1.160000000000000000e+02 -2.853250000000000064e+00 -2.512900000000000134e-01 0.000000000000000000e+00
1.170000000000000000e+02 -4.951380000000000337e+00 1.647500000000000075e-01 0.000000000000000000e+00
1.180000000000000000e+02 -4.064000000000000057e+00 2.081290000000000084e+00 0.000000000000000000e+00
1.190000000000000000e+02 -4.175200000000000244e+00 4.206570000000000142e+00 0.000000000000000000e+00
1.200000000000000000e+02 -3.557310000000000194e+00 6.186670000000000336e+00 0.000000000000000000e+00
1.210000000000000000e+02 -3.100049999999999972e+00 8.330399999999999139e+00 0.000000000000000000e+00
1.220000000000000000e+02 -4.859029999999999738e+00 9.808220000000000383e+00 0.000000000000000000e+00
1.230000000000000000e+02 -4.392649999999999721e+00 1.184969000000000072e+01 0.000000000000000000e+00
1.240000000000000000e+02 -3.688499999999999890e+00 1.385102000000000011e+01 0.000000000000000000e+00
1.250000000000000000e+02 -2.657589999999999897e+00 1.785924999999999940e+01 0.000000000000000000e+00
1.260000000000000000e+02 -1.440439999999999943e+00 -1.796786000000000172e+01 0.000000000000000000e+00
1.270000000000000000e+02 -9.799200000000000133e-01 -1.590977999999999959e+01 0.000000000000000000e+00
1.280000000000000000e+02 -5.799400000000000110e-01 -1.380929000000000073e+01 0.000000000000000000e+00
1.290000000000000000e+02 -1.786559999999999926e+00 -1.037105999999999995e+01 0.000000000000000000e+00
1.300000000000000000e+02 -1.234299999999999953e+00 -8.354580000000000339e+00 0.000000000000000000e+00
1.310000000000000000e+02 -2.826729999999999965e+00 -6.902370000000000339e+00 0.000000000000000000e+00
1.320000000000000000e+02 -1.754879999999999995e+00 -4.218379999999999797e+00 0.000000000000000000e+00
1.330000000000000000e+02 -2.173109999999999875e+00 -2.199520000000000142e+00 0.000000000000000000e+00
1.340000000000000000e+02 -8.215799999999999770e-01 -5.801800000000000290e-01 0.000000000000000000e+00
1.350000000000000000e+02 -1.507649999999999935e+00 1.399010000000000087e+00 0.000000000000000000e+00
1.360000000000000000e+02 -2.224580000000000002e+00 3.365089999999999915e+00 0.000000000000000000e+00
1.370000000000000000e+02 -8.747099999999999875e-01 4.942319999999999602e+00 0.000000000000000000e+00
1.380000000000000000e+02 -1.560419999999999918e+00 6.880139999999999922e+00 0.000000000000000000e+00
1.390000000000000000e+02 -2.896110000000000184e+00 1.043321000000000076e+01 0.000000000000000000e+00
1.400000000000000000e+02 -1.825720000000000010e+00 1.222568000000000055e+01 0.000000000000000000e+00
1.410000000000000000e+02 -5.024100000000000232e-01 1.396146000000000065e+01 0.000000000000000000e+00
1.420000000000000000e+02 -1.276389999999999914e+00 1.593332000000000015e+01 0.000000000000000000e+00
1.430000000000000000e+02 -3.038000000000000075e-02 1.763791000000000153e+01 0.000000000000000000e+00
1.440000000000000000e+02 5.340099999999999847e-01 -1.731026999999999916e+01 0.000000000000000000e+00
1.450000000000000000e+02 1.052249999999999908e+00 -1.523202999999999996e+01 0.000000000000000000e+00
1.460000000000000000e+02 2.313849999999999962e+00 -1.067712000000000039e+01 0.000000000000000000e+00
1.470000000000000000e+02 -2.376099999999999879e-01 -1.173352000000000039e+01 0.000000000000000000e+00
1.480000000000000000e+02 1.356200000000000072e+00 -6.546570000000000000e+00 0.000000000000000000e+00
1.490000000000000000e+02 -8.615000000000000435e-01 -6.248109999999999609e+00 0.000000000000000000e+00
1.500000000000000000e+02 5.023400000000000087e-01 -4.610089999999999577e+00 0.000000000000000000e+00
1.510000000000000000e+02 -1.361100000000000088e-01 -2.633529999999999927e+00 0.000000000000000000e+00
1.520000000000000000e+02 1.242129999999999956e+00 -1.016049999999999898e+00 0.000000000000000000e+00
1.530000000000000000e+02 5.613599999999999701e-01 9.458600000000000341e-01 0.000000000000000000e+00
1.540000000000000000e+02 -1.437700000000000089e-01 2.992090000000000138e+00 0.000000000000000000e+00
1.550000000000000000e+02 1.261290000000000022e+00 4.572569999999999801e+00 0.000000000000000000e+00
1.560000000000000000e+02 5.611800000000000122e-01 6.507060000000000066e+00 0.000000000000000000e+00
1.570000000000000000e+02 -1.826399999999999968e-01 8.423629999999999285e+00 0.000000000000000000e+00
1.580000000000000000e+02 -8.333300000000000152e-01 1.038103000000000087e+01 0.000000000000000000e+00
1.590000000000000000e+02 4.494699999999999807e-01 1.211905999999999928e+01 0.000000000000000000e+00
1.600000000000000000e+02 7.815299999999999470e-01 1.569200999999999979e+01 0.000000000000000000e+00
1.610000000000000000e+02 2.117620000000000058e+00 1.733134000000000086e+01 0.000000000000000000e+00
1.620000000000000000e+02 1.500499999999999889e-01 -1.932629000000000019e+01 0.000000000000000000e+00
1.630000000000000000e+02 2.661869999999999958e+00 -1.658508000000000138e+01 0.000000000000000000e+00
1.640000000000000000e+02 1.375669999999999948e+00 -1.310946999999999996e+01 0.000000000000000000e+00
1.650000000000000000e+02 3.805299999999999794e-01 -9.726470000000000837e+00 0.000000000000000000e+00
1.660000000000000000e+02 2.112049999999999983e+00 -8.602949999999999875e+00 0.000000000000000000e+00
1.670000000000000000e+02 3.377120000000000122e+00 -6.965950000000000308e+00 0.000000000000000000e+00
1.680000000000000000e+02 2.624800000000000022e+00 -4.936090000000000089e+00 0.000000000000000000e+00
1.690000000000000000e+02 2.008090000000000153e+00 -2.950050000000000061e+00 0.000000000000000000e+00
1.700000000000000000e+02 3.379169999999999785e+00 -1.395599999999999952e+00 0.000000000000000000e+00
1.710000000000000000e+02 2.619260000000000144e+00 5.818699999999999983e-01 0.000000000000000000e+00
1.720000000000000000e+02 1.989980000000000082e+00 2.587309999999999999e+00 0.000000000000000000e+00
1.730000000000000000e+02 3.335100000000000176e+00 4.204100000000000392e+00 0.000000000000000000e+00
1.740000000000000000e+02 2.623689999999999856e+00 6.174879999999999924e+00 0.000000000000000000e+00
1.750000000000000000e+02 1.907159999999999966e+00 8.136720000000000397e+00 0.000000000000000000e+00
1.760000000000000000e+02 1.240459999999999896e+00 1.014292000000000016e+01 0.000000000000000000e+00
1.770000000000000000e+02 1.687259999999999982e+00 1.382630999999999943e+01 0.000000000000000000e+00
1.780000000000000000e+02 2.996300000000000185e+00 1.543221999999999916e+01 0.000000000000000000e+00
1.790000000000000000e+02 1.362970000000000015e+00 1.924843999999999866e+01 0.000000000000000000e+00
1.800000000000000000e+02 3.185770000000000213e+00 -1.858364999999999867e+01 0.000000000000000000e+00
1.810000000000000000e+02 3.316780000000000062e+00 -1.461462000000000039e+01 0.000000000000000000e+00
1.820000000000000000e+02 3.353740000000000165e+00 -1.253313999999999950e+01 0.000000000000000000e+00
1.830000000000000000e+02 4.831620000000000026e+00 -1.100962999999999958e+01 0.000000000000000000e+00
1.840000000000000000e+02 4.191589999999999705e+00 -9.039780000000000371e+00 0.000000000000000000e+00
1.850000000000000000e+02 4.772610000000000241e+00 -5.430589999999999584e+00 0.000000000000000000e+00
1.860000000000000000e+02 4.047069999999999723e+00 -3.433559999999999945e+00 0.000000000000000000e+00
1.870000000000000000e+02 5.431540000000000035e+00 -1.760369999999999990e+00 0.000000000000000000e+00
1.880000000000000000e+02 4.722229999999999706e+00 1.851800000000000113e-01 0.000000000000000000e+00
1.890000000000000000e+02 4.007710000000000328e+00 2.170080000000000009e+00 0.000000000000000000e+00
1.900000000000000000e+02 5.388419999999999987e+00 3.807139999999999969e+00 0.000000000000000000e+00
1.910000000000000000e+02 4.726149999999999629e+00 5.757340000000000124e+00 0.000000000000000000e+00
1.920000000000000000e+02 4.039719999999999978e+00 7.749360000000000248e+00 0.000000000000000000e+00
1.930000000000000000e+02 3.355189999999999895e+00 9.789130000000000109e+00 0.000000000000000000e+00
1.940000000000000000e+02 2.616460000000000008e+00 1.174017000000000088e+01 0.000000000000000000e+00
1.950000000000000000e+02 3.719339999999999868e+00 1.348446999999999996e+01 0.000000000000000000e+00
1.960000000000000000e+02 4.486349999999999838e+00 1.696218999999999966e+01 0.000000000000000000e+00
1.970000000000000000e+02 3.556500000000000217e+00 1.889422000000000068e+01 0.000000000000000000e+00
1.980000000000000000e+02 4.805769999999999875e+00 -1.658247000000000071e+01 0.000000000000000000e+00
1.990000000000000000e+02 6.095449999999999591e+00 -1.497350999999999921e+01 0.000000000000000000e+00
2.000000000000000000e+02 5.395229999999999748e+00 -1.299596999999999980e+01 0.000000000000000000e+00
2.010000000000000000e+02 6.261070000000000135e+00 -9.355629999999999669e+00 0.000000000000000000e+00
2.020000000000000000e+02 5.539819999999999744e+00 -7.410709999999999908e+00 0.000000000000000000e+00
2.030000000000000000e+02 6.861819999999999808e+00 -5.768239999999999590e+00 0.000000000000000000e+00
2.040000000000000000e+02 6.100069999999999659e+00 -3.727339999999999876e+00 0.000000000000000000e+00
2.050000000000000000e+02 7.568270000000000053e+00 -2.154040000000000177e+00 0.000000000000000000e+00
2.060000000000000000e+02 6.831220000000000070e+00 -1.080799999999999955e-01 0.000000000000000000e+00
2.070000000000000000e+02 6.062990000000000101e+00 1.825439999999999952e+00 0.000000000000000000e+00
2.080000000000000000e+02 7.450660000000000061e+00 3.425969999999999960e+00 0.000000000000000000e+00
2.090000000000000000e+02 6.780710000000000015e+00 5.420889999999999986e+00 0.000000000000000000e+00
2.100000000000000000e+02 6.091479999999999784e+00 7.396250000000000213e+00 0.000000000000000000e+00
2.110000000000000000e+02 5.435249999999999915e+00 9.365850000000000009e+00 0.000000000000000000e+00
2.120000000000000000e+02 4.668099999999999916e+00 1.143638999999999939e+01 0.000000000000000000e+00
2.130000000000000000e+02 6.017109999999999737e+00 1.307882000000000033e+01 0.000000000000000000e+00
2.140000000000000000e+02 5.179750000000000298e+00 1.498896000000000051e+01 0.000000000000000000e+00
2.150000000000000000e+02 6.077939999999999898e+00 1.876754000000000033e+01 0.000000000000000000e+00
2.160000000000000000e+02 6.893600000000000172e+00 -1.688318999999999903e+01 0.000000000000000000e+00
2.170000000000000000e+02 7.435710000000000264e+00 -1.340845999999999982e+01 0.000000000000000000e+00
2.180000000000000000e+02 6.908509999999999707e+00 -1.139746000000000059e+01 0.000000000000000000e+00
2.190000000000000000e+02 8.290480000000000516e+00 -9.706210000000000448e+00 0.000000000000000000e+00
2.200000000000000000e+02 7.589409999999999989e+00 -7.763790000000000191e+00 0.000000000000000000e+00
2.210000000000000000e+02 9.030010000000000758e+00 -6.246380000000000265e+00 0.000000000000000000e+00
2.220000000000000000e+02 8.137219999999999231e+00 -4.156830000000000247e+00 0.000000000000000000e+00
2.230000000000000000e+02 9.686080000000000467e+00 -2.474720000000000031e+00 0.000000000000000000e+00
2.240000000000000000e+02 8.900109999999999744e+00 -4.889999999999999902e-01 0.000000000000000000e+00
2.250000000000000000e+02 8.231909999999999172e+00 1.510310000000000041e+00 0.000000000000000000e+00
2.260000000000000000e+02 9.581350000000000477e+00 3.074429999999999996e+00 0.000000000000000000e+00
2.270000000000000000e+02 8.820940000000000225e+00 5.077539999999999942e+00 0.000000000000000000e+00
2.280000000000000000e+02 8.170859999999999346e+00 7.075639999999999930e+00 0.000000000000000000e+00
2.290000000000000000e+02 7.482249999999999623e+00 9.083289999999999864e+00 0.000000000000000000e+00
2.300000000000000000e+02 6.768440000000000012e+00 1.105381000000000036e+01 0.000000000000000000e+00
2.310000000000000000e+02 8.111280000000000712e+00 1.265752999999999950e+01 0.000000000000000000e+00
2.320000000000000000e+02 7.322899999999999743e+00 1.469707000000000008e+01 0.000000000000000000e+00
2.330000000000000000e+02 6.616670000000000051e+00 1.668852000000000046e+01 0.000000000000000000e+00
2.340000000000000000e+02 5.484609999999999985e+00 -1.853625999999999863e+01 0.000000000000000000e+00
2.350000000000000000e+02 9.082090000000000884e+00 -1.729241000000000028e+01 0.000000000000000000e+00
2.360000000000000000e+02 8.356669999999999376e+00 -1.533652999999999977e+01 0.000000000000000000e+00
2.370000000000000000e+02 8.962659999999999627e+00 -1.183718999999999966e+01 0.000000000000000000e+00
2.380000000000000000e+02 9.744289999999999452e+00 -8.192489999999999384e+00 0.000000000000000000e+00
2.390000000000000000e+02 1.115422000000000047e+01 -6.679380000000000095e+00 0.000000000000000000e+00
2.400000000000000000e+02 1.022115999999999936e+01 -4.474849999999999994e+00 0.000000000000000000e+00
2.410000000000000000e+02 1.172530000000000072e+01 -2.906719999999999970e+00 0.000000000000000000e+00
2.420000000000000000e+02 1.100786000000000087e+01 -8.624500000000000499e-01 0.000000000000000000e+00
2.430000000000000000e+02 1.033112999999999992e+01 1.089569999999999927e+00 0.000000000000000000e+00
2.440000000000000000e+02 1.163822000000000045e+01 2.696849999999999969e+00 0.000000000000000000e+00
2.450000000000000000e+02 1.092141999999999946e+01 4.667110000000000092e+00 0.000000000000000000e+00
2.460000000000000000e+02 1.023345999999999911e+01 6.673770000000000202e+00 0.000000000000000000e+00
2.470000000000000000e+02 9.643610000000000682e+00 8.782989999999999853e+00 0.000000000000000000e+00
2.480000000000000000e+02 8.802479999999999194e+00 1.068524000000000029e+01 0.000000000000000000e+00
2.490000000000000000e+02 1.018994000000000000e+01 1.238170999999999999e+01 0.000000000000000000e+00
2.500000000000000000e+02 9.402240000000000819e+00 1.430376000000000047e+01 0.000000000000000000e+00
2.510000000000000000e+02 8.959720000000000795e+00 1.647475999999999985e+01 0.000000000000000000e+00
2.520000000000000000e+02 1.078387000000000029e+01 -1.595720999999999989e+01 0.000000000000000000e+00
2.530000000000000000e+02 9.800599999999999312e+00 -1.380437000000000047e+01 0.000000000000000000e+00
2.540000000000000000e+02 1.110406000000000049e+01 -1.218084999999999951e+01 0.000000000000000000e+00
2.550000000000000000e+02 1.036597000000000079e+01 -1.021643000000000079e+01 0.000000000000000000e+00
2.560000000000000000e+02 1.186228000000000016e+01 -8.709279999999999688e+00 0.000000000000000000e+00
2.570000000000000000e+02 1.322338000000000058e+01 -6.945159999999999556e+00 0.000000000000000000e+00
2.580000000000000000e+02 1.239908999999999928e+01 -4.901670000000000194e+00 0.000000000000000000e+00
2.590000000000000000e+02 1.386168999999999940e+01 -3.263049999999999784e+00 0.000000000000000000e+00
2.600000000000000000e+02 1.309817999999999927e+01 -1.308389999999999942e+00 0.000000000000000000e+00
2.610000000000000000e+02 1.237806999999999924e+01 7.055099999999999705e-01 0.000000000000000000e+00
2.620000000000000000e+02 1.378759999999999941e+01 2.306200000000000028e+00 0.000000000000000000e+00
2.630000000000000000e+02 1.300971000000000011e+01 4.380349999999999966e+00 0.000000000000000000e+00
2.640000000000000000e+02 1.234698000000000029e+01 6.376260000000000261e+00 0.000000000000000000e+00
2.650000000000000000e+02 1.167240999999999929e+01 8.341519999999999158e+00 0.000000000000000000e+00
2.660000000000000000e+02 1.098659999999999926e+01 1.037819000000000003e+01 0.000000000000000000e+00
2.670000000000000000e+02 1.243448000000000064e+01 1.194519999999999982e+01 0.000000000000000000e+00
2.680000000000000000e+02 1.184905000000000008e+01 1.394617000000000040e+01 0.000000000000000000e+00
2.690000000000000000e+02 1.104292000000000051e+01 1.584722999999999971e+01 0.000000000000000000e+00
2.700000000000000000e+02 1.205206000000000088e+01 -1.432063999999999915e+01 0.000000000000000000e+00
2.710000000000000000e+02 1.336040999999999990e+01 -1.259371999999999936e+01 0.000000000000000000e+00
2.720000000000000000e+02 1.258834000000000053e+01 -1.065701999999999927e+01 0.000000000000000000e+00
2.730000000000000000e+02 1.394963000000000086e+01 -8.907450000000000756e+00 0.000000000000000000e+00
2.740000000000000000e+02 1.526853000000000016e+01 -7.319619999999999571e+00 0.000000000000000000e+00
2.750000000000000000e+02 1.450173999999999985e+01 -5.286599999999999966e+00 0.000000000000000000e+00
2.760000000000000000e+02 1.592509000000000086e+01 -3.670459999999999834e+00 0.000000000000000000e+00
2.770000000000000000e+02 1.525080999999999953e+01 -1.657170000000000032e+00 0.000000000000000000e+00
2.780000000000000000e+02 1.650533000000000072e+01 4.329999999999999648e-03 0.000000000000000000e+00
2.790000000000000000e+02 1.441812000000000005e+01 2.770000000000000240e-01 0.000000000000000000e+00
2.800000000000000000e+02 1.503086000000000055e+01 3.954400000000000137e+00 0.000000000000000000e+00
2.810000000000000000e+02 1.580175000000000018e+01 7.517269999999999897e+00 0.000000000000000000e+00
2.820000000000000000e+02 1.439306999999999981e+01 5.977949999999999875e+00 0.000000000000000000e+00
2.830000000000000000e+02 1.373133999999999943e+01 7.962159999999999904e+00 0.000000000000000000e+00
2.840000000000000000e+02 1.314931999999999945e+01 9.952759999999999607e+00 0.000000000000000000e+00
2.850000000000000000e+02 1.517664000000000080e+01 9.518110000000000070e+00 0.000000000000000000e+00
2.860000000000000000e+02 1.505475999999999992e+01 1.169251000000000040e+01 0.000000000000000000e+00
2.870000000000000000e+02 1.392883999999999922e+01 1.359875000000000078e+01 0.000000000000000000e+00
2.880000000000000000e+02 1.472963999999999984e+01 -1.091534000000000049e+01 0.000000000000000000e+00
2.890000000000000000e+02 1.609973000000000098e+01 -9.257870000000000488e+00 0.000000000000000000e+00
2.900000000000000000e+02 1.739769000000000077e+01 -7.560909999999999798e+00 0.000000000000000000e+00
2.910000000000000000e+02 1.816184000000000154e+01 -4.094470000000000276e+00 0.000000000000000000e+00
2.920000000000000000e+02 1.661535999999999902e+01 -5.624530000000000030e+00 0.000000000000000000e+00
2.930000000000000000e+02 2.030759000000000114e+01 -1.640209999999999946e+00 0.000000000000000000e+00
2.940000000000000000e+02 1.863831000000000060e+01 -2.550000000000000044e-01 0.000000000000000000e+00
2.950000000000000000e+02 1.732415999999999912e+01 -2.035909999999999886e+00 0.000000000000000000e+00
2.960000000000000000e+02 1.797248000000000090e+01 1.708849999999999980e+00 0.000000000000000000e+00
2.970000000000000000e+02 1.585647999999999946e+01 2.049040000000000195e+00 0.000000000000000000e+00
2.980000000000000000e+02 1.761595000000000155e+01 3.749659999999999993e+00 0.000000000000000000e+00
2.990000000000000000e+02 1.645542000000000016e+01 5.508910000000000196e+00 0.000000000000000000e+00
