0.000000000000000000e+00 -1.199371000000000009e+01 -1.348712000000000089e+01 0.000000000000000000e+00
1.000000000000000000e+00 -1.381920000000000037e+01 -1.235326000000000057e+01 0.000000000000000000e+00
2.000000000000000000e+00 -1.548916999999999966e+01 -1.108453000000000088e+01 0.000000000000000000e+00
3.000000000000000000e+00 -1.680382000000000176e+01 -9.397149999999999892e+00 0.000000000000000000e+00
4.000000000000000000e+00 -1.796939000000000064e+01 -5.935979999999999812e+00 0.000000000000000000e+00
5.000000000000000000e+00 -1.923034000000000177e+01 -2.772009999999999863e+00 0.000000000000000000e+00
6.000000000000000000e+00 -1.730193999999999832e+01 -3.910460000000000047e+00 0.000000000000000000e+00
7.000000000000000000e+00 -2.035754000000000019e+01 1.212600000000000067e-01 0.000000000000000000e+00
8.000000000000000000e+00 -1.829948999999999870e+01 -6.704999999999999849e-02 0.000000000000000000e+00
9.000000000000000000e+00 -1.777449999999999974e+01 1.988930000000000087e+00 0.000000000000000000e+00
1.000000000000000000e+01 -1.583569999999999922e+01 2.666469999999999896e+00 0.000000000000000000e+00
1.100000000000000000e+01 -1.753548999999999936e+01 4.305579999999999963e+00 0.000000000000000000e+00
1.200000000000000000e+01 -1.483404999999999951e+01 6.862829999999999764e+00 0.000000000000000000e+00
1.300000000000000000e+01 -1.686912999999999840e+01 6.333899999999999864e+00 0.000000000000000000e+00
1.400000000000000000e+01 -1.661042000000000129e+01 8.565899999999999181e+00 0.000000000000000000e+00
1.500000000000000000e+01 -1.577567999999999948e+01 1.046912000000000020e+01 0.000000000000000000e+00
1.600000000000000000e+01 -1.327557999999999971e+01 1.314230000000000054e+01 0.000000000000000000e+00
1.700000000000000000e+01 -1.068225999999999942e+01 1.566300000000000026e+01 0.000000000000000000e+00
1.800000000000000000e+01 -1.059125000000000050e+01 -1.527088999999999963e+01 0.000000000000000000e+00
1.900000000000000000e+01 -1.151357999999999926e+01 -1.143186000000000035e+01 0.000000000000000000e+00
2.000000000000000000e+01 -1.316178999999999988e+01 -1.020054000000000016e+01 0.000000000000000000e+00
2.100000000000000000e+01 -1.468698000000000015e+01 -8.625109999999999388e+00 0.000000000000000000e+00
2.200000000000000000e+01 -1.619131000000000142e+01 -7.204620000000000246e+00 0.000000000000000000e+00
2.300000000000000000e+01 -1.557854000000000028e+01 -5.081780000000000186e+00 0.000000000000000000e+00
2.400000000000000000e+01 -1.520173999999999914e+01 -2.963039999999999896e+00 0.000000000000000000e+00
2.500000000000000000e+01 -1.685951999999999984e+01 -1.621680000000000010e+00 0.000000000000000000e+00
2.600000000000000000e+01 -1.467323000000000022e+01 -9.249000000000000554e-01 0.000000000000000000e+00
2.700000000000000000e+01 -1.627409000000000106e+01 5.286199999999999788e-01 0.000000000000000000e+00
2.800000000000000000e+01 -1.378850000000000087e+01 3.248079999999999856e+00 0.000000000000000000e+00
2.900000000000000000e+01 -1.531231999999999971e+01 4.736760000000000304e+00 0.000000000000000000e+00
3.000000000000000000e+01 -1.331818999999999953e+01 5.270109999999999850e+00 0.000000000000000000e+00
3.100000000000000000e+01 -1.275502999999999965e+01 7.531649999999999956e+00 0.000000000000000000e+00
3.200000000000000000e+01 -1.430180000000000007e+01 8.992100000000000648e+00 0.000000000000000000e+00
3.300000000000000000e+01 -1.377107999999999954e+01 1.112268000000000079e+01 0.000000000000000000e+00
3.400000000000000000e+01 -1.115399999999999991e+01 1.363785999999999987e+01 0.000000000000000000e+00
3.500000000000000000e+01 -8.802730000000000388e+00 1.663745000000000118e+01 0.000000000000000000e+00
3.600000000000000000e+01 -9.050129999999999342e+00 -1.673225000000000051e+01 0.000000000000000000e+00
3.700000000000000000e+01 -9.924509999999999721e+00 -1.307596000000000025e+01 0.000000000000000000e+00
3.800000000000000000e+01 -1.101083999999999996e+01 -9.392929999999999779e+00 0.000000000000000000e+00
3.900000000000000000e+01 -1.267196999999999996e+01 -8.153460000000000818e+00 0.000000000000000000e+00
4.000000000000000000e+01 -1.411750999999999934e+01 -6.536830000000000140e+00 0.000000000000000000e+00
4.100000000000000000e+01 -1.362509000000000015e+01 -4.383549999999999613e+00 0.000000000000000000e+00
4.200000000000000000e+01 -1.161997999999999998e+01 -3.804749999999999854e+00 0.000000000000000000e+00
4.300000000000000000e+01 -1.314930000000000021e+01 -2.358589999999999964e+00 0.000000000000000000e+00
4.400000000000000000e+01 -1.274869999999999948e+01 -1.937800000000000078e-01 0.000000000000000000e+00
4.500000000000000000e+01 -1.431506000000000078e+01 1.207740000000000036e+00 0.000000000000000000e+00
4.600000000000000000e+01 -1.224915999999999983e+01 1.820519999999999916e+00 0.000000000000000000e+00
4.700000000000000000e+01 -1.181532999999999944e+01 3.841670000000000140e+00 0.000000000000000000e+00
4.800000000000000000e+01 -1.125294000000000061e+01 5.917910000000000004e+00 0.000000000000000000e+00
4.900000000000000000e+01 -1.076163999999999987e+01 8.012760000000000105e+00 0.000000000000000000e+00
5.000000000000000000e+01 -1.231239000000000061e+01 9.592890000000000583e+00 0.000000000000000000e+00
5.100000000000000000e+01 -1.173734999999999928e+01 1.162326000000000015e+01 0.000000000000000000e+00
5.200000000000000000e+01 -9.136710000000000775e+00 1.425089999999999968e+01 0.000000000000000000e+00
5.300000000000000000e+01 -6.376260000000000261e+00 1.683101999999999876e+01 0.000000000000000000e+00
5.400000000000000000e+01 -7.359549999999999592e+00 -1.803181999999999974e+01 0.000000000000000000e+00
5.500000000000000000e+01 -8.591240000000000876e+00 -1.471616000000000035e+01 0.000000000000000000e+00
5.600000000000000000e+01 -7.904300000000000104e+00 -1.222120999999999924e+01 0.000000000000000000e+00
5.700000000000000000e+01 -9.515930000000000888e+00 -1.079656999999999911e+01 0.000000000000000000e+00
5.800000000000000000e+01 -1.056511000000000067e+01 -7.314580000000000304e+00 0.000000000000000000e+00
5.900000000000000000e+01 -1.215770000000000017e+01 -5.831260000000000332e+00 0.000000000000000000e+00
6.000000000000000000e+01 -1.015198999999999963e+01 -5.278760000000000119e+00 0.000000000000000000e+00
6.100000000000000000e+01 -1.120322999999999958e+01 -1.633329999999999949e+00 0.000000000000000000e+00
6.200000000000000000e+01 -9.072749999999999204e+00 -1.110959999999999948e+00 0.000000000000000000e+00
6.300000000000000000e+01 -1.066863000000000028e+01 3.619399999999999840e-01 0.000000000000000000e+00
6.400000000000000000e+01 -1.024867000000000061e+01 2.375350000000000072e+00 0.000000000000000000e+00
6.500000000000000000e+01 -9.794129999999999114e+00 4.446869999999999656e+00 0.000000000000000000e+00
6.600000000000000000e+01 -9.194029999999999703e+00 6.418840000000000323e+00 0.000000000000000000e+00
6.700000000000000000e+01 -8.769109999999999516e+00 8.596270000000000522e+00 0.000000000000000000e+00
6.800000000000000000e+01 -1.021671000000000085e+01 1.009623000000000026e+01 0.000000000000000000e+00
6.900000000000000000e+01 -9.642709999999999226e+00 1.223991999999999969e+01 0.000000000000000000e+00
7.000000000000000000e+01 -7.026250000000000107e+00 1.483060000000000045e+01 0.000000000000000000e+00
7.100000000000000000e+01 -4.285929999999999573e+00 1.751305999999999941e+01 0.000000000000000000e+00
7.200000000000000000e+01 -5.144339999999999691e+00 -1.728926999999999836e+01 0.000000000000000000e+00
7.300000000000000000e+01 -6.848110000000000142e+00 -1.581733000000000011e+01 0.000000000000000000e+00
7.400000000000000000e+01 -6.407770000000000188e+00 -1.370416999999999952e+01 0.000000000000000000e+00
7.500000000000000000e+01 -7.454229999999999912e+00 -1.019051999999999936e+01 0.000000000000000000e+00
7.600000000000000000e+01 -8.970530000000000115e+00 -8.737259999999999138e+00 0.000000000000000000e+00
7.700000000000000000e+01 -8.607770000000000366e+00 -6.634149999999999991e+00 0.000000000000000000e+00
7.800000000000000000e+01 -8.076420000000000599e+00 -4.605769999999999698e+00 0.000000000000000000e+00
7.900000000000000000e+01 -9.637719999999999843e+00 -3.164400000000000102e+00 0.000000000000000000e+00
8.000000000000000000e+01 -7.596359999999999779e+00 -2.563619999999999788e+00 0.000000000000000000e+00
8.100000000000000000e+01 -8.671620000000000772e+00 9.407200000000000006e-01 0.000000000000000000e+00
8.200000000000000000e+01 -8.248239999999999128e+00 3.007439999999999891e+00 0.000000000000000000e+00
8.300000000000000000e+01 -7.684700000000000308e+00 5.009470000000000312e+00 0.000000000000000000e+00
8.400000000000000000e+01 -7.221610000000000085e+00 7.097559999999999647e+00 0.000000000000000000e+00
8.500000000000000000e+01 -6.739200000000000301e+00 9.175190000000000623e+00 0.000000000000000000e+00
8.600000000000000000e+01 -8.216960000000000264e+00 1.068985999999999947e+01 0.000000000000000000e+00
8.700000000000000000e+01 -7.628709999999999880e+00 1.283474999999999966e+01 0.000000000000000000e+00
8.800000000000000000e+01 -4.981370000000000076e+00 1.516072999999999915e+01 0.000000000000000000e+00
8.900000000000000000e+01 -3.155510000000000037e+00 1.925590000000000046e+01 0.000000000000000000e+00
9.000000000000000000e+01 -3.850880000000000081e+00 -1.902978999999999843e+01 0.000000000000000000e+00
9.100000000000000000e+01 -4.815080000000000027e+00 -1.521912000000000020e+01 0.000000000000000000e+00
9.200000000000000000e+01 -4.315100000000000158e+00 -1.312350999999999956e+01 0.000000000000000000e+00
9.300000000000000000e+01 -5.781909999999999883e+00 -1.165990000000000038e+01 0.000000000000000000e+00
9.400000000000000000e+01 -5.393510000000000026e+00 -9.595470000000000610e+00 0.000000000000000000e+00
9.500000000000000000e+01 -6.936639999999999695e+00 -8.162119999999999820e+00 0.000000000000000000e+00
9.600000000000000000e+01 -6.567619999999999791e+00 -6.070689999999999920e+00 0.000000000000000000e+00
9.700000000000000000e+01 -6.007340000000000124e+00 -3.944399999999999906e+00 0.000000000000000000e+00
9.800000000000000000e+01 -5.501159999999999606e+00 -1.911289999999999933e+00 0.000000000000000000e+00
9.900000000000000000e+01 -7.083400000000000141e+00 -5.460099999999999953e-01 0.000000000000000000e+00
1.000000000000000000e+02 -6.646930000000000227e+00 1.477020000000000000e+00 0.000000000000000000e+00
1.010000000000000000e+02 -6.232490000000000308e+00 3.544810000000000016e+00 0.000000000000000000e+00
1.020000000000000000e+02 -5.535330000000000084e+00 5.497379999999999711e+00 0.000000000000000000e+00
1.030000000000000000e+02 -5.173110000000000319e+00 7.537469999999999892e+00 0.000000000000000000e+00
1.040000000000000000e+02 -6.115700000000000358e+00 1.114667000000000030e+01 0.000000000000000000e+00
1.050000000000000000e+02 -5.458960000000000257e+00 1.314288999999999952e+01 0.000000000000000000e+00
1.060000000000000000e+02 -2.896380000000000177e+00 1.559401000000000082e+01 0.000000000000000000e+00
1.070000000000000000e+02 -9.595900000000000540e-01 1.927909999999999968e+01 0.000000000000000000e+00
1.080000000000000000e+02 -3.211699999999999999e+00 -1.653666000000000125e+01 0.000000000000000000e+00
1.090000000000000000e+02 -2.735850000000000115e+00 -1.445982000000000056e+01 0.000000000000000000e+00
1.100000000000000000e+02 -2.245859999999999967e+00 -1.239215000000000089e+01 0.000000000000000000e+00
1.110000000000000000e+02 -3.802909999999999791e+00 -1.102003999999999984e+01 0.000000000000000000e+00
1.120000000000000000e+02 -3.294560000000000155e+00 -8.773699999999999832e+00 0.000000000000000000e+00
1.130000000000000000e+02 -4.889689999999999870e+00 -7.472080000000000055e+00 0.000000000000000000e+00
1.140000000000000000e+02 -4.496900000000000119e+00 -5.365829999999999878e+00 0.000000000000000000e+00
1.150000000000000000e+02 -4.012739999999999974e+00 -3.360370000000000079e+00 0.000000000000000000e+00
1.160000000000000000e+02 -3.037819999999999965e+00 -3.974099999999999855e-01 0.000000000000000000e+00
1.170000000000000000e+02 -5.042749999999999844e+00 1.796500000000000041e-01 0.000000000000000000e+00
1.180000000000000000e+02 -3.592690000000000161e+00 1.711549999999999905e+00 0.000000000000000000e+00
1.190000000000000000e+02 -4.195070000000000299e+00 3.885359999999999925e+00 0.000000000000000000e+00
1.200000000000000000e+02 -3.526549999999999851e+00 6.014129999999999754e+00 0.000000000000000000e+00
1.210000000000000000e+02 -3.190939999999999888e+00 8.074009999999999465e+00 0.000000000000000000e+00
1.220000000000000000e+02 -4.714640000000000164e+00 9.573470000000000368e+00 0.000000000000000000e+00
1.230000000000000000e+02 -4.054809999999999803e+00 1.159652999999999956e+01 0.000000000000000000e+00
1.240000000000000000e+02 -3.428010000000000002e+00 1.356822000000000017e+01 0.000000000000000000e+00
1.250000000000000000e+02 -2.013300000000000090e+00 1.748695000000000022e+01 0.000000000000000000e+00
1.260000000000000000e+02 -1.662169999999999925e+00 -1.793193000000000126e+01 0.000000000000000000e+00
1.270000000000000000e+02 -1.179240000000000066e+00 -1.583244000000000007e+01 0.000000000000000000e+00
1.280000000000000000e+02 -7.298000000000000043e-01 -1.380359999999999943e+01 0.000000000000000000e+00
1.290000000000000000e+02 -1.833830000000000071e+00 -1.034709999999999930e+01 0.000000000000000000e+00
1.300000000000000000e+02 -1.158590000000000009e+00 -8.099539999999999296e+00 0.000000000000000000e+00
1.310000000000000000e+02 -2.934730000000000061e+00 -6.697049999999999947e+00 0.000000000000000000e+00
1.320000000000000000e+02 -2.223019999999999996e+00 -4.474639999999999951e+00 0.000000000000000000e+00
1.330000000000000000e+02 -2.181369999999999809e+00 -2.338159999999999794e+00 0.000000000000000000e+00
1.340000000000000000e+02 -8.688000000000000167e-01 -7.413899999999999935e-01 0.000000000000000000e+00
1.350000000000000000e+02 -1.557090000000000085e+00 1.211659999999999959e+00 0.000000000000000000e+00
1.360000000000000000e+02 -2.215689999999999937e+00 3.340720000000000134e+00 0.000000000000000000e+00
1.370000000000000000e+02 -7.235899999999999554e-01 4.871039999999999814e+00 0.000000000000000000e+00
1.380000000000000000e+02 -1.523840000000000083e+00 6.792040000000000077e+00 0.000000000000000000e+00
1.390000000000000000e+02 -2.641529999999999934e+00 1.008619999999999983e+01 0.000000000000000000e+00
1.400000000000000000e+02 -1.885210000000000052e+00 1.204447000000000045e+01 0.000000000000000000e+00
1.410000000000000000e+02 1.821000000000000049e-02 1.388110999999999962e+01 0.000000000000000000e+00
1.420000000000000000e+02 -8.296200000000000241e-01 1.577227000000000068e+01 0.000000000000000000e+00
1.430000000000000000e+02 2.851899999999999991e-01 1.749692999999999898e+01 0.000000000000000000e+00
1.440000000000000000e+02 3.205700000000000216e-01 -1.733086000000000126e+01 0.000000000000000000e+00
1.450000000000000000e+02 9.131299999999999972e-01 -1.527532000000000068e+01 0.000000000000000000e+00
1.460000000000000000e+02 2.181700000000000195e+00 -1.081473000000000084e+01 0.000000000000000000e+00
1.470000000000000000e+02 -2.603199999999999958e-01 -1.176563999999999943e+01 0.000000000000000000e+00
1.480000000000000000e+02 1.100330000000000030e+00 -6.729029999999999845e+00 0.000000000000000000e+00
1.490000000000000000e+02 -9.043999999999999817e-01 -6.062560000000000393e+00 0.000000000000000000e+00
1.500000000000000000e+02 6.097299999999999942e-01 -4.666619999999999990e+00 0.000000000000000000e+00
1.510000000000000000e+02 -5.985000000000000042e-02 -2.674819999999999975e+00 0.000000000000000000e+00
1.520000000000000000e+02 1.299099999999999921e+00 -1.103199999999999958e+00 0.000000000000000000e+00
1.530000000000000000e+02 4.688700000000000090e-01 8.487099999999999644e-01 0.000000000000000000e+00
1.540000000000000000e+02 -1.332899999999999918e-01 2.840419999999999945e+00 0.000000000000000000e+00
1.550000000000000000e+02 1.325879999999999947e+00 4.411609999999999587e+00 0.000000000000000000e+00
1.560000000000000000e+02 6.450200000000000378e-01 6.426789999999999559e+00 0.000000000000000000e+00
1.570000000000000000e+02 -9.839000000000000523e-02 8.383129999999999526e+00 0.000000000000000000e+00
1.580000000000000000e+02 -5.750300000000000411e-01 1.042731000000000030e+01 0.000000000000000000e+00
1.590000000000000000e+02 7.956999999999999629e-01 1.196955999999999953e+01 0.000000000000000000e+00
1.600000000000000000e+02 1.224890000000000034e+00 1.563733000000000040e+01 0.000000000000000000e+00
1.610000000000000000e+02 2.377489999999999881e+00 1.735823999999999856e+01 0.000000000000000000e+00
1.620000000000000000e+02 -2.999899999999999789e-01 -1.955638000000000076e+01 0.000000000000000000e+00
1.630000000000000000e+02 2.354849999999999888e+00 -1.676874000000000109e+01 0.000000000000000000e+00
1.640000000000000000e+02 1.284170000000000034e+00 -1.318631000000000064e+01 0.000000000000000000e+00
1.650000000000000000e+02 2.423399999999999999e-01 -9.684649999999999537e+00 0.000000000000000000e+00
1.660000000000000000e+02 2.006639999999999979e+00 -8.605130000000000834e+00 0.000000000000000000e+00
1.670000000000000000e+02 3.364949999999999886e+00 -7.025249999999999773e+00 0.000000000000000000e+00
1.680000000000000000e+02 2.639679999999999804e+00 -5.096569999999999823e+00 0.000000000000000000e+00
1.690000000000000000e+02 2.059130000000000127e+00 -3.098840000000000039e+00 0.000000000000000000e+00
1.700000000000000000e+02 3.405699999999999950e+00 -1.525660000000000016e+00 0.000000000000000000e+00
1.710000000000000000e+02 2.715009999999999923e+00 4.571299999999999808e-01 0.000000000000000000e+00
1.720000000000000000e+02 1.943740000000000023e+00 2.433209999999999873e+00 0.000000000000000000e+00
1.730000000000000000e+02 3.405569999999999986e+00 4.006960000000000299e+00 0.000000000000000000e+00
1.740000000000000000e+02 2.695980000000000043e+00 5.951369999999999827e+00 0.000000000000000000e+00
1.750000000000000000e+02 2.075670000000000126e+00 7.969520000000000159e+00 0.000000000000000000e+00
1.760000000000000000e+02 1.452479999999999993e+00 9.991899999999999338e+00 0.000000000000000000e+00
1.770000000000000000e+02 2.112960000000000171e+00 1.354673999999999978e+01 0.000000000000000000e+00
1.780000000000000000e+02 3.339129999999999932e+00 1.526581000000000010e+01 0.000000000000000000e+00
1.790000000000000000e+02 1.329320000000000057e+00 1.928773999999999944e+01 0.000000000000000000e+00
1.800000000000000000e+02 1.903569999999999984e+00 -1.894351999999999947e+01 0.000000000000000000e+00
1.810000000000000000e+02 2.972119999999999873e+00 -1.469597000000000087e+01 0.000000000000000000e+00
1.820000000000000000e+02 3.293359999999999843e+00 -1.263297999999999988e+01 0.000000000000000000e+00
1.830000000000000000e+02 4.686860000000000248e+00 -1.104017999999999944e+01 0.000000000000000000e+00
1.840000000000000000e+02 4.083859999999999602e+00 -9.007070000000000576e+00 0.000000000000000000e+00
1.850000000000000000e+02 4.797869999999999635e+00 -5.504710000000000214e+00 0.000000000000000000e+00
1.860000000000000000e+02 4.168859999999999566e+00 -3.538209999999999855e+00 0.000000000000000000e+00
1.870000000000000000e+02 5.600590000000000401e+00 -1.948329999999999895e+00 0.000000000000000000e+00
1.880000000000000000e+02 4.847059999999999924e+00 -1.240000000000000000e-03 0.000000000000000000e+00
1.890000000000000000e+02 4.207160000000000011e+00 2.056179999999999897e+00 0.000000000000000000e+00
1.900000000000000000e+02 5.533520000000000216e+00 3.646780000000000133e+00 0.000000000000000000e+00
1.910000000000000000e+02 4.894980000000000331e+00 5.626820000000000377e+00 0.000000000000000000e+00
1.920000000000000000e+02 4.164489999999999803e+00 7.606440000000000090e+00 0.000000000000000000e+00
1.930000000000000000e+02 3.487190000000000012e+00 9.556559999999999278e+00 0.000000000000000000e+00
1.940000000000000000e+02 2.906219999999999803e+00 1.155316999999999972e+01 0.000000000000000000e+00
1.950000000000000000e+02 4.172930000000000028e+00 1.324207999999999963e+01 0.000000000000000000e+00
1.960000000000000000e+02 4.740039999999999587e+00 1.685902000000000100e+01 0.000000000000000000e+00
1.970000000000000000e+02 3.544830000000000148e+00 1.910720999999999847e+01 0.000000000000000000e+00
1.980000000000000000e+02 4.426350000000000229e+00 -1.675254999999999939e+01 0.000000000000000000e+00
1.990000000000000000e+02 5.747139999999999915e+00 -1.507337000000000060e+01 0.000000000000000000e+00
2.000000000000000000e+02 5.317560000000000286e+00 -1.300275000000000070e+01 0.000000000000000000e+00
2.010000000000000000e+02 6.098700000000000010e+00 -9.506940000000000168e+00 0.000000000000000000e+00
2.020000000000000000e+02 5.525970000000000049e+00 -7.463630000000000209e+00 0.000000000000000000e+00
2.030000000000000000e+02 6.906729999999999592e+00 -5.906679999999999708e+00 0.000000000000000000e+00
2.040000000000000000e+02 6.239770000000000039e+00 -3.945320000000000160e+00 0.000000000000000000e+00
2.050000000000000000e+02 7.650520000000000209e+00 -2.297730000000000050e+00 0.000000000000000000e+00
2.060000000000000000e+02 6.918059999999999654e+00 -3.160700000000000176e-01 0.000000000000000000e+00
2.070000000000000000e+02 6.327740000000000364e+00 1.681329999999999991e+00 0.000000000000000000e+00
2.080000000000000000e+02 7.680119999999999614e+00 3.250620000000000065e+00 0.000000000000000000e+00
2.090000000000000000e+02 6.947429999999999772e+00 5.276690000000000325e+00 0.000000000000000000e+00
2.100000000000000000e+02 6.316499999999999559e+00 7.256910000000000416e+00 0.000000000000000000e+00
2.110000000000000000e+02 5.533389999999999809e+00 9.205799999999999983e+00 0.000000000000000000e+00
2.120000000000000000e+02 5.008289999999999687e+00 1.121400000000000041e+01 0.000000000000000000e+00
2.130000000000000000e+02 6.217200000000000060e+00 1.289123999999999981e+01 0.000000000000000000e+00
2.140000000000000000e+02 5.583169999999999966e+00 1.492901999999999951e+01 0.000000000000000000e+00
2.150000000000000000e+02 5.846630000000000216e+00 1.873010000000000019e+01 0.000000000000000000e+00
2.160000000000000000e+02 6.532670000000000421e+00 -1.714826000000000050e+01 0.000000000000000000e+00
2.170000000000000000e+02 7.353100000000000414e+00 -1.350603000000000087e+01 0.000000000000000000e+00
2.180000000000000000e+02 6.740929999999999644e+00 -1.147217999999999982e+01 0.000000000000000000e+00
2.190000000000000000e+02 8.214480000000000004e+00 -9.817610000000000170e+00 0.000000000000000000e+00
2.200000000000000000e+02 7.594020000000000437e+00 -7.856720000000000148e+00 0.000000000000000000e+00
2.210000000000000000e+02 8.960679999999999978e+00 -6.296619999999999884e+00 0.000000000000000000e+00
2.220000000000000000e+02 8.264799999999999258e+00 -4.344809999999999839e+00 0.000000000000000000e+00
2.230000000000000000e+02 9.732469999999999288e+00 -2.688699999999999868e+00 0.000000000000000000e+00
2.240000000000000000e+02 9.016870000000000829e+00 -6.915499999999999980e-01 0.000000000000000000e+00
2.250000000000000000e+02 8.383219999999999672e+00 1.300459999999999949e+00 0.000000000000000000e+00
2.260000000000000000e+02 9.726620000000000488e+00 2.967779999999999863e+00 0.000000000000000000e+00
2.270000000000000000e+02 9.042809999999999349e+00 4.925959999999999894e+00 0.000000000000000000e+00
2.280000000000000000e+02 8.384240000000000137e+00 6.975450000000000372e+00 0.000000000000000000e+00
2.290000000000000000e+02 7.669579999999999842e+00 8.917279999999999873e+00 0.000000000000000000e+00
2.300000000000000000e+02 7.048689999999999678e+00 1.088937999999999917e+01 0.000000000000000000e+00
2.310000000000000000e+02 8.343099999999999739e+00 1.250688000000000066e+01 0.000000000000000000e+00
2.320000000000000000e+02 7.636479999999999713e+00 1.445190000000000019e+01 0.000000000000000000e+00
2.330000000000000000e+02 6.890920000000000378e+00 1.672369000000000128e+01 0.000000000000000000e+00
2.340000000000000000e+02 5.177620000000000111e+00 -1.873667000000000016e+01 0.000000000000000000e+00
2.350000000000000000e+02 8.501250000000000639e+00 -1.773057000000000016e+01 0.000000000000000000e+00
2.360000000000000000e+02 7.887789999999999857e+00 -1.557071000000000005e+01 0.000000000000000000e+00
2.370000000000000000e+02 8.840040000000000120e+00 -1.196757000000000026e+01 0.000000000000000000e+00
2.380000000000000000e+02 9.704069999999999752e+00 -8.274350000000000094e+00 0.000000000000000000e+00
2.390000000000000000e+02 1.106025999999999954e+01 -6.707060000000000244e+00 0.000000000000000000e+00
2.400000000000000000e+02 1.035319999999999929e+01 -4.659159999999999968e+00 0.000000000000000000e+00
2.410000000000000000e+02 1.176637999999999984e+01 -3.122529999999999806e+00 0.000000000000000000e+00
2.420000000000000000e+02 1.122826000000000057e+01 -1.074529999999999985e+00 0.000000000000000000e+00
2.430000000000000000e+02 1.042772000000000077e+01 9.786399999999999544e-01 0.000000000000000000e+00
2.440000000000000000e+02 1.179871999999999943e+01 2.515600000000000058e+00 0.000000000000000000e+00
2.450000000000000000e+02 1.111036999999999964e+01 4.536450000000000315e+00 0.000000000000000000e+00
2.460000000000000000e+02 1.043535999999999930e+01 6.587080000000000268e+00 0.000000000000000000e+00
2.470000000000000000e+02 9.920370000000000132e+00 8.635600000000000165e+00 0.000000000000000000e+00
2.480000000000000000e+02 9.143879999999999342e+00 1.055115999999999943e+01 0.000000000000000000e+00
2.490000000000000000e+02 1.039779000000000053e+01 1.228206999999999915e+01 0.000000000000000000e+00
2.500000000000000000e+02 9.700680000000000192e+00 1.432723999999999975e+01 0.000000000000000000e+00
2.510000000000000000e+02 8.967340000000000089e+00 1.650625000000000142e+01 0.000000000000000000e+00
2.520000000000000000e+02 9.966789999999999594e+00 -1.622349000000000174e+01 0.000000000000000000e+00
2.530000000000000000e+02 9.364100000000000534e+00 -1.396823000000000015e+01 0.000000000000000000e+00
2.540000000000000000e+02 1.089821000000000062e+01 -1.244589000000000034e+01 0.000000000000000000e+00
2.550000000000000000e+02 1.022639000000000031e+01 -1.040780999999999956e+01 0.000000000000000000e+00
2.560000000000000000e+02 1.168688000000000038e+01 -8.921010000000000773e+00 0.000000000000000000e+00
2.570000000000000000e+02 1.309608000000000061e+01 -7.205849999999999866e+00 0.000000000000000000e+00
2.580000000000000000e+02 1.237631000000000014e+01 -5.105809999999999960e+00 0.000000000000000000e+00
2.590000000000000000e+02 1.391821000000000019e+01 -3.546030000000000015e+00 0.000000000000000000e+00
2.600000000000000000e+02 1.331386999999999965e+01 -1.435519999999999907e+00 0.000000000000000000e+00
2.610000000000000000e+02 1.254409000000000063e+01 5.236600000000000144e-01 0.000000000000000000e+00
2.620000000000000000e+02 1.395237999999999978e+01 2.184969999999999857e+00 0.000000000000000000e+00
2.630000000000000000e+02 1.314047000000000054e+01 4.141189999999999927e+00 0.000000000000000000e+00
2.640000000000000000e+02 1.255433000000000021e+01 6.128269999999999662e+00 0.000000000000000000e+00
2.650000000000000000e+02 1.195514000000000010e+01 8.186700000000000088e+00 0.000000000000000000e+00
2.660000000000000000e+02 1.123883000000000010e+01 1.034702000000000055e+01 0.000000000000000000e+00
2.670000000000000000e+02 1.250372999999999912e+01 1.196949000000000041e+01 0.000000000000000000e+00
2.680000000000000000e+02 1.177552999999999983e+01 1.396133000000000024e+01 0.000000000000000000e+00
2.690000000000000000e+02 1.103223999999999982e+01 1.592902999999999913e+01 0.000000000000000000e+00
2.700000000000000000e+02 1.144128000000000078e+01 -1.471175000000000033e+01 0.000000000000000000e+00
2.710000000000000000e+02 1.288386000000000031e+01 -1.304546999999999990e+01 0.000000000000000000e+00
2.720000000000000000e+02 1.231981000000000037e+01 -1.093482000000000021e+01 0.000000000000000000e+00
2.730000000000000000e+02 1.379290999999999912e+01 -9.501150000000000873e+00 0.000000000000000000e+00
2.740000000000000000e+02 1.510976999999999926e+01 -7.897520000000000095e+00 0.000000000000000000e+00
2.750000000000000000e+02 1.450474999999999959e+01 -5.677970000000000184e+00 0.000000000000000000e+00
2.760000000000000000e+02 1.600591000000000008e+01 -4.092150000000000176e+00 0.000000000000000000e+00
2.770000000000000000e+02 1.545268000000000086e+01 -1.748899999999999899e+00 0.000000000000000000e+00
2.780000000000000000e+02 1.681768999999999892e+01 -1.693300000000000083e-01 0.000000000000000000e+00
2.790000000000000000e+02 1.460435999999999979e+01 2.170199999999999907e-01 0.000000000000000000e+00
2.800000000000000000e+02 1.536599000000000004e+01 3.774059999999999970e+00 0.000000000000000000e+00
2.810000000000000000e+02 1.609274999999999878e+01 7.429210000000000313e+00 0.000000000000000000e+00
2.820000000000000000e+02 1.472902000000000022e+01 5.778929999999999900e+00 0.000000000000000000e+00
2.830000000000000000e+02 1.399446999999999974e+01 7.858590000000000408e+00 0.000000000000000000e+00
2.840000000000000000e+02 1.324544000000000032e+01 9.883060000000000400e+00 0.000000000000000000e+00
2.850000000000000000e+02 1.535720000000000063e+01 9.485580000000000567e+00 0.000000000000000000e+00
2.860000000000000000e+02 1.451819000000000059e+01 1.151091000000000086e+01 0.000000000000000000e+00
2.870000000000000000e+02 1.382418000000000013e+01 1.368704999999999927e+01 0.000000000000000000e+00
2.880000000000000000e+02 1.456705000000000005e+01 -1.178857999999999961e+01 0.000000000000000000e+00
2.890000000000000000e+02 1.591788999999999987e+01 -1.020888000000000062e+01 0.000000000000000000e+00
2.900000000000000000e+02 1.715419999999999945e+01 -8.462460000000000093e+00 0.000000000000000000e+00
2.910000000000000000e+02 1.859468000000000032e+01 -6.887830000000000119e+00 0.000000000000000000e+00
2.920000000000000000e+02 1.653273000000000081e+01 -6.362330000000000041e+00 0.000000000000000000e+00
2.930000000000000000e+02 1.824924999999999997e+01 -4.472470000000000390e+00 0.000000000000000000e+00
2.940000000000000000e+02 1.913855999999999824e+01 -5.493900000000000450e-01 0.000000000000000000e+00
2.950000000000000000e+02 1.745219000000000165e+01 -2.370639999999999858e+00 0.000000000000000000e+00
2.960000000000000000e+02 1.824063999999999908e+01 1.408279999999999976e+00 0.000000000000000000e+00
2.970000000000000000e+02 1.602694999999999936e+01 1.743719999999999937e+00 0.000000000000000000e+00
2.980000000000000000e+02 1.742370000000000019e+01 3.483169999999999877e+00 0.000000000000000000e+00
2.990000000000000000e+02 1.689048000000000016e+01 5.494849999999999568e+00 0.000000000000000000e+00
