0.000000000000000000e+00 -1.294439000000000028e+01 -1.556823999999999941e+01 0.000000000000000000e+00
1.000000000000000000e+00 -1.545725999999999978e+01 -1.054556999999999967e+01 0.000000000000000000e+00
2.000000000000000000e+00 -1.702854999999999919e+01 -9.190709999999999269e+00 0.000000000000000000e+00
3.000000000000000000e+00 -1.788357999999999848e+01 -5.393030000000000435e+00 0.000000000000000000e+00
4.000000000000000000e+00 -1.659682000000000102e+01 -7.108620000000000161e+00 0.000000000000000000e+00
5.000000000000000000e+00 -1.928215000000000146e+01 -1.461449999999999916e+00 0.000000000000000000e+00
6.000000000000000000e+00 -1.760947000000000173e+01 -3.341200000000000170e+00 0.000000000000000000e+00
7.000000000000000000e+00 -1.707319999999999993e+01 -1.247200000000000086e+00 0.000000000000000000e+00
8.000000000000000000e+00 -1.628318000000000154e+01 6.809500000000000552e-01 0.000000000000000000e+00
9.000000000000000000e+00 -1.774916999999999945e+01 2.285280000000000200e+00 0.000000000000000000e+00
1.000000000000000000e+01 -1.566136000000000017e+01 2.719460000000000210e+00 0.000000000000000000e+00
1.100000000000000000e+01 -1.740101999999999904e+01 4.338910000000000267e+00 0.000000000000000000e+00
1.200000000000000000e+01 -1.438699000000000083e+01 6.912399999999999878e+00 0.000000000000000000e+00
1.300000000000000000e+01 -1.669290000000000163e+01 6.385489999999999888e+00 0.000000000000000000e+00
1.400000000000000000e+01 -1.610106999999999999e+01 8.606220000000000425e+00 0.000000000000000000e+00
1.500000000000000000e+01 -1.568914999999999971e+01 1.070717999999999925e+01 0.000000000000000000e+00
1.600000000000000000e+01 -1.497780000000000022e+01 1.282623000000000069e+01 0.000000000000000000e+00
1.700000000000000000e+01 -1.407016999999999918e+01 1.480258000000000074e+01 0.000000000000000000e+00
1.800000000000000000e+01 -1.253112999999999921e+01 -1.350347000000000008e+01 0.000000000000000000e+00
1.900000000000000000e+01 -1.393343999999999916e+01 -1.197353000000000023e+01 0.000000000000000000e+00
2.000000000000000000e+01 -1.349478000000000044e+01 -9.924129999999999896e+00 0.000000000000000000e+00
2.100000000000000000e+01 -1.493929999999999936e+01 -8.353889999999999816e+00 0.000000000000000000e+00
2.200000000000000000e+01 -1.434054000000000073e+01 -6.330420000000000158e+00 0.000000000000000000e+00
2.300000000000000000e+01 -1.586250000000000071e+01 -4.900179999999999758e+00 0.000000000000000000e+00
2.400000000000000000e+01 -1.377403999999999940e+01 -4.315389999999999837e+00 0.000000000000000000e+00
2.500000000000000000e+01 -1.531673999999999936e+01 -2.785660000000000025e+00 0.000000000000000000e+00
2.600000000000000000e+01 -1.467060999999999993e+01 -7.094300000000000050e-01 0.000000000000000000e+00
2.700000000000000000e+01 -1.410078999999999994e+01 1.286270000000000024e+00 0.000000000000000000e+00
2.800000000000000000e+01 -1.355208000000000013e+01 3.311049999999999827e+00 0.000000000000000000e+00
2.900000000000000000e+01 -1.518413999999999930e+01 4.844490000000000407e+00 0.000000000000000000e+00
3.000000000000000000e+01 -1.298681999999999981e+01 5.370910000000000295e+00 0.000000000000000000e+00
3.100000000000000000e+01 -1.237440999999999924e+01 7.357160000000000366e+00 0.000000000000000000e+00
3.200000000000000000e+01 -1.395289000000000001e+01 9.146649999999999281e+00 0.000000000000000000e+00
3.300000000000000000e+01 -1.339916999999999980e+01 1.115047000000000033e+01 0.000000000000000000e+00
3.400000000000000000e+01 -1.263238999999999912e+01 1.305662000000000056e+01 0.000000000000000000e+00
3.500000000000000000e+01 -1.203293999999999997e+01 1.519744999999999990e+01 0.000000000000000000e+00
3.600000000000000000e+01 -1.087233999999999945e+01 -1.498834000000000088e+01 0.000000000000000000e+00
3.700000000000000000e+01 -1.035895999999999972e+01 -1.297813999999999979e+01 0.000000000000000000e+00
3.800000000000000000e+01 -1.183339999999999925e+01 -1.153433000000000064e+01 0.000000000000000000e+00
3.900000000000000000e+01 -1.140822999999999965e+01 -9.428300000000000125e+00 0.000000000000000000e+00
4.000000000000000000e+01 -1.286955000000000027e+01 -7.941690000000000360e+00 0.000000000000000000e+00
4.100000000000000000e+01 -1.233394999999999975e+01 -5.821900000000000297e+00 0.000000000000000000e+00
4.200000000000000000e+01 -1.175093000000000032e+01 -3.756530000000000147e+00 0.000000000000000000e+00
4.300000000000000000e+01 -1.324643999999999977e+01 -2.237099999999999866e+00 0.000000000000000000e+00
4.400000000000000000e+01 -1.120438000000000045e+01 -1.717340000000000089e+00 0.000000000000000000e+00
4.500000000000000000e+01 -1.264381000000000022e+01 -1.879800000000000082e-01 0.000000000000000000e+00
4.600000000000000000e+01 -1.208505000000000074e+01 1.841679999999999984e+00 0.000000000000000000e+00
4.700000000000000000e+01 -1.155526000000000053e+01 3.887169999999999792e+00 0.000000000000000000e+00
4.800000000000000000e+01 -1.096385000000000076e+01 5.858550000000000146e+00 0.000000000000000000e+00
4.900000000000000000e+01 -1.036904000000000003e+01 7.915110000000000312e+00 0.000000000000000000e+00
5.000000000000000000e+01 -1.182755000000000045e+01 9.393499999999999517e+00 0.000000000000000000e+00
5.100000000000000000e+01 -1.118600999999999956e+01 1.155485999999999969e+01 0.000000000000000000e+00
5.200000000000000000e+01 -1.049219000000000079e+01 1.379332999999999920e+01 0.000000000000000000e+00
5.300000000000000000e+01 -1.008752999999999922e+01 1.594697999999999993e+01 0.000000000000000000e+00
5.400000000000000000e+01 -9.679380000000000095e+00 -1.673824000000000112e+01 0.000000000000000000e+00
5.500000000000000000e+01 -8.846890000000000143e+00 -1.448495999999999917e+01 0.000000000000000000e+00
5.600000000000000000e+01 -8.303280000000000882e+00 -1.239305000000000057e+01 0.000000000000000000e+00
5.700000000000000000e+01 -9.813510000000000844e+00 -1.092154000000000025e+01 0.000000000000000000e+00
5.800000000000000000e+01 -9.346610000000000085e+00 -8.874990000000000379e+00 0.000000000000000000e+00
5.900000000000000000e+01 -1.087449999999999939e+01 -7.276869999999999727e+00 0.000000000000000000e+00
6.000000000000000000e+01 -1.019949000000000083e+01 -5.298519999999999897e+00 0.000000000000000000e+00
6.100000000000000000e+01 -9.734859999999999403e+00 -3.225420000000000176e+00 0.000000000000000000e+00
6.200000000000000000e+01 -9.204629999999999868e+00 -1.137000000000000011e+00 0.000000000000000000e+00
6.300000000000000000e+01 -1.059162000000000070e+01 4.033100000000000018e-01 0.000000000000000000e+00
6.400000000000000000e+01 -1.002374999999999972e+01 2.424269999999999925e+00 0.000000000000000000e+00
6.500000000000000000e+01 -9.428309999999999746e+00 4.443609999999999616e+00 0.000000000000000000e+00
6.600000000000000000e+01 -8.867649999999999366e+00 6.442020000000000302e+00 0.000000000000000000e+00
6.700000000000000000e+01 -8.364580000000000126e+00 8.449619999999999465e+00 0.000000000000000000e+00
6.800000000000000000e+01 -9.818870000000000431e+00 9.933690000000000353e+00 0.000000000000000000e+00
6.900000000000000000e+01 -9.165190000000000836e+00 1.218809000000000076e+01 0.000000000000000000e+00
7.000000000000000000e+01 -8.340469999999999828e+00 1.436166000000000054e+01 0.000000000000000000e+00
7.100000000000000000e+01 -7.898270000000000124e+00 1.640362999999999971e+01 0.000000000000000000e+00
7.200000000000000000e+01 -8.218019999999999214e+00 -1.828335999999999828e+01 0.000000000000000000e+00
7.300000000000000000e+01 -7.504640000000000200e+00 -1.606271999999999878e+01 0.000000000000000000e+00
7.400000000000000000e+01 -6.751920000000000144e+00 -1.399464000000000041e+01 0.000000000000000000e+00
7.500000000000000000e+01 -6.259940000000000282e+00 -1.183250999999999920e+01 0.000000000000000000e+00
7.600000000000000000e+01 -7.833370000000000388e+00 -1.030582000000000065e+01 0.000000000000000000e+00
7.700000000000000000e+01 -8.761229999999999407e+00 -6.882139999999999702e+00 0.000000000000000000e+00
7.800000000000000000e+01 -8.201859999999999928e+00 -4.750149999999999650e+00 0.000000000000000000e+00
7.900000000000000000e+01 -7.663380000000000081e+00 -2.710970000000000102e+00 0.000000000000000000e+00
8.000000000000000000e+01 -7.093820000000000014e+00 -7.050100000000000255e-01 0.000000000000000000e+00
8.100000000000000000e+01 -8.589629999999999654e+00 8.836500000000000465e-01 0.000000000000000000e+00
8.200000000000000000e+01 -7.970060000000000144e+00 2.922820000000000196e+00 0.000000000000000000e+00
8.300000000000000000e+01 -7.415589999999999904e+00 4.939770000000000216e+00 0.000000000000000000e+00
8.400000000000000000e+01 -6.835119999999999862e+00 6.961059999999999803e+00 0.000000000000000000e+00
8.500000000000000000e+01 -6.289220000000000255e+00 8.990550000000000708e+00 0.000000000000000000e+00
8.600000000000000000e+01 -7.778780000000000250e+00 1.053712999999999944e+01 0.000000000000000000e+00
8.700000000000000000e+01 -7.113330000000000375e+00 1.256720999999999933e+01 0.000000000000000000e+00
8.800000000000000000e+01 -6.340329999999999799e+00 1.490020999999999951e+01 0.000000000000000000e+00
8.900000000000000000e+01 -5.708829999999999849e+00 1.696265000000000001e+01 0.000000000000000000e+00
9.000000000000000000e+01 -2.376790000000000180e+00 -1.869770000000000110e+01 0.000000000000000000e+00
9.100000000000000000e+01 -5.651139999999999830e+00 -1.759258000000000166e+01 0.000000000000000000e+00
9.200000000000000000e+01 -5.311619999999999564e+00 -1.550291999999999959e+01 0.000000000000000000e+00
9.300000000000000000e+01 -4.810209999999999653e+00 -1.331948000000000043e+01 0.000000000000000000e+00
9.400000000000000000e+01 -5.722120000000000317e+00 -9.832639999999999603e+00 0.000000000000000000e+00
9.500000000000000000e+01 -7.228159999999999918e+00 -8.268560000000000798e+00 0.000000000000000000e+00
9.600000000000000000e+01 -6.706220000000000070e+00 -6.225679999999999659e+00 0.000000000000000000e+00
9.700000000000000000e+01 -6.143489999999999895e+00 -4.228979999999999961e+00 0.000000000000000000e+00
9.800000000000000000e+01 -5.639859999999999651e+00 -2.234070000000000000e+00 0.000000000000000000e+00
9.900000000000000000e+01 -6.436869999999999870e+00 1.266799999999999926e+00 0.000000000000000000e+00
1.000000000000000000e+02 -5.951769999999999783e+00 3.396220000000000017e+00 0.000000000000000000e+00
1.010000000000000000e+02 -3.892819999999999947e+00 3.916669999999999874e+00 0.000000000000000000e+00
1.020000000000000000e+02 -5.343029999999999724e+00 5.373149999999999871e+00 0.000000000000000000e+00
1.030000000000000000e+02 -4.756509999999999572e+00 7.438559999999999839e+00 0.000000000000000000e+00
1.040000000000000000e+02 -5.713339999999999641e+00 1.104585999999999935e+01 0.000000000000000000e+00
1.050000000000000000e+02 -5.110400000000000276e+00 1.302560000000000073e+01 0.000000000000000000e+00
1.060000000000000000e+02 -4.319359999999999644e+00 1.541377999999999915e+01 0.000000000000000000e+00
1.070000000000000000e+02 -4.556750000000000078e+00 1.902236999999999867e+01 0.000000000000000000e+00
1.080000000000000000e+02 -3.619409999999999794e+00 -1.687378000000000000e+01 0.000000000000000000e+00
1.090000000000000000e+02 -3.298160000000000203e+00 -1.482901000000000025e+01 0.000000000000000000e+00
1.100000000000000000e+02 -2.699500000000000011e+00 -1.278256999999999977e+01 0.000000000000000000e+00
1.110000000000000000e+02 -4.214120000000000310e+00 -1.128228999999999971e+01 0.000000000000000000e+00
1.120000000000000000e+02 -3.734290000000000109e+00 -9.255190000000000694e+00 0.000000000000000000e+00
1.130000000000000000e+02 -5.162930000000000241e+00 -7.761409999999999698e+00 0.000000000000000000e+00
1.140000000000000000e+02 -4.616080000000000183e+00 -5.726409999999999556e+00 0.000000000000000000e+00
1.150000000000000000e+02 -4.116559999999999775e+00 -3.665639999999999787e+00 0.000000000000000000e+00
1.160000000000000000e+02 -3.533040000000000180e+00 -1.690830000000000055e+00 0.000000000000000000e+00
1.170000000000000000e+02 -4.970460000000000100e+00 -1.940000000000000058e-01 0.000000000000000000e+00
1.180000000000000000e+02 -4.421420000000000350e+00 1.912740000000000107e+00 0.000000000000000000e+00
1.190000000000000000e+02 -1.897659999999999902e+00 4.475319999999999965e+00 0.000000000000000000e+00
1.200000000000000000e+02 -3.322090000000000209e+00 5.954430000000000334e+00 0.000000000000000000e+00
1.210000000000000000e+02 -2.708940000000000126e+00 7.970270000000000188e+00 0.000000000000000000e+00
1.220000000000000000e+02 -4.218790000000000262e+00 9.426529999999999632e+00 0.000000000000000000e+00
1.230000000000000000e+02 -3.628390000000000004e+00 1.154137000000000057e+01 0.000000000000000000e+00
1.240000000000000000e+02 -3.137880000000000003e+00 1.365961000000000070e+01 0.000000000000000000e+00
1.250000000000000000e+02 -3.017560000000000020e+00 1.737778000000000134e+01 0.000000000000000000e+00
1.260000000000000000e+02 -1.498700000000000032e-01 -1.801289999999999836e+01 0.000000000000000000e+00
1.270000000000000000e+02 -1.539549999999999974e+00 -1.643565999999999860e+01 0.000000000000000000e+00
1.280000000000000000e+02 -1.284620000000000095e+00 -1.430401999999999951e+01 0.000000000000000000e+00
1.290000000000000000e+02 -2.194020000000000081e+00 -1.077011000000000074e+01 0.000000000000000000e+00
1.300000000000000000e+02 -1.717950000000000088e+00 -8.715270000000000294e+00 0.000000000000000000e+00
1.310000000000000000e+02 -3.170479999999999965e+00 -7.240440000000000431e+00 0.000000000000000000e+00
1.320000000000000000e+02 -2.593519999999999825e+00 -5.222100000000000186e+00 0.000000000000000000e+00
1.330000000000000000e+02 -2.073209999999999997e+00 -3.215289999999999981e+00 0.000000000000000000e+00
1.340000000000000000e+02 -1.493020000000000014e+00 -1.194110000000000005e+00 0.000000000000000000e+00
1.350000000000000000e+02 -2.908380000000000187e+00 3.322399999999999798e-01 0.000000000000000000e+00
1.360000000000000000e+02 -2.397240000000000038e+00 2.467540000000000067e+00 0.000000000000000000e+00
1.370000000000000000e+02 4.608200000000000074e-01 5.301280000000000214e+00 0.000000000000000000e+00
1.380000000000000000e+02 -1.276540000000000008e+00 6.455910000000000259e+00 0.000000000000000000e+00
1.390000000000000000e+02 -3.291000000000000175e-02 9.521440000000000126e+00 0.000000000000000000e+00
1.400000000000000000e+02 -2.232009999999999827e+00 9.993280000000000385e+00 0.000000000000000000e+00
1.410000000000000000e+02 -9.705099999999999838e-01 1.356724999999999959e+01 0.000000000000000000e+00
1.420000000000000000e+02 -2.131689999999999863e+00 1.544921000000000078e+01 0.000000000000000000e+00
1.430000000000000000e+02 -1.776389999999999914e+00 1.911224999999999952e+01 0.000000000000000000e+00
1.440000000000000000e+02 -5.490599999999999925e-01 -2.014171999999999940e+01 0.000000000000000000e+00
1.450000000000000000e+02 4.555000000000000160e-01 -1.579934000000000083e+01 0.000000000000000000e+00
1.460000000000000000e+02 8.139800000000000368e-01 -1.374079000000000050e+01 0.000000000000000000e+00
1.470000000000000000e+02 -6.367199999999999527e-01 -1.227595999999999954e+01 0.000000000000000000e+00
1.480000000000000000e+02 -1.557000000000000051e-01 -1.023859999999999992e+01 0.000000000000000000e+00
1.490000000000000000e+02 3.009399999999999853e-01 -8.206599999999999895e+00 0.000000000000000000e+00
1.500000000000000000e+02 -1.135529999999999928e+00 -6.691959999999999908e+00 0.000000000000000000e+00
1.510000000000000000e+02 -5.801600000000000090e-01 -4.682780000000000165e+00 0.000000000000000000e+00
1.520000000000000000e+02 -3.210999999999999965e-02 -2.649840000000000195e+00 0.000000000000000000e+00
1.530000000000000000e+02 -9.522399999999999753e-01 9.590800000000000436e-01 0.000000000000000000e+00
1.540000000000000000e+02 -3.726499999999999813e-01 3.080670000000000019e+00 0.000000000000000000e+00
1.550000000000000000e+02 3.163190000000000168e+00 5.034340000000000259e+00 0.000000000000000000e+00
1.560000000000000000e+02 5.573000000000000176e-01 7.440349999999999575e+00 0.000000000000000000e+00
1.570000000000000000e+02 1.544349999999999890e+00 1.112656999999999918e+01 0.000000000000000000e+00
1.580000000000000000e+02 -6.092300000000000493e-01 1.154137000000000057e+01 0.000000000000000000e+00
1.590000000000000000e+02 1.122400000000000064e-01 1.531278999999999968e+01 0.000000000000000000e+00
1.600000000000000000e+02 -8.968500000000000361e-01 1.714843000000000117e+01 0.000000000000000000e+00
1.610000000000000000e+02 3.401500000000000079e-01 1.886769999999999925e+01 0.000000000000000000e+00
1.620000000000000000e+02 1.775889999999999969e+00 -1.955202999999999847e+01 0.000000000000000000e+00
1.630000000000000000e+02 2.113220000000000098e+00 -1.749742000000000175e+01 0.000000000000000000e+00
1.640000000000000000e+02 2.489419999999999966e+00 -1.537584999999999980e+01 0.000000000000000000e+00
1.650000000000000000e+02 1.490140000000000020e+00 -1.172775000000000034e+01 0.000000000000000000e+00
1.660000000000000000e+02 2.480579999999999785e+00 -9.896829999999999572e+00 0.000000000000000000e+00
1.670000000000000000e+02 2.332850000000000090e+00 -7.786730000000000373e+00 0.000000000000000000e+00
1.680000000000000000e+02 9.409499999999999531e-01 -6.173420000000000130e+00 0.000000000000000000e+00
1.690000000000000000e+02 1.428169999999999940e+00 -4.173350000000000115e+00 0.000000000000000000e+00
1.700000000000000000e+02 2.568210000000000104e+00 -4.296099999999999919e-01 0.000000000000000000e+00
1.710000000000000000e+02 4.895800000000000152e-01 -6.106300000000000061e-01 0.000000000000000000e+00
1.720000000000000000e+02 1.694620000000000015e+00 3.585430000000000117e+00 0.000000000000000000e+00
1.730000000000000000e+02 3.694949999999999957e+00 3.019540000000000113e+00 0.000000000000000000e+00
1.740000000000000000e+02 2.612420000000000186e+00 7.013049999999999784e+00 0.000000000000000000e+00
1.750000000000000000e+02 1.988220000000000098e+00 9.014969999999999928e+00 0.000000000000000000e+00
1.760000000000000000e+02 1.061209999999999987e+00 1.315268999999999977e+01 0.000000000000000000e+00
1.770000000000000000e+02 2.525560000000000027e+00 1.460379000000000005e+01 0.000000000000000000e+00
1.780000000000000000e+02 1.886900000000000022e+00 1.661663000000000068e+01 0.000000000000000000e+00
1.790000000000000000e+02 2.175539999999999807e+00 1.994212999999999880e+01 0.000000000000000000e+00
1.800000000000000000e+02 3.721550000000000136e+00 -1.883671000000000006e+01 0.000000000000000000e+00
1.810000000000000000e+02 4.462880000000000180e+00 -1.472039999999999971e+01 0.000000000000000000e+00
1.820000000000000000e+02 2.914060000000000095e+00 -1.333990000000000009e+01 0.000000000000000000e+00
1.830000000000000000e+02 4.468650000000000233e+00 -1.068781000000000070e+01 0.000000000000000000e+00
1.840000000000000000e+02 4.260670000000000179e+00 -8.629469999999999530e+00 0.000000000000000000e+00
1.850000000000000000e+02 3.976150000000000073e+00 -6.519389999999999574e+00 0.000000000000000000e+00
1.860000000000000000e+02 3.465730000000000199e+00 -4.524070000000000036e+00 0.000000000000000000e+00
1.870000000000000000e+02 2.776159999999999961e+00 -2.570339999999999847e+00 0.000000000000000000e+00
1.880000000000000000e+02 4.069609999999999950e+00 9.883399999999999963e-01 0.000000000000000000e+00
1.890000000000000000e+02 1.367990000000000039e+00 1.323020000000000085e+00 0.000000000000000000e+00
1.900000000000000000e+02 5.150529999999999831e+00 4.469719999999999693e+00 0.000000000000000000e+00
1.910000000000000000e+02 4.617580000000000240e+00 6.520489999999999675e+00 0.000000000000000000e+00
1.920000000000000000e+02 4.112930000000000419e+00 8.518760000000000332e+00 0.000000000000000000e+00
1.930000000000000000e+02 3.511820000000000164e+00 1.049780999999999942e+01 0.000000000000000000e+00
1.940000000000000000e+02 3.049389999999999823e+00 1.258873999999999960e+01 0.000000000000000000e+00
1.950000000000000000e+02 4.589929999999999843e+00 1.419162000000000035e+01 0.000000000000000000e+00
1.960000000000000000e+02 4.072059999999999569e+00 1.624203999999999937e+01 0.000000000000000000e+00
1.970000000000000000e+02 3.441460000000000186e+00 1.825860000000000127e+01 0.000000000000000000e+00
1.980000000000000000e+02 4.158409999999999940e+00 -1.678075000000000117e+01 0.000000000000000000e+00
1.990000000000000000e+02 6.825109999999999566e+00 -1.559895000000000032e+01 0.000000000000000000e+00
2.000000000000000000e+02 4.941740000000000244e+00 -1.270228999999999964e+01 0.000000000000000000e+00
2.010000000000000000e+02 6.208940000000000126e+00 -9.287119999999999820e+00 0.000000000000000000e+00
2.020000000000000000e+02 5.909270000000000245e+00 -7.254990000000000272e+00 0.000000000000000000e+00
2.030000000000000000e+02 5.508420000000000094e+00 -5.100150000000000183e+00 0.000000000000000000e+00
2.040000000000000000e+02 5.081409999999999982e+00 -3.077900000000000080e+00 0.000000000000000000e+00
2.050000000000000000e+02 4.571439999999999948e+00 -1.052850000000000064e+00 0.000000000000000000e+00
2.060000000000000000e+02 6.094159999999999577e+00 3.844299999999999939e-01 0.000000000000000000e+00
2.070000000000000000e+02 5.718160000000000132e+00 2.430270000000000152e+00 0.000000000000000000e+00
2.080000000000000000e+02 7.265679999999999694e+00 4.001829999999999998e+00 0.000000000000000000e+00
2.090000000000000000e+02 6.689119999999999955e+00 5.991360000000000241e+00 0.000000000000000000e+00
2.100000000000000000e+02 6.154969999999999608e+00 8.019740000000000535e+00 0.000000000000000000e+00
2.110000000000000000e+02 5.559599999999999653e+00 1.011506999999999934e+01 0.000000000000000000e+00
2.120000000000000000e+02 5.097730000000000317e+00 1.212514000000000003e+01 0.000000000000000000e+00
2.130000000000000000e+02 6.672679999999999723e+00 1.363170999999999999e+01 0.000000000000000000e+00
2.140000000000000000e+02 6.089610000000000412e+00 1.562154999999999916e+01 0.000000000000000000e+00
2.150000000000000000e+02 5.606510000000000105e+00 1.794284999999999997e+01 0.000000000000000000e+00
2.160000000000000000e+02 7.692759999999999820e+00 -1.768691000000000102e+01 0.000000000000000000e+00
2.170000000000000000e+02 6.929990000000000094e+00 -1.345963000000000065e+01 0.000000000000000000e+00
2.180000000000000000e+02 6.532530000000000392e+00 -1.136021999999999998e+01 0.000000000000000000e+00
2.190000000000000000e+02 7.900870000000000282e+00 -7.922749999999999737e+00 0.000000000000000000e+00
2.200000000000000000e+02 7.511960000000000193e+00 -5.871120000000000339e+00 0.000000000000000000e+00
2.210000000000000000e+02 9.108510000000000773e+00 -4.464959999999999596e+00 0.000000000000000000e+00
2.220000000000000000e+02 7.160459999999999603e+00 -3.699609999999999843e+00 0.000000000000000000e+00
2.230000000000000000e+02 6.681219999999999715e+00 -1.645620000000000083e+00 0.000000000000000000e+00
2.240000000000000000e+02 8.156439999999999912e+00 -1.339299999999999935e-01 0.000000000000000000e+00
2.250000000000000000e+02 7.729199999999999626e+00 1.890919999999999934e+00 0.000000000000000000e+00
2.260000000000000000e+02 9.259610000000000340e+00 3.288660000000000139e+00 0.000000000000000000e+00
2.270000000000000000e+02 8.739729999999999777e+00 5.457290000000000418e+00 0.000000000000000000e+00
2.280000000000000000e+02 8.141849999999999810e+00 7.518790000000000084e+00 0.000000000000000000e+00
2.290000000000000000e+02 7.619679999999999787e+00 9.538560000000000372e+00 0.000000000000000000e+00
2.300000000000000000e+02 7.124939999999999607e+00 1.158791000000000082e+01 0.000000000000000000e+00
2.310000000000000000e+02 8.656650000000000844e+00 1.304683999999999955e+01 0.000000000000000000e+00
2.320000000000000000e+02 8.219559999999999533e+00 1.517652999999999963e+01 0.000000000000000000e+00
2.330000000000000000e+02 7.658769999999999634e+00 1.718102000000000018e+01 0.000000000000000000e+00
2.340000000000000000e+02 5.698520000000000252e+00 -1.824326999999999899e+01 0.000000000000000000e+00
2.350000000000000000e+02 8.898540000000000560e+00 -1.415854999999999997e+01 0.000000000000000000e+00
2.360000000000000000e+02 8.215859999999999275e+00 -1.000311999999999912e+01 0.000000000000000000e+00
2.370000000000000000e+02 9.903620000000000090e+00 -8.613640000000000185e+00 0.000000000000000000e+00
2.380000000000000000e+02 9.478780000000000427e+00 -6.535140000000000171e+00 0.000000000000000000e+00
2.390000000000000000e+02 1.115653000000000006e+01 -5.060889999999999667e+00 0.000000000000000000e+00
2.400000000000000000e+02 1.068751999999999924e+01 -2.983229999999999826e+00 0.000000000000000000e+00
2.410000000000000000e+02 8.667830000000000368e+00 -2.275250000000000217e+00 0.000000000000000000e+00
2.420000000000000000e+02 1.032329999999999970e+01 -9.486499999999999932e-01 0.000000000000000000e+00
2.430000000000000000e+02 9.737669999999999604e+00 1.194649999999999990e+00 0.000000000000000000e+00
2.440000000000000000e+02 1.134896999999999956e+01 2.701449999999999907e+00 0.000000000000000000e+00
2.450000000000000000e+02 1.075500000000000078e+01 4.721720000000000361e+00 0.000000000000000000e+00
2.460000000000000000e+02 1.037991000000000064e+01 6.753820000000000157e+00 0.000000000000000000e+00
2.470000000000000000e+02 9.817589999999999151e+00 8.772740000000000649e+00 0.000000000000000000e+00
2.480000000000000000e+02 9.107860000000000511e+00 1.098853000000000080e+01 0.000000000000000000e+00
2.490000000000000000e+02 1.068337000000000003e+01 1.247744999999999926e+01 0.000000000000000000e+00
2.500000000000000000e+02 1.020442000000000071e+01 1.454537000000000013e+01 0.000000000000000000e+00
2.510000000000000000e+02 1.015695000000000014e+01 1.671838999999999942e+01 0.000000000000000000e+00
2.520000000000000000e+02 9.162810000000000343e+00 -1.624511000000000038e+01 0.000000000000000000e+00
2.530000000000000000e+02 8.504749999999999588e+00 -1.207339999999999947e+01 0.000000000000000000e+00
2.540000000000000000e+02 1.014611000000000018e+01 -1.074976999999999983e+01 0.000000000000000000e+00
2.550000000000000000e+02 1.181678999999999924e+01 -9.446899999999999409e+00 0.000000000000000000e+00
2.560000000000000000e+02 1.151468000000000025e+01 -7.191499999999999559e+00 0.000000000000000000e+00
2.570000000000000000e+02 1.314242999999999917e+01 -5.889240000000000030e+00 0.000000000000000000e+00
2.580000000000000000e+02 1.283301999999999943e+01 -3.805870000000000086e+00 0.000000000000000000e+00
2.590000000000000000e+02 1.230269999999999975e+01 -1.657419999999999893e+00 0.000000000000000000e+00
2.600000000000000000e+02 1.377197999999999922e+01 -1.992599999999999927e-01 0.000000000000000000e+00
2.610000000000000000e+02 1.175198999999999927e+01 6.402400000000000313e-01 0.000000000000000000e+00
2.620000000000000000e+02 1.337261999999999951e+01 1.971249999999999947e+00 0.000000000000000000e+00
2.630000000000000000e+02 1.280692999999999948e+01 4.247539999999999871e+00 0.000000000000000000e+00
2.640000000000000000e+02 1.240299000000000085e+01 6.328459999999999752e+00 0.000000000000000000e+00
2.650000000000000000e+02 1.198356000000000066e+01 8.454309999999999548e+00 0.000000000000000000e+00
2.660000000000000000e+02 1.115901999999999994e+01 1.039987999999999957e+01 0.000000000000000000e+00
2.670000000000000000e+02 1.358990000000000009e+01 9.786659999999999471e+00 0.000000000000000000e+00
2.680000000000000000e+02 1.268969000000000058e+01 1.176246000000000080e+01 0.000000000000000000e+00
2.690000000000000000e+02 1.226803999999999917e+01 1.392571000000000048e+01 0.000000000000000000e+00
2.700000000000000000e+02 1.084407000000000032e+01 -1.487149999999999928e+01 0.000000000000000000e+00
2.710000000000000000e+02 1.055619000000000085e+01 -1.278222000000000058e+01 0.000000000000000000e+00
2.720000000000000000e+02 1.226521999999999935e+01 -1.154815999999999931e+01 0.000000000000000000e+00
2.730000000000000000e+02 1.339830000000000076e+01 -8.077769999999999229e+00 0.000000000000000000e+00
2.740000000000000000e+02 1.513116999999999912e+01 -6.609250000000000291e+00 0.000000000000000000e+00
2.750000000000000000e+02 1.681519000000000119e+01 -5.220979999999999954e+00 0.000000000000000000e+00
2.760000000000000000e+02 1.486115999999999993e+01 -4.487969999999999793e+00 0.000000000000000000e+00
2.770000000000000000e+02 1.435210000000000008e+01 -2.300699999999999967e+00 0.000000000000000000e+00
2.780000000000000000e+02 1.584478999999999971e+01 -7.405199999999999561e-01 0.000000000000000000e+00
2.790000000000000000e+02 1.539001999999999981e+01 1.278610000000000024e+00 0.000000000000000000e+00
2.800000000000000000e+02 1.483891000000000027e+01 3.453380000000000116e+00 0.000000000000000000e+00
2.810000000000000000e+02 1.452406000000000041e+01 5.741670000000000051e+00 0.000000000000000000e+00
2.820000000000000000e+02 1.612224000000000146e+01 7.229989999999999917e+00 0.000000000000000000e+00
2.830000000000000000e+02 1.819621000000000066e+01 6.448850000000000193e+00 0.000000000000000000e+00
2.840000000000000000e+02 1.403842999999999996e+01 7.776640000000000441e+00 0.000000000000000000e+00
2.850000000000000000e+02 1.564696999999999960e+01 9.231759999999999522e+00 0.000000000000000000e+00
2.860000000000000000e+02 1.542117999999999967e+01 1.137376000000000076e+01 0.000000000000000000e+00
2.870000000000000000e+02 1.433787000000000056e+01 1.315330999999999939e+01 0.000000000000000000e+00
2.880000000000000000e+02 1.255071000000000048e+01 -1.360275000000000034e+01 0.000000000000000000e+00
2.890000000000000000e+02 1.424893999999999927e+01 -1.223196000000000083e+01 0.000000000000000000e+00
2.900000000000000000e+02 1.381517000000000017e+01 -1.017403000000000013e+01 0.000000000000000000e+00
2.910000000000000000e+02 1.544705000000000084e+01 -8.648699999999999832e+00 0.000000000000000000e+00
2.920000000000000000e+02 1.736615000000000109e+01 -7.509750000000000369e+00 0.000000000000000000e+00
2.930000000000000000e+02 1.847424000000000177e+01 -3.767819999999999947e+00 0.000000000000000000e+00
2.940000000000000000e+02 1.782425999999999888e+01 -1.499570000000000070e+00 0.000000000000000000e+00
2.950000000000000000e+02 1.631405000000000172e+01 -3.027849999999999930e+00 0.000000000000000000e+00
2.960000000000000000e+02 1.748360999999999876e+01 7.807699999999999640e-01 0.000000000000000000e+00
2.970000000000000000e+02 1.690048000000000172e+01 2.835589999999999833e+00 0.000000000000000000e+00
2.980000000000000000e+02 1.897148999999999930e+01 2.660730000000000040e+00 0.000000000000000000e+00
2.990000000000000000e+02 1.644727999999999923e+01 4.898570000000000313e+00 0.000000000000000000e+00
