0.000000000000000000e+00 -1.270293999999999990e+01 -1.392974000000000068e+01 0.000000000000000000e+00
1.000000000000000000e+00 -1.530003999999999920e+01 -1.117890000000000050e+01 0.000000000000000000e+00
2.000000000000000000e+00 -1.605113000000000056e+01 -9.245010000000000616e+00 0.000000000000000000e+00
3.000000000000000000e+00 -1.404255000000000031e+01 -7.824150000000000382e+00 0.000000000000000000e+00
4.000000000000000000e+00 -1.613678000000000168e+01 -7.093270000000000408e+00 0.000000000000000000e+00
5.000000000000000000e+00 -1.770037999999999911e+01 -5.734950000000000436e+00 0.000000000000000000e+00
6.000000000000000000e+00 -1.727843000000000018e+01 -2.691409999999999858e+00 0.000000000000000000e+00
7.000000000000000000e+00 -1.886504000000000048e+01 -1.183939999999999992e+00 0.000000000000000000e+00
8.000000000000000000e+00 -1.827537999999999840e+01 1.193610000000000060e+00 0.000000000000000000e+00
9.000000000000000000e+00 -1.609226999999999919e+01 1.324489999999999945e+00 0.000000000000000000e+00
1.000000000000000000e+01 -1.753897999999999868e+01 3.517139999999999933e+00 0.000000000000000000e+00
1.100000000000000000e+01 -2.036482000000000170e+01 9.919900000000000384e-01 0.000000000000000000e+00
1.200000000000000000e+01 -1.604647999999999897e+01 7.462600000000000122e+00 0.000000000000000000e+00
1.300000000000000000e+01 -1.950407999999999831e+01 2.868250000000000188e+00 0.000000000000000000e+00
1.400000000000000000e+01 -1.535350000000000037e+01 9.449740000000000251e+00 0.000000000000000000e+00
1.500000000000000000e+01 -1.466516000000000020e+01 1.144219000000000008e+01 0.000000000000000000e+00
1.600000000000000000e+01 -1.383243000000000045e+01 1.337097999999999942e+01 0.000000000000000000e+00
1.700000000000000000e+01 -1.328242999999999974e+01 1.548019999999999996e+01 0.000000000000000000e+00
1.800000000000000000e+01 -6.504879999999999995e+00 -1.808682999999999907e+01 0.000000000000000000e+00
1.900000000000000000e+01 -1.078293999999999997e+01 -1.474632000000000076e+01 0.000000000000000000e+00
2.000000000000000000e+01 -1.336206999999999923e+01 -1.194279000000000046e+01 0.000000000000000000e+00
2.100000000000000000e+01 -1.344307000000000052e+01 -9.848950000000000315e+00 0.000000000000000000e+00
2.200000000000000000e+01 -1.193590000000000018e+01 -8.141970000000000596e+00 0.000000000000000000e+00
2.300000000000000000e+01 -1.449396999999999913e+01 -5.812570000000000014e+00 0.000000000000000000e+00
2.400000000000000000e+01 -1.602524000000000015e+01 -4.423289999999999722e+00 0.000000000000000000e+00
2.500000000000000000e+01 -1.528386000000000067e+01 -2.113070000000000004e+00 0.000000000000000000e+00
2.600000000000000000e+01 -1.902725999999999829e+01 -3.929079999999999906e+00 0.000000000000000000e+00
2.700000000000000000e+01 -1.689753999999999934e+01 -5.863099999999999978e-01 0.000000000000000000e+00
2.800000000000000000e+01 -1.533017000000000074e+01 3.539950000000000152e+00 0.000000000000000000e+00
2.900000000000000000e+01 -1.675803000000000154e+01 5.514739999999999753e+00 0.000000000000000000e+00
3.000000000000000000e+01 -1.459553000000000011e+01 5.815330000000000332e+00 0.000000000000000000e+00
3.100000000000000000e+01 -1.401300999999999952e+01 7.873739999999999739e+00 0.000000000000000000e+00
3.200000000000000000e+01 -1.320453000000000010e+01 9.772999999999999687e+00 0.000000000000000000e+00
3.300000000000000000e+01 -1.252508000000000088e+01 1.173620999999999981e+01 0.000000000000000000e+00
3.400000000000000000e+01 -1.177984000000000009e+01 1.372301000000000037e+01 0.000000000000000000e+00
3.500000000000000000e+01 -1.105147000000000013e+01 1.589489999999999981e+01 0.000000000000000000e+00
3.600000000000000000e+01 -4.539710000000000356e+00 -1.889630000000000010e+01 0.000000000000000000e+00
3.700000000000000000e+01 -8.789270000000000138e+00 -1.533380999999999972e+01 0.000000000000000000e+00
3.800000000000000000e+01 -1.106550999999999974e+01 -1.259346999999999994e+01 0.000000000000000000e+00
3.900000000000000000e+01 -1.144303000000000026e+01 -1.036302000000000056e+01 0.000000000000000000e+00
4.000000000000000000e+01 -1.016704000000000008e+01 -6.982339999999999769e+00 0.000000000000000000e+00
4.100000000000000000e+01 -1.240253000000000050e+01 -5.614519999999999733e+00 0.000000000000000000e+00
4.200000000000000000e+01 -1.046114999999999995e+01 -4.909650000000000070e+00 0.000000000000000000e+00
4.300000000000000000e+01 -1.399202999999999975e+01 -3.786220000000000141e+00 0.000000000000000000e+00
4.400000000000000000e+01 -1.321570000000000000e+01 -1.769660000000000011e+00 0.000000000000000000e+00
4.500000000000000000e+01 -1.454906000000000077e+01 -1.213700000000000057e-01 0.000000000000000000e+00
4.600000000000000000e+01 -1.398310999999999993e+01 1.915720000000000089e+00 0.000000000000000000e+00
4.700000000000000000e+01 -1.326864999999999917e+01 3.977009999999999934e+00 0.000000000000000000e+00
4.800000000000000000e+01 -1.252622000000000035e+01 6.049990000000000201e+00 0.000000000000000000e+00
4.900000000000000000e+01 -1.187118000000000073e+01 8.155839999999999534e+00 0.000000000000000000e+00
5.000000000000000000e+01 -1.105132000000000048e+01 1.008587999999999951e+01 0.000000000000000000e+00
5.100000000000000000e+01 -1.028430000000000000e+01 1.202974000000000032e+01 0.000000000000000000e+00
5.200000000000000000e+01 -9.701869999999999550e+00 1.416835000000000022e+01 0.000000000000000000e+00
5.300000000000000000e+01 -9.002969999999999473e+00 1.617458999999999847e+01 0.000000000000000000e+00
5.400000000000000000e+01 -3.157900000000000151e-01 -2.058625999999999934e+01 0.000000000000000000e+00
5.500000000000000000e+01 -6.751290000000000013e+00 -1.597028000000000070e+01 0.000000000000000000e+00
5.600000000000000000e+01 -9.034430000000000405e+00 -1.314070000000000071e+01 0.000000000000000000e+00
5.700000000000000000e+01 -9.412020000000000053e+00 -1.109530999999999956e+01 0.000000000000000000e+00
5.800000000000000000e+01 -9.754770000000000607e+00 -8.994740000000000180e+00 0.000000000000000000e+00
5.900000000000000000e+01 -8.107490000000000308e+00 -7.693719999999999892e+00 0.000000000000000000e+00
6.000000000000000000e+01 -8.403119999999999479e+00 -5.630630000000000024e+00 0.000000000000000000e+00
6.100000000000000000e+01 -1.193420000000000059e+01 -3.405370000000000008e+00 0.000000000000000000e+00
6.200000000000000000e+01 -1.115740000000000087e+01 -1.259290000000000020e+00 0.000000000000000000e+00
6.300000000000000000e+01 -1.251173000000000002e+01 3.187800000000000078e-01 0.000000000000000000e+00
6.400000000000000000e+01 -1.191479999999999961e+01 2.403509999999999813e+00 0.000000000000000000e+00
6.500000000000000000e+01 -1.109836999999999918e+01 4.474490000000000300e+00 0.000000000000000000e+00
6.600000000000000000e+01 -1.048565999999999931e+01 6.441609999999999836e+00 0.000000000000000000e+00
6.700000000000000000e+01 -9.730449999999999378e+00 8.408260000000000289e+00 0.000000000000000000e+00
6.800000000000000000e+01 -8.960240000000000649e+00 1.040212000000000003e+01 0.000000000000000000e+00
6.900000000000000000e+01 -8.221349999999999270e+00 1.237412999999999919e+01 0.000000000000000000e+00
7.000000000000000000e+01 -7.622270000000000323e+00 1.441583999999999932e+01 0.000000000000000000e+00
7.100000000000000000e+01 -6.836350000000000371e+00 1.636795000000000044e+01 0.000000000000000000e+00
7.200000000000000000e+01 -4.755869999999999820e+00 -1.672242999999999924e+01 0.000000000000000000e+00
7.300000000000000000e+01 -7.078439999999999621e+00 -1.388644999999999996e+01 0.000000000000000000e+00
7.400000000000000000e+01 -7.381599999999999717e+00 -1.178200999999999965e+01 0.000000000000000000e+00
7.500000000000000000e+01 -7.741929999999999978e+00 -9.738720000000000709e+00 0.000000000000000000e+00
7.600000000000000000e+01 -6.155710000000000015e+00 -8.351779999999999760e+00 0.000000000000000000e+00
7.700000000000000000e+01 -6.450630000000000308e+00 -6.296829999999999927e+00 0.000000000000000000e+00
7.800000000000000000e+01 -6.862309999999999910e+00 -4.195199999999999818e+00 0.000000000000000000e+00
7.900000000000000000e+01 -9.698330000000000339e+00 -2.968809999999999949e+00 0.000000000000000000e+00
8.000000000000000000e+01 -9.116179999999999950e+00 -7.746899999999999897e-01 0.000000000000000000e+00
8.100000000000000000e+01 -1.049657999999999980e+01 8.168999999999999595e-01 0.000000000000000000e+00
8.200000000000000000e+01 -9.738879999999999981e+00 2.846680000000000099e+00 0.000000000000000000e+00
8.300000000000000000e+01 -9.067759999999999820e+00 4.863269999999999982e+00 0.000000000000000000e+00
8.400000000000000000e+01 -8.331749999999999545e+00 6.854870000000000019e+00 0.000000000000000000e+00
8.500000000000000000e+01 -7.578409999999999869e+00 8.784829999999999472e+00 0.000000000000000000e+00
8.600000000000000000e+01 -6.825109999999999566e+00 1.081948000000000043e+01 0.000000000000000000e+00
8.700000000000000000e+01 -6.181569999999999787e+00 1.278642999999999930e+01 0.000000000000000000e+00
8.800000000000000000e+01 -5.358019999999999783e+00 1.486965000000000003e+01 0.000000000000000000e+00
8.900000000000000000e+01 -4.701249999999999929e+00 1.691750000000000043e+01 0.000000000000000000e+00
9.000000000000000000e+01 -2.605080000000000062e+00 -1.775135999999999825e+01 0.000000000000000000e+00
9.100000000000000000e+01 -5.023530000000000051e+00 -1.465615999999999985e+01 0.000000000000000000e+00
9.200000000000000000e+01 -5.441720000000000113e+00 -1.263589999999999947e+01 0.000000000000000000e+00
9.300000000000000000e+01 -5.725389999999999979e+00 -1.053642999999999930e+01 0.000000000000000000e+00
9.400000000000000000e+01 -4.119100000000000428e+00 -9.165029999999999788e+00 0.000000000000000000e+00
9.500000000000000000e+01 -4.446920000000000428e+00 -7.014160000000000394e+00 0.000000000000000000e+00
9.600000000000000000e+01 -4.866979999999999862e+00 -4.964680000000000426e+00 0.000000000000000000e+00
9.700000000000000000e+01 -5.500589999999999868e+00 -2.561929999999999819e+00 0.000000000000000000e+00
9.800000000000000000e+01 -7.707099999999999618e+00 -2.282540000000000013e+00 0.000000000000000000e+00
9.900000000000000000e+01 -8.461069999999999425e+00 1.206210000000000004e+00 0.000000000000000000e+00
1.000000000000000000e+02 -7.715329999999999799e+00 3.271059999999999857e+00 0.000000000000000000e+00
1.010000000000000000e+02 -6.963630000000000209e+00 5.258639999999999759e+00 0.000000000000000000e+00
1.020000000000000000e+02 -6.223720000000000141e+00 7.222019999999999662e+00 0.000000000000000000e+00
1.030000000000000000e+02 -5.529550000000000409e+00 9.193210000000000548e+00 0.000000000000000000e+00
1.040000000000000000e+02 -4.750619999999999621e+00 1.116433999999999926e+01 0.000000000000000000e+00
1.050000000000000000e+02 -4.015920000000000378e+00 1.310552999999999990e+01 0.000000000000000000e+00
1.060000000000000000e+02 -3.324390000000000178e+00 1.536955999999999989e+01 0.000000000000000000e+00
1.070000000000000000e+02 -4.815900000000000070e+00 1.901219000000000037e+01 0.000000000000000000e+00
1.080000000000000000e+02 -5.707699999999999996e-01 -1.830752000000000024e+01 0.000000000000000000e+00
1.090000000000000000e+02 -3.036820000000000075e+00 -1.542449000000000048e+01 0.000000000000000000e+00
1.100000000000000000e+02 -3.417839999999999989e+00 -1.336628999999999934e+01 0.000000000000000000e+00
1.110000000000000000e+02 -3.799150000000000027e+00 -1.131174999999999997e+01 0.000000000000000000e+00
1.120000000000000000e+02 -2.055009999999999781e+00 -9.888260000000000716e+00 0.000000000000000000e+00
1.130000000000000000e+02 -2.497500000000000053e+00 -7.848959999999999937e+00 0.000000000000000000e+00
1.140000000000000000e+02 -2.854480000000000128e+00 -5.713980000000000281e+00 0.000000000000000000e+00
1.150000000000000000e+02 -3.280390000000000139e+00 -3.584970000000000212e+00 0.000000000000000000e+00
1.160000000000000000e+02 -3.580789999999999917e+00 -1.450139999999999985e+00 0.000000000000000000e+00
1.170000000000000000e+02 -6.991069999999999673e+00 -3.214299999999999935e-01 0.000000000000000000e+00
1.180000000000000000e+02 -6.355109999999999815e+00 1.655170000000000030e+00 0.000000000000000000e+00
1.190000000000000000e+02 -5.604090000000000238e+00 3.676919999999999966e+00 0.000000000000000000e+00
1.200000000000000000e+02 -4.833680000000000199e+00 5.651679999999999815e+00 0.000000000000000000e+00
1.210000000000000000e+02 -4.171319999999999695e+00 7.629260000000000375e+00 0.000000000000000000e+00
1.220000000000000000e+02 -3.376339999999999897e+00 9.537409999999999499e+00 0.000000000000000000e+00
1.230000000000000000e+02 -2.596639999999999837e+00 1.159215999999999980e+01 0.000000000000000000e+00
1.240000000000000000e+02 -1.832440000000000069e+00 1.354669999999999952e+01 0.000000000000000000e+00
1.250000000000000000e+02 -2.442029999999999923e+00 1.729308999999999941e+01 0.000000000000000000e+00
1.260000000000000000e+02 1.467729999999999979e+00 -1.905313999999999908e+01 0.000000000000000000e+00
1.270000000000000000e+02 -9.842100000000000293e-01 -1.610851999999999862e+01 0.000000000000000000e+00
1.280000000000000000e+02 -1.364079999999999959e+00 -1.407884999999999920e+01 0.000000000000000000e+00
1.290000000000000000e+02 -1.817669999999999897e+00 -1.194965000000000011e+01 0.000000000000000000e+00
1.300000000000000000e+02 -5.181400000000000450e-01 -8.496969999999999246e+00 0.000000000000000000e+00
1.310000000000000000e+02 -8.914299999999999446e-01 -6.435039999999999871e+00 0.000000000000000000e+00
1.320000000000000000e+02 -1.289619999999999989e+00 -4.356840000000000046e+00 0.000000000000000000e+00
1.330000000000000000e+02 -1.683740000000000014e+00 -2.257449999999999957e+00 0.000000000000000000e+00
1.340000000000000000e+02 -2.511109999999999953e+00 3.949799999999999978e-01 0.000000000000000000e+00
1.350000000000000000e+02 -4.926330000000000098e+00 1.137100000000000055e-01 0.000000000000000000e+00
1.360000000000000000e+02 -4.289130000000000109e+00 2.097389999999999866e+00 0.000000000000000000e+00
1.370000000000000000e+02 -3.458419999999999828e+00 4.043110000000000426e+00 0.000000000000000000e+00
1.380000000000000000e+02 -2.773179999999999978e+00 6.020959999999999646e+00 0.000000000000000000e+00
1.390000000000000000e+02 -1.971200000000000063e+00 8.022589999999999222e+00 0.000000000000000000e+00
1.400000000000000000e+02 -1.175229999999999997e+00 9.964610000000000412e+00 0.000000000000000000e+00
1.410000000000000000e+02 -4.211599999999999788e-01 1.189245999999999981e+01 0.000000000000000000e+00
1.420000000000000000e+02 -1.150290000000000035e+00 1.551234999999999964e+01 0.000000000000000000e+00
1.430000000000000000e+02 -3.420900000000000052e-01 1.758483000000000018e+01 0.000000000000000000e+00
1.440000000000000000e+02 1.003279999999999950e+00 -1.690333000000000041e+01 0.000000000000000000e+00
1.450000000000000000e+02 6.217300000000000049e-01 -1.481426000000000087e+01 0.000000000000000000e+00
1.460000000000000000e+02 1.809000000000000052e-01 -1.260614999999999952e+01 0.000000000000000000e+00
1.470000000000000000e+02 -8.264000000000000512e-02 -1.056569000000000003e+01 0.000000000000000000e+00
1.480000000000000000e+02 1.504850000000000021e+00 -9.250159999999999272e+00 0.000000000000000000e+00
1.490000000000000000e+02 1.059620000000000006e+00 -7.116089999999999804e+00 0.000000000000000000e+00
1.500000000000000000e+02 6.454699999999999882e-01 -5.065710000000000157e+00 0.000000000000000000e+00
1.510000000000000000e+02 2.686600000000000099e-01 -2.979260000000000019e+00 0.000000000000000000e+00
1.520000000000000000e+02 -1.144099999999999978e-01 -9.154200000000000115e-01 0.000000000000000000e+00
1.530000000000000000e+02 -4.886499999999999733e-01 1.154120000000000035e+00 0.000000000000000000e+00
1.540000000000000000e+02 -2.123959999999999848e+00 2.421899999999999942e+00 0.000000000000000000e+00
1.550000000000000000e+02 -1.336109999999999909e+00 4.369489999999999874e+00 0.000000000000000000e+00
1.560000000000000000e+02 -7.202800000000000313e-01 6.370379999999999932e+00 0.000000000000000000e+00
1.570000000000000000e+02 8.110000000000000542e-02 8.275320000000000675e+00 0.000000000000000000e+00
1.580000000000000000e+02 9.145299999999999541e-01 1.031345999999999918e+01 0.000000000000000000e+00
1.590000000000000000e+02 1.618530000000000024e+00 1.228012000000000015e+01 0.000000000000000000e+00
1.600000000000000000e+02 2.234399999999999997e-01 1.390315999999999974e+01 0.000000000000000000e+00
1.610000000000000000e+02 9.764899999999999691e-01 1.597212999999999994e+01 0.000000000000000000e+00
1.620000000000000000e+02 4.663280000000000314e+00 -1.617950000000000088e+01 0.000000000000000000e+00
1.630000000000000000e+02 2.623759999999999870e+00 -1.542417999999999978e+01 0.000000000000000000e+00
1.640000000000000000e+02 2.134770000000000056e+00 -1.337447000000000052e+01 0.000000000000000000e+00
1.650000000000000000e+02 1.879110000000000058e+00 -1.129959000000000024e+01 0.000000000000000000e+00
1.660000000000000000e+02 3.032080000000000108e+00 -7.809339999999999726e+00 0.000000000000000000e+00
1.670000000000000000e+02 2.637259999999999938e+00 -5.787799999999999834e+00 0.000000000000000000e+00
1.680000000000000000e+02 2.232219999999999871e+00 -3.719219999999999970e+00 0.000000000000000000e+00
1.690000000000000000e+02 1.840840000000000032e+00 -1.651729999999999920e+00 0.000000000000000000e+00
1.700000000000000000e+02 1.439170000000000060e+00 4.399700000000000277e-01 0.000000000000000000e+00
1.710000000000000000e+02 2.971740000000000048e+00 1.903820000000000068e+00 0.000000000000000000e+00
1.720000000000000000e+02 8.657700000000000395e-01 2.727529999999999788e+00 0.000000000000000000e+00
1.730000000000000000e+02 2.586640000000000050e+00 3.977730000000000210e+00 0.000000000000000000e+00
1.740000000000000000e+02 6.858199999999999852e-01 4.804739999999999789e+00 0.000000000000000000e+00
1.750000000000000000e+02 1.982620000000000049e+00 6.522149999999999892e+00 0.000000000000000000e+00
1.760000000000000000e+02 2.151089999999999947e+00 8.606949999999999434e+00 0.000000000000000000e+00
1.770000000000000000e+02 3.753309999999999924e+00 1.269459999999999944e+01 0.000000000000000000e+00
1.780000000000000000e+02 2.300479999999999858e+00 1.433304000000000045e+01 0.000000000000000000e+00
1.790000000000000000e+02 2.146980000000000111e+00 1.812585999999999942e+01 0.000000000000000000e+00
1.800000000000000000e+02 2.981510000000000105e+00 -1.751681999999999917e+01 0.000000000000000000e+00
1.810000000000000000e+02 4.199370000000000047e+00 -1.401027999999999984e+01 0.000000000000000000e+00
1.820000000000000000e+02 3.832380000000000120e+00 -1.198983999999999916e+01 0.000000000000000000e+00
1.830000000000000000e+02 3.442600000000000104e+00 -9.952809999999999491e+00 0.000000000000000000e+00
1.840000000000000000e+02 5.047060000000000102e+00 -8.508499999999999730e+00 0.000000000000000000e+00
1.850000000000000000e+02 4.650850000000000151e+00 -6.473659999999999748e+00 0.000000000000000000e+00
1.860000000000000000e+02 4.230290000000000106e+00 -4.447379999999999889e+00 0.000000000000000000e+00
1.870000000000000000e+02 3.847719999999999807e+00 -2.398429999999999840e+00 0.000000000000000000e+00
1.880000000000000000e+02 3.456300000000000150e+00 -2.295099999999999918e-01 0.000000000000000000e+00
1.890000000000000000e+02 4.561270000000000380e+00 3.287850000000000161e+00 0.000000000000000000e+00
1.900000000000000000e+02 4.138510000000000133e+00 5.378589999999999982e+00 0.000000000000000000e+00
1.910000000000000000e+02 3.896279999999999966e+00 7.445770000000000444e+00 0.000000000000000000e+00
1.920000000000000000e+02 5.453800000000000203e+00 8.901210000000000733e+00 0.000000000000000000e+00
1.930000000000000000e+02 5.003700000000000259e+00 1.093909000000000020e+01 0.000000000000000000e+00
1.940000000000000000e+02 2.966369999999999951e+00 1.059014999999999951e+01 0.000000000000000000e+00
1.950000000000000000e+02 6.376190000000000246e+00 1.434337000000000018e+01 0.000000000000000000e+00
1.960000000000000000e+02 4.337220000000000297e+00 1.467783999999999978e+01 0.000000000000000000e+00
1.970000000000000000e+02 3.056000000000000050e+00 1.628173999999999921e+01 0.000000000000000000e+00
1.980000000000000000e+02 5.145830000000000126e+00 -1.832219999999999871e+01 0.000000000000000000e+00
1.990000000000000000e+02 6.203339999999999854e+00 -1.468052999999999919e+01 0.000000000000000000e+00
2.000000000000000000e+02 5.803899999999999615e+00 -1.262758999999999965e+01 0.000000000000000000e+00
2.010000000000000000e+02 5.385720000000000063e+00 -1.060659000000000063e+01 0.000000000000000000e+00
2.020000000000000000e+02 7.064580000000000304e+00 -9.175489999999999924e+00 0.000000000000000000e+00
2.030000000000000000e+02 6.639639999999999986e+00 -7.143250000000000099e+00 0.000000000000000000e+00
2.040000000000000000e+02 6.235070000000000334e+00 -5.064560000000000173e+00 0.000000000000000000e+00
2.050000000000000000e+02 5.845749999999999780e+00 -3.018539999999999779e+00 0.000000000000000000e+00
2.060000000000000000e+02 5.454290000000000305e+00 -9.118800000000000239e-01 0.000000000000000000e+00
2.070000000000000000e+02 4.960079999999999600e+00 1.259619999999999962e+00 0.000000000000000000e+00
2.080000000000000000e+02 6.134070000000000356e+00 4.624019999999999797e+00 0.000000000000000000e+00
2.090000000000000000e+02 5.873249999999999638e+00 6.714179999999999815e+00 0.000000000000000000e+00
2.100000000000000000e+02 7.405999999999999694e+00 8.138479999999999492e+00 0.000000000000000000e+00
2.110000000000000000e+02 7.074049999999999727e+00 1.025215000000000032e+01 0.000000000000000000e+00
2.120000000000000000e+02 6.650409999999999933e+00 1.230583999999999989e+01 0.000000000000000000e+00
2.130000000000000000e+02 5.773839999999999861e+00 1.638663000000000025e+01 0.000000000000000000e+00
2.140000000000000000e+02 4.609370000000000189e+00 1.811682000000000059e+01 0.000000000000000000e+00
2.150000000000000000e+02 -1.724250000000000060e+00 1.929372000000000043e+01 0.000000000000000000e+00
2.160000000000000000e+02 8.200060000000000571e+00 -1.544544999999999924e+01 0.000000000000000000e+00
2.170000000000000000e+02 7.787379999999999747e+00 -1.329119000000000028e+01 0.000000000000000000e+00
2.180000000000000000e+02 7.435290000000000177e+00 -1.124020999999999937e+01 0.000000000000000000e+00
2.190000000000000000e+02 9.101950000000000429e+00 -9.983919999999999462e+00 0.000000000000000000e+00
2.200000000000000000e+02 8.622400000000000730e+00 -7.784830000000000361e+00 0.000000000000000000e+00
2.210000000000000000e+02 8.172579999999999956e+00 -5.764590000000000103e+00 0.000000000000000000e+00
2.220000000000000000e+02 7.805970000000000297e+00 -3.666900000000000048e+00 0.000000000000000000e+00
2.230000000000000000e+02 7.411319999999999908e+00 -1.624610000000000110e+00 0.000000000000000000e+00
2.240000000000000000e+02 7.022389999999999688e+00 5.102700000000000014e-01 0.000000000000000000e+00
2.250000000000000000e+02 6.580390000000000406e+00 2.572389999999999954e+00 0.000000000000000000e+00
2.260000000000000000e+02 8.114359999999999573e+00 3.965419999999999945e+00 0.000000000000000000e+00
2.270000000000000000e+02 7.857190000000000119e+00 6.072470000000000034e+00 0.000000000000000000e+00
2.280000000000000000e+02 9.452909999999999258e+00 7.465539999999999843e+00 0.000000000000000000e+00
2.290000000000000000e+02 9.021480000000000388e+00 9.532780000000000697e+00 0.000000000000000000e+00
2.300000000000000000e+02 8.673939999999999984e+00 1.167714999999999925e+01 0.000000000000000000e+00
2.310000000000000000e+02 8.421390000000000597e+00 1.381376000000000026e+01 0.000000000000000000e+00
2.320000000000000000e+02 7.850389999999999979e+00 1.582898999999999923e+01 0.000000000000000000e+00
2.330000000000000000e+02 7.279740000000000322e+00 1.781094999999999828e+01 0.000000000000000000e+00
2.340000000000000000e+02 6.642629999999999590e+00 -1.686976999999999904e+01 0.000000000000000000e+00
2.350000000000000000e+02 9.879279999999999617e+00 -1.403988999999999976e+01 0.000000000000000000e+00
2.360000000000000000e+02 9.496700000000000585e+00 -1.200012000000000079e+01 0.000000000000000000e+00
2.370000000000000000e+02 1.113593999999999973e+01 -1.058569999999999922e+01 0.000000000000000000e+00
2.380000000000000000e+02 1.065096999999999916e+01 -8.478949999999999321e+00 0.000000000000000000e+00
2.390000000000000000e+02 1.018506000000000000e+01 -6.393819999999999837e+00 0.000000000000000000e+00
2.400000000000000000e+02 9.792989999999999640e+00 -4.364309999999999690e+00 0.000000000000000000e+00
2.410000000000000000e+02 9.373549999999999827e+00 -2.314999999999999947e+00 0.000000000000000000e+00
2.420000000000000000e+02 8.977220000000000866e+00 -2.285899999999999876e-01 0.000000000000000000e+00
2.430000000000000000e+02 8.612220000000000653e+00 1.865350000000000064e+00 0.000000000000000000e+00
2.440000000000000000e+02 1.009266000000000041e+01 3.294230000000000214e+00 0.000000000000000000e+00
2.450000000000000000e+02 9.841029999999999944e+00 5.393659999999999677e+00 0.000000000000000000e+00
2.460000000000000000e+02 1.143774999999999942e+01 6.867609999999999992e+00 0.000000000000000000e+00
2.470000000000000000e+02 1.101165999999999912e+01 8.937060000000000670e+00 0.000000000000000000e+00
2.480000000000000000e+02 1.078317000000000014e+01 1.104335999999999984e+01 0.000000000000000000e+00
2.490000000000000000e+02 1.050517999999999930e+01 1.311965999999999966e+01 0.000000000000000000e+00
2.500000000000000000e+02 1.001473999999999975e+01 1.518019999999999925e+01 0.000000000000000000e+00
2.510000000000000000e+02 9.364940000000000708e+00 1.731332000000000093e+01 0.000000000000000000e+00
2.520000000000000000e+02 1.021190999999999960e+01 -1.614533000000000129e+01 0.000000000000000000e+00
2.530000000000000000e+02 1.148193999999999981e+01 -1.270001000000000069e+01 0.000000000000000000e+00
2.540000000000000000e+02 1.308693000000000062e+01 -1.133356000000000030e+01 0.000000000000000000e+00
2.550000000000000000e+02 1.269773999999999958e+01 -9.094490000000000407e+00 0.000000000000000000e+00
2.560000000000000000e+02 1.222147000000000006e+01 -7.059540000000000148e+00 0.000000000000000000e+00
2.570000000000000000e+02 1.174581000000000053e+01 -5.022389999999999688e+00 0.000000000000000000e+00
2.580000000000000000e+02 1.137994999999999912e+01 -2.936650000000000205e+00 0.000000000000000000e+00
2.590000000000000000e+02 1.093406000000000056e+01 -9.011900000000000466e-01 0.000000000000000000e+00
2.600000000000000000e+02 1.267629999999999946e+01 5.924000000000000377e-01 0.000000000000000000e+00
2.610000000000000000e+02 1.059112999999999971e+01 1.176169999999999938e+00 0.000000000000000000e+00
2.620000000000000000e+02 1.215936999999999912e+01 2.662339999999999929e+00 0.000000000000000000e+00
2.630000000000000000e+02 1.179529999999999923e+01 4.713300000000000267e+00 0.000000000000000000e+00
2.640000000000000000e+02 1.346514999999999951e+01 6.188089999999999868e+00 0.000000000000000000e+00
2.650000000000000000e+02 1.299180999999999919e+01 8.271959999999999980e+00 0.000000000000000000e+00
2.660000000000000000e+02 1.284389999999999965e+01 1.036688999999999972e+01 0.000000000000000000e+00
2.670000000000000000e+02 1.247072000000000003e+01 1.247719999999999985e+01 0.000000000000000000e+00
2.680000000000000000e+02 1.222377999999999965e+01 1.456663999999999959e+01 0.000000000000000000e+00
2.690000000000000000e+02 1.165931999999999924e+01 1.653639000000000081e+01 0.000000000000000000e+00
2.700000000000000000e+02 1.181746000000000052e+01 -1.486556000000000033e+01 0.000000000000000000e+00
2.710000000000000000e+02 1.508990000000000009e+01 -1.196880999999999950e+01 0.000000000000000000e+00
2.720000000000000000e+02 1.467759000000000036e+01 -9.880449999999999733e+00 0.000000000000000000e+00
2.730000000000000000e+02 1.774587999999999965e+01 -5.366500000000000270e+00 0.000000000000000000e+00
2.740000000000000000e+02 1.422087999999999930e+01 -7.679170000000000051e+00 0.000000000000000000e+00
2.750000000000000000e+02 1.373616999999999955e+01 -5.603069999999999773e+00 0.000000000000000000e+00
2.760000000000000000e+02 1.337329000000000079e+01 -3.558910000000000018e+00 0.000000000000000000e+00
2.770000000000000000e+02 1.292099999999999937e+01 -1.455289999999999973e+00 0.000000000000000000e+00
2.780000000000000000e+02 1.469871999999999979e+01 -3.364000000000000323e-02 0.000000000000000000e+00
2.790000000000000000e+02 1.421329000000000065e+01 2.004539999999999988e+00 0.000000000000000000e+00
2.800000000000000000e+02 1.575436000000000014e+01 3.419029999999999792e+00 0.000000000000000000e+00
2.810000000000000000e+02 1.377103999999999928e+01 4.086949999999999861e+00 0.000000000000000000e+00
2.820000000000000000e+02 1.545124999999999993e+01 5.476090000000000124e+00 0.000000000000000000e+00
2.830000000000000000e+02 1.575331000000000081e+01 7.574099999999999611e+00 0.000000000000000000e+00
2.840000000000000000e+02 1.765180000000000149e+01 6.772050000000000125e+00 0.000000000000000000e+00
2.850000000000000000e+02 1.476045000000000051e+01 9.435650000000000759e+00 0.000000000000000000e+00
2.860000000000000000e+02 1.488475999999999999e+01 1.153177999999999948e+01 0.000000000000000000e+00
2.870000000000000000e+02 1.418228000000000044e+01 1.370675999999999917e+01 0.000000000000000000e+00
2.880000000000000000e+02 1.369175000000000075e+01 -1.370576999999999934e+01 0.000000000000000000e+00
2.890000000000000000e+02 1.678649000000000058e+01 -1.058689000000000036e+01 0.000000000000000000e+00
2.900000000000000000e+02 1.641647000000000034e+01 -8.471099999999999852e+00 0.000000000000000000e+00
2.910000000000000000e+02 1.715315000000000012e+01 -3.073300000000000143e+00 0.000000000000000000e+00
2.920000000000000000e+02 1.580132000000000048e+01 -6.327810000000000379e+00 0.000000000000000000e+00
2.930000000000000000e+02 1.537961999999999918e+01 -4.310699999999999754e+00 0.000000000000000000e+00
2.940000000000000000e+02 1.863926999999999978e+01 -1.612670000000000048e+00 0.000000000000000000e+00
2.950000000000000000e+02 1.494557000000000002e+01 -2.128109999999999946e+00 0.000000000000000000e+00
2.960000000000000000e+02 1.666696999999999917e+01 -8.255099999999999660e-01 0.000000000000000000e+00
2.970000000000000000e+02 1.631662999999999997e+01 1.326310000000000100e+00 0.000000000000000000e+00
2.980000000000000000e+02 1.835687000000000069e+01 4.596299999999999830e-01 0.000000000000000000e+00
2.990000000000000000e+02 1.781419999999999959e+01 2.922890000000000210e+00 0.000000000000000000e+00
