0.000000000000000000e+00 -1.333591000000000015e+01 -1.414691999999999972e+01 0.000000000000000000e+00
1.000000000000000000e+00 -1.537332999999999927e+01 -1.259090999999999916e+01 0.000000000000000000e+00
2.000000000000000000e+00 -1.602724999999999866e+01 -1.057554000000000016e+01 0.000000000000000000e+00
3.000000000000000000e+00 -1.762782999999999944e+01 -8.964209999999999567e+00 0.000000000000000000e+00
4.000000000000000000e+00 -1.893897000000000119e+01 -7.033599999999999852e+00 0.000000000000000000e+00
5.000000000000000000e+00 -1.798162999999999911e+01 -4.629870000000000374e+00 0.000000000000000000e+00
6.000000000000000000e+00 -1.914725999999999928e+01 -2.828780000000000072e+00 0.000000000000000000e+00
7.000000000000000000e+00 -1.699984999999999857e+01 -2.732639999999999958e+00 0.000000000000000000e+00
8.000000000000000000e+00 -1.818027999999999977e+01 -9.422099999999999920e-01 0.000000000000000000e+00
9.000000000000000000e+00 -1.723207999999999984e+01 1.002089999999999925e+00 0.000000000000000000e+00
1.000000000000000000e+01 -1.930481999999999942e+01 8.292199999999999571e-01 0.000000000000000000e+00
1.100000000000000000e+01 -2.033651000000000053e+01 3.676509999999999945e+00 0.000000000000000000e+00
1.200000000000000000e+01 -1.922277000000000058e+01 5.430850000000000399e+00 0.000000000000000000e+00
1.300000000000000000e+01 -1.707244999999999990e+01 5.236320000000000086e+00 0.000000000000000000e+00
1.400000000000000000e+01 -1.823273000000000010e+01 7.365529999999999688e+00 0.000000000000000000e+00
1.500000000000000000e+01 -1.704889000000000010e+01 9.155670000000000641e+00 0.000000000000000000e+00
1.600000000000000000e+01 -1.581307999999999936e+01 1.094886999999999944e+01 0.000000000000000000e+00
1.700000000000000000e+01 -1.343773000000000017e+01 1.317342999999999975e+01 0.000000000000000000e+00
1.800000000000000000e+01 -1.160966999999999949e+01 -1.536743000000000059e+01 0.000000000000000000e+00
1.900000000000000000e+01 -1.317376999999999931e+01 -1.207113000000000014e+01 0.000000000000000000e+00
2.000000000000000000e+01 -1.376096000000000075e+01 -1.006121000000000087e+01 0.000000000000000000e+00
2.100000000000000000e+01 -1.545198000000000071e+01 -8.575210000000000221e+00 0.000000000000000000e+00
2.200000000000000000e+01 -1.684860000000000113e+01 -6.912609999999999921e+00 0.000000000000000000e+00
2.300000000000000000e+01 -1.472405999999999970e+01 -6.347190000000000332e+00 0.000000000000000000e+00
2.400000000000000000e+01 -1.593069999999999986e+01 -4.560450000000000337e+00 0.000000000000000000e+00
2.500000000000000000e+01 -1.494632999999999967e+01 -2.580740000000000034e+00 0.000000000000000000e+00
2.600000000000000000e+01 -1.609881999999999991e+01 -8.437900000000000400e-01 0.000000000000000000e+00
2.700000000000000000e+01 -1.515648000000000017e+01 1.308140000000000081e+00 0.000000000000000000e+00
2.800000000000000000e+01 -1.601362999999999914e+01 3.256639999999999979e+00 0.000000000000000000e+00
2.900000000000000000e+01 -1.808858000000000033e+01 3.220650000000000013e+00 0.000000000000000000e+00
3.000000000000000000e+01 -1.494140999999999941e+01 5.073430000000000106e+00 0.000000000000000000e+00
3.100000000000000000e+01 -1.614394000000000062e+01 7.106329999999999814e+00 0.000000000000000000e+00
3.200000000000000000e+01 -1.497658000000000023e+01 9.031159999999999854e+00 0.000000000000000000e+00
3.300000000000000000e+01 -1.284725000000000072e+01 8.877449999999999619e+00 0.000000000000000000e+00
3.400000000000000000e+01 -1.371036999999999928e+01 1.112270000000000003e+01 0.000000000000000000e+00
3.500000000000000000e+01 -1.168040000000000056e+01 1.593044000000000082e+01 0.000000000000000000e+00
3.600000000000000000e+01 -9.464259999999999451e+00 -1.622228000000000137e+01 0.000000000000000000e+00
3.700000000000000000e+01 -1.136783999999999928e+01 -1.314020999999999972e+01 0.000000000000000000e+00
3.800000000000000000e+01 -1.141305999999999976e+01 -1.089770000000000039e+01 0.000000000000000000e+00
3.900000000000000000e+01 -1.139972000000000030e+01 -8.644660000000000011e+00 0.000000000000000000e+00
4.000000000000000000e+01 -1.343276999999999965e+01 -7.959740000000000038e+00 0.000000000000000000e+00
4.100000000000000000e+01 -1.259759000000000029e+01 -6.033870000000000289e+00 0.000000000000000000e+00
4.200000000000000000e+01 -1.381475000000000009e+01 -4.333639999999999937e+00 0.000000000000000000e+00
4.300000000000000000e+01 -1.285660000000000025e+01 -2.315380000000000216e+00 0.000000000000000000e+00
4.400000000000000000e+01 -1.401920999999999928e+01 -4.602700000000000125e-01 0.000000000000000000e+00
4.500000000000000000e+01 -1.295362000000000080e+01 1.407799999999999940e+00 0.000000000000000000e+00
4.600000000000000000e+01 -1.395041999999999938e+01 3.235570000000000057e+00 0.000000000000000000e+00
4.700000000000000000e+01 -1.285152000000000072e+01 5.066609999999999836e+00 0.000000000000000000e+00
4.800000000000000000e+01 -1.402558999999999934e+01 7.088619999999999699e+00 0.000000000000000000e+00
4.900000000000000000e+01 -1.191703000000000046e+01 6.915060000000000429e+00 0.000000000000000000e+00
5.000000000000000000e+01 -1.078857999999999961e+01 8.850680000000000547e+00 0.000000000000000000e+00
5.100000000000000000e+01 -1.164736000000000082e+01 1.089559000000000033e+01 0.000000000000000000e+00
5.200000000000000000e+01 -1.132009000000000043e+01 1.344889000000000046e+01 0.000000000000000000e+00
5.300000000000000000e+01 -9.583360000000000767e+00 1.726519000000000048e+01 0.000000000000000000e+00
5.400000000000000000e+01 -7.594759999999999955e+00 -1.732010999999999967e+01 0.000000000000000000e+00
5.500000000000000000e+01 -9.553990000000000649e+00 -1.416290000000000049e+01 0.000000000000000000e+00
5.600000000000000000e+01 -9.608290000000000219e+00 -1.197790999999999961e+01 0.000000000000000000e+00
5.700000000000000000e+01 -9.637050000000000338e+00 -9.847300000000000608e+00 0.000000000000000000e+00
5.800000000000000000e+01 -9.540839999999999321e+00 -7.692650000000000432e+00 0.000000000000000000e+00
5.900000000000000000e+01 -1.049553000000000047e+01 -5.854219999999999757e+00 0.000000000000000000e+00
6.000000000000000000e+01 -1.161547000000000018e+01 -4.071749999999999758e+00 0.000000000000000000e+00
6.100000000000000000e+01 -1.068141999999999925e+01 -2.134059999999999846e+00 0.000000000000000000e+00
6.200000000000000000e+01 -1.192882999999999960e+01 -3.926799999999999735e-01 0.000000000000000000e+00
6.300000000000000000e+01 -1.075378000000000078e+01 1.378260000000000041e+00 0.000000000000000000e+00
6.400000000000000000e+01 -9.730510000000000659e+00 3.288580000000000059e+00 0.000000000000000000e+00
6.500000000000000000e+01 -1.187737000000000087e+01 3.239749999999999908e+00 0.000000000000000000e+00
6.600000000000000000e+01 -1.076679999999999993e+01 5.082309999999999661e+00 0.000000000000000000e+00
6.700000000000000000e+01 -9.759790000000000632e+00 6.918879999999999697e+00 0.000000000000000000e+00
6.800000000000000000e+01 -9.599640000000000839e+00 1.065531000000000006e+01 0.000000000000000000e+00
6.900000000000000000e+01 -9.384410000000000807e+00 1.275300999999999974e+01 0.000000000000000000e+00
7.000000000000000000e+01 -9.783039999999999736e+00 1.488263000000000069e+01 0.000000000000000000e+00
7.100000000000000000e+01 -7.868859999999999744e+00 1.846679999999999922e+01 0.000000000000000000e+00
7.200000000000000000e+01 -5.407829999999999693e+00 -1.809031999999999840e+01 0.000000000000000000e+00
7.300000000000000000e+01 -7.480019999999999669e+00 -1.512505999999999950e+01 0.000000000000000000e+00
7.400000000000000000e+01 -7.666240000000000165e+00 -1.290493999999999986e+01 0.000000000000000000e+00
7.500000000000000000e+01 -7.714299999999999713e+00 -1.070541000000000054e+01 0.000000000000000000e+00
7.600000000000000000e+01 -7.691040000000000099e+00 -8.619790000000000063e+00 0.000000000000000000e+00
7.700000000000000000e+01 -8.170600000000000307e+00 -5.988509999999999778e+00 0.000000000000000000e+00
7.800000000000000000e+01 -9.497680000000000788e+00 -4.045759999999999579e+00 0.000000000000000000e+00
7.900000000000000000e+01 -8.463060000000000471e+00 -2.141630000000000145e+00 0.000000000000000000e+00
8.000000000000000000e+01 -9.569490000000000052e+00 -3.972600000000000020e-01 0.000000000000000000e+00
8.100000000000000000e+01 -8.609320000000000306e+00 1.502089999999999925e+00 0.000000000000000000e+00
8.200000000000000000e+01 -7.530359999999999943e+00 3.324949999999999850e+00 0.000000000000000000e+00
8.300000000000000000e+01 -8.677020000000000621e+00 5.058799999999999741e+00 0.000000000000000000e+00
8.400000000000000000e+01 -7.678180000000000227e+00 6.896770000000000067e+00 0.000000000000000000e+00
8.500000000000000000e+01 -8.711510000000000531e+00 8.712339999999999307e+00 0.000000000000000000e+00
8.600000000000000000e+01 -7.013930000000000220e+00 9.930899999999999395e+00 0.000000000000000000e+00
8.700000000000000000e+01 -7.289170000000000371e+00 1.203151000000000082e+01 0.000000000000000000e+00
8.800000000000000000e+01 -7.710029999999999717e+00 1.406531999999999982e+01 0.000000000000000000e+00
8.900000000000000000e+01 -7.802830000000000155e+00 1.621442000000000050e+01 0.000000000000000000e+00
9.000000000000000000e+01 -5.501330000000000275e+00 -1.601530999999999949e+01 0.000000000000000000e+00
9.100000000000000000e+01 -5.588330000000000020e+00 -1.394461000000000084e+01 0.000000000000000000e+00
9.200000000000000000e+01 -5.741319999999999979e+00 -1.176239999999999952e+01 0.000000000000000000e+00
9.300000000000000000e+01 -5.825709999999999944e+00 -9.692130000000000578e+00 0.000000000000000000e+00
9.400000000000000000e+01 -5.866220000000000212e+00 -7.580449999999999910e+00 0.000000000000000000e+00
9.500000000000000000e+01 -6.059540000000000148e+00 -5.513499999999999623e+00 0.000000000000000000e+00
9.600000000000000000e+01 -7.444219999999999615e+00 -3.951970000000000205e+00 0.000000000000000000e+00
9.700000000000000000e+01 -6.383680000000000021e+00 -2.163860000000000117e+00 0.000000000000000000e+00
9.800000000000000000e+01 -7.495540000000000092e+00 -3.167900000000000160e-01 0.000000000000000000e+00
9.900000000000000000e+01 -6.410689999999999777e+00 1.550789999999999891e+00 0.000000000000000000e+00
1.000000000000000000e+02 -5.396160000000000068e+00 3.344559999999999977e+00 0.000000000000000000e+00
1.010000000000000000e+02 -6.522859999999999658e+00 5.150750000000000384e+00 0.000000000000000000e+00
1.020000000000000000e+02 -5.617009999999999614e+00 7.029989999999999739e+00 0.000000000000000000e+00
1.030000000000000000e+02 -5.066010000000000346e+00 9.051510000000000389e+00 0.000000000000000000e+00
1.040000000000000000e+02 -5.255209999999999937e+00 1.111210999999999949e+01 0.000000000000000000e+00
1.050000000000000000e+02 -5.554700000000000415e+00 1.321733000000000047e+01 0.000000000000000000e+00
1.060000000000000000e+02 -5.963870000000000005e+00 1.523822000000000010e+01 0.000000000000000000e+00
1.070000000000000000e+02 -4.389070000000000249e+00 1.886039999999999850e+01 0.000000000000000000e+00
1.080000000000000000e+02 -3.629989999999999828e+00 -1.700094999999999956e+01 0.000000000000000000e+00
1.090000000000000000e+02 -3.699829999999999952e+00 -1.494345999999999997e+01 0.000000000000000000e+00
1.100000000000000000e+02 -3.866649999999999920e+00 -1.271432000000000073e+01 0.000000000000000000e+00
1.110000000000000000e+02 -3.923909999999999787e+00 -1.064822000000000024e+01 0.000000000000000000e+00
1.120000000000000000e+02 -4.035479999999999734e+00 -8.521179999999999310e+00 0.000000000000000000e+00
1.130000000000000000e+02 -4.147549999999999848e+00 -6.397520000000000095e+00 0.000000000000000000e+00
1.140000000000000000e+02 -4.271480000000000388e+00 -4.254299999999999748e+00 0.000000000000000000e+00
1.150000000000000000e+02 -4.225030000000000285e+00 -2.124280000000000168e+00 0.000000000000000000e+00
1.160000000000000000e+02 -5.225369999999999848e+00 -2.323399999999999910e-01 0.000000000000000000e+00
1.170000000000000000e+02 -4.215679999999999872e+00 1.587409999999999988e+00 0.000000000000000000e+00
1.180000000000000000e+02 -3.284520000000000106e+00 3.541259999999999852e+00 0.000000000000000000e+00
1.190000000000000000e+02 -4.451600000000000001e+00 5.289990000000000414e+00 0.000000000000000000e+00
1.200000000000000000e+02 -3.513329999999999842e+00 7.241999999999999993e+00 0.000000000000000000e+00
1.210000000000000000e+02 -3.304279999999999884e+00 1.034525000000000006e+01 0.000000000000000000e+00
1.220000000000000000e+02 -3.602920000000000122e+00 1.241985000000000028e+01 0.000000000000000000e+00
1.230000000000000000e+02 -3.888419999999999987e+00 1.449836999999999954e+01 0.000000000000000000e+00
1.240000000000000000e+02 -4.125740000000000407e+00 1.659825000000000017e+01 0.000000000000000000e+00
1.250000000000000000e+02 -6.066419999999999924e+00 1.739340999999999937e+01 0.000000000000000000e+00
1.260000000000000000e+02 -1.836270000000000069e+00 -1.805645000000000167e+01 0.000000000000000000e+00
1.270000000000000000e+02 -1.838729999999999976e+00 -1.586110000000000042e+01 0.000000000000000000e+00
1.280000000000000000e+02 -1.918789999999999996e+00 -1.376567999999999969e+01 0.000000000000000000e+00
1.290000000000000000e+02 -2.071320000000000050e+00 -1.164059999999999917e+01 0.000000000000000000e+00
1.300000000000000000e+02 -2.132649999999999935e+00 -9.471450000000000813e+00 0.000000000000000000e+00
1.310000000000000000e+02 -2.313590000000000035e+00 -7.357269999999999754e+00 0.000000000000000000e+00
1.320000000000000000e+02 -2.344129999999999825e+00 -5.267830000000000013e+00 0.000000000000000000e+00
1.330000000000000000e+02 -2.431540000000000035e+00 -3.182549999999999990e+00 0.000000000000000000e+00
1.340000000000000000e+02 -3.008179999999999854e+00 -2.658699999999999952e-01 0.000000000000000000e+00
1.350000000000000000e+02 -2.127139999999999809e+00 1.735610000000000097e+00 0.000000000000000000e+00
1.360000000000000000e+02 -1.134249999999999980e+00 3.588400000000000034e+00 0.000000000000000000e+00
1.370000000000000000e+02 -2.334340000000000082e+00 5.505700000000000038e+00 0.000000000000000000e+00
1.380000000000000000e+02 -1.283349999999999991e+00 7.376850000000000129e+00 0.000000000000000000e+00
1.390000000000000000e+02 -1.432129999999999903e+00 9.454909999999999926e+00 0.000000000000000000e+00
1.400000000000000000e+02 -1.584899999999999975e+00 1.152317999999999998e+01 0.000000000000000000e+00
1.410000000000000000e+02 -1.878889999999999949e+00 1.365114999999999945e+01 0.000000000000000000e+00
1.420000000000000000e+02 -2.095959999999999823e+00 1.580142000000000024e+01 0.000000000000000000e+00
1.430000000000000000e+02 -2.462639999999999940e+00 1.786457000000000050e+01 0.000000000000000000e+00
1.440000000000000000e+02 -3.899999999999999994e-02 -1.696471999999999980e+01 0.000000000000000000e+00
1.450000000000000000e+02 -7.041000000000000036e-02 -1.477877999999999936e+01 0.000000000000000000e+00
1.460000000000000000e+02 -1.867900000000000116e-01 -1.256573000000000029e+01 0.000000000000000000e+00
1.470000000000000000e+02 1.542969999999999953e+00 -1.145926000000000045e+01 0.000000000000000000e+00
1.480000000000000000e+02 -3.301399999999999890e-01 -1.049141000000000012e+01 0.000000000000000000e+00
1.490000000000000000e+02 -3.664399999999999880e-01 -8.331640000000000157e+00 0.000000000000000000e+00
1.500000000000000000e+02 -5.170500000000000096e-01 -6.248079999999999856e+00 0.000000000000000000e+00
1.510000000000000000e+02 -5.400899999999999590e-01 -4.167410000000000281e+00 0.000000000000000000e+00
1.520000000000000000e+02 -6.226899999999999658e-01 -2.067950000000000177e+00 0.000000000000000000e+00
1.530000000000000000e+02 -9.343900000000000539e-01 -1.264999999999999979e-02 0.000000000000000000e+00
1.540000000000000000e+02 7.313999999999999668e-02 1.844889999999999919e+00 0.000000000000000000e+00
1.550000000000000000e+02 -2.741199999999999748e-01 5.537049999999999805e+00 0.000000000000000000e+00
1.560000000000000000e+02 5.046399999999999775e-01 8.474399999999999267e+00 0.000000000000000000e+00
1.570000000000000000e+02 3.033199999999999785e-01 1.060211999999999932e+01 0.000000000000000000e+00
1.580000000000000000e+02 9.320000000000000506e-02 1.289549000000000056e+01 0.000000000000000000e+00
1.590000000000000000e+02 -1.216600000000000042e-01 1.501364000000000054e+01 0.000000000000000000e+00
1.600000000000000000e+02 -3.842300000000000160e-01 1.706143000000000143e+01 0.000000000000000000e+00
1.610000000000000000e+02 -5.446499999999999675e-01 1.936102999999999952e+01 0.000000000000000000e+00
1.620000000000000000e+02 -3.878400000000000181e-01 -1.952928999999999959e+01 0.000000000000000000e+00
1.630000000000000000e+02 1.801180000000000003e+00 -1.567666000000000004e+01 0.000000000000000000e+00
1.640000000000000000e+02 1.712900000000000089e+00 -1.358268999999999949e+01 0.000000000000000000e+00
1.650000000000000000e+02 3.546800000000000175e+00 -1.247245000000000026e+01 0.000000000000000000e+00
1.660000000000000000e+02 1.406069999999999931e+00 -9.377159999999999940e+00 0.000000000000000000e+00
1.670000000000000000e+02 1.457759999999999945e+00 -7.279790000000000205e+00 0.000000000000000000e+00
1.680000000000000000e+02 1.338370000000000060e+00 -5.029080000000000439e+00 0.000000000000000000e+00
1.690000000000000000e+02 1.354260000000000019e+00 -2.959459999999999980e+00 0.000000000000000000e+00
1.700000000000000000e+02 1.143629999999999924e+00 -8.730400000000000382e-01 0.000000000000000000e+00
1.710000000000000000e+02 2.054370000000000029e+00 9.975300000000000278e-01 0.000000000000000000e+00
1.720000000000000000e+02 9.739100000000000534e-01 3.747669999999999835e+00 0.000000000000000000e+00
1.730000000000000000e+02 1.776810000000000000e+00 5.784329999999999750e+00 0.000000000000000000e+00
1.740000000000000000e+02 2.447639999999999816e+00 7.757579999999999920e+00 0.000000000000000000e+00
1.750000000000000000e+02 2.204680000000000195e+00 9.798149999999999693e+00 0.000000000000000000e+00
1.760000000000000000e+02 2.060919999999999863e+00 1.195339000000000063e+01 0.000000000000000000e+00
1.770000000000000000e+02 1.856559999999999988e+00 1.419781000000000049e+01 0.000000000000000000e+00
1.780000000000000000e+02 1.588170000000000082e+00 1.627064000000000021e+01 0.000000000000000000e+00
1.790000000000000000e+02 1.358729999999999993e+00 1.833710999999999913e+01 0.000000000000000000e+00
1.800000000000000000e+02 2.389269999999999783e+00 -2.005968000000000018e+01 0.000000000000000000e+00
1.810000000000000000e+02 2.006260000000000154e+00 -1.787659999999999982e+01 0.000000000000000000e+00
1.820000000000000000e+02 3.638180000000000192e+00 -1.457693000000000083e+01 0.000000000000000000e+00
1.830000000000000000e+02 3.429920000000000080e+00 -1.041607999999999912e+01 0.000000000000000000e+00
1.840000000000000000e+02 3.273610000000000131e+00 -8.357340000000000657e+00 0.000000000000000000e+00
1.850000000000000000e+02 3.239829999999999988e+00 -5.994040000000000035e+00 0.000000000000000000e+00
1.860000000000000000e+02 3.204000000000000181e+00 -3.859939999999999927e+00 0.000000000000000000e+00
1.870000000000000000e+02 3.107260000000000133e+00 -1.770080000000000098e+00 0.000000000000000000e+00
1.880000000000000000e+02 3.926000000000000156e+00 1.228400000000000047e-01 0.000000000000000000e+00
1.890000000000000000e+02 4.792099999999999582e+00 2.006909999999999972e+00 0.000000000000000000e+00
1.900000000000000000e+02 2.913279999999999870e+00 2.879329999999999945e+00 0.000000000000000000e+00
1.910000000000000000e+02 3.643149999999999888e+00 4.829629999999999868e+00 0.000000000000000000e+00
1.920000000000000000e+02 4.479409999999999670e+00 6.733690000000000175e+00 0.000000000000000000e+00
1.930000000000000000e+02 4.220620000000000260e+00 8.810850000000000293e+00 0.000000000000000000e+00
1.940000000000000000e+02 3.915080000000000116e+00 1.096068999999999960e+01 0.000000000000000000e+00
1.950000000000000000e+02 3.826220000000000176e+00 1.305089000000000077e+01 0.000000000000000000e+00
1.960000000000000000e+02 3.677059999999999995e+00 1.521846000000000032e+01 0.000000000000000000e+00
1.970000000000000000e+02 3.335539999999999949e+00 1.746180999999999983e+01 0.000000000000000000e+00
1.980000000000000000e+02 4.133189999999999920e+00 -1.878883000000000081e+01 0.000000000000000000e+00
1.990000000000000000e+02 3.713429999999999787e+00 -1.667971999999999966e+01 0.000000000000000000e+00
2.000000000000000000e+02 5.445929999999999715e+00 -1.344900999999999947e+01 0.000000000000000000e+00
2.010000000000000000e+02 5.280549999999999855e+00 -1.133576000000000050e+01 0.000000000000000000e+00
2.020000000000000000e+02 4.941279999999999895e+00 -7.149600000000000399e+00 0.000000000000000000e+00
2.030000000000000000e+02 5.190690000000000026e+00 -5.060599999999999987e+00 0.000000000000000000e+00
2.040000000000000000e+02 6.520349999999999646e+00 -3.441300000000000026e+00 0.000000000000000000e+00
2.050000000000000000e+02 5.159340000000000259e+00 -1.864859999999999962e+00 0.000000000000000000e+00
2.060000000000000000e+02 6.032519999999999882e+00 2.774099999999999899e-01 0.000000000000000000e+00
2.070000000000000000e+02 6.888060000000000294e+00 2.233270000000000088e+00 0.000000000000000000e+00
2.080000000000000000e+02 5.543540000000000134e+00 3.942480000000000206e+00 0.000000000000000000e+00
2.090000000000000000e+02 6.446419999999999817e+00 5.877670000000000172e+00 0.000000000000000000e+00
2.100000000000000000e+02 6.178230000000000111e+00 7.953369999999999607e+00 0.000000000000000000e+00
2.110000000000000000e+02 5.897529999999999717e+00 1.001824000000000048e+01 0.000000000000000000e+00
2.120000000000000000e+02 5.758600000000000385e+00 1.213604999999999912e+01 0.000000000000000000e+00
2.130000000000000000e+02 5.512470000000000425e+00 1.423202999999999996e+01 0.000000000000000000e+00
2.140000000000000000e+02 5.426009999999999778e+00 1.635388999999999982e+01 0.000000000000000000e+00
2.150000000000000000e+02 5.240680000000000227e+00 1.850967999999999947e+01 0.000000000000000000e+00
2.160000000000000000e+02 7.841169999999999973e+00 -1.848526000000000025e+01 0.000000000000000000e+00
2.170000000000000000e+02 5.585040000000000227e+00 -1.552675999999999945e+01 0.000000000000000000e+00
2.180000000000000000e+02 7.157210000000000072e+00 -1.226880000000000059e+01 0.000000000000000000e+00
2.190000000000000000e+02 7.017210000000000392e+00 -1.022006999999999977e+01 0.000000000000000000e+00
2.200000000000000000e+02 5.211129999999999818e+00 -9.194760000000000488e+00 0.000000000000000000e+00
2.210000000000000000e+02 7.038009999999999877e+00 -6.948190000000000310e+00 0.000000000000000000e+00
2.220000000000000000e+02 7.835040000000000227e+00 -5.022470000000000212e+00 0.000000000000000000e+00
2.230000000000000000e+02 8.599399999999999267e+00 -3.052490000000000148e+00 0.000000000000000000e+00
2.240000000000000000e+02 7.328789999999999694e+00 -1.417799999999999949e+00 0.000000000000000000e+00
2.250000000000000000e+02 8.115579999999999572e+00 5.705500000000000016e-01 0.000000000000000000e+00
2.260000000000000000e+02 9.104609999999999204e+00 2.489300000000000068e+00 0.000000000000000000e+00
2.270000000000000000e+02 7.742099999999999760e+00 4.149879999999999569e+00 0.000000000000000000e+00
2.280000000000000000e+02 8.522850000000000037e+00 6.185340000000000060e+00 0.000000000000000000e+00
2.290000000000000000e+02 7.832910000000000039e+00 9.269840000000000302e+00 0.000000000000000000e+00
2.300000000000000000e+02 7.667430000000000412e+00 1.135887999999999920e+01 0.000000000000000000e+00
2.310000000000000000e+02 7.393500000000000405e+00 1.339935999999999972e+01 0.000000000000000000e+00
2.320000000000000000e+02 7.345229999999999926e+00 1.556277000000000044e+01 0.000000000000000000e+00
2.330000000000000000e+02 7.213059999999999583e+00 1.764984000000000108e+01 0.000000000000000000e+00
2.340000000000000000e+02 5.825969999999999871e+00 -1.759694000000000003e+01 0.000000000000000000e+00
2.350000000000000000e+02 7.862210000000000143e+00 -1.424375999999999998e+01 0.000000000000000000e+00
2.360000000000000000e+02 9.303319999999999368e+00 -1.250915999999999961e+01 0.000000000000000000e+00
2.370000000000000000e+02 9.423320000000000363e+00 -1.035163999999999973e+01 0.000000000000000000e+00
2.380000000000000000e+02 8.299590000000000245e+00 -8.588910000000000267e+00 0.000000000000000000e+00
2.390000000000000000e+02 9.099090000000000344e+00 -6.677950000000000053e+00 0.000000000000000000e+00
2.400000000000000000e+02 9.884539999999999438e+00 -4.691239999999999633e+00 0.000000000000000000e+00
2.410000000000000000e+02 1.076200000000000045e+01 -2.803399999999999892e+00 0.000000000000000000e+00
2.420000000000000000e+02 9.425100000000000477e+00 -1.062820000000000098e+00 0.000000000000000000e+00
2.430000000000000000e+02 1.039709000000000039e+01 8.369999999999999662e-01 0.000000000000000000e+00
2.440000000000000000e+02 1.116258999999999979e+01 2.798480000000000079e+00 0.000000000000000000e+00
2.450000000000000000e+02 9.844030000000000058e+00 4.451590000000000380e+00 0.000000000000000000e+00
2.460000000000000000e+02 1.066577999999999982e+01 6.363970000000000127e+00 0.000000000000000000e+00
2.470000000000000000e+02 9.549599999999999866e+00 8.100839999999999819e+00 0.000000000000000000e+00
2.480000000000000000e+02 9.635690000000000310e+00 1.027356999999999942e+01 0.000000000000000000e+00
2.490000000000000000e+02 9.482269999999999754e+00 1.242483999999999966e+01 0.000000000000000000e+00
2.500000000000000000e+02 9.154930000000000234e+00 1.448277999999999999e+01 0.000000000000000000e+00
2.510000000000000000e+02 9.197789999999999466e+00 1.663185999999999964e+01 0.000000000000000000e+00
2.520000000000000000e+02 7.540860000000000340e+00 -1.637721000000000160e+01 0.000000000000000000e+00
2.530000000000000000e+02 1.053644000000000069e+01 -1.417202999999999946e+01 0.000000000000000000e+00
2.540000000000000000e+02 1.135513000000000083e+01 -1.222324000000000055e+01 0.000000000000000000e+00
2.550000000000000000e+02 1.158789999999999942e+01 -1.008819000000000088e+01 0.000000000000000000e+00
2.560000000000000000e+02 1.037701999999999991e+01 -8.312590000000000146e+00 0.000000000000000000e+00
2.570000000000000000e+02 1.127552999999999983e+01 -6.454889999999999795e+00 0.000000000000000000e+00
2.580000000000000000e+02 1.199887999999999977e+01 -4.474619999999999820e+00 0.000000000000000000e+00
2.590000000000000000e+02 1.283935999999999922e+01 -2.513129999999999864e+00 0.000000000000000000e+00
2.600000000000000000e+02 1.161222000000000065e+01 -8.323899999999999633e-01 0.000000000000000000e+00
2.610000000000000000e+02 1.259174999999999933e+01 1.045760000000000023e+00 0.000000000000000000e+00
2.620000000000000000e+02 1.323977000000000004e+01 3.078079999999999927e+00 0.000000000000000000e+00
2.630000000000000000e+02 1.197353999999999985e+01 4.751290000000000013e+00 0.000000000000000000e+00
2.640000000000000000e+02 1.402285999999999966e+01 5.005169999999999675e+00 0.000000000000000000e+00
2.650000000000000000e+02 1.279128000000000043e+01 6.709629999999999761e+00 0.000000000000000000e+00
2.660000000000000000e+02 1.142871000000000059e+01 9.193210000000000548e+00 0.000000000000000000e+00
2.670000000000000000e+02 1.158253999999999984e+01 1.143027999999999977e+01 0.000000000000000000e+00
2.680000000000000000e+02 1.127152000000000065e+01 1.362556000000000012e+01 0.000000000000000000e+00
2.690000000000000000e+02 1.116140000000000043e+01 1.572466000000000008e+01 0.000000000000000000e+00
2.700000000000000000e+02 9.656480000000000175e+00 -1.602563999999999922e+01 0.000000000000000000e+00
2.710000000000000000e+02 1.267843000000000053e+01 -1.399299000000000071e+01 0.000000000000000000e+00
2.720000000000000000e+02 1.362599999999999945e+01 -1.217003000000000057e+01 0.000000000000000000e+00
2.730000000000000000e+02 1.369168999999999947e+01 -9.930130000000000123e+00 0.000000000000000000e+00
2.740000000000000000e+02 1.259697000000000067e+01 -8.065009999999999124e+00 0.000000000000000000e+00
2.750000000000000000e+02 1.367004999999999981e+01 -6.214439999999999742e+00 0.000000000000000000e+00
2.760000000000000000e+02 1.414128999999999969e+01 -4.158500000000000085e+00 0.000000000000000000e+00
2.770000000000000000e+02 1.508226999999999940e+01 -2.304219999999999935e+00 0.000000000000000000e+00
2.780000000000000000e+02 1.391432000000000002e+01 -5.558999999999999497e-01 0.000000000000000000e+00
2.790000000000000000e+02 1.476778000000000013e+01 1.328340000000000076e+00 0.000000000000000000e+00
2.800000000000000000e+02 1.541287999999999947e+01 3.289870000000000072e+00 0.000000000000000000e+00
2.810000000000000000e+02 1.618176000000000059e+01 5.273480000000000167e+00 0.000000000000000000e+00
2.820000000000000000e+02 1.680280000000000129e+01 8.069340000000000401e+00 0.000000000000000000e+00
2.830000000000000000e+02 1.484445000000000014e+01 7.165390000000000370e+00 0.000000000000000000e+00
2.840000000000000000e+02 1.345241000000000042e+01 8.710480000000000445e+00 0.000000000000000000e+00
2.850000000000000000e+02 1.535993000000000031e+01 9.747949999999999449e+00 0.000000000000000000e+00
2.860000000000000000e+02 1.355517000000000039e+01 1.081884999999999941e+01 0.000000000000000000e+00
2.870000000000000000e+02 1.323723999999999990e+01 1.298362999999999978e+01 0.000000000000000000e+00
2.880000000000000000e+02 1.189156999999999975e+01 -1.609600999999999971e+01 0.000000000000000000e+00
2.890000000000000000e+02 1.542911999999999928e+01 -1.113790999999999976e+01 0.000000000000000000e+00
2.900000000000000000e+02 1.683043999999999940e+01 -9.194639999999999702e+00 0.000000000000000000e+00
2.910000000000000000e+02 1.781578999999999979e+01 -5.385930000000000106e+00 0.000000000000000000e+00
2.920000000000000000e+02 1.484946000000000055e+01 -8.215630000000000877e+00 0.000000000000000000e+00
2.930000000000000000e+02 1.590405999999999942e+01 -6.250320000000000320e+00 0.000000000000000000e+00
2.940000000000000000e+02 1.620952000000000126e+01 -4.044660000000000366e+00 0.000000000000000000e+00
2.950000000000000000e+02 1.729892999999999859e+01 -2.215939999999999799e+00 0.000000000000000000e+00
2.960000000000000000e+02 1.609617000000000075e+01 -3.801899999999999724e-01 0.000000000000000000e+00
2.970000000000000000e+02 1.693791999999999831e+01 1.701770000000000005e+00 0.000000000000000000e+00
2.980000000000000000e+02 1.822931000000000168e+01 -3.277900000000000258e-01 0.000000000000000000e+00
2.990000000000000000e+02 1.816402000000000072e+01 4.127519999999999634e+00 0.000000000000000000e+00
