0.000000000000000000e+00 -1.375977999999999923e+01 -1.542688000000000059e+01 0.000000000000000000e+00
1.000000000000000000e+00 -1.445635000000000048e+01 -1.345953000000000088e+01 0.000000000000000000e+00
2.000000000000000000e+00 -1.482634000000000007e+01 -1.127331000000000039e+01 0.000000000000000000e+00
3.000000000000000000e+00 -1.597056000000000076e+01 -9.336380000000000123e+00 0.000000000000000000e+00
4.000000000000000000e+00 -1.822531000000000034e+01 -6.422620000000000218e+00 0.000000000000000000e+00
5.000000000000000000e+00 -1.935490000000000066e+01 -3.794560000000000155e+00 0.000000000000000000e+00
6.000000000000000000e+00 -1.668599000000000032e+01 -5.005860000000000198e+00 0.000000000000000000e+00
7.000000000000000000e+00 -2.002036000000000016e+01 2.120400000000000063e-01 0.000000000000000000e+00
8.000000000000000000e+00 -1.724416000000000082e+01 -2.991010000000000169e+00 0.000000000000000000e+00
9.000000000000000000e+00 -1.792244000000000170e+01 -9.823499999999999455e-01 0.000000000000000000e+00
1.000000000000000000e+01 -1.687171000000000021e+01 3.276780000000000026e+00 0.000000000000000000e+00
1.100000000000000000e+01 -1.840570999999999913e+01 1.856149999999999967e+00 0.000000000000000000e+00
1.200000000000000000e+01 -1.702792000000000172e+01 5.854429999999999801e+00 0.000000000000000000e+00
1.300000000000000000e+01 -1.879641000000000162e+01 4.058489999999999931e+00 0.000000000000000000e+00
1.400000000000000000e+01 -1.691750000000000043e+01 8.314849999999999852e+00 0.000000000000000000e+00
1.500000000000000000e+01 -1.507020999999999944e+01 9.331770000000000564e+00 0.000000000000000000e+00
1.600000000000000000e+01 -1.461885999999999974e+01 1.140254999999999974e+01 0.000000000000000000e+00
1.700000000000000000e+01 -1.440033999999999992e+01 1.382835000000000036e+01 0.000000000000000000e+00
1.800000000000000000e+01 -1.169720000000000049e+01 -1.578719000000000072e+01 0.000000000000000000e+00
1.900000000000000000e+01 -1.235224000000000011e+01 -1.374488000000000021e+01 0.000000000000000000e+00
2.000000000000000000e+01 -1.270711999999999975e+01 -1.161536000000000080e+01 0.000000000000000000e+00
2.100000000000000000e+01 -1.342280000000000051e+01 -9.666589999999999350e+00 0.000000000000000000e+00
2.200000000000000000e+01 -1.408652999999999977e+01 -7.626940000000000275e+00 0.000000000000000000e+00
2.300000000000000000e+01 -1.621487000000000123e+01 -7.105529999999999902e+00 0.000000000000000000e+00
2.400000000000000000e+01 -1.471693999999999924e+01 -5.623450000000000060e+00 0.000000000000000000e+00
2.500000000000000000e+01 -1.524217999999999940e+01 -3.479159999999999808e+00 0.000000000000000000e+00
2.600000000000000000e+01 -1.585957999999999934e+01 -1.435489999999999933e+00 0.000000000000000000e+00
2.700000000000000000e+01 -1.652232000000000056e+01 6.631799999999999917e-01 0.000000000000000000e+00
2.800000000000000000e+01 -1.509042999999999957e+01 2.212650000000000006e+00 0.000000000000000000e+00
2.900000000000000000e+01 -1.529144999999999932e+01 4.704080000000000261e+00 0.000000000000000000e+00
3.000000000000000000e+01 -1.344551000000000052e+01 5.885720000000000063e+00 0.000000000000000000e+00
3.100000000000000000e+01 -1.523061000000000043e+01 7.012139999999999596e+00 0.000000000000000000e+00
3.200000000000000000e+01 -1.318384000000000000e+01 7.999450000000000394e+00 0.000000000000000000e+00
3.300000000000000000e+01 -1.305184000000000033e+01 1.006964999999999932e+01 0.000000000000000000e+00
3.400000000000000000e+01 -1.271626999999999974e+01 1.252215999999999951e+01 0.000000000000000000e+00
3.500000000000000000e+01 -1.231126000000000076e+01 1.459246000000000087e+01 0.000000000000000000e+00
3.600000000000000000e+01 -9.614630000000000010e+00 -1.628660999999999959e+01 0.000000000000000000e+00
3.700000000000000000e+01 -9.940200000000000813e+00 -1.419225999999999921e+01 0.000000000000000000e+00
3.800000000000000000e+01 -1.061514000000000024e+01 -1.202650000000000041e+01 0.000000000000000000e+00
3.900000000000000000e+01 -1.131366000000000049e+01 -9.974589999999999179e+00 0.000000000000000000e+00
4.000000000000000000e+01 -1.198554999999999993e+01 -8.006339999999999790e+00 0.000000000000000000e+00
4.100000000000000000e+01 -1.253935000000000066e+01 -5.990310000000000024e+00 0.000000000000000000e+00
4.200000000000000000e+01 -1.317802999999999969e+01 -3.961599999999999788e+00 0.000000000000000000e+00
4.300000000000000000e+01 -1.378759999999999941e+01 -1.979119999999999990e+00 0.000000000000000000e+00
4.400000000000000000e+01 -1.245087999999999973e+01 -3.182499999999999774e-01 0.000000000000000000e+00
4.500000000000000000e+01 -1.451581000000000010e+01 1.607800000000000062e-01 0.000000000000000000e+00
4.600000000000000000e+01 -1.294292000000000087e+01 1.692239999999999966e+00 0.000000000000000000e+00
4.700000000000000000e+01 -1.343812999999999924e+01 3.733039999999999914e+00 0.000000000000000000e+00
4.800000000000000000e+01 -9.737880000000000535e+00 5.464739999999999931e+00 0.000000000000000000e+00
4.900000000000000000e+01 -1.150782000000000060e+01 6.700910000000000366e+00 0.000000000000000000e+00
5.000000000000000000e+01 -1.124174000000000007e+01 8.914859999999999118e+00 0.000000000000000000e+00
5.100000000000000000e+01 -1.109844999999999970e+01 1.108245999999999931e+01 0.000000000000000000e+00
5.200000000000000000e+01 -1.075770999999999944e+01 1.320927000000000007e+01 0.000000000000000000e+00
5.300000000000000000e+01 -1.035210000000000008e+01 1.524750000000000050e+01 0.000000000000000000e+00
5.400000000000000000e+01 -7.545079999999999565e+00 -1.668496000000000024e+01 0.000000000000000000e+00
5.500000000000000000e+01 -7.835029999999999717e+00 -1.451994000000000007e+01 0.000000000000000000e+00
5.600000000000000000e+01 -8.591620000000000701e+00 -1.242658999999999914e+01 0.000000000000000000e+00
5.700000000000000000e+01 -9.178819999999999979e+00 -1.043956999999999979e+01 0.000000000000000000e+00
5.800000000000000000e+01 -9.895390000000000796e+00 -8.407959999999999212e+00 0.000000000000000000e+00
5.900000000000000000e+01 -1.046321999999999974e+01 -6.398469999999999658e+00 0.000000000000000000e+00
6.000000000000000000e+01 -1.106966000000000072e+01 -4.364209999999999923e+00 0.000000000000000000e+00
6.100000000000000000e+01 -1.166566000000000081e+01 -2.395859999999999879e+00 0.000000000000000000e+00
6.200000000000000000e+01 -1.020443999999999996e+01 -9.275799999999999601e-01 0.000000000000000000e+00
6.300000000000000000e+01 -1.087228999999999957e+01 1.149019999999999930e+00 0.000000000000000000e+00
6.400000000000000000e+01 -9.467909999999999826e+00 2.683829999999999938e+00 0.000000000000000000e+00
6.500000000000000000e+01 -1.125698000000000043e+01 3.920259999999999856e+00 0.000000000000000000e+00
6.600000000000000000e+01 -9.631169999999999121e+00 7.623639999999999972e+00 0.000000000000000000e+00
6.700000000000000000e+01 -7.448520000000000252e+00 8.325120000000000076e+00 0.000000000000000000e+00
6.800000000000000000e+01 -9.175599999999999312e+00 9.690310000000000201e+00 0.000000000000000000e+00
6.900000000000000000e+01 -8.942439999999999500e+00 1.175677999999999912e+01 0.000000000000000000e+00
7.000000000000000000e+01 -8.476549999999999585e+00 1.381500999999999912e+01 0.000000000000000000e+00
7.100000000000000000e+01 -8.306430000000000646e+00 1.592008000000000045e+01 0.000000000000000000e+00
7.200000000000000000e+01 -5.283579999999999721e+00 -1.710841999999999885e+01 0.000000000000000000e+00
7.300000000000000000e+01 -5.699670000000000236e+00 -1.496598000000000006e+01 0.000000000000000000e+00
7.400000000000000000e+01 -6.409320000000000128e+00 -1.302768999999999977e+01 0.000000000000000000e+00
7.500000000000000000e+01 -7.113059999999999938e+00 -1.098597999999999963e+01 0.000000000000000000e+00
7.600000000000000000e+01 -7.791439999999999699e+00 -8.907099999999999795e+00 0.000000000000000000e+00
7.700000000000000000e+01 -8.399490000000000123e+00 -6.904239999999999711e+00 0.000000000000000000e+00
7.800000000000000000e+01 -8.958610000000000184e+00 -4.905490000000000350e+00 0.000000000000000000e+00
7.900000000000000000e+01 -9.551320000000000476e+00 -2.879059999999999953e+00 0.000000000000000000e+00
8.000000000000000000e+01 -8.169919999999999405e+00 -1.309539999999999926e+00 0.000000000000000000e+00
8.100000000000000000e+01 -8.796129999999999782e+00 7.272499999999999520e-01 0.000000000000000000e+00
8.200000000000000000e+01 -7.372469999999999857e+00 2.243219999999999992e+00 0.000000000000000000e+00
8.300000000000000000e+01 -8.036839999999999762e+00 4.232090000000000352e+00 0.000000000000000000e+00
8.400000000000000000e+01 -7.764789999999999637e+00 6.279189999999999827e+00 0.000000000000000000e+00
8.500000000000000000e+01 -5.427430000000000199e+00 9.169900000000000162e+00 0.000000000000000000e+00
8.600000000000000000e+01 -7.220989999999999576e+00 1.036894999999999989e+01 0.000000000000000000e+00
8.700000000000000000e+01 -6.909379999999999633e+00 1.241431000000000040e+01 0.000000000000000000e+00
8.800000000000000000e+01 -6.513670000000000293e+00 1.452996000000000087e+01 0.000000000000000000e+00
8.900000000000000000e+01 -6.286190000000000389e+00 1.662218000000000018e+01 0.000000000000000000e+00
9.000000000000000000e+01 -2.508400000000000074e-01 -1.999663999999999930e+01 0.000000000000000000e+00
9.100000000000000000e+01 -3.693770000000000220e+00 -1.556363999999999947e+01 0.000000000000000000e+00
9.200000000000000000e+01 -4.353600000000000136e+00 -1.339109999999999978e+01 0.000000000000000000e+00
9.300000000000000000e+01 -5.006980000000000430e+00 -1.142646000000000051e+01 0.000000000000000000e+00
9.400000000000000000e+01 -5.787200000000000344e+00 -9.389020000000000366e+00 0.000000000000000000e+00
9.500000000000000000e+01 -6.347229999999999706e+00 -7.341210000000000235e+00 0.000000000000000000e+00
9.600000000000000000e+01 -6.918440000000000367e+00 -5.319899999999999629e+00 0.000000000000000000e+00
9.700000000000000000e+01 -7.526679999999999815e+00 -3.320600000000000218e+00 0.000000000000000000e+00
9.800000000000000000e+01 -6.110299999999999621e+00 -1.736070000000000002e+00 0.000000000000000000e+00
9.900000000000000000e+01 -6.763010000000000410e+00 2.729400000000000159e-01 0.000000000000000000e+00
1.000000000000000000e+02 -5.340790000000000148e+00 1.831879999999999953e+00 0.000000000000000000e+00
1.010000000000000000e+02 -4.427590000000000359e+00 3.735580000000000123e+00 0.000000000000000000e+00
1.020000000000000000e+02 -6.089430000000000121e+00 5.011599999999999611e+00 0.000000000000000000e+00
1.030000000000000000e+02 -5.796630000000000393e+00 7.113679999999999559e+00 0.000000000000000000e+00
1.040000000000000000e+02 -5.200709999999999944e+00 1.122777999999999921e+01 0.000000000000000000e+00
1.050000000000000000e+02 -4.721169999999999867e+00 1.324455000000000027e+01 0.000000000000000000e+00
1.060000000000000000e+02 -4.408599999999999852e+00 1.540981999999999985e+01 0.000000000000000000e+00
1.070000000000000000e+02 -4.713770000000000238e+00 1.796358999999999995e+01 0.000000000000000000e+00
1.080000000000000000e+02 -3.202510000000000190e+00 -1.767570999999999870e+01 0.000000000000000000e+00
1.090000000000000000e+02 -2.322029999999999816e+00 -1.399790999999999919e+01 0.000000000000000000e+00
1.100000000000000000e+02 -2.953489999999999949e+00 -1.183310999999999957e+01 0.000000000000000000e+00
1.110000000000000000e+02 -3.678980000000000139e+00 -9.839790000000000703e+00 0.000000000000000000e+00
1.120000000000000000e+02 -2.255599999999999827e+00 -8.350529999999999120e+00 0.000000000000000000e+00
1.130000000000000000e+02 -4.320310000000000095e+00 -7.818979999999999819e+00 0.000000000000000000e+00
1.140000000000000000e+02 -4.870190000000000019e+00 -5.750440000000000218e+00 0.000000000000000000e+00
1.150000000000000000e+02 -5.486349999999999838e+00 -3.724709999999999965e+00 0.000000000000000000e+00
1.160000000000000000e+02 -4.070140000000000313e+00 -2.204340000000000188e+00 0.000000000000000000e+00
1.170000000000000000e+02 -4.701999999999999957e+00 -2.037599999999999967e-01 0.000000000000000000e+00
1.180000000000000000e+02 -3.165259999999999962e+00 1.814240000000000075e+00 0.000000000000000000e+00
1.190000000000000000e+02 -2.461559999999999970e+00 4.430769999999999875e+00 0.000000000000000000e+00
1.200000000000000000e+02 -4.191460000000000186e+00 5.812050000000000161e+00 0.000000000000000000e+00
1.210000000000000000e+02 -3.809089999999999865e+00 7.841859999999999609e+00 0.000000000000000000e+00
1.220000000000000000e+02 -3.470250000000000057e+00 9.898630000000000706e+00 0.000000000000000000e+00
1.230000000000000000e+02 -3.125599999999999934e+00 1.194337999999999944e+01 0.000000000000000000e+00
1.240000000000000000e+02 -2.716009999999999813e+00 1.409313000000000038e+01 0.000000000000000000e+00
1.250000000000000000e+02 -2.589879999999999960e+00 1.641139000000000081e+01 0.000000000000000000e+00
1.260000000000000000e+02 -1.129839999999999955e+00 -1.811658999999999864e+01 0.000000000000000000e+00
1.270000000000000000e+02 -1.628130000000000077e+00 -1.599236999999999931e+01 0.000000000000000000e+00
1.280000000000000000e+02 -9.454900000000000526e-01 -1.236632999999999960e+01 0.000000000000000000e+00
1.290000000000000000e+02 -1.532129999999999992e+00 -1.031859999999999999e+01 0.000000000000000000e+00
1.300000000000000000e+02 -7.812400000000000455e-01 -6.700899999999999856e+00 0.000000000000000000e+00
1.310000000000000000e+02 -2.823749999999999982e+00 -6.355870000000000353e+00 0.000000000000000000e+00
1.320000000000000000e+02 -3.380590000000000206e+00 -4.316360000000000419e+00 0.000000000000000000e+00
1.330000000000000000e+02 -2.033809999999999896e+00 -2.606700000000000017e+00 0.000000000000000000e+00
1.340000000000000000e+02 -2.640680000000000138e+00 -5.862100000000000088e-01 0.000000000000000000e+00
1.350000000000000000e+02 -1.196700000000000097e+00 9.872100000000000319e-01 0.000000000000000000e+00
1.360000000000000000e+02 -9.181500000000000217e-01 3.039860000000000007e+00 0.000000000000000000e+00
1.370000000000000000e+02 -5.058700000000000419e-01 5.119699999999999918e+00 0.000000000000000000e+00
1.380000000000000000e+02 -2.117220000000000102e+00 6.510580000000000034e+00 0.000000000000000000e+00
1.390000000000000000e+02 -1.842260000000000009e+00 8.590199999999999392e+00 0.000000000000000000e+00
1.400000000000000000e+02 -1.512790000000000079e+00 1.063002999999999965e+01 0.000000000000000000e+00
1.410000000000000000e+02 -1.002669999999999950e+00 1.271091999999999977e+01 0.000000000000000000e+00
1.420000000000000000e+02 -6.999300000000000521e-01 1.478664000000000023e+01 0.000000000000000000e+00
1.430000000000000000e+02 -2.310410000000000075e+00 1.850722999999999985e+01 0.000000000000000000e+00
1.440000000000000000e+02 4.849399999999999822e-01 -1.630999999999999872e+01 0.000000000000000000e+00
1.450000000000000000e+02 -2.448599999999999943e-01 -1.435263999999999918e+01 0.000000000000000000e+00
1.460000000000000000e+02 1.099869999999999903e+00 -1.273788000000000054e+01 0.000000000000000000e+00
1.470000000000000000e+02 5.021099999999999453e-01 -1.075055000000000049e+01 0.000000000000000000e+00
1.480000000000000000e+02 -1.998099999999999876e-01 -8.706030000000000157e+00 0.000000000000000000e+00
1.490000000000000000e+02 6.733299999999999841e-01 -5.123660000000000103e+00 0.000000000000000000e+00
1.500000000000000000e+02 -1.342719999999999914e+00 -4.634820000000000384e+00 0.000000000000000000e+00
1.510000000000000000e+02 -1.468000000000000034e-02 -3.029529999999999834e+00 0.000000000000000000e+00
1.520000000000000000e+02 -5.457899999999999974e-01 -1.015109999999999957e+00 0.000000000000000000e+00
1.530000000000000000e+02 8.448099999999999499e-01 1.556640000000000024e+00 0.000000000000000000e+00
1.540000000000000000e+02 1.102340000000000098e+00 3.717299999999999827e+00 0.000000000000000000e+00
1.550000000000000000e+02 1.544740000000000002e+00 5.803650000000000198e+00 0.000000000000000000e+00
1.560000000000000000e+02 -1.466999999999999971e-01 7.163269999999999804e+00 0.000000000000000000e+00
1.570000000000000000e+02 1.806000000000000105e-01 9.278810000000000002e+00 0.000000000000000000e+00
1.580000000000000000e+02 5.708299999999999486e-01 1.134814000000000078e+01 0.000000000000000000e+00
1.590000000000000000e+02 9.835500000000000353e-01 1.340380000000000038e+01 0.000000000000000000e+00
1.600000000000000000e+02 1.236399999999999944e+00 1.549203999999999937e+01 0.000000000000000000e+00
1.610000000000000000e+02 -5.507900000000000018e-01 1.690222999999999942e+01 0.000000000000000000e+00
1.620000000000000000e+02 2.665350000000000108e+00 -1.679476999999999975e+01 0.000000000000000000e+00
1.630000000000000000e+02 4.047189999999999621e+00 -1.512416999999999945e+01 0.000000000000000000e+00
1.640000000000000000e+02 1.972550000000000026e+00 -1.486134000000000022e+01 0.000000000000000000e+00
1.650000000000000000e+02 1.872929999999999984e+00 -9.103569999999999496e+00 0.000000000000000000e+00
1.660000000000000000e+02 1.240580000000000016e+00 -7.113129999999999953e+00 0.000000000000000000e+00
1.670000000000000000e+02 2.694189999999999863e+00 -5.602890000000000370e+00 0.000000000000000000e+00
1.680000000000000000e+02 2.077300000000000146e+00 -3.583200000000000163e+00 0.000000000000000000e+00
1.690000000000000000e+02 1.491989999999999927e+00 -1.565669999999999895e+00 0.000000000000000000e+00
1.700000000000000000e+02 2.532000000000000028e+00 2.769499999999999740e-01 0.000000000000000000e+00
1.710000000000000000e+02 2.811199999999999921e+00 2.387869999999999937e+00 0.000000000000000000e+00
1.720000000000000000e+02 3.157869999999999955e+00 4.471160000000000245e+00 0.000000000000000000e+00
1.730000000000000000e+02 3.538769999999999971e+00 6.553189999999999849e+00 0.000000000000000000e+00
1.740000000000000000e+02 1.860500000000000043e+00 7.874019999999999797e+00 0.000000000000000000e+00
1.750000000000000000e+02 2.146889999999999965e+00 9.939199999999999591e+00 0.000000000000000000e+00
1.760000000000000000e+02 2.541760000000000019e+00 1.203317000000000014e+01 0.000000000000000000e+00
1.770000000000000000e+02 2.937619999999999898e+00 1.410532000000000075e+01 0.000000000000000000e+00
1.780000000000000000e+02 1.569679999999999964e+00 1.755488000000000071e+01 0.000000000000000000e+00
1.790000000000000000e+02 -3.024299999999999766e-01 1.901980999999999966e+01 0.000000000000000000e+00
1.800000000000000000e+02 1.151860000000000106e+00 -1.845886000000000138e+01 0.000000000000000000e+00
1.810000000000000000e+02 3.266360000000000152e+00 -1.318796000000000035e+01 0.000000000000000000e+00
1.820000000000000000e+02 2.595639999999999947e+00 -1.123474000000000039e+01 0.000000000000000000e+00
1.830000000000000000e+02 3.985310000000000130e+00 -9.569200000000000372e+00 0.000000000000000000e+00
1.840000000000000000e+02 3.303040000000000198e+00 -7.603340000000000209e+00 0.000000000000000000e+00
1.850000000000000000e+02 4.778050000000000352e+00 -5.973399999999999821e+00 0.000000000000000000e+00
1.860000000000000000e+02 4.121599999999999930e+00 -3.942130000000000134e+00 0.000000000000000000e+00
1.870000000000000000e+02 3.658180000000000209e+00 -1.632239999999999913e+00 0.000000000000000000e+00
1.880000000000000000e+02 4.453020000000000422e+00 1.047460000000000058e+00 0.000000000000000000e+00
1.890000000000000000e+02 4.783039999999999736e+00 3.156340000000000146e+00 0.000000000000000000e+00
1.900000000000000000e+02 5.183830000000000382e+00 5.239340000000000330e+00 0.000000000000000000e+00
1.910000000000000000e+02 5.481700000000000017e+00 7.341520000000000046e+00 0.000000000000000000e+00
1.920000000000000000e+02 3.830490000000000173e+00 8.612159999999999371e+00 0.000000000000000000e+00
1.930000000000000000e+02 4.095089999999999897e+00 1.066802000000000028e+01 0.000000000000000000e+00
1.940000000000000000e+02 4.492680000000000007e+00 1.269189000000000078e+01 0.000000000000000000e+00
1.950000000000000000e+02 4.898749999999999716e+00 1.478363000000000049e+01 0.000000000000000000e+00
1.960000000000000000e+02 3.310929999999999929e+00 1.622193000000000040e+01 0.000000000000000000e+00
1.970000000000000000e+02 1.784729999999999928e+00 1.961158000000000001e+01 0.000000000000000000e+00
1.980000000000000000e+02 3.352300000000000058e+00 -1.874916999999999945e+01 0.000000000000000000e+00
1.990000000000000000e+02 5.415770000000000195e+00 -1.356225000000000058e+01 0.000000000000000000e+00
2.000000000000000000e+02 4.656819999999999737e+00 -1.158746000000000009e+01 0.000000000000000000e+00
2.010000000000000000e+02 6.067820000000000213e+00 -9.984840000000000160e+00 0.000000000000000000e+00
2.020000000000000000e+02 5.355629999999999669e+00 -7.965729999999999755e+00 0.000000000000000000e+00
2.030000000000000000e+02 6.854879999999999640e+00 -6.435830000000000162e+00 0.000000000000000000e+00
2.040000000000000000e+02 6.171649999999999636e+00 -4.447860000000000369e+00 0.000000000000000000e+00
2.050000000000000000e+02 5.630969999999999587e+00 -2.439430000000000209e+00 0.000000000000000000e+00
2.060000000000000000e+02 5.996349999999999625e+00 -3.601099999999999857e-01 0.000000000000000000e+00
2.070000000000000000e+02 6.428440000000000154e+00 1.719119999999999981e+00 0.000000000000000000e+00
2.080000000000000000e+02 6.840729999999999755e+00 3.798770000000000202e+00 0.000000000000000000e+00
2.090000000000000000e+02 7.112429999999999808e+00 5.974409999999999776e+00 0.000000000000000000e+00
2.100000000000000000e+02 7.442280000000000229e+00 8.029939999999999856e+00 0.000000000000000000e+00
2.110000000000000000e+02 5.859169999999999767e+00 9.374779999999999447e+00 0.000000000000000000e+00
2.120000000000000000e+02 6.190260000000000318e+00 1.143154000000000003e+01 0.000000000000000000e+00
2.130000000000000000e+02 6.513499999999999623e+00 1.347258000000000067e+01 0.000000000000000000e+00
2.140000000000000000e+02 5.331750000000000433e+00 1.683148999999999873e+01 0.000000000000000000e+00
2.150000000000000000e+02 3.710249999999999826e+00 1.826965999999999823e+01 0.000000000000000000e+00
2.160000000000000000e+02 6.190120000000000289e+00 -1.561645000000000039e+01 0.000000000000000000e+00
2.170000000000000000e+02 7.506140000000000256e+00 -1.388345999999999947e+01 0.000000000000000000e+00
2.180000000000000000e+02 6.782239999999999824e+00 -1.195406999999999975e+01 0.000000000000000000e+00
2.190000000000000000e+02 9.718189999999999884e+00 -8.707779999999999632e+00 0.000000000000000000e+00
2.200000000000000000e+02 7.674959999999999560e+00 -8.353509999999999991e+00 0.000000000000000000e+00
2.210000000000000000e+02 9.064849999999999852e+00 -6.750060000000000393e+00 0.000000000000000000e+00
2.220000000000000000e+02 8.207959999999999923e+00 -4.873490000000000322e+00 0.000000000000000000e+00
2.230000000000000000e+02 7.596359999999999779e+00 -1.803509999999999946e+00 0.000000000000000000e+00
2.240000000000000000e+02 8.000750000000000028e+00 3.434400000000000230e-01 0.000000000000000000e+00
2.250000000000000000e+02 8.414759999999999351e+00 2.424490000000000034e+00 0.000000000000000000e+00
2.260000000000000000e+02 1.041446000000000005e+01 3.070930000000000160e+00 0.000000000000000000e+00
2.270000000000000000e+02 8.771950000000000358e+00 4.529889999999999972e+00 0.000000000000000000e+00
2.280000000000000000e+02 9.117739999999999512e+00 6.627290000000000347e+00 0.000000000000000000e+00
2.290000000000000000e+02 7.873179999999999623e+00 1.005425999999999931e+01 0.000000000000000000e+00
2.300000000000000000e+02 8.194819999999999993e+00 1.214774000000000065e+01 0.000000000000000000e+00
2.310000000000000000e+02 8.555690000000000239e+00 1.421856000000000009e+01 0.000000000000000000e+00
2.320000000000000000e+02 7.024079999999999657e+00 1.561819999999999986e+01 0.000000000000000000e+00
2.330000000000000000e+02 4.081769999999999676e+00 2.056410999999999945e+01 0.000000000000000000e+00
2.340000000000000000e+02 4.755270000000000330e+00 -1.711811000000000149e+01 0.000000000000000000e+00
2.350000000000000000e+02 8.278930000000000788e+00 -1.590047000000000033e+01 0.000000000000000000e+00
2.360000000000000000e+02 8.331459999999999866e+00 -1.034019999999999939e+01 0.000000000000000000e+00
2.370000000000000000e+02 1.051432999999999929e+01 -1.068590000000000018e+01 0.000000000000000000e+00
2.380000000000000000e+02 1.180968000000000018e+01 -8.956580000000000652e+00 0.000000000000000000e+00
2.390000000000000000e+02 1.116158000000000072e+01 -6.956240000000000201e+00 0.000000000000000000e+00
2.400000000000000000e+02 1.028351999999999933e+01 -5.071150000000000269e+00 0.000000000000000000e+00
2.410000000000000000e+02 9.222459999999999880e+00 -3.087429999999999897e+00 0.000000000000000000e+00
2.420000000000000000e+02 9.588150000000000617e+00 -1.053900000000000059e+00 0.000000000000000000e+00
2.430000000000000000e+02 9.982229999999999492e+00 1.043339999999999934e+00 0.000000000000000000e+00
2.440000000000000000e+02 1.231621999999999950e+01 3.880500000000000060e+00 0.000000000000000000e+00
2.450000000000000000e+02 1.071157000000000004e+01 5.289360000000000284e+00 0.000000000000000000e+00
2.460000000000000000e+02 9.448109999999999786e+00 8.701940000000000452e+00 0.000000000000000000e+00
2.470000000000000000e+02 1.111499000000000059e+01 7.401709999999999567e+00 0.000000000000000000e+00
2.480000000000000000e+02 9.910299999999999443e+00 1.078739000000000026e+01 0.000000000000000000e+00
2.490000000000000000e+02 1.016590000000000060e+01 1.290759000000000079e+01 0.000000000000000000e+00
2.500000000000000000e+02 7.355070000000000441e+00 1.772288999999999959e+01 0.000000000000000000e+00
2.510000000000000000e+02 5.618759999999999977e+00 1.903303999999999974e+01 0.000000000000000000e+00
2.520000000000000000e+02 6.985030000000000072e+00 -1.768175000000000097e+01 0.000000000000000000e+00
2.530000000000000000e+02 8.911390000000000811e+00 -1.234403999999999968e+01 0.000000000000000000e+00
2.540000000000000000e+02 1.104791999999999952e+01 -1.268504000000000076e+01 0.000000000000000000e+00
2.550000000000000000e+02 1.394600999999999935e+01 -9.432779999999999276e+00 0.000000000000000000e+00
2.560000000000000000e+02 1.319780000000000086e+01 -7.366349999999999731e+00 0.000000000000000000e+00
2.570000000000000000e+02 1.434098999999999968e+01 -5.524589999999999890e+00 0.000000000000000000e+00
2.580000000000000000e+02 1.243580000000000041e+01 -4.484580000000000233e+00 0.000000000000000000e+00
2.590000000000000000e+02 1.127138000000000062e+01 -2.568470000000000031e+00 0.000000000000000000e+00
2.600000000000000000e+02 1.157074000000000069e+01 -4.422300000000000120e-01 0.000000000000000000e+00
2.610000000000000000e+02 1.201548000000000016e+01 1.698579999999999979e+00 0.000000000000000000e+00
2.620000000000000000e+02 1.398323000000000071e+01 2.383560000000000123e+00 0.000000000000000000e+00
2.630000000000000000e+02 1.430555000000000021e+01 4.655389999999999695e+00 0.000000000000000000e+00
2.640000000000000000e+02 1.272292999999999985e+01 6.037079999999999558e+00 0.000000000000000000e+00
2.650000000000000000e+02 1.482671999999999990e+01 6.684359999999999857e+00 0.000000000000000000e+00
2.660000000000000000e+02 1.158951000000000064e+01 9.413190000000000168e+00 0.000000000000000000e+00
2.670000000000000000e+02 1.186100000000000065e+01 1.161439000000000021e+01 0.000000000000000000e+00
2.680000000000000000e+02 1.080363000000000007e+01 1.487601000000000084e+01 0.000000000000000000e+00
2.690000000000000000e+02 8.989959999999999951e+00 1.622582999999999842e+01 0.000000000000000000e+00
2.700000000000000000e+02 9.578969999999999985e+00 -1.430250999999999983e+01 0.000000000000000000e+00
2.710000000000000000e+02 1.171777999999999942e+01 -1.468337000000000003e+01 0.000000000000000000e+00
2.720000000000000000e+02 1.265451999999999977e+01 -1.106343999999999994e+01 0.000000000000000000e+00
2.730000000000000000e+02 1.597865000000000002e+01 -9.844060000000000699e+00 0.000000000000000000e+00
2.740000000000000000e+02 1.523780000000000001e+01 -7.774040000000000283e+00 0.000000000000000000e+00
2.750000000000000000e+02 1.647738999999999976e+01 -5.364480000000000359e+00 0.000000000000000000e+00
2.760000000000000000e+02 1.455428999999999995e+01 -3.421759999999999913e+00 0.000000000000000000e+00
2.770000000000000000e+02 1.318089999999999939e+01 -1.783060000000000089e+00 0.000000000000000000e+00
2.780000000000000000e+02 1.517112000000000016e+01 -1.158009999999999984e+00 0.000000000000000000e+00
2.790000000000000000e+02 1.361185000000000045e+01 3.179000000000000159e-01 0.000000000000000000e+00
2.800000000000000000e+02 1.807141999999999982e+01 4.132380000000000386e+00 0.000000000000000000e+00
2.810000000000000000e+02 1.603892000000000095e+01 3.104760000000000186e+00 0.000000000000000000e+00
2.820000000000000000e+02 1.684333000000000169e+01 7.784220000000000361e+00 0.000000000000000000e+00
2.830000000000000000e+02 1.526157000000000075e+01 9.180279999999999774e+00 0.000000000000000000e+00
2.840000000000000000e+02 1.338639000000000046e+01 8.171810000000000684e+00 0.000000000000000000e+00
2.850000000000000000e+02 1.350763000000000069e+01 1.026871000000000045e+01 0.000000000000000000e+00
2.860000000000000000e+02 1.415935999999999950e+01 1.234427999999999948e+01 0.000000000000000000e+00
2.870000000000000000e+02 1.253040000000000020e+01 1.369890000000000008e+01 0.000000000000000000e+00
2.880000000000000000e+02 1.032000999999999991e+01 -1.646651999999999916e+01 0.000000000000000000e+00
2.890000000000000000e+02 1.330329000000000050e+01 -1.331028000000000056e+01 0.000000000000000000e+00
2.900000000000000000e+02 1.472530000000000072e+01 -1.151581000000000010e+01 0.000000000000000000e+00
2.910000000000000000e+02 1.732722000000000051e+01 -7.867499999999999716e+00 0.000000000000000000e+00
2.920000000000000000e+02 1.848932999999999893e+01 -4.667500000000000426e+00 0.000000000000000000e+00
2.930000000000000000e+02 1.903544000000000125e+01 -1.886749999999999927e+00 0.000000000000000000e+00
2.940000000000000000e+02 1.721271000000000129e+01 -6.244699999999999696e-01 0.000000000000000000e+00
2.950000000000000000e+02 1.662887999999999877e+01 -3.152940000000000076e+00 0.000000000000000000e+00
2.960000000000000000e+02 1.773530999999999835e+01 1.541039999999999965e+00 0.000000000000000000e+00
2.970000000000000000e+02 1.568792000000000009e+01 8.734399999999999942e-01 0.000000000000000000e+00
2.980000000000000000e+02 1.971338000000000079e+01 2.225690000000000168e+00 0.000000000000000000e+00
2.990000000000000000e+02 1.633029000000000153e+01 5.235899999999999999e+00 0.000000000000000000e+00
