0.000000000000000000e+00 -1.259493999999999936e+01 -1.537837000000000032e+01 0.000000000000000000e+00
1.000000000000000000e+00 -1.380139999999999922e+01 -1.364807000000000059e+01 0.000000000000000000e+00
2.000000000000000000e+00 -1.470903999999999989e+01 -1.176529000000000025e+01 0.000000000000000000e+00
3.000000000000000000e+00 -1.569363000000000063e+01 -9.851620000000000488e+00 0.000000000000000000e+00
4.000000000000000000e+00 -1.699398000000000053e+01 -8.125009999999999621e+00 0.000000000000000000e+00
5.000000000000000000e+00 -1.812784999999999869e+01 -6.143189999999999706e+00 0.000000000000000000e+00
6.000000000000000000e+00 -1.667118999999999929e+01 -4.362269999999999648e+00 0.000000000000000000e+00
7.000000000000000000e+00 -1.802871000000000024e+01 -2.368050000000000210e+00 0.000000000000000000e+00
8.000000000000000000e+00 -1.933993999999999858e+01 -5.732199999999999518e-01 0.000000000000000000e+00
9.000000000000000000e+00 -1.791816000000000031e+01 1.571239999999999970e+00 0.000000000000000000e+00
1.000000000000000000e+01 -1.884874999999999901e+01 3.461349999999999927e+00 0.000000000000000000e+00
1.100000000000000000e+01 -1.757976000000000028e+01 5.125580000000000247e+00 0.000000000000000000e+00
1.200000000000000000e+01 -1.650168999999999997e+01 6.904609999999999914e+00 0.000000000000000000e+00
1.300000000000000000e+01 -1.745882999999999896e+01 8.927039999999999864e+00 0.000000000000000000e+00
1.400000000000000000e+01 -1.535313999999999979e+01 8.735010000000000829e+00 0.000000000000000000e+00
1.500000000000000000e+01 -1.628962999999999894e+01 1.064966000000000079e+01 0.000000000000000000e+00
1.600000000000000000e+01 -1.514170999999999978e+01 1.246859000000000073e+01 0.000000000000000000e+00
1.700000000000000000e+01 -1.406933000000000078e+01 1.431511000000000067e+01 0.000000000000000000e+00
1.800000000000000000e+01 -1.042589000000000077e+01 -1.537933999999999912e+01 0.000000000000000000e+00
1.900000000000000000e+01 -1.147461000000000020e+01 -1.359262999999999977e+01 0.000000000000000000e+00
2.000000000000000000e+01 -1.256173000000000073e+01 -1.181220000000000070e+01 0.000000000000000000e+00
2.100000000000000000e+01 -1.358341000000000065e+01 -9.860179999999999723e+00 0.000000000000000000e+00
2.200000000000000000e+01 -1.460116000000000014e+01 -8.068400000000000460e+00 0.000000000000000000e+00
2.300000000000000000e+01 -1.584801000000000037e+01 -6.266280000000000072e+00 0.000000000000000000e+00
2.400000000000000000e+01 -1.457142999999999944e+01 -4.397920000000000051e+00 0.000000000000000000e+00
2.500000000000000000e+01 -1.559420000000000073e+01 -2.575380000000000003e+00 0.000000000000000000e+00
2.600000000000000000e+01 -1.704004000000000119e+01 -4.603099999999999969e-01 0.000000000000000000e+00
2.700000000000000000e+01 -1.566686999999999941e+01 1.261139999999999928e+00 0.000000000000000000e+00
2.800000000000000000e+01 -1.656338999999999828e+01 3.233429999999999804e+00 0.000000000000000000e+00
2.900000000000000000e+01 -1.549848000000000070e+01 5.101770000000000138e+00 0.000000000000000000e+00
3.000000000000000000e+01 -1.439737000000000045e+01 6.860100000000000087e+00 0.000000000000000000e+00
3.100000000000000000e+01 -1.328539999999999921e+01 8.712759999999999394e+00 0.000000000000000000e+00
3.200000000000000000e+01 -1.422308999999999912e+01 1.059483999999999959e+01 0.000000000000000000e+00
3.300000000000000000e+01 -1.305491999999999919e+01 1.231452999999999953e+01 0.000000000000000000e+00
3.400000000000000000e+01 -1.188068999999999953e+01 1.422226999999999997e+01 0.000000000000000000e+00
3.500000000000000000e+01 -1.082540999999999976e+01 1.605511999999999873e+01 0.000000000000000000e+00
3.600000000000000000e+01 -9.297700000000000742e+00 -1.721089999999999876e+01 0.000000000000000000e+00
3.700000000000000000e+01 -9.311849999999999739e+00 -1.362208000000000041e+01 0.000000000000000000e+00
3.800000000000000000e+01 -1.046710000000000029e+01 -1.167938999999999972e+01 0.000000000000000000e+00
3.900000000000000000e+01 -1.149540000000000006e+01 -9.874629999999999797e+00 0.000000000000000000e+00
4.000000000000000000e+01 -1.247855999999999987e+01 -8.039229999999999876e+00 0.000000000000000000e+00
4.100000000000000000e+01 -1.355104000000000042e+01 -6.276080000000000325e+00 0.000000000000000000e+00
4.200000000000000000e+01 -1.249762999999999913e+01 -4.474420000000000286e+00 0.000000000000000000e+00
4.300000000000000000e+01 -1.353364999999999974e+01 -2.599749999999999783e+00 0.000000000000000000e+00
4.400000000000000000e+01 -1.462745999999999924e+01 -5.731699999999999573e-01 0.000000000000000000e+00
4.500000000000000000e+01 -1.348218999999999923e+01 1.271460000000000035e+00 0.000000000000000000e+00
4.600000000000000000e+01 -1.449156999999999940e+01 3.162360000000000060e+00 0.000000000000000000e+00
4.700000000000000000e+01 -1.342642999999999986e+01 5.033850000000000158e+00 0.000000000000000000e+00
4.800000000000000000e+01 -1.224291000000000018e+01 6.829930000000000057e+00 0.000000000000000000e+00
4.900000000000000000e+01 -1.109778999999999982e+01 8.599249999999999616e+00 0.000000000000000000e+00
5.000000000000000000e+01 -1.204397999999999946e+01 1.046111999999999931e+01 0.000000000000000000e+00
5.100000000000000000e+01 -1.097475000000000023e+01 1.228548999999999936e+01 0.000000000000000000e+00
5.200000000000000000e+01 -9.749010000000000176e+00 1.399890000000000079e+01 0.000000000000000000e+00
5.300000000000000000e+01 -8.572969999999999757e+00 1.569205999999999968e+01 0.000000000000000000e+00
5.400000000000000000e+01 -6.805270000000000152e+00 -1.729652000000000100e+01 0.000000000000000000e+00
5.500000000000000000e+01 -8.094950000000000756e+00 -1.546241999999999983e+01 0.000000000000000000e+00
5.600000000000000000e+01 -8.335240000000000649e+00 -1.175367999999999924e+01 0.000000000000000000e+00
5.700000000000000000e+01 -9.405020000000000380e+00 -9.903840000000000643e+00 0.000000000000000000e+00
5.800000000000000000e+01 -1.038053000000000026e+01 -8.079399999999999693e+00 0.000000000000000000e+00
5.900000000000000000e+01 -1.141915999999999976e+01 -6.231530000000000236e+00 0.000000000000000000e+00
6.000000000000000000e+01 -1.036805000000000021e+01 -4.404849999999999710e+00 0.000000000000000000e+00
6.100000000000000000e+01 -1.144699999999999918e+01 -2.612369999999999859e+00 0.000000000000000000e+00
6.200000000000000000e+01 -1.250123999999999924e+01 -8.222699999999999454e-01 0.000000000000000000e+00
6.300000000000000000e+01 -1.141578999999999944e+01 1.162320000000000020e+00 0.000000000000000000e+00
6.400000000000000000e+01 -1.241680000000000028e+01 3.137030000000000207e+00 0.000000000000000000e+00
6.500000000000000000e+01 -1.133393000000000050e+01 4.947479999999999656e+00 0.000000000000000000e+00
6.600000000000000000e+01 -1.010646000000000022e+01 6.726379999999999804e+00 0.000000000000000000e+00
6.700000000000000000e+01 -9.004009999999999181e+00 8.503740000000000521e+00 0.000000000000000000e+00
6.800000000000000000e+01 -9.910869999999999180e+00 1.036834999999999951e+01 0.000000000000000000e+00
6.900000000000000000e+01 -8.717840000000000700e+00 1.211997999999999998e+01 0.000000000000000000e+00
7.000000000000000000e+01 -7.491299999999999848e+00 1.393687000000000076e+01 0.000000000000000000e+00
7.100000000000000000e+01 -7.727289999999999992e+00 1.760115000000000052e+01 0.000000000000000000e+00
7.200000000000000000e+01 -4.228939999999999699e+00 -1.698984000000000094e+01 0.000000000000000000e+00
7.300000000000000000e+01 -5.943979999999999819e+00 -1.535210000000000008e+01 0.000000000000000000e+00
7.400000000000000000e+01 -7.170720000000000205e+00 -1.361219999999999963e+01 0.000000000000000000e+00
7.500000000000000000e+01 -7.325160000000000338e+00 -9.911440000000000694e+00 0.000000000000000000e+00
7.600000000000000000e+01 -8.311870000000000758e+00 -8.069530000000000314e+00 0.000000000000000000e+00
7.700000000000000000e+01 -9.321279999999999788e+00 -6.200059999999999683e+00 0.000000000000000000e+00
7.800000000000000000e+01 -8.277530000000000499e+00 -4.386660000000000004e+00 0.000000000000000000e+00
7.900000000000000000e+01 -9.384700000000000486e+00 -2.574460000000000193e+00 0.000000000000000000e+00
8.000000000000000000e+01 -1.043619999999999948e+01 -6.946200000000000152e-01 0.000000000000000000e+00
8.100000000000000000e+01 -9.303819999999999979e+00 1.166889999999999983e+00 0.000000000000000000e+00
8.200000000000000000e+01 -1.029454999999999920e+01 3.020700000000000163e+00 0.000000000000000000e+00
8.300000000000000000e+01 -9.217810000000000059e+00 4.796619999999999884e+00 0.000000000000000000e+00
8.400000000000000000e+01 -8.026889999999999858e+00 6.679100000000000037e+00 0.000000000000000000e+00
8.500000000000000000e+01 -6.848250000000000171e+00 8.408849999999999270e+00 0.000000000000000000e+00
8.600000000000000000e+01 -7.814560000000000173e+00 1.026243000000000016e+01 0.000000000000000000e+00
8.700000000000000000e+01 -6.662239999999999718e+00 1.204091000000000022e+01 0.000000000000000000e+00
8.800000000000000000e+01 -6.438170000000000393e+00 1.580847999999999942e+01 0.000000000000000000e+00
8.900000000000000000e+01 -5.271379999999999733e+00 1.974251999999999896e+01 0.000000000000000000e+00
9.000000000000000000e+01 -3.355719999999999814e+00 -1.889767000000000152e+01 0.000000000000000000e+00
9.100000000000000000e+01 -3.395779999999999799e+00 -1.504926999999999992e+01 0.000000000000000000e+00
9.200000000000000000e+01 -4.914780000000000371e+00 -1.353210999999999942e+01 0.000000000000000000e+00
9.300000000000000000e+01 -6.177819999999999645e+00 -1.162856000000000023e+01 0.000000000000000000e+00
9.400000000000000000e+01 -6.155319999999999681e+00 -8.060290000000000177e+00 0.000000000000000000e+00
9.500000000000000000e+01 -7.168009999999999771e+00 -6.250720000000000276e+00 0.000000000000000000e+00
9.600000000000000000e+01 -7.212279999999999802e+00 -2.545549999999999979e+00 0.000000000000000000e+00
9.700000000000000000e+01 -6.256809999999999761e+00 -7.210499999999999687e-01 0.000000000000000000e+00
9.800000000000000000e+01 -8.328569999999999141e+00 -7.961000000000000298e-01 0.000000000000000000e+00
9.900000000000000000e+01 -7.213919999999999888e+00 1.106249999999999956e+00 0.000000000000000000e+00
1.000000000000000000e+02 -8.173970000000000624e+00 2.953209999999999891e+00 0.000000000000000000e+00
1.010000000000000000e+02 -7.151410000000000267e+00 4.804800000000000182e+00 0.000000000000000000e+00
1.020000000000000000e+02 -5.968270000000000408e+00 6.514649999999999608e+00 0.000000000000000000e+00
1.030000000000000000e+02 -4.619589999999999641e+00 8.202009999999999579e+00 0.000000000000000000e+00
1.040000000000000000e+02 -5.615879999999999761e+00 1.012505999999999950e+01 0.000000000000000000e+00
1.050000000000000000e+02 -5.355839999999999712e+00 1.385427999999999926e+01 0.000000000000000000e+00
1.060000000000000000e+02 -5.450289999999999857e+00 1.763001999999999825e+01 0.000000000000000000e+00
1.070000000000000000e+02 -3.188930000000000042e+00 1.742617999999999867e+01 0.000000000000000000e+00
1.080000000000000000e+02 -2.016480000000000050e+00 -1.672519000000000133e+01 0.000000000000000000e+00
1.090000000000000000e+02 -2.523439999999999905e+00 -1.318112999999999957e+01 0.000000000000000000e+00
1.100000000000000000e+02 -4.038960000000000328e+00 -1.162280999999999942e+01 0.000000000000000000e+00
1.110000000000000000e+02 -4.892389999999999795e+00 -9.700340000000000629e+00 0.000000000000000000e+00
1.120000000000000000e+02 -3.707549999999999901e+00 -7.656170000000000364e+00 0.000000000000000000e+00
1.130000000000000000e+02 -5.105559999999999654e+00 -6.118999999999999773e+00 0.000000000000000000e+00
1.140000000000000000e+02 -6.181189999999999962e+00 -4.345469999999999722e+00 0.000000000000000000e+00
1.150000000000000000e+02 -5.103580000000000005e+00 -2.539730000000000043e+00 0.000000000000000000e+00
1.160000000000000000e+02 -4.121760000000000090e+00 -7.222199999999999731e-01 0.000000000000000000e+00
1.170000000000000000e+02 -5.145199999999999996e+00 1.058540000000000036e+00 0.000000000000000000e+00
1.180000000000000000e+02 -6.110070000000000334e+00 2.922559999999999825e+00 0.000000000000000000e+00
1.190000000000000000e+02 -4.930390000000000050e+00 4.640130000000000088e+00 0.000000000000000000e+00
1.200000000000000000e+02 -3.667149999999999910e+00 6.363150000000000084e+00 0.000000000000000000e+00
1.210000000000000000e+02 -3.537009999999999987e+00 1.005640000000000001e+01 0.000000000000000000e+00
1.220000000000000000e+02 -4.511370000000000324e+00 1.190244000000000035e+01 0.000000000000000000e+00
1.230000000000000000e+02 -3.252320000000000100e+00 1.365455000000000041e+01 0.000000000000000000e+00
1.240000000000000000e+02 -4.226340000000000430e+00 1.558489999999999931e+01 0.000000000000000000e+00
1.250000000000000000e+02 -8.365899999999999448e-01 1.722050000000000125e+01 0.000000000000000000e+00
1.260000000000000000e+02 -3.238500000000000267e-01 -1.845758999999999972e+01 0.000000000000000000e+00
1.270000000000000000e+02 -1.090090000000000003e+00 -1.466389999999999993e+01 0.000000000000000000e+00
1.280000000000000000e+02 -1.972669999999999924e+00 -1.118551000000000073e+01 0.000000000000000000e+00
1.290000000000000000e+02 -2.071050000000000058e+00 -9.116110000000000824e+00 0.000000000000000000e+00
1.300000000000000000e+02 -1.450700000000000101e+00 -7.102829999999999977e+00 0.000000000000000000e+00
1.310000000000000000e+02 -2.969879999999999853e+00 -5.702560000000000073e+00 0.000000000000000000e+00
1.320000000000000000e+02 -3.289540000000000131e+00 -3.624010000000000176e+00 0.000000000000000000e+00
1.330000000000000000e+02 -2.263020000000000032e+00 -1.771320000000000006e+00 0.000000000000000000e+00
1.340000000000000000e+02 -2.122780000000000111e+00 3.301999999999999935e-01 0.000000000000000000e+00
1.350000000000000000e+02 -1.922679999999999945e+00 2.385670000000000179e+00 0.000000000000000000e+00
1.360000000000000000e+02 -3.980550000000000033e+00 2.766109999999999847e+00 0.000000000000000000e+00
1.370000000000000000e+02 -2.722490000000000077e+00 4.396729999999999805e+00 0.000000000000000000e+00
1.380000000000000000e+02 -2.531359999999999832e+00 8.113559999999999661e+00 0.000000000000000000e+00
1.390000000000000000e+02 -1.381229999999999958e+00 9.918169999999999931e+00 0.000000000000000000e+00
1.400000000000000000e+02 -2.339389999999999858e+00 1.176002000000000081e+01 0.000000000000000000e+00
1.410000000000000000e+02 -1.141720000000000068e+00 1.345926000000000045e+01 0.000000000000000000e+00
1.420000000000000000e+02 -2.115559999999999885e+00 1.558750000000000036e+01 0.000000000000000000e+00
1.430000000000000000e+02 -1.540629999999999944e+00 1.921150000000000091e+01 0.000000000000000000e+00
1.440000000000000000e+02 2.203570000000000029e+00 -1.744203999999999866e+01 0.000000000000000000e+00
1.450000000000000000e+02 4.036399999999999988e-01 -1.637052999999999869e+01 0.000000000000000000e+00
1.460000000000000000e+02 -4.374100000000000210e-01 -1.267403000000000013e+01 0.000000000000000000e+00
1.470000000000000000e+02 5.104999999999999816e-02 -1.058755999999999986e+01 0.000000000000000000e+00
1.480000000000000000e+02 9.093999999999999306e-02 -8.500569999999999737e+00 0.000000000000000000e+00
1.490000000000000000e+02 5.322400000000000464e-01 -6.458700000000000330e+00 0.000000000000000000e+00
1.500000000000000000e+02 -9.942299999999999471e-01 -5.081129999999999924e+00 0.000000000000000000e+00
1.510000000000000000e+02 -5.986000000000000210e-01 -3.000770000000000159e+00 0.000000000000000000e+00
1.520000000000000000e+02 -3.739899999999999891e-01 -9.281199999999999450e-01 0.000000000000000000e+00
1.530000000000000000e+02 -1.757700000000000096e-01 1.198239999999999972e+00 0.000000000000000000e+00
1.540000000000000000e+02 -9.261999999999999400e-02 3.368970000000000020e+00 0.000000000000000000e+00
1.550000000000000000e+02 3.095100000000000073e-01 5.416879999999999917e+00 0.000000000000000000e+00
1.560000000000000000e+02 -1.594740000000000046e+00 6.189339999999999620e+00 0.000000000000000000e+00
1.570000000000000000e+02 7.133500000000000396e-01 9.710509999999999309e+00 0.000000000000000000e+00
1.580000000000000000e+02 -2.069999999999999792e-03 1.167469000000000001e+01 0.000000000000000000e+00
1.590000000000000000e+02 1.128009999999999957e+00 1.347804999999999964e+01 0.000000000000000000e+00
1.600000000000000000e+02 2.738000000000000156e-02 1.525404999999999944e+01 0.000000000000000000e+00
1.610000000000000000e+02 1.080430000000000001e+00 1.834049999999999869e+01 0.000000000000000000e+00
1.620000000000000000e+02 1.760040000000000049e+00 -1.965411999999999892e+01 0.000000000000000000e+00
1.630000000000000000e+02 1.147499999999999964e+00 -1.422996999999999979e+01 0.000000000000000000e+00
1.640000000000000000e+02 1.662840000000000096e+00 -1.194220999999999933e+01 0.000000000000000000e+00
1.650000000000000000e+02 1.907909999999999995e+00 -9.672539999999999694e+00 0.000000000000000000e+00
1.660000000000000000e+02 2.331490000000000062e+00 -7.610619999999999941e+00 0.000000000000000000e+00
1.670000000000000000e+02 2.701700000000000212e+00 -5.575569999999999915e+00 0.000000000000000000e+00
1.680000000000000000e+02 9.905699999999999505e-01 -4.353699999999999903e+00 0.000000000000000000e+00
1.690000000000000000e+02 1.302710000000000035e+00 -2.163209999999999855e+00 0.000000000000000000e+00
1.700000000000000000e+02 3.236139999999999795e+00 -1.398819999999999952e+00 0.000000000000000000e+00
1.710000000000000000e+02 1.545830000000000037e+00 -7.993000000000000105e-02 0.000000000000000000e+00
1.720000000000000000e+02 1.790040000000000076e+00 1.980169999999999986e+00 0.000000000000000000e+00
1.730000000000000000e+02 2.024830000000000130e+00 4.045779999999999710e+00 0.000000000000000000e+00
1.740000000000000000e+02 3.545999999999999847e-02 7.760970000000000368e+00 0.000000000000000000e+00
1.750000000000000000e+02 2.360139999999999905e+00 8.250840000000000174e+00 0.000000000000000000e+00
1.760000000000000000e+02 2.723869999999999791e+00 1.038915000000000077e+01 0.000000000000000000e+00
1.770000000000000000e+02 2.946400000000000130e+00 1.246833999999999953e+01 0.000000000000000000e+00
1.780000000000000000e+02 1.793779999999999930e+00 1.637639000000000067e+01 0.000000000000000000e+00
1.790000000000000000e+02 5.167500000000000426e-01 2.045759999999999934e+01 0.000000000000000000e+00
1.800000000000000000e+02 4.536400000000000432e+00 -1.876522999999999897e+01 0.000000000000000000e+00
1.810000000000000000e+02 2.849139999999999784e+00 -1.540872000000000064e+01 0.000000000000000000e+00
1.820000000000000000e+02 3.250090000000000146e+00 -1.336844999999999928e+01 0.000000000000000000e+00
1.830000000000000000e+02 3.567600000000000104e+00 -1.109991999999999912e+01 0.000000000000000000e+00
1.840000000000000000e+02 3.978099999999999969e+00 -8.961180000000000589e+00 0.000000000000000000e+00
1.850000000000000000e+02 4.290130000000000443e+00 -6.911920000000000286e+00 0.000000000000000000e+00
1.860000000000000000e+02 4.646209999999999951e+00 -4.789360000000000284e+00 0.000000000000000000e+00
1.870000000000000000e+02 2.959659999999999958e+00 -3.511239999999999917e+00 0.000000000000000000e+00
1.880000000000000000e+02 5.155669999999999753e+00 -5.868100000000000538e-01 0.000000000000000000e+00
1.890000000000000000e+02 3.483659999999999979e+00 7.233300000000000285e-01 0.000000000000000000e+00
1.900000000000000000e+02 3.748460000000000125e+00 2.814620000000000122e+00 0.000000000000000000e+00
1.910000000000000000e+02 4.031979999999999897e+00 4.961240000000000094e+00 0.000000000000000000e+00
1.920000000000000000e+02 2.326169999999999849e+00 6.106679999999999886e+00 0.000000000000000000e+00
1.930000000000000000e+02 4.445529999999999760e+00 9.186690000000000467e+00 0.000000000000000000e+00
1.940000000000000000e+02 4.741780000000000328e+00 1.126285999999999987e+01 0.000000000000000000e+00
1.950000000000000000e+02 2.939130000000000020e+00 1.460012000000000043e+01 0.000000000000000000e+00
1.960000000000000000e+02 3.808809999999999807e+00 1.718415999999999855e+01 0.000000000000000000e+00
1.970000000000000000e+02 3.042969999999999953e+00 1.913626999999999967e+01 0.000000000000000000e+00
1.980000000000000000e+02 4.535630000000000273e+00 -1.661245999999999867e+01 0.000000000000000000e+00
1.990000000000000000e+02 4.974099999999999966e+00 -1.459582999999999942e+01 0.000000000000000000e+00
2.000000000000000000e+02 5.287390000000000256e+00 -1.250866000000000078e+01 0.000000000000000000e+00
2.010000000000000000e+02 5.577820000000000000e+00 -1.036359999999999992e+01 0.000000000000000000e+00
2.020000000000000000e+02 5.898679999999999701e+00 -8.231310000000000571e+00 0.000000000000000000e+00
2.030000000000000000e+02 6.255989999999999718e+00 -6.151229999999999976e+00 0.000000000000000000e+00
2.040000000000000000e+02 6.595349999999999824e+00 -3.912949999999999928e+00 0.000000000000000000e+00
2.050000000000000000e+02 4.930819999999999759e+00 -2.708369999999999944e+00 0.000000000000000000e+00
2.060000000000000000e+02 6.833549999999999791e+00 -1.823399999999999910e+00 0.000000000000000000e+00
2.070000000000000000e+02 5.409460000000000157e+00 1.568489999999999940e+00 0.000000000000000000e+00
2.080000000000000000e+02 5.650489999999999569e+00 3.653779999999999806e+00 0.000000000000000000e+00
2.090000000000000000e+02 6.012229999999999741e+00 5.687030000000000030e+00 0.000000000000000000e+00
2.100000000000000000e+02 4.172150000000000247e+00 7.098119999999999763e+00 0.000000000000000000e+00
2.110000000000000000e+02 6.140990000000000393e+00 7.798630000000000173e+00 0.000000000000000000e+00
2.120000000000000000e+02 6.419240000000000279e+00 1.000103999999999971e+01 0.000000000000000000e+00
2.130000000000000000e+02 4.828310000000000102e+00 1.344857000000000014e+01 0.000000000000000000e+00
2.140000000000000000e+02 5.052310000000000301e+00 1.551332000000000022e+01 0.000000000000000000e+00
2.150000000000000000e+02 5.768489999999999895e+00 1.826921000000000106e+01 0.000000000000000000e+00
2.160000000000000000e+02 6.509800000000000253e+00 -1.783871999999999858e+01 0.000000000000000000e+00
2.170000000000000000e+02 6.791170000000000151e+00 -1.578880000000000017e+01 0.000000000000000000e+00
2.180000000000000000e+02 7.056820000000000093e+00 -1.372138999999999953e+01 0.000000000000000000e+00
2.190000000000000000e+02 7.276099999999999568e+00 -1.163039999999999985e+01 0.000000000000000000e+00
2.200000000000000000e+02 7.570940000000000225e+00 -9.520699999999999719e+00 0.000000000000000000e+00
2.210000000000000000e+02 7.958680000000000199e+00 -7.479289999999999772e+00 0.000000000000000000e+00
2.220000000000000000e+02 8.143380000000000507e+00 -5.301980000000000359e+00 0.000000000000000000e+00
2.230000000000000000e+02 8.549830000000000041e+00 -3.108290000000000219e+00 0.000000000000000000e+00
2.240000000000000000e+02 8.790820000000000078e+00 -9.724099999999999966e-01 0.000000000000000000e+00
2.250000000000000000e+02 7.069099999999999717e+00 2.727100000000000080e-01 0.000000000000000000e+00
2.260000000000000000e+02 7.359440000000000204e+00 2.447680000000000078e+00 0.000000000000000000e+00
2.270000000000000000e+02 7.749719999999999942e+00 4.552690000000000126e+00 0.000000000000000000e+00
2.280000000000000000e+02 7.989069999999999894e+00 6.746690000000000076e+00 0.000000000000000000e+00
2.290000000000000000e+02 8.104789999999999495e+00 8.799709999999999255e+00 0.000000000000000000e+00
2.300000000000000000e+02 8.366509999999999891e+00 1.084173000000000009e+01 0.000000000000000000e+00
2.310000000000000000e+02 6.696180000000000021e+00 1.216607999999999912e+01 0.000000000000000000e+00
2.320000000000000000e+02 6.741999999999999993e+00 1.425980000000000025e+01 0.000000000000000000e+00
2.330000000000000000e+02 7.005239999999999689e+00 1.663034999999999997e+01 0.000000000000000000e+00
2.340000000000000000e+02 8.608370000000000744e+00 -1.725268000000000157e+01 0.000000000000000000e+00
2.350000000000000000e+02 8.852050000000000196e+00 -1.503109000000000073e+01 0.000000000000000000e+00
2.360000000000000000e+02 9.059699999999999420e+00 -1.289081000000000010e+01 0.000000000000000000e+00
2.370000000000000000e+02 9.270739999999999981e+00 -1.076915999999999940e+01 0.000000000000000000e+00
2.380000000000000000e+02 9.665810000000000457e+00 -8.724959999999999383e+00 0.000000000000000000e+00
2.390000000000000000e+02 9.883219999999999672e+00 -6.662910000000000110e+00 0.000000000000000000e+00
2.400000000000000000e+02 1.012967000000000084e+01 -4.464480000000000004e+00 0.000000000000000000e+00
2.410000000000000000e+02 1.045635000000000048e+01 -2.194729999999999848e+00 0.000000000000000000e+00
2.420000000000000000e+02 1.076660000000000039e+01 -1.347299999999999887e-01 0.000000000000000000e+00
2.430000000000000000e+02 9.090080000000000382e+00 1.131059999999999954e+00 0.000000000000000000e+00
2.440000000000000000e+02 9.402699999999999392e+00 3.225789999999999935e+00 0.000000000000000000e+00
2.450000000000000000e+02 9.730650000000000688e+00 5.399689999999999657e+00 0.000000000000000000e+00
2.460000000000000000e+02 9.865479999999999805e+00 7.595240000000000435e+00 0.000000000000000000e+00
2.470000000000000000e+02 1.018365999999999971e+01 9.707430000000000447e+00 0.000000000000000000e+00
2.480000000000000000e+02 1.022621999999999964e+01 1.178384999999999927e+01 0.000000000000000000e+00
2.490000000000000000e+02 8.584659999999999513e+00 1.304504999999999981e+01 0.000000000000000000e+00
2.500000000000000000e+02 8.759990000000000165e+00 1.515848000000000084e+01 0.000000000000000000e+00
2.510000000000000000e+02 9.416349999999999554e+00 1.718926000000000087e+01 0.000000000000000000e+00
2.520000000000000000e+02 1.051725000000000065e+01 -1.633999999999999986e+01 0.000000000000000000e+00
2.530000000000000000e+02 1.078401000000000032e+01 -1.422864000000000040e+01 0.000000000000000000e+00
2.540000000000000000e+02 1.095744000000000007e+01 -1.209402000000000044e+01 0.000000000000000000e+00
2.550000000000000000e+02 1.124553000000000047e+01 -1.004499000000000031e+01 0.000000000000000000e+00
2.560000000000000000e+02 1.165884999999999927e+01 -7.997950000000000337e+00 0.000000000000000000e+00
2.570000000000000000e+02 1.175292999999999921e+01 -5.790000000000000036e+00 0.000000000000000000e+00
2.580000000000000000e+02 1.206035999999999930e+01 -3.720439999999999969e+00 0.000000000000000000e+00
2.590000000000000000e+02 1.252877999999999936e+01 -1.669489999999999919e+00 0.000000000000000000e+00
2.600000000000000000e+02 1.285762000000000072e+01 5.574000000000000066e-01 0.000000000000000000e+00
2.610000000000000000e+02 1.107682999999999929e+01 1.915710000000000024e+00 0.000000000000000000e+00
2.620000000000000000e+02 1.130178000000000083e+01 4.052380000000000315e+00 0.000000000000000000e+00
2.630000000000000000e+02 1.159320999999999913e+01 6.422189999999999621e+00 0.000000000000000000e+00
2.640000000000000000e+02 1.358602999999999916e+01 7.196790000000000020e+00 0.000000000000000000e+00
2.650000000000000000e+02 1.184575000000000067e+01 8.480409999999999116e+00 0.000000000000000000e+00
2.660000000000000000e+02 1.211185000000000045e+01 1.053212000000000081e+01 0.000000000000000000e+00
2.670000000000000000e+02 1.241719999999999935e+01 1.262973000000000035e+01 0.000000000000000000e+00
2.680000000000000000e+02 1.056161999999999956e+01 1.381728999999999985e+01 0.000000000000000000e+00
2.690000000000000000e+02 1.105719000000000030e+01 1.583571000000000062e+01 0.000000000000000000e+00
2.700000000000000000e+02 1.247753999999999941e+01 -1.547748999999999953e+01 0.000000000000000000e+00
2.710000000000000000e+02 1.268295999999999957e+01 -1.343155999999999928e+01 0.000000000000000000e+00
2.720000000000000000e+02 1.295567999999999920e+01 -1.129616000000000042e+01 0.000000000000000000e+00
2.730000000000000000e+02 1.332943000000000033e+01 -9.239340000000000330e+00 0.000000000000000000e+00
2.740000000000000000e+02 1.350301999999999936e+01 -7.053429999999999644e+00 0.000000000000000000e+00
2.750000000000000000e+02 1.385003999999999991e+01 -4.897079999999999878e+00 0.000000000000000000e+00
2.760000000000000000e+02 1.607207000000000008e+01 -4.215919999999999668e+00 0.000000000000000000e+00
2.770000000000000000e+02 1.437119000000000035e+01 -2.866309999999999913e+00 0.000000000000000000e+00
2.780000000000000000e+02 1.459106000000000058e+01 -8.029699999999999616e-01 0.000000000000000000e+00
2.790000000000000000e+02 1.480613999999999919e+01 1.501319999999999988e+00 0.000000000000000000e+00
2.800000000000000000e+02 1.296625000000000050e+01 2.809229999999999894e+00 0.000000000000000000e+00
2.810000000000000000e+02 1.317622000000000071e+01 5.027639999999999887e+00 0.000000000000000000e+00
2.820000000000000000e+02 1.515902999999999956e+01 5.679540000000000255e+00 0.000000000000000000e+00
2.830000000000000000e+02 1.556381000000000014e+01 8.010640000000000427e+00 0.000000000000000000e+00
2.840000000000000000e+02 1.380649000000000015e+01 9.280400000000000205e+00 0.000000000000000000e+00
2.850000000000000000e+02 1.580292999999999992e+01 1.016350000000000087e+01 0.000000000000000000e+00
2.860000000000000000e+02 1.416314000000000028e+01 1.150942000000000043e+01 0.000000000000000000e+00
2.870000000000000000e+02 1.283222999999999914e+01 1.468843999999999994e+01 0.000000000000000000e+00
2.880000000000000000e+02 1.452158999999999978e+01 -1.461242999999999981e+01 0.000000000000000000e+00
2.890000000000000000e+02 1.518373000000000062e+01 -1.258005999999999958e+01 0.000000000000000000e+00
2.900000000000000000e+02 1.495499000000000045e+01 -1.049742999999999959e+01 0.000000000000000000e+00
2.910000000000000000e+02 1.528345999999999982e+01 -8.354110000000000369e+00 0.000000000000000000e+00
2.920000000000000000e+02 1.553686000000000078e+01 -6.256429999999999936e+00 0.000000000000000000e+00
2.930000000000000000e+02 1.763907999999999987e+01 -5.807789999999999786e+00 0.000000000000000000e+00
2.940000000000000000e+02 1.842438999999999893e+01 -1.502280000000000060e+00 0.000000000000000000e+00
2.950000000000000000e+02 1.634724999999999895e+01 -2.067009999999999792e+00 0.000000000000000000e+00
2.960000000000000000e+02 1.652918000000000021e+01 2.413700000000000012e-01 0.000000000000000000e+00
2.970000000000000000e+02 1.693892999999999915e+01 2.327700000000000102e+00 0.000000000000000000e+00
2.980000000000000000e+02 1.488662000000000063e+01 3.595639999999999947e+00 0.000000000000000000e+00
2.990000000000000000e+02 1.733669000000000082e+01 5.122729999999999784e+00 0.000000000000000000e+00
