0.000000000000000000e+00 -1.360458999999999996e+01 -1.541663999999999923e+01 0.000000000000000000e+00
1.000000000000000000e+00 -1.467775999999999925e+01 -1.360157000000000060e+01 0.000000000000000000e+00
2.000000000000000000e+00 -1.540199999999999925e+01 -1.159885000000000055e+01 0.000000000000000000e+00
3.000000000000000000e+00 -1.609735999999999834e+01 -9.572649999999999437e+00 0.000000000000000000e+00
4.000000000000000000e+00 -1.679126000000000118e+01 -7.604020000000000223e+00 0.000000000000000000e+00
5.000000000000000000e+00 -1.755704000000000065e+01 -5.355339999999999989e+00 0.000000000000000000e+00
6.000000000000000000e+00 -1.617022000000000048e+01 -3.638520000000000199e+00 0.000000000000000000e+00
7.000000000000000000e+00 -1.827270000000000039e+01 -3.356819999999999915e+00 0.000000000000000000e+00
8.000000000000000000e+00 -1.655683000000000149e+01 -1.436870000000000092e+00 0.000000000000000000e+00
9.000000000000000000e+00 -1.862562000000000140e+01 -1.322710000000000052e+00 0.000000000000000000e+00
1.000000000000000000e+01 -1.705395000000000039e+01 2.529389999999999805e+00 0.000000000000000000e+00
1.100000000000000000e+01 -1.908981999999999957e+01 1.946320000000000050e+00 0.000000000000000000e+00
1.200000000000000000e+01 -1.763899999999999935e+01 6.534790000000000099e+00 0.000000000000000000e+00
1.300000000000000000e+01 -1.859421000000000035e+01 4.164900000000000269e+00 0.000000000000000000e+00
1.400000000000000000e+01 -1.696641999999999939e+01 8.601050000000000750e+00 0.000000000000000000e+00
1.500000000000000000e+01 -1.612584000000000017e+01 1.056978999999999935e+01 0.000000000000000000e+00
1.600000000000000000e+01 -1.547596000000000060e+01 1.263269999999999982e+01 0.000000000000000000e+00
1.700000000000000000e+01 -1.480725999999999942e+01 1.460041999999999973e+01 0.000000000000000000e+00
1.800000000000000000e+01 -1.141409999999999947e+01 -1.618392000000000053e+01 0.000000000000000000e+00
1.900000000000000000e+01 -1.231437999999999988e+01 -1.379963000000000051e+01 0.000000000000000000e+00
2.000000000000000000e+01 -1.332257000000000069e+01 -1.196292000000000044e+01 0.000000000000000000e+00
2.100000000000000000e+01 -1.401966000000000001e+01 -9.862970000000000681e+00 0.000000000000000000e+00
2.200000000000000000e+01 -1.474259999999999948e+01 -7.871830000000000105e+00 0.000000000000000000e+00
2.300000000000000000e+01 -1.535487999999999964e+01 -5.715569999999999595e+00 0.000000000000000000e+00
2.400000000000000000e+01 -1.395124999999999993e+01 -4.183469999999999800e+00 0.000000000000000000e+00
2.500000000000000000e+01 -1.462207000000000079e+01 -2.205140000000000100e+00 0.000000000000000000e+00
2.600000000000000000e+01 -1.532202000000000019e+01 8.668799999999999839e-01 0.000000000000000000e+00
2.700000000000000000e+01 -1.735275000000000034e+01 4.749700000000000033e-01 0.000000000000000000e+00
2.800000000000000000e+01 -1.497316000000000003e+01 3.090199999999999836e+00 0.000000000000000000e+00
2.900000000000000000e+01 -1.626652999999999949e+01 4.739919999999999689e+00 0.000000000000000000e+00
3.000000000000000000e+01 -1.556221000000000032e+01 6.940620000000000012e+00 0.000000000000000000e+00
3.100000000000000000e+01 -1.342279000000000089e+01 7.379319999999999879e+00 0.000000000000000000e+00
3.200000000000000000e+01 -1.478627000000000002e+01 8.971450000000000813e+00 0.000000000000000000e+00
3.300000000000000000e+01 -1.404194000000000031e+01 1.105283999999999978e+01 0.000000000000000000e+00
3.400000000000000000e+01 -1.342412999999999990e+01 1.304770000000000074e+01 0.000000000000000000e+00
3.500000000000000000e+01 -1.273616999999999955e+01 1.517284000000000077e+01 0.000000000000000000e+00
3.600000000000000000e+01 -9.331970000000000098e+00 -1.644097000000000008e+01 0.000000000000000000e+00
3.700000000000000000e+01 -1.028942999999999941e+01 -1.426154000000000011e+01 0.000000000000000000e+00
3.800000000000000000e+01 -1.107534000000000063e+01 -1.215751000000000026e+01 0.000000000000000000e+00
3.900000000000000000e+01 -1.193436999999999948e+01 -1.023478000000000065e+01 0.000000000000000000e+00
4.000000000000000000e+01 -1.259639999999999915e+01 -8.232219999999999871e+00 0.000000000000000000e+00
4.100000000000000000e+01 -1.327067000000000085e+01 -6.214959999999999596e+00 0.000000000000000000e+00
4.200000000000000000e+01 -1.186999999999999922e+01 -4.590040000000000120e+00 0.000000000000000000e+00
4.300000000000000000e+01 -1.260139000000000031e+01 -2.624659999999999993e+00 0.000000000000000000e+00
4.400000000000000000e+01 -1.332756000000000007e+01 -3.423700000000000077e-01 0.000000000000000000e+00
4.500000000000000000e+01 -1.337608999999999959e+01 1.749630000000000019e+00 0.000000000000000000e+00
4.600000000000000000e+01 -1.271423000000000059e+01 3.715110000000000134e+00 0.000000000000000000e+00
4.700000000000000000e+01 -1.403340999999999994e+01 5.366069999999999673e+00 0.000000000000000000e+00
4.800000000000000000e+01 -1.198146999999999984e+01 5.748199999999999754e+00 0.000000000000000000e+00
4.900000000000000000e+01 -1.137975999999999921e+01 7.722690000000000055e+00 0.000000000000000000e+00
5.000000000000000000e+01 -1.268581000000000003e+01 9.446300000000000807e+00 0.000000000000000000e+00
5.100000000000000000e+01 -1.198324999999999996e+01 1.142503999999999920e+01 0.000000000000000000e+00
5.200000000000000000e+01 -1.137940000000000040e+01 1.342756999999999934e+01 0.000000000000000000e+00
5.300000000000000000e+01 -1.060176000000000052e+01 1.544813000000000081e+01 0.000000000000000000e+00
5.400000000000000000e+01 -7.291660000000000252e+00 -1.677408000000000143e+01 0.000000000000000000e+00
5.500000000000000000e+01 -8.059250000000000469e+00 -1.478467999999999982e+01 0.000000000000000000e+00
5.600000000000000000e+01 -9.059950000000000614e+00 -1.255516000000000076e+01 0.000000000000000000e+00
5.700000000000000000e+01 -9.698339999999999961e+00 -1.056905000000000072e+01 0.000000000000000000e+00
5.800000000000000000e+01 -1.049582000000000015e+01 -8.652100000000000790e+00 0.000000000000000000e+00
5.900000000000000000e+01 -1.125310999999999950e+01 -6.635379999999999612e+00 0.000000000000000000e+00
6.000000000000000000e+01 -9.779339999999999478e+00 -4.907189999999999941e+00 0.000000000000000000e+00
6.100000000000000000e+01 -8.433279999999999887e+00 -3.315539999999999932e+00 0.000000000000000000e+00
6.200000000000000000e+01 -1.057211999999999996e+01 -2.960649999999999782e+00 0.000000000000000000e+00
6.300000000000000000e+01 -1.131821000000000055e+01 -9.935399999999999787e-01 0.000000000000000000e+00
6.400000000000000000e+01 -1.133620999999999945e+01 2.113700000000000134e+00 0.000000000000000000e+00
6.500000000000000000e+01 -1.062937999999999938e+01 4.078630000000000422e+00 0.000000000000000000e+00
6.600000000000000000e+01 -9.902269999999999683e+00 6.087080000000000268e+00 0.000000000000000000e+00
6.700000000000000000e+01 -9.302429999999999310e+00 8.088039999999999452e+00 0.000000000000000000e+00
6.800000000000000000e+01 -1.062021000000000015e+01 9.776849999999999596e+00 0.000000000000000000e+00
6.900000000000000000e+01 -9.897209999999999397e+00 1.171396000000000015e+01 0.000000000000000000e+00
7.000000000000000000e+01 -9.127530000000000143e+00 1.371012999999999948e+01 0.000000000000000000e+00
7.100000000000000000e+01 -8.406219999999999359e+00 1.566999000000000031e+01 0.000000000000000000e+00
7.200000000000000000e+01 -5.061099999999999710e+00 -1.696189999999999998e+01 0.000000000000000000e+00
7.300000000000000000e+01 -5.979390000000000427e+00 -1.507868999999999993e+01 0.000000000000000000e+00
7.400000000000000000e+01 -6.851720000000000255e+00 -1.298930999999999969e+01 0.000000000000000000e+00
7.500000000000000000e+01 -7.658140000000000391e+00 -1.099505000000000088e+01 0.000000000000000000e+00
7.600000000000000000e+01 -8.410669999999999646e+00 -8.929389999999999716e+00 0.000000000000000000e+00
7.700000000000000000e+01 -9.184210000000000207e+00 -6.926179999999999559e+00 0.000000000000000000e+00
7.800000000000000000e+01 -7.746979999999999755e+00 -5.361449999999999605e+00 0.000000000000000000e+00
7.900000000000000000e+01 -6.346700000000000230e+00 -3.717919999999999892e+00 0.000000000000000000e+00
8.000000000000000000e+01 -8.698399999999999466e+00 -1.269589999999999996e+00 0.000000000000000000e+00
8.100000000000000000e+01 -9.898460000000000036e+00 4.984000000000000097e-01 0.000000000000000000e+00
8.200000000000000000e+01 -9.058820000000000761e+00 2.392640000000000100e+00 0.000000000000000000e+00
8.300000000000000000e+01 -8.566900000000000404e+00 4.516610000000000014e+00 0.000000000000000000e+00
8.400000000000000000e+01 -7.856969999999999565e+00 6.476390000000000313e+00 0.000000000000000000e+00
8.500000000000000000e+01 -7.091440000000000410e+00 8.578979999999999606e+00 0.000000000000000000e+00
8.600000000000000000e+01 -8.500460000000000349e+00 1.019208000000000069e+01 0.000000000000000000e+00
8.700000000000000000e+01 -7.765659999999999563e+00 1.213119999999999976e+01 0.000000000000000000e+00
8.800000000000000000e+01 -6.957290000000000418e+00 1.420997999999999983e+01 0.000000000000000000e+00
8.900000000000000000e+01 -6.037899999999999601e+00 1.842629000000000161e+01 0.000000000000000000e+00
9.000000000000000000e+01 -4.466149999999999842e+00 -1.901811999999999969e+01 0.000000000000000000e+00
9.100000000000000000e+01 -3.919329999999999981e+00 -1.523874999999999957e+01 0.000000000000000000e+00
9.200000000000000000e+01 -4.805719999999999992e+00 -1.336265999999999998e+01 0.000000000000000000e+00
9.300000000000000000e+01 -5.615529999999999688e+00 -1.132957999999999998e+01 0.000000000000000000e+00
9.400000000000000000e+01 -6.341169999999999973e+00 -9.384370000000000545e+00 0.000000000000000000e+00
9.500000000000000000e+01 -7.041409999999999947e+00 -7.367869999999999919e+00 0.000000000000000000e+00
9.600000000000000000e+01 -5.678899999999999615e+00 -5.766460000000000363e+00 0.000000000000000000e+00
9.700000000000000000e+01 -4.847990000000000244e+00 -2.205169999999999852e+00 0.000000000000000000e+00
9.800000000000000000e+01 -6.520260000000000389e+00 -8.581400000000000139e-01 0.000000000000000000e+00
9.900000000000000000e+01 -7.812990000000000101e+00 7.556300000000000239e-01 0.000000000000000000e+00
1.000000000000000000e+02 -7.089010000000000034e+00 2.992960000000000065e+00 0.000000000000000000e+00
1.010000000000000000e+02 -6.450090000000000323e+00 4.963199999999999612e+00 0.000000000000000000e+00
1.020000000000000000e+02 -5.757920000000000371e+00 6.986720000000000041e+00 0.000000000000000000e+00
1.030000000000000000e+02 -5.037510000000000154e+00 8.947279999999999234e+00 0.000000000000000000e+00
1.040000000000000000e+02 -6.355660000000000309e+00 1.053646999999999956e+01 0.000000000000000000e+00
1.050000000000000000e+02 -5.752449999999999619e+00 1.253466000000000058e+01 0.000000000000000000e+00
1.060000000000000000e+02 -6.406460000000000043e+00 1.637762999999999991e+01 0.000000000000000000e+00
1.070000000000000000e+02 -3.399690000000000101e+00 1.870144000000000162e+01 0.000000000000000000e+00
1.080000000000000000e+02 -3.013259999999999827e+00 -1.719024999999999892e+01 0.000000000000000000e+00
1.090000000000000000e+02 -1.492040000000000033e+00 -1.559551000000000087e+01 0.000000000000000000e+00
1.100000000000000000e+02 -2.588630000000000209e+00 -1.359163000000000032e+01 0.000000000000000000e+00
1.110000000000000000e+02 -3.553310000000000191e+00 -1.172738999999999976e+01 0.000000000000000000e+00
1.120000000000000000e+02 -4.180509999999999948e+00 -9.766389999999999461e+00 0.000000000000000000e+00
1.130000000000000000e+02 -4.965720000000000134e+00 -7.825529999999999653e+00 0.000000000000000000e+00
1.140000000000000000e+02 -3.645179999999999865e+00 -6.160269999999999690e+00 0.000000000000000000e+00
1.150000000000000000e+02 -4.310550000000000104e+00 -4.208479999999999777e+00 0.000000000000000000e+00
1.160000000000000000e+02 -4.202449999999999797e+00 -2.295200000000000018e-01 0.000000000000000000e+00
1.170000000000000000e+02 -5.718420000000000059e+00 1.395979999999999999e+00 0.000000000000000000e+00
1.180000000000000000e+02 -5.046590000000000131e+00 3.422330000000000094e+00 0.000000000000000000e+00
1.190000000000000000e+02 -4.393390000000000128e+00 5.427740000000000009e+00 0.000000000000000000e+00
1.200000000000000000e+02 -3.643279999999999852e+00 7.396969999999999601e+00 0.000000000000000000e+00
1.210000000000000000e+02 -2.943789999999999907e+00 9.337699999999999889e+00 0.000000000000000000e+00
1.220000000000000000e+02 -4.304129999999999789e+00 1.093446999999999925e+01 0.000000000000000000e+00
1.230000000000000000e+02 -3.735339999999999883e+00 1.297350999999999921e+01 0.000000000000000000e+00
1.240000000000000000e+02 -4.946340000000000181e+00 1.478139000000000003e+01 0.000000000000000000e+00
1.250000000000000000e+02 -4.286050000000000360e+00 1.677949999999999875e+01 0.000000000000000000e+00
1.260000000000000000e+02 -2.070300000000000029e+00 -1.935134000000000043e+01 0.000000000000000000e+00
1.270000000000000000e+02 -9.118699999999999584e-01 -1.757494000000000156e+01 0.000000000000000000e+00
1.280000000000000000e+02 -3.266399999999999859e-01 -1.386289000000000016e+01 0.000000000000000000e+00
1.290000000000000000e+02 -2.061830000000000052e+00 -1.011716000000000015e+01 0.000000000000000000e+00
1.300000000000000000e+02 -2.852230000000000043e+00 -8.115199999999999747e+00 0.000000000000000000e+00
1.310000000000000000e+02 -1.601669999999999927e+00 -6.450109999999999566e+00 0.000000000000000000e+00
1.320000000000000000e+02 -2.268190000000000150e+00 -3.806150000000000144e+00 0.000000000000000000e+00
1.330000000000000000e+02 -2.813759999999999817e+00 -1.802929999999999922e+00 0.000000000000000000e+00
1.340000000000000000e+02 -2.195590000000000153e+00 2.344100000000000072e-01 0.000000000000000000e+00
1.350000000000000000e+02 -3.670259999999999856e+00 1.883029999999999982e+00 0.000000000000000000e+00
1.360000000000000000e+02 -2.929170000000000051e+00 3.823669999999999902e+00 0.000000000000000000e+00
1.370000000000000000e+02 -2.293239999999999945e+00 5.787849999999999717e+00 0.000000000000000000e+00
1.380000000000000000e+02 -1.599990000000000023e+00 7.750930000000000319e+00 0.000000000000000000e+00
1.390000000000000000e+02 -8.384599999999999831e-01 9.688610000000000610e+00 0.000000000000000000e+00
1.400000000000000000e+02 -2.190479999999999983e+00 1.125860999999999912e+01 0.000000000000000000e+00
1.410000000000000000e+02 -1.495230000000000059e+00 1.328905999999999921e+01 0.000000000000000000e+00
1.420000000000000000e+02 -2.865180000000000060e+00 1.483660000000000068e+01 0.000000000000000000e+00
1.430000000000000000e+02 -2.164709999999999912e+00 1.690033999999999992e+01 0.000000000000000000e+00
1.440000000000000000e+02 8.823999999999999899e-02 -1.951920000000000144e+01 0.000000000000000000e+00
1.450000000000000000e+02 6.237599999999999811e-01 -1.569646999999999970e+01 0.000000000000000000e+00
1.460000000000000000e+02 -1.155189999999999939e+00 -1.196890999999999927e+01 0.000000000000000000e+00
1.470000000000000000e+02 6.199999999999999782e-03 -1.027022000000000013e+01 0.000000000000000000e+00
1.480000000000000000e+02 -8.106100000000000527e-01 -8.362709999999999866e+00 0.000000000000000000e+00
1.490000000000000000e+02 5.294999999999999707e-01 -6.615739999999999732e+00 0.000000000000000000e+00
1.500000000000000000e+02 -4.099300000000000166e-01 -4.751120000000000232e+00 0.000000000000000000e+00
1.510000000000000000e+02 -7.908500000000000529e-01 -1.395420000000000105e+00 0.000000000000000000e+00
1.520000000000000000e+02 -1.860300000000000009e-01 6.443299999999999583e-01 0.000000000000000000e+00
1.530000000000000000e+02 -1.547600000000000087e+00 2.201940000000000008e+00 0.000000000000000000e+00
1.540000000000000000e+02 -8.628400000000000514e-01 4.182220000000000049e+00 0.000000000000000000e+00
1.550000000000000000e+02 -2.378300000000000136e-01 6.199019999999999975e+00 0.000000000000000000e+00
1.560000000000000000e+02 5.504099999999999548e-01 8.154099999999999682e+00 0.000000000000000000e+00
1.570000000000000000e+02 1.275020000000000042e+00 1.011834999999999951e+01 0.000000000000000000e+00
1.580000000000000000e+02 -1.368300000000000072e-01 1.171965999999999930e+01 0.000000000000000000e+00
1.590000000000000000e+02 5.752800000000000136e-01 1.365851999999999933e+01 0.000000000000000000e+00
1.600000000000000000e+02 -8.251800000000000246e-01 1.527078000000000024e+01 0.000000000000000000e+00
1.610000000000000000e+02 -1.016500000000000042e-01 1.727450999999999937e+01 0.000000000000000000e+00
1.620000000000000000e+02 2.964459999999999873e+00 -1.982051999999999836e+01 0.000000000000000000e+00
1.630000000000000000e+02 1.272929999999999895e+00 -1.780637000000000114e+01 0.000000000000000000e+00
1.640000000000000000e+02 1.854749999999999899e+00 -1.400688000000000066e+01 0.000000000000000000e+00
1.650000000000000000e+02 1.006529999999999925e+00 -1.210049000000000063e+01 0.000000000000000000e+00
1.660000000000000000e+02 1.262860000000000094e+00 -8.566620000000000346e+00 0.000000000000000000e+00
1.670000000000000000e+02 2.619320000000000093e+00 -6.773069999999999702e+00 0.000000000000000000e+00
1.680000000000000000e+02 1.649540000000000006e+00 -4.874469999999999636e+00 0.000000000000000000e+00
1.690000000000000000e+02 7.061600000000000099e-01 -2.996059999999999945e+00 0.000000000000000000e+00
1.700000000000000000e+02 1.255670000000000064e+00 -9.823499999999999455e-01 0.000000000000000000e+00
1.710000000000000000e+02 1.898819999999999952e+00 9.778599999999999515e-01 0.000000000000000000e+00
1.720000000000000000e+02 4.939700000000000202e-01 2.605220000000000091e+00 0.000000000000000000e+00
1.730000000000000000e+02 1.183459999999999956e+00 4.593160000000000132e+00 0.000000000000000000e+00
1.740000000000000000e+02 1.908360000000000056e+00 6.564440000000000275e+00 0.000000000000000000e+00
1.750000000000000000e+02 2.815160000000000107e+00 8.595579999999999998e+00 0.000000000000000000e+00
1.760000000000000000e+02 2.036399999999999988e+00 1.217855999999999916e+01 0.000000000000000000e+00
1.770000000000000000e+02 2.805159999999999876e+00 1.420979999999999954e+01 0.000000000000000000e+00
1.780000000000000000e+02 1.347150000000000070e+00 1.574970000000000070e+01 0.000000000000000000e+00
1.790000000000000000e+02 -1.281870000000000065e+00 1.915675999999999846e+01 0.000000000000000000e+00
1.800000000000000000e+02 4.042699999999999960e+00 -1.804741999999999891e+01 0.000000000000000000e+00
1.810000000000000000e+02 2.688210000000000210e+00 -1.603160000000000096e+01 0.000000000000000000e+00
1.820000000000000000e+02 3.122650000000000148e+00 -1.227722999999999942e+01 0.000000000000000000e+00
1.830000000000000000e+02 2.246739999999999959e+00 -1.039612999999999943e+01 0.000000000000000000e+00
1.840000000000000000e+02 3.445730000000000182e+00 -8.686999999999999389e+00 0.000000000000000000e+00
1.850000000000000000e+02 4.690999999999999837e+00 -6.956430000000000113e+00 0.000000000000000000e+00
1.860000000000000000e+02 3.798179999999999890e+00 -4.959259999999999557e+00 0.000000000000000000e+00
1.870000000000000000e+02 2.803700000000000081e+00 -3.021990000000000176e+00 0.000000000000000000e+00
1.880000000000000000e+02 3.381349999999999856e+00 -7.186200000000000365e-01 0.000000000000000000e+00
1.890000000000000000e+02 3.985549999999999926e+00 1.342440000000000078e+00 0.000000000000000000e+00
1.900000000000000000e+02 2.606440000000000090e+00 2.902210000000000178e+00 0.000000000000000000e+00
1.910000000000000000e+02 3.322719999999999896e+00 4.858730000000000437e+00 0.000000000000000000e+00
1.920000000000000000e+02 3.984589999999999854e+00 6.877259999999999707e+00 0.000000000000000000e+00
1.930000000000000000e+02 4.853550000000000253e+00 8.888799999999999812e+00 0.000000000000000000e+00
1.940000000000000000e+02 3.469860000000000166e+00 1.060873999999999917e+01 0.000000000000000000e+00
1.950000000000000000e+02 4.254439999999999777e+00 1.259050000000000047e+01 0.000000000000000000e+00
1.960000000000000000e+02 3.485129999999999839e+00 1.616495000000000104e+01 0.000000000000000000e+00
1.970000000000000000e+02 2.044799999999999951e+00 1.767775999999999925e+01 0.000000000000000000e+00
1.980000000000000000e+02 4.927959999999999674e+00 -1.616253000000000029e+01 0.000000000000000000e+00
1.990000000000000000e+02 4.007089999999999819e+00 -1.427227000000000068e+01 0.000000000000000000e+00
2.000000000000000000e+02 5.192999999999999616e+00 -1.245299999999999940e+01 0.000000000000000000e+00
2.010000000000000000e+02 4.329760000000000275e+00 -1.054936999999999969e+01 0.000000000000000000e+00
2.020000000000000000e+02 5.563170000000000393e+00 -8.893819999999999837e+00 0.000000000000000000e+00
2.030000000000000000e+02 5.863159999999999705e+00 -5.170679999999999943e+00 0.000000000000000000e+00
2.040000000000000000e+02 4.851359999999999673e+00 -3.166539999999999910e+00 0.000000000000000000e+00
2.050000000000000000e+02 5.428889999999999993e+00 -1.191060000000000008e+00 0.000000000000000000e+00
2.060000000000000000e+02 7.126120000000000232e+00 -1.473000000000000004e-02 0.000000000000000000e+00
2.070000000000000000e+02 6.022479999999999833e+00 1.725970000000000004e+00 0.000000000000000000e+00
2.080000000000000000e+02 4.661789999999999878e+00 3.296559999999999935e+00 0.000000000000000000e+00
2.090000000000000000e+02 5.359899999999999665e+00 5.252169999999999561e+00 0.000000000000000000e+00
2.100000000000000000e+02 6.258060000000000400e+00 7.223840000000000039e+00 0.000000000000000000e+00
2.110000000000000000e+02 7.083319999999999617e+00 9.114459999999999340e+00 0.000000000000000000e+00
2.120000000000000000e+02 5.556759999999999700e+00 1.087753000000000014e+01 0.000000000000000000e+00
2.130000000000000000e+02 4.937689999999999912e+00 1.463263000000000069e+01 0.000000000000000000e+00
2.140000000000000000e+02 5.857319999999999638e+00 1.653140000000000143e+01 0.000000000000000000e+00
2.150000000000000000e+02 4.392170000000000130e+00 1.803675000000000139e+01 0.000000000000000000e+00
2.160000000000000000e+02 6.142839999999999634e+00 -1.820075999999999894e+01 0.000000000000000000e+00
2.170000000000000000e+02 6.135100000000000442e+00 -1.438493000000000066e+01 0.000000000000000000e+00
2.180000000000000000e+02 7.360159999999999592e+00 -1.266651000000000060e+01 0.000000000000000000e+00
2.190000000000000000e+02 6.465499999999999581e+00 -1.078011000000000053e+01 0.000000000000000000e+00
2.200000000000000000e+02 7.674699999999999633e+00 -9.069399999999999906e+00 0.000000000000000000e+00
2.210000000000000000e+02 6.800869999999999749e+00 -7.094619999999999926e+00 0.000000000000000000e+00
2.220000000000000000e+02 7.946229999999999905e+00 -5.313290000000000290e+00 0.000000000000000000e+00
2.230000000000000000e+02 7.007290000000000241e+00 -3.413520000000000110e+00 0.000000000000000000e+00
2.240000000000000000e+02 8.242490000000000094e+00 -1.743710000000000093e+00 0.000000000000000000e+00
2.250000000000000000e+02 9.274449999999999861e+00 4.741000000000000075e-02 0.000000000000000000e+00
2.260000000000000000e+02 6.760040000000000049e+00 3.674160000000000093e+00 0.000000000000000000e+00
2.270000000000000000e+02 7.553469999999999906e+00 5.591709999999999958e+00 0.000000000000000000e+00
2.280000000000000000e+02 8.369669999999999277e+00 7.504150000000000098e+00 0.000000000000000000e+00
2.290000000000000000e+02 9.126689999999999969e+00 9.610839999999999606e+00 0.000000000000000000e+00
2.300000000000000000e+02 7.719640000000000057e+00 1.122269999999999968e+01 0.000000000000000000e+00
2.310000000000000000e+02 6.408000000000000362e+00 1.289774000000000065e+01 0.000000000000000000e+00
2.320000000000000000e+02 7.235560000000000436e+00 1.481681999999999988e+01 0.000000000000000000e+00
2.330000000000000000e+02 6.513729999999999798e+00 1.850373000000000090e+01 0.000000000000000000e+00
2.340000000000000000e+02 7.130569999999999631e+00 -1.634265999999999863e+01 0.000000000000000000e+00
2.350000000000000000e+02 8.274820000000000064e+00 -1.458708999999999989e+01 0.000000000000000000e+00
2.360000000000000000e+02 9.552260000000000417e+00 -1.291830000000000034e+01 0.000000000000000000e+00
2.370000000000000000e+02 8.667109999999999204e+00 -1.103781000000000034e+01 0.000000000000000000e+00
2.380000000000000000e+02 9.742250000000000298e+00 -9.191729999999999734e+00 0.000000000000000000e+00
2.390000000000000000e+02 8.890029999999999433e+00 -7.195020000000000415e+00 0.000000000000000000e+00
2.400000000000000000e+02 1.006085000000000029e+01 -5.492420000000000080e+00 0.000000000000000000e+00
2.410000000000000000e+02 9.201829999999999288e+00 -3.579299999999999926e+00 0.000000000000000000e+00
2.420000000000000000e+02 1.036905999999999928e+01 -1.739279999999999937e+00 0.000000000000000000e+00
2.430000000000000000e+02 1.011979000000000006e+01 2.193410000000000082e+00 0.000000000000000000e+00
2.440000000000000000e+02 8.075169999999999959e+00 1.945759999999999934e+00 0.000000000000000000e+00
2.450000000000000000e+02 8.902029999999999887e+00 4.008610000000000007e+00 0.000000000000000000e+00
2.460000000000000000e+02 9.779220000000000468e+00 5.961850000000000094e+00 0.000000000000000000e+00
2.470000000000000000e+02 1.040568999999999988e+01 7.972450000000000259e+00 0.000000000000000000e+00
2.480000000000000000e+02 9.876720000000000610e+00 1.159979000000000049e+01 0.000000000000000000e+00
2.490000000000000000e+02 8.601729999999999876e+00 1.322701999999999956e+01 0.000000000000000000e+00
2.500000000000000000e+02 9.426669999999999661e+00 1.527317999999999998e+01 0.000000000000000000e+00
2.510000000000000000e+02 8.005539999999999878e+00 1.685822999999999894e+01 0.000000000000000000e+00
2.520000000000000000e+02 9.247350000000000847e+00 -1.640436000000000050e+01 0.000000000000000000e+00
2.530000000000000000e+02 1.065954999999999941e+01 -1.487471999999999994e+01 0.000000000000000000e+00
2.540000000000000000e+02 1.080668999999999969e+01 -1.111109000000000080e+01 0.000000000000000000e+00
2.550000000000000000e+02 1.184305999999999948e+01 -9.305320000000000036e+00 0.000000000000000000e+00
2.560000000000000000e+02 1.096612000000000009e+01 -7.364720000000000155e+00 0.000000000000000000e+00
2.570000000000000000e+02 1.221495999999999960e+01 -5.615490000000000315e+00 0.000000000000000000e+00
2.580000000000000000e+02 1.131103000000000058e+01 -3.610640000000000072e+00 0.000000000000000000e+00
2.590000000000000000e+02 1.248218999999999923e+01 -1.622589999999999977e+00 0.000000000000000000e+00
2.600000000000000000e+02 1.145913999999999966e+01 2.545700000000000185e-01 0.000000000000000000e+00
2.610000000000000000e+02 1.231353000000000009e+01 2.141980000000000217e+00 0.000000000000000000e+00
2.620000000000000000e+02 1.102923000000000009e+01 4.142739999999999867e+00 0.000000000000000000e+00
2.630000000000000000e+02 1.189169000000000054e+01 6.038199999999999790e+00 0.000000000000000000e+00
2.640000000000000000e+02 1.397554000000000052e+01 6.011420000000000208e+00 0.000000000000000000e+00
2.650000000000000000e+02 1.247547999999999924e+01 8.037639999999999674e+00 0.000000000000000000e+00
2.660000000000000000e+02 1.116690000000000005e+01 9.912890000000000867e+00 0.000000000000000000e+00
2.670000000000000000e+02 1.204766000000000048e+01 1.183364000000000082e+01 0.000000000000000000e+00
2.680000000000000000e+02 1.069626000000000055e+01 1.353780000000000072e+01 0.000000000000000000e+00
2.690000000000000000e+02 1.200459999999999994e+01 1.559408999999999956e+01 0.000000000000000000e+00
2.700000000000000000e+02 1.293068000000000062e+01 -1.484595000000000020e+01 0.000000000000000000e+00
2.710000000000000000e+02 1.176727999999999952e+01 -1.310248999999999953e+01 0.000000000000000000e+00
2.720000000000000000e+02 1.289300000000000068e+01 -1.131579999999999941e+01 0.000000000000000000e+00
2.730000000000000000e+02 1.394819999999999993e+01 -9.434559999999999391e+00 0.000000000000000000e+00
2.740000000000000000e+02 1.314591000000000065e+01 -7.523290000000000255e+00 0.000000000000000000e+00
2.750000000000000000e+02 1.430315000000000047e+01 -5.511820000000000164e+00 0.000000000000000000e+00
2.760000000000000000e+02 1.338490000000000002e+01 -3.484210000000000029e+00 0.000000000000000000e+00
2.770000000000000000e+02 1.471743000000000023e+01 -1.602510000000000101e+00 0.000000000000000000e+00
2.780000000000000000e+02 1.360244999999999926e+01 2.540999999999999925e-01 0.000000000000000000e+00
2.790000000000000000e+02 1.445482999999999940e+01 2.265559999999999796e+00 0.000000000000000000e+00
2.800000000000000000e+02 1.310781000000000063e+01 4.074200000000000266e+00 0.000000000000000000e+00
2.810000000000000000e+02 1.538288000000000011e+01 4.400820000000000398e+00 0.000000000000000000e+00
2.820000000000000000e+02 1.618808999999999898e+01 6.309899999999999842e+00 0.000000000000000000e+00
2.830000000000000000e+02 1.465700000000000003e+01 7.996719999999999828e+00 0.000000000000000000e+00
2.840000000000000000e+02 1.330382999999999960e+01 1.000026000000000082e+01 0.000000000000000000e+00
2.850000000000000000e+02 1.547034000000000020e+01 1.011251000000000033e+01 0.000000000000000000e+00
2.860000000000000000e+02 1.413983999999999952e+01 1.188443000000000005e+01 0.000000000000000000e+00
2.870000000000000000e+02 1.322255000000000003e+01 1.383331000000000088e+01 0.000000000000000000e+00
2.880000000000000000e+02 1.402795000000000059e+01 -1.306892000000000031e+01 0.000000000000000000e+00
2.890000000000000000e+02 1.517676999999999943e+01 -1.129907000000000039e+01 0.000000000000000000e+00
2.900000000000000000e+02 1.625992000000000104e+01 -9.491899999999999338e+00 0.000000000000000000e+00
2.910000000000000000e+02 1.759405999999999892e+01 -7.784539999999999793e+00 0.000000000000000000e+00
2.920000000000000000e+02 1.523489999999999966e+01 -7.520809999999999995e+00 0.000000000000000000e+00
2.930000000000000000e+02 1.661946999999999974e+01 -5.966610000000000191e+00 0.000000000000000000e+00
2.940000000000000000e+02 1.546728000000000058e+01 -3.721449999999999925e+00 0.000000000000000000e+00
2.950000000000000000e+02 1.691363000000000127e+01 -1.458970000000000100e+00 0.000000000000000000e+00
2.960000000000000000e+02 1.568469999999999942e+01 5.120700000000000252e-01 0.000000000000000000e+00
2.970000000000000000e+02 1.798404999999999987e+01 4.045900000000000052e-01 0.000000000000000000e+00
2.980000000000000000e+02 1.694027000000000172e+01 2.349149999999999849e+00 0.000000000000000000e+00
2.990000000000000000e+02 1.777402000000000015e+01 4.981539999999999857e+00 0.000000000000000000e+00
