0.000000000000000000e+00 -1.538317999999999941e+01 -1.589319000000000059e+01 0.000000000000000000e+00
1.000000000000000000e+00 -1.594752000000000081e+01 -1.384609000000000023e+01 0.000000000000000000e+00
2.000000000000000000e+00 -1.639499999999999957e+01 -1.172077999999999953e+01 0.000000000000000000e+00
3.000000000000000000e+00 -1.807760999999999996e+01 -1.044651999999999958e+01 0.000000000000000000e+00
4.000000000000000000e+00 -1.818344000000000094e+01 -7.305749999999999744e+00 0.000000000000000000e+00
5.000000000000000000e+00 -2.042987000000000108e+01 -5.749590000000000423e+00 0.000000000000000000e+00
6.000000000000000000e+00 -1.742296999999999940e+01 -4.240929999999999644e+00 0.000000000000000000e+00
7.000000000000000000e+00 -1.927608000000000033e+01 -3.306939999999999991e+00 0.000000000000000000e+00
8.000000000000000000e+00 -1.821505000000000152e+01 -1.534759999999999902e+00 0.000000000000000000e+00
9.000000000000000000e+00 -1.982939999999999969e+01 -3.107999999999999999e-02 0.000000000000000000e+00
1.000000000000000000e+01 -1.951910000000000167e+01 2.186910000000000132e+00 0.000000000000000000e+00
1.100000000000000000e+01 -1.806036999999999892e+01 3.724660000000000082e+00 0.000000000000000000e+00
1.200000000000000000e+01 -1.775234999999999985e+01 5.803700000000000081e+00 0.000000000000000000e+00
1.300000000000000000e+01 -1.935848000000000013e+01 7.822969999999999757e+00 0.000000000000000000e+00
1.400000000000000000e+01 -1.730839999999999890e+01 8.278000000000000469e+00 0.000000000000000000e+00
1.500000000000000000e+01 -1.755558999999999870e+01 1.244266000000000005e+01 0.000000000000000000e+00
1.600000000000000000e+01 -1.658248000000000033e+01 1.433653999999999940e+01 0.000000000000000000e+00
1.700000000000000000e+01 -1.549535999999999980e+01 1.618878000000000128e+01 0.000000000000000000e+00
1.800000000000000000e+01 -1.341899000000000086e+01 -1.658886000000000038e+01 0.000000000000000000e+00
1.900000000000000000e+01 -1.384285000000000032e+01 -1.440820000000000078e+01 0.000000000000000000e+00
2.000000000000000000e+01 -1.443496999999999986e+01 -1.242342000000000013e+01 0.000000000000000000e+00
2.100000000000000000e+01 -1.500712000000000046e+01 -1.019139999999999979e+01 0.000000000000000000e+00
2.200000000000000000e+01 -1.616863999999999990e+01 -8.388809999999999434e+00 0.000000000000000000e+00
2.300000000000000000e+01 -1.636651000000000167e+01 -6.338519999999999932e+00 0.000000000000000000e+00
2.400000000000000000e+01 -1.503819000000000017e+01 -4.708280000000000243e+00 0.000000000000000000e+00
2.500000000000000000e+01 -1.577774999999999928e+01 -2.751970000000000027e+00 0.000000000000000000e+00
2.600000000000000000e+01 -1.629689000000000121e+01 -7.597000000000000419e-01 0.000000000000000000e+00
2.700000000000000000e+01 -1.784797000000000011e+01 7.224899999999999656e-01 0.000000000000000000e+00
2.800000000000000000e+01 -1.652208999999999861e+01 2.350989999999999913e+00 0.000000000000000000e+00
2.900000000000000000e+01 -1.606377000000000166e+01 4.385349999999999859e+00 0.000000000000000000e+00
3.000000000000000000e+01 -1.557873000000000019e+01 6.486369999999999969e+00 0.000000000000000000e+00
3.100000000000000000e+01 -1.499701999999999913e+01 8.711869999999999337e+00 0.000000000000000000e+00
3.200000000000000000e+01 -1.608549999999999969e+01 1.047485999999999962e+01 0.000000000000000000e+00
3.300000000000000000e+01 -1.525054000000000087e+01 1.248385999999999996e+01 0.000000000000000000e+00
3.400000000000000000e+01 -1.431833999999999918e+01 1.433029999999999937e+01 0.000000000000000000e+00
3.500000000000000000e+01 -1.339714000000000027e+01 1.660400999999999883e+01 0.000000000000000000e+00
3.600000000000000000e+01 -1.140700000000000003e+01 -1.704783000000000115e+01 0.000000000000000000e+00
3.700000000000000000e+01 -1.179954000000000036e+01 -1.488185999999999964e+01 0.000000000000000000e+00
3.800000000000000000e+01 -1.236544999999999916e+01 -1.283690999999999960e+01 0.000000000000000000e+00
3.900000000000000000e+01 -1.304510999999999932e+01 -1.088035999999999959e+01 0.000000000000000000e+00
4.000000000000000000e+01 -1.359539000000000009e+01 -8.658689999999999998e+00 0.000000000000000000e+00
4.100000000000000000e+01 -1.431229000000000084e+01 -6.730739999999999945e+00 0.000000000000000000e+00
4.200000000000000000e+01 -1.295128000000000057e+01 -5.060529999999999973e+00 0.000000000000000000e+00
4.300000000000000000e+01 -1.344093999999999944e+01 -3.065329999999999888e+00 0.000000000000000000e+00
4.400000000000000000e+01 -1.372714000000000034e+01 -9.281500000000000306e-01 0.000000000000000000e+00
4.500000000000000000e+01 -1.484216999999999942e+01 8.158800000000000496e-01 0.000000000000000000e+00
4.600000000000000000e+01 -1.448917999999999928e+01 2.908040000000000180e+00 0.000000000000000000e+00
4.700000000000000000e+01 -1.407535999999999987e+01 4.962360000000000326e+00 0.000000000000000000e+00
4.800000000000000000e+01 -1.359653999999999918e+01 7.151729999999999698e+00 0.000000000000000000e+00
4.900000000000000000e+01 -1.267359000000000080e+01 9.127319999999999212e+00 0.000000000000000000e+00
5.000000000000000000e+01 -1.394262999999999941e+01 1.081063999999999936e+01 0.000000000000000000e+00
5.100000000000000000e+01 -1.293382000000000076e+01 1.277943999999999924e+01 0.000000000000000000e+00
5.200000000000000000e+01 -1.212073999999999963e+01 1.468510999999999989e+01 0.000000000000000000e+00
5.300000000000000000e+01 -1.101843000000000039e+01 1.677299000000000007e+01 0.000000000000000000e+00
5.400000000000000000e+01 -9.388609999999999900e+00 -1.759388999999999825e+01 0.000000000000000000e+00
5.500000000000000000e+01 -9.773559999999999803e+00 -1.535124000000000066e+01 0.000000000000000000e+00
5.600000000000000000e+01 -1.029377999999999993e+01 -1.331723999999999997e+01 0.000000000000000000e+00
5.700000000000000000e+01 -1.093112999999999957e+01 -1.133689000000000036e+01 0.000000000000000000e+00
5.800000000000000000e+01 -1.144674000000000014e+01 -9.105420000000000513e+00 0.000000000000000000e+00
5.900000000000000000e+01 -1.217957999999999963e+01 -7.166719999999999757e+00 0.000000000000000000e+00
6.000000000000000000e+01 -1.094341999999999970e+01 -5.500650000000000261e+00 0.000000000000000000e+00
6.100000000000000000e+01 -1.122859000000000052e+01 -3.439379999999999882e+00 0.000000000000000000e+00
6.200000000000000000e+01 -1.165043999999999969e+01 -1.369680000000000009e+00 0.000000000000000000e+00
6.300000000000000000e+01 -1.274642000000000053e+01 9.291399999999999659e-01 0.000000000000000000e+00
6.400000000000000000e+01 -1.244017999999999979e+01 3.151489999999999903e+00 0.000000000000000000e+00
6.500000000000000000e+01 -1.174315999999999960e+01 5.118249999999999744e+00 0.000000000000000000e+00
6.600000000000000000e+01 -1.147578999999999994e+01 7.206680000000000419e+00 0.000000000000000000e+00
6.700000000000000000e+01 -1.060177999999999976e+01 9.158429999999999183e+00 0.000000000000000000e+00
6.800000000000000000e+01 -1.175866000000000078e+01 1.102894000000000041e+01 0.000000000000000000e+00
6.900000000000000000e+01 -1.084253000000000000e+01 1.300990999999999964e+01 0.000000000000000000e+00
7.000000000000000000e+01 -9.941300000000000026e+00 1.491192999999999991e+01 0.000000000000000000e+00
7.100000000000000000e+01 -9.681100000000000705e+00 1.845626000000000033e+01 0.000000000000000000e+00
7.200000000000000000e+01 -7.142949999999999910e+00 -1.785658000000000101e+01 0.000000000000000000e+00
7.300000000000000000e+01 -7.744989999999999597e+00 -1.580732000000000070e+01 0.000000000000000000e+00
7.400000000000000000e+01 -8.271319999999999339e+00 -1.376933999999999969e+01 0.000000000000000000e+00
7.500000000000000000e+01 -8.828319999999999723e+00 -1.178827000000000069e+01 0.000000000000000000e+00
7.600000000000000000e+01 -9.408860000000000667e+00 -9.810269999999999158e+00 0.000000000000000000e+00
7.700000000000000000e+01 -9.934950000000000614e+00 -7.335340000000000416e+00 0.000000000000000000e+00
7.800000000000000000e+01 -8.958990000000000009e+00 -4.869180000000000064e+00 0.000000000000000000e+00
7.900000000000000000e+01 -9.626260000000000261e+00 -2.108049999999999979e+00 0.000000000000000000e+00
8.000000000000000000e+01 -1.049591999999999992e+01 3.413100000000000023e-01 0.000000000000000000e+00
8.100000000000000000e+01 -8.851549999999999585e+00 1.603460000000000107e+00 0.000000000000000000e+00
8.200000000000000000e+01 -1.034029999999999916e+01 3.393580000000000041e+00 0.000000000000000000e+00
8.300000000000000000e+01 -9.549920000000000186e+00 5.373689999999999856e+00 0.000000000000000000e+00
8.400000000000000000e+01 -9.369680000000000675e+00 7.446229999999999905e+00 0.000000000000000000e+00
8.500000000000000000e+01 -8.535729999999999151e+00 9.538240000000000052e+00 0.000000000000000000e+00
8.600000000000000000e+01 -9.663259999999999295e+00 1.131037000000000070e+01 0.000000000000000000e+00
8.700000000000000000e+01 -8.674200000000000799e+00 1.324577999999999989e+01 0.000000000000000000e+00
8.800000000000000000e+01 -7.876739999999999853e+00 1.525496000000000052e+01 0.000000000000000000e+00
8.900000000000000000e+01 -7.750180000000000291e+00 1.734748000000000090e+01 0.000000000000000000e+00
9.000000000000000000e+01 -6.573809999999999931e+00 -1.985429999999999851e+01 0.000000000000000000e+00
9.100000000000000000e+01 -5.707230000000000025e+00 -1.624819000000000102e+01 0.000000000000000000e+00
9.200000000000000000e+01 -6.218510000000000204e+00 -1.425891000000000020e+01 0.000000000000000000e+00
9.300000000000000000e+01 -6.818870000000000431e+00 -1.225372999999999912e+01 0.000000000000000000e+00
9.400000000000000000e+01 -7.124290000000000234e+00 -1.002107999999999954e+01 0.000000000000000000e+00
9.500000000000000000e+01 -8.056680000000000064e+00 -8.161619999999999209e+00 0.000000000000000000e+00
9.600000000000000000e+01 -7.361080000000000290e+00 -6.224459999999999660e+00 0.000000000000000000e+00
9.700000000000000000e+01 -7.825569999999999915e+00 -3.148919999999999941e+00 0.000000000000000000e+00
9.800000000000000000e+01 -8.360789999999999722e+00 -4.322900000000000076e-01 0.000000000000000000e+00
9.900000000000000000e+01 -6.738889999999999603e+00 9.149199999999999555e-01 0.000000000000000000e+00
1.000000000000000000e+02 -7.945710000000000051e+00 3.749690000000000190e+00 0.000000000000000000e+00
1.010000000000000000e+02 -7.038350000000000328e+00 5.641980000000000217e+00 0.000000000000000000e+00
1.020000000000000000e+02 -7.287600000000000300e+00 7.779069999999999929e+00 0.000000000000000000e+00
1.030000000000000000e+02 -6.419039999999999857e+00 9.708959999999999368e+00 0.000000000000000000e+00
1.040000000000000000e+02 -7.519630000000000258e+00 1.151866000000000057e+01 0.000000000000000000e+00
1.050000000000000000e+02 -6.633130000000000415e+00 1.356193000000000026e+01 0.000000000000000000e+00
1.060000000000000000e+02 -5.751999999999999780e+00 1.556575999999999915e+01 0.000000000000000000e+00
1.070000000000000000e+02 -5.481359999999999566e+00 1.762152000000000029e+01 0.000000000000000000e+00
1.080000000000000000e+02 -5.114320000000000199e+00 -1.832002999999999915e+01 0.000000000000000000e+00
1.090000000000000000e+02 -3.738560000000000105e+00 -1.540178000000000047e+01 0.000000000000000000e+00
1.100000000000000000e+02 -4.593770000000000131e+00 -1.291693000000000069e+01 0.000000000000000000e+00
1.110000000000000000e+02 -5.072449999999999903e+00 -1.077871999999999986e+01 0.000000000000000000e+00
1.120000000000000000e+02 -5.569609999999999950e+00 -8.646209999999999951e+00 0.000000000000000000e+00
1.130000000000000000e+02 -5.252239999999999576e+00 -6.503339999999999677e+00 0.000000000000000000e+00
1.140000000000000000e+02 -3.888520000000000199e+00 -4.934859999999999580e+00 0.000000000000000000e+00
1.150000000000000000e+02 -6.183550000000000324e+00 -4.474129999999999718e+00 0.000000000000000000e+00
1.160000000000000000e+02 -6.495230000000000281e+00 -1.406130000000000102e+00 0.000000000000000000e+00
1.170000000000000000e+02 -4.855819999999999581e+00 -1.381400000000000128e-01 0.000000000000000000e+00
1.180000000000000000e+02 -5.988000000000000433e+00 2.994390000000000107e+00 0.000000000000000000e+00
1.190000000000000000e+02 -5.074250000000000149e+00 4.849420000000000286e+00 0.000000000000000000e+00
1.200000000000000000e+02 -5.384260000000000268e+00 6.928939999999999877e+00 0.000000000000000000e+00
1.210000000000000000e+02 -4.357149999999999856e+00 8.724629999999999441e+00 0.000000000000000000e+00
1.220000000000000000e+02 -4.709850000000000314e+00 1.103806999999999938e+01 0.000000000000000000e+00
1.230000000000000000e+02 -4.603959999999999830e+00 1.315250999999999948e+01 0.000000000000000000e+00
1.240000000000000000e+02 -3.616989999999999927e+00 1.533258999999999972e+01 0.000000000000000000e+00
1.250000000000000000e+02 -4.322650000000000325e+00 1.951293000000000077e+01 0.000000000000000000e+00
1.260000000000000000e+02 -2.357409999999999783e+00 -1.967845000000000155e+01 0.000000000000000000e+00
1.270000000000000000e+02 -2.849460000000000104e+00 -1.749587999999999965e+01 0.000000000000000000e+00
1.280000000000000000e+02 -2.504950000000000010e+00 -1.352194000000000074e+01 0.000000000000000000e+00
1.290000000000000000e+02 -3.059530000000000083e+00 -1.153301000000000087e+01 0.000000000000000000e+00
1.300000000000000000e+02 -3.443830000000000169e+00 -9.480010000000000048e+00 0.000000000000000000e+00
1.310000000000000000e+02 -3.324850000000000083e+00 -7.378000000000000114e+00 0.000000000000000000e+00
1.320000000000000000e+02 -2.723289999999999988e+00 -3.225319999999999965e+00 0.000000000000000000e+00
1.330000000000000000e+02 -4.885749999999999815e+00 -2.818410000000000082e+00 0.000000000000000000e+00
1.340000000000000000e+02 -2.888669999999999849e+00 -1.007489999999999997e+00 0.000000000000000000e+00
1.350000000000000000e+02 -3.121750000000000025e+00 1.055090000000000083e+00 0.000000000000000000e+00
1.360000000000000000e+02 -3.724569999999999936e+00 3.128919999999999924e+00 0.000000000000000000e+00
1.370000000000000000e+02 -2.976980000000000182e+00 5.118129999999999846e+00 0.000000000000000000e+00
1.380000000000000000e+02 -2.924840000000000106e+00 7.208300000000000374e+00 0.000000000000000000e+00
1.390000000000000000e+02 -2.343300000000000161e+00 9.195240000000000080e+00 0.000000000000000000e+00
1.400000000000000000e+02 -2.360819999999999919e+00 1.131357999999999997e+01 0.000000000000000000e+00
1.410000000000000000e+02 -2.554600000000000204e+00 1.349253999999999998e+01 0.000000000000000000e+00
1.420000000000000000e+02 -3.320819999999999883e+00 1.744472999999999985e+01 0.000000000000000000e+00
1.430000000000000000e+02 -1.890519999999999978e+00 1.899924999999999997e+01 0.000000000000000000e+00
1.440000000000000000e+02 -7.119900000000000118e-01 -1.817535000000000167e+01 0.000000000000000000e+00
1.450000000000000000e+02 -1.684129999999999905e+00 -1.564317999999999920e+01 0.000000000000000000e+00
1.460000000000000000e+02 -3.225600000000000134e-01 -1.387723000000000084e+01 0.000000000000000000e+00
1.470000000000000000e+02 -7.163899999999999713e-01 -1.181442000000000014e+01 0.000000000000000000e+00
1.480000000000000000e+02 -1.259169999999999900e+00 -9.659399999999999764e+00 0.000000000000000000e+00
1.490000000000000000e+02 -1.263509999999999911e+00 -7.209529999999999994e+00 0.000000000000000000e+00
1.500000000000000000e+02 -1.676539999999999919e+00 -5.143749999999999822e+00 0.000000000000000000e+00
1.510000000000000000e+02 -6.404499999999999638e-01 -3.105469999999999953e+00 0.000000000000000000e+00
1.520000000000000000e+02 -7.717699999999999561e-01 -1.011330000000000062e+00 0.000000000000000000e+00
1.530000000000000000e+02 -1.011439999999999895e+00 1.108819999999999917e+00 0.000000000000000000e+00
1.540000000000000000e+02 -8.632199999999999873e-01 4.276080000000000325e+00 0.000000000000000000e+00
1.550000000000000000e+02 -6.397100000000000009e-01 6.358030000000000292e+00 0.000000000000000000e+00
1.560000000000000000e+02 -3.168300000000000005e-01 8.400339999999999918e+00 0.000000000000000000e+00
1.570000000000000000e+02 -2.648800000000000043e-01 1.051237000000000066e+01 0.000000000000000000e+00
1.580000000000000000e+02 -5.501800000000000024e-01 1.258441000000000010e+01 0.000000000000000000e+00
1.590000000000000000e+02 -8.473399999999999821e-01 1.468875000000000064e+01 0.000000000000000000e+00
1.600000000000000000e+02 -1.371240000000000014e+00 1.670966999999999913e+01 0.000000000000000000e+00
1.610000000000000000e+02 1.901299999999999935e-01 1.824568000000000012e+01 0.000000000000000000e+00
1.620000000000000000e+02 7.401299999999999546e-01 -1.964256999999999920e+01 0.000000000000000000e+00
1.630000000000000000e+02 8.852499999999999813e-01 -1.660986000000000118e+01 0.000000000000000000e+00
1.640000000000000000e+02 1.602819999999999911e+00 -1.462669999999999959e+01 0.000000000000000000e+00
1.650000000000000000e+02 1.268929999999999891e+00 -1.252335000000000065e+01 0.000000000000000000e+00
1.660000000000000000e+02 1.177489999999999926e+00 -1.008399999999999963e+01 0.000000000000000000e+00
1.670000000000000000e+02 7.689300000000000024e-01 -8.039039999999999964e+00 0.000000000000000000e+00
1.680000000000000000e+02 4.862500000000000155e-01 -5.925729999999999720e+00 0.000000000000000000e+00
1.690000000000000000e+02 1.467049999999999965e+00 -3.490419999999999856e+00 0.000000000000000000e+00
1.700000000000000000e+02 1.960639999999999938e+00 -1.401429999999999954e+00 0.000000000000000000e+00
1.710000000000000000e+02 1.050380000000000091e+00 4.887599999999999723e-01 0.000000000000000000e+00
1.720000000000000000e+02 5.973600000000000021e-01 2.767640000000000100e+00 0.000000000000000000e+00
1.730000000000000000e+02 1.119620000000000060e+00 5.177229999999999777e+00 0.000000000000000000e+00
1.740000000000000000e+02 1.494550000000000045e+00 7.233649999999999913e+00 0.000000000000000000e+00
1.750000000000000000e+02 1.637769999999999948e+00 9.637380000000000280e+00 0.000000000000000000e+00
1.760000000000000000e+02 1.418700000000000072e+00 1.190234000000000059e+01 0.000000000000000000e+00
1.770000000000000000e+02 1.148830000000000018e+00 1.413434999999999953e+01 0.000000000000000000e+00
1.780000000000000000e+02 6.407399999999999762e-01 1.619744000000000028e+01 0.000000000000000000e+00
1.790000000000000000e+02 1.641510000000000025e+00 2.007881000000000071e+01 0.000000000000000000e+00
1.800000000000000000e+02 2.330799999999999983e+00 -1.828118999999999872e+01 0.000000000000000000e+00
1.810000000000000000e+02 3.094079999999999941e+00 -1.612961999999999918e+01 0.000000000000000000e+00
1.820000000000000000e+02 3.284310000000000063e+00 -1.339634999999999998e+01 0.000000000000000000e+00
1.830000000000000000e+02 2.897019999999999929e+00 -1.125399999999999956e+01 0.000000000000000000e+00
1.840000000000000000e+02 3.161550000000000082e+00 -9.204110000000000014e+00 0.000000000000000000e+00
1.850000000000000000e+02 2.765680000000000138e+00 -7.147710000000000008e+00 0.000000000000000000e+00
1.860000000000000000e+02 3.028579999999999828e+00 -5.016479999999999606e+00 0.000000000000000000e+00
1.870000000000000000e+02 3.461320000000000174e+00 -2.992659999999999876e+00 0.000000000000000000e+00
1.880000000000000000e+02 3.876729999999999787e+00 -4.768499999999999961e-01 0.000000000000000000e+00
1.890000000000000000e+02 3.033859999999999779e+00 1.505109999999999948e+00 0.000000000000000000e+00
1.900000000000000000e+02 2.511950000000000127e+00 3.588429999999999787e+00 0.000000000000000000e+00
1.910000000000000000e+02 4.444560000000000066e+00 5.141630000000000145e+00 0.000000000000000000e+00
1.920000000000000000e+02 3.544220000000000148e+00 7.008980000000000210e+00 0.000000000000000000e+00
1.930000000000000000e+02 3.691289999999999960e+00 9.286910000000000664e+00 0.000000000000000000e+00
1.940000000000000000e+02 3.480319999999999858e+00 1.140508999999999951e+01 0.000000000000000000e+00
1.950000000000000000e+02 3.086759999999999948e+00 1.344603000000000037e+01 0.000000000000000000e+00
1.960000000000000000e+02 2.658900000000000041e+00 1.553747000000000078e+01 0.000000000000000000e+00
1.970000000000000000e+02 2.201610000000000067e+00 1.764451999999999998e+01 0.000000000000000000e+00
1.980000000000000000e+02 4.748879999999999768e+00 -1.741429000000000116e+01 0.000000000000000000e+00
1.990000000000000000e+02 4.998540000000000205e+00 -1.531287999999999982e+01 0.000000000000000000e+00
2.000000000000000000e+02 5.419620000000000104e+00 -1.322344000000000008e+01 0.000000000000000000e+00
2.010000000000000000e+02 5.070739999999999803e+00 -1.118793999999999933e+01 0.000000000000000000e+00
2.020000000000000000e+02 5.272710000000000008e+00 -8.972500000000000142e+00 0.000000000000000000e+00
2.030000000000000000e+02 4.819790000000000241e+00 -6.896829999999999572e+00 0.000000000000000000e+00
2.040000000000000000e+02 5.037079999999999558e+00 -4.540210000000000079e+00 0.000000000000000000e+00
2.050000000000000000e+02 5.458750000000000213e+00 -2.430439999999999934e+00 0.000000000000000000e+00
2.060000000000000000e+02 5.865789999999999615e+00 1.655000000000000082e-01 0.000000000000000000e+00
2.070000000000000000e+02 6.500099999999999767e+00 2.165379999999999860e+00 0.000000000000000000e+00
2.080000000000000000e+02 4.582029999999999603e+00 3.041040000000000187e+00 0.000000000000000000e+00
2.090000000000000000e+02 6.441189999999999749e+00 4.628999999999999559e+00 0.000000000000000000e+00
2.100000000000000000e+02 5.930390000000000050e+00 7.410529999999999617e+00 0.000000000000000000e+00
2.110000000000000000e+02 5.758580000000000254e+00 9.743890000000000384e+00 0.000000000000000000e+00
2.120000000000000000e+02 5.514910000000000423e+00 1.184136999999999951e+01 0.000000000000000000e+00
2.130000000000000000e+02 5.142789999999999750e+00 1.403209999999999980e+01 0.000000000000000000e+00
2.140000000000000000e+02 4.694239999999999746e+00 1.611364000000000019e+01 0.000000000000000000e+00
2.150000000000000000e+02 4.534320000000000128e+00 1.818165000000000120e+01 0.000000000000000000e+00
2.160000000000000000e+02 6.374179999999999957e+00 -1.878121000000000151e+01 0.000000000000000000e+00
2.170000000000000000e+02 6.890780000000000349e+00 -1.653612000000000037e+01 0.000000000000000000e+00
2.180000000000000000e+02 7.105330000000000368e+00 -1.448654999999999937e+01 0.000000000000000000e+00
2.190000000000000000e+02 7.304999999999999716e+00 -1.233750999999999998e+01 0.000000000000000000e+00
2.200000000000000000e+02 6.914860000000000007e+00 -1.025624999999999964e+01 0.000000000000000000e+00
2.210000000000000000e+02 7.182120000000000282e+00 -7.999749999999999694e+00 0.000000000000000000e+00
2.220000000000000000e+02 7.377130000000000187e+00 -5.918479999999999741e+00 0.000000000000000000e+00
2.230000000000000000e+02 7.093530000000000335e+00 -3.790230000000000210e+00 0.000000000000000000e+00
2.240000000000000000e+02 7.464400000000000368e+00 -1.736320000000000086e+00 0.000000000000000000e+00
2.250000000000000000e+02 7.939910000000000245e+00 4.213500000000000023e-01 0.000000000000000000e+00
2.260000000000000000e+02 8.642709999999999226e+00 2.467439999999999856e+00 0.000000000000000000e+00
2.270000000000000000e+02 8.573180000000000689e+00 4.533339999999999925e+00 0.000000000000000000e+00
2.280000000000000000e+02 8.125899999999999679e+00 6.558290000000000397e+00 0.000000000000000000e+00
2.290000000000000000e+02 7.657569999999999766e+00 8.661860000000000781e+00 0.000000000000000000e+00
2.300000000000000000e+02 7.470530000000000115e+00 1.091423999999999950e+01 0.000000000000000000e+00
2.310000000000000000e+02 7.169369999999999798e+00 1.327319999999999922e+01 0.000000000000000000e+00
2.320000000000000000e+02 7.010180000000000078e+00 1.540085000000000015e+01 0.000000000000000000e+00
2.330000000000000000e+02 6.502270000000000216e+00 1.743051000000000172e+01 0.000000000000000000e+00
2.340000000000000000e+02 8.455470000000000041e+00 -1.802148000000000039e+01 0.000000000000000000e+00
2.350000000000000000e+02 8.925660000000000593e+00 -1.588740999999999914e+01 0.000000000000000000e+00
2.360000000000000000e+02 9.051700000000000301e+00 -1.361567999999999934e+01 0.000000000000000000e+00
2.370000000000000000e+02 9.270310000000000272e+00 -1.155358000000000018e+01 0.000000000000000000e+00
2.380000000000000000e+02 8.803520000000000678e+00 -9.404400000000000759e+00 0.000000000000000000e+00
2.390000000000000000e+02 9.142369999999999663e+00 -7.357260000000000133e+00 0.000000000000000000e+00
2.400000000000000000e+02 9.535220000000000695e+00 -5.253849999999999909e+00 0.000000000000000000e+00
2.410000000000000000e+02 9.105959999999999610e+00 -3.219160000000000021e+00 0.000000000000000000e+00
2.420000000000000000e+02 9.741509999999999891e+00 -1.175280000000000102e+00 0.000000000000000000e+00
2.430000000000000000e+02 1.019283000000000072e+01 8.860900000000000443e-01 0.000000000000000000e+00
2.440000000000000000e+02 1.082704000000000022e+01 3.418870000000000076e+00 0.000000000000000000e+00
2.450000000000000000e+02 1.021861999999999959e+01 5.986309999999999576e+00 0.000000000000000000e+00
2.460000000000000000e+02 9.736649999999999139e+00 7.976950000000000429e+00 0.000000000000000000e+00
2.470000000000000000e+02 9.441000000000000725e+00 1.009237000000000073e+01 0.000000000000000000e+00
2.480000000000000000e+02 9.214800000000000324e+00 1.239771999999999963e+01 0.000000000000000000e+00
2.490000000000000000e+02 8.877079999999999416e+00 1.443872000000000000e+01 0.000000000000000000e+00
2.500000000000000000e+02 8.592570000000000263e+00 1.731007999999999925e+01 0.000000000000000000e+00
2.510000000000000000e+02 7.445549999999999891e+00 1.960776999999999859e+01 0.000000000000000000e+00
2.520000000000000000e+02 1.065789000000000009e+01 -1.730458000000000141e+01 0.000000000000000000e+00
2.530000000000000000e+02 1.091975000000000051e+01 -1.512501999999999924e+01 0.000000000000000000e+00
2.540000000000000000e+02 1.101274000000000086e+01 -1.285777999999999999e+01 0.000000000000000000e+00
2.550000000000000000e+02 1.132896999999999998e+01 -1.076470999999999911e+01 0.000000000000000000e+00
2.560000000000000000e+02 1.077501999999999960e+01 -8.670949999999999491e+00 0.000000000000000000e+00
2.570000000000000000e+02 1.136444999999999972e+01 -6.577160000000000117e+00 0.000000000000000000e+00
2.580000000000000000e+02 1.274088000000000065e+01 -5.043580000000000396e+00 0.000000000000000000e+00
2.590000000000000000e+02 1.113146000000000058e+01 -3.615359999999999907e+00 0.000000000000000000e+00
2.600000000000000000e+02 1.183446999999999960e+01 -1.176190000000000069e+00 0.000000000000000000e+00
2.610000000000000000e+02 1.225590000000000046e+01 8.493000000000000549e-01 0.000000000000000000e+00
2.620000000000000000e+02 1.294389999999999930e+01 3.361120000000000108e+00 0.000000000000000000e+00
2.630000000000000000e+02 1.223709000000000024e+01 5.346750000000000114e+00 0.000000000000000000e+00
2.640000000000000000e+02 1.190989000000000075e+01 7.428469999999999906e+00 0.000000000000000000e+00
2.650000000000000000e+02 1.173108000000000040e+01 9.523260000000000502e+00 0.000000000000000000e+00
2.660000000000000000e+02 1.111103999999999914e+01 1.157821999999999996e+01 0.000000000000000000e+00
2.670000000000000000e+02 1.117009000000000007e+01 1.369763999999999982e+01 0.000000000000000000e+00
2.680000000000000000e+02 1.060854999999999926e+01 1.595636999999999972e+01 0.000000000000000000e+00
2.690000000000000000e+02 1.256221000000000032e+01 1.731566000000000116e+01 0.000000000000000000e+00
2.700000000000000000e+02 1.281357000000000035e+01 -1.628090999999999866e+01 0.000000000000000000e+00
2.710000000000000000e+02 1.272991000000000028e+01 -1.411248999999999931e+01 0.000000000000000000e+00
2.720000000000000000e+02 1.295332999999999934e+01 -1.204306000000000054e+01 0.000000000000000000e+00
2.730000000000000000e+02 1.467600000000000016e+01 -1.073997999999999919e+01 0.000000000000000000e+00
2.740000000000000000e+02 1.290797000000000061e+01 -9.439149999999999707e+00 0.000000000000000000e+00
2.750000000000000000e+02 1.348001000000000005e+01 -7.008949999999999569e+00 0.000000000000000000e+00
2.760000000000000000e+02 1.476795000000000080e+01 -4.668269999999999698e+00 0.000000000000000000e+00
2.770000000000000000e+02 1.322518999999999956e+01 -3.033170000000000144e+00 0.000000000000000000e+00
2.780000000000000000e+02 1.392375999999999969e+01 -7.745999999999999552e-01 0.000000000000000000e+00
2.790000000000000000e+02 1.428059999999999974e+01 1.360330000000000039e+00 0.000000000000000000e+00
2.800000000000000000e+02 1.511270999999999987e+01 3.314979999999999816e+00 0.000000000000000000e+00
2.810000000000000000e+02 1.429697999999999958e+01 5.394999999999999574e+00 0.000000000000000000e+00
2.820000000000000000e+02 1.516058999999999912e+01 7.339000000000000412e+00 0.000000000000000000e+00
2.830000000000000000e+02 1.370567999999999920e+01 8.908500000000000085e+00 0.000000000000000000e+00
2.840000000000000000e+02 1.312423000000000073e+01 1.110820000000000007e+01 0.000000000000000000e+00
2.850000000000000000e+02 1.555325999999999986e+01 1.088166000000000011e+01 0.000000000000000000e+00
2.860000000000000000e+02 1.321308999999999934e+01 1.318026000000000053e+01 0.000000000000000000e+00
2.870000000000000000e+02 1.263016999999999967e+01 1.523417000000000066e+01 0.000000000000000000e+00
2.880000000000000000e+02 1.471906000000000070e+01 -1.544462000000000046e+01 0.000000000000000000e+00
2.890000000000000000e+02 1.463837000000000010e+01 -1.326223000000000063e+01 0.000000000000000000e+00
2.900000000000000000e+02 1.635048000000000101e+01 -1.197328000000000081e+01 0.000000000000000000e+00
2.910000000000000000e+02 1.763861999999999952e+01 -9.275320000000000675e+00 0.000000000000000000e+00
2.920000000000000000e+02 1.479953000000000074e+01 -8.598280000000000811e+00 0.000000000000000000e+00
2.930000000000000000e+02 1.588485000000000014e+01 -6.605330000000000368e+00 0.000000000000000000e+00
2.940000000000000000e+02 1.744245000000000090e+01 -4.428469999999999906e+00 0.000000000000000000e+00
2.950000000000000000e+02 1.533187999999999995e+01 -2.594019999999999992e+00 0.000000000000000000e+00
2.960000000000000000e+02 1.586730000000000018e+01 -3.808000000000000274e-02 0.000000000000000000e+00
2.970000000000000000e+02 1.792576000000000036e+01 5.110799999999999788e-01 0.000000000000000000e+00
2.980000000000000000e+02 1.722400999999999982e+01 2.813569999999999904e+00 0.000000000000000000e+00
2.990000000000000000e+02 1.660023999999999944e+01 5.471189999999999998e+00 0.000000000000000000e+00
