0.000000000000000000e+00 -1.264258000000000060e+01 -1.497594999999999921e+01 0.000000000000000000e+00
1.000000000000000000e+00 -1.508455999999999975e+01 -1.197519999999999918e+01 0.000000000000000000e+00
2.000000000000000000e+00 -1.575103000000000009e+01 -9.850120000000000431e+00 0.000000000000000000e+00
3.000000000000000000e+00 -1.560853000000000002e+01 -7.737119999999999997e+00 0.000000000000000000e+00
4.000000000000000000e+00 -1.762550999999999846e+01 -6.957510000000000083e+00 0.000000000000000000e+00
5.000000000000000000e+00 -1.957092000000000098e+01 -5.127209999999999823e+00 0.000000000000000000e+00
6.000000000000000000e+00 -1.754433999999999827e+01 -4.628110000000000390e+00 0.000000000000000000e+00
7.000000000000000000e+00 -1.751203999999999894e+01 -2.491120000000000001e+00 0.000000000000000000e+00
8.000000000000000000e+00 -1.767236000000000118e+01 -3.843599999999999794e-01 0.000000000000000000e+00
9.000000000000000000e+00 -1.946968999999999994e+01 -1.798669999999999991e+00 0.000000000000000000e+00
1.000000000000000000e+01 -1.840414000000000172e+01 2.526050000000000129e+00 0.000000000000000000e+00
1.100000000000000000e+01 -1.600832000000000122e+01 3.331770000000000120e+00 0.000000000000000000e+00
1.200000000000000000e+01 -1.578683000000000014e+01 5.542169999999999597e+00 0.000000000000000000e+00
1.300000000000000000e+01 -1.777044000000000068e+01 4.768200000000000216e+00 0.000000000000000000e+00
1.400000000000000000e+01 -1.582915000000000028e+01 7.737610000000000099e+00 0.000000000000000000e+00
1.500000000000000000e+01 -1.540060000000000073e+01 9.821939999999999671e+00 0.000000000000000000e+00
1.600000000000000000e+01 -1.513517000000000046e+01 1.211351999999999940e+01 0.000000000000000000e+00
1.700000000000000000e+01 -1.487406999999999968e+01 1.421865000000000023e+01 0.000000000000000000e+00
1.800000000000000000e+01 -1.077283000000000079e+01 -1.589437000000000033e+01 0.000000000000000000e+00
1.900000000000000000e+01 -1.314428999999999981e+01 -1.294524000000000008e+01 0.000000000000000000e+00
2.000000000000000000e+01 -1.336273000000000089e+01 -1.081544000000000061e+01 0.000000000000000000e+00
2.100000000000000000e+01 -1.369153999999999982e+01 -8.733620000000000161e+00 0.000000000000000000e+00
2.200000000000000000e+01 -1.377702999999999989e+01 -6.579439999999999955e+00 0.000000000000000000e+00
2.300000000000000000e+01 -1.561265000000000036e+01 -5.637199999999999989e+00 0.000000000000000000e+00
2.400000000000000000e+01 -1.388911000000000051e+01 -4.503560000000000230e+00 0.000000000000000000e+00
2.500000000000000000e+01 -1.573997999999999919e+01 -3.567099999999999937e+00 0.000000000000000000e+00
2.600000000000000000e+01 -1.580333000000000077e+01 -1.282820000000000071e+00 0.000000000000000000e+00
2.700000000000000000e+01 -1.411053000000000068e+01 -1.185500000000000026e-01 0.000000000000000000e+00
2.800000000000000000e+01 -1.599427000000000021e+01 9.101099999999999746e-01 0.000000000000000000e+00
2.900000000000000000e+01 -1.419429000000000052e+01 1.988609999999999989e+00 0.000000000000000000e+00
3.000000000000000000e+01 -1.412420000000000009e+01 4.273869999999999614e+00 0.000000000000000000e+00
3.100000000000000000e+01 -1.392300000000000004e+01 6.490569999999999951e+00 0.000000000000000000e+00
3.200000000000000000e+01 -1.374161999999999928e+01 8.550649999999999196e+00 0.000000000000000000e+00
3.300000000000000000e+01 -1.352308999999999983e+01 1.077593000000000067e+01 0.000000000000000000e+00
3.400000000000000000e+01 -1.321242999999999945e+01 1.288156999999999996e+01 0.000000000000000000e+00
3.500000000000000000e+01 -1.301041999999999987e+01 1.517009000000000007e+01 0.000000000000000000e+00
3.600000000000000000e+01 -8.837080000000000268e+00 -1.683661999999999992e+01 0.000000000000000000e+00
3.700000000000000000e+01 -1.091954999999999920e+01 -1.383344999999999914e+01 0.000000000000000000e+00
3.800000000000000000e+01 -1.134876000000000040e+01 -1.180616000000000021e+01 0.000000000000000000e+00
3.900000000000000000e+01 -1.156835000000000058e+01 -9.664350000000000662e+00 0.000000000000000000e+00
4.000000000000000000e+01 -1.188571999999999917e+01 -7.606530000000000236e+00 0.000000000000000000e+00
4.100000000000000000e+01 -1.194725000000000037e+01 -5.506479999999999819e+00 0.000000000000000000e+00
4.200000000000000000e+01 -9.970969999999999445e+00 -4.153679999999999595e+00 0.000000000000000000e+00
4.300000000000000000e+01 -1.199114999999999931e+01 -3.334350000000000147e+00 0.000000000000000000e+00
4.400000000000000000e+01 -1.391778000000000048e+01 -2.381689999999999863e+00 0.000000000000000000e+00
4.500000000000000000e+01 -1.211599000000000004e+01 -1.192399999999999904e+00 0.000000000000000000e+00
4.600000000000000000e+01 -1.223536000000000001e+01 9.058000000000000496e-01 0.000000000000000000e+00
4.700000000000000000e+01 -1.241032000000000046e+01 3.102259999999999796e+00 0.000000000000000000e+00
4.800000000000000000e+01 -1.229214999999999947e+01 5.234779999999999767e+00 0.000000000000000000e+00
4.900000000000000000e+01 -1.202441999999999922e+01 7.367070000000000007e+00 0.000000000000000000e+00
5.000000000000000000e+01 -1.180849000000000082e+01 9.485239999999999227e+00 0.000000000000000000e+00
5.100000000000000000e+01 -1.157282000000000011e+01 1.153759999999999941e+01 0.000000000000000000e+00
5.200000000000000000e+01 -1.135220999999999947e+01 1.381012999999999913e+01 0.000000000000000000e+00
5.300000000000000000e+01 -1.109647000000000006e+01 1.609705999999999904e+01 0.000000000000000000e+00
5.400000000000000000e+01 -6.949430000000000440e+00 -1.770874999999999844e+01 0.000000000000000000e+00
5.500000000000000000e+01 -9.044150000000000134e+00 -1.474774999999999991e+01 0.000000000000000000e+00
5.600000000000000000e+01 -9.211529999999999774e+00 -1.248825000000000074e+01 0.000000000000000000e+00
5.700000000000000000e+01 -9.636950000000000571e+00 -1.043402999999999992e+01 0.000000000000000000e+00
5.800000000000000000e+01 -9.852029999999999177e+00 -8.329610000000000625e+00 0.000000000000000000e+00
5.900000000000000000e+01 -1.001862000000000030e+01 -6.251400000000000290e+00 0.000000000000000000e+00
6.000000000000000000e+01 -8.038050000000000139e+00 -4.886770000000000280e+00 0.000000000000000000e+00
6.100000000000000000e+01 -8.237360000000000682e+00 -2.824590000000000156e+00 0.000000000000000000e+00
6.200000000000000000e+01 -1.015809999999999924e+01 -2.104270000000000085e+00 0.000000000000000000e+00
6.300000000000000000e+01 -1.033976000000000006e+01 -4.164999999999999952e-02 0.000000000000000000e+00
6.400000000000000000e+01 -1.041733999999999938e+01 2.033409999999999940e+00 0.000000000000000000e+00
6.500000000000000000e+01 -1.056783000000000072e+01 4.105360000000000120e+00 0.000000000000000000e+00
6.600000000000000000e+01 -1.035065999999999953e+01 6.161839999999999762e+00 0.000000000000000000e+00
6.700000000000000000e+01 -1.010640000000000072e+01 8.265349999999999753e+00 0.000000000000000000e+00
6.800000000000000000e+01 -9.849500000000000810e+00 1.031337000000000081e+01 0.000000000000000000e+00
6.900000000000000000e+01 -9.572520000000000806e+00 1.244180000000000064e+01 0.000000000000000000e+00
7.000000000000000000e+01 -9.321780000000000399e+00 1.457018000000000058e+01 0.000000000000000000e+00
7.100000000000000000e+01 -9.094509999999999650e+00 1.687445999999999913e+01 0.000000000000000000e+00
7.200000000000000000e+01 -7.158549999999999969e+00 -1.562529999999999930e+01 0.000000000000000000e+00
7.300000000000000000e+01 -7.385790000000000077e+00 -1.347359999999999935e+01 0.000000000000000000e+00
7.400000000000000000e+01 -7.593609999999999971e+00 -1.119678000000000040e+01 0.000000000000000000e+00
7.500000000000000000e+01 -7.766589999999999883e+00 -9.096899999999999764e+00 0.000000000000000000e+00
7.600000000000000000e+01 -8.103830000000000311e+00 -7.066349999999999909e+00 0.000000000000000000e+00
7.700000000000000000e+01 -6.165449999999999875e+00 -5.790370000000000239e+00 0.000000000000000000e+00
7.800000000000000000e+01 -6.260329999999999728e+00 -3.638469999999999871e+00 0.000000000000000000e+00
7.900000000000000000e+01 -6.436910000000000132e+00 -1.576869999999999994e+00 0.000000000000000000e+00
8.000000000000000000e+01 -8.386229999999999407e+00 -7.094200000000000506e-01 0.000000000000000000e+00
8.100000000000000000e+01 -6.616539999999999644e+00 4.854100000000000081e-01 0.000000000000000000e+00
8.200000000000000000e+01 -8.384859999999999758e+00 1.592289999999999983e+00 0.000000000000000000e+00
8.300000000000000000e+01 -8.502530000000000143e+00 4.297509999999999941e+00 0.000000000000000000e+00
8.400000000000000000e+01 -8.406190000000000495e+00 6.914690000000000225e+00 0.000000000000000000e+00
8.500000000000000000e+01 -8.142220000000000013e+00 9.012209999999999610e+00 0.000000000000000000e+00
8.600000000000000000e+01 -7.926789999999999559e+00 1.112665999999999933e+01 0.000000000000000000e+00
8.700000000000000000e+01 -7.658970000000000056e+00 1.327303999999999995e+01 0.000000000000000000e+00
8.800000000000000000e+01 -7.372289999999999566e+00 1.535448000000000057e+01 0.000000000000000000e+00
8.900000000000000000e+01 -7.102579999999999671e+00 1.762397999999999954e+01 0.000000000000000000e+00
9.000000000000000000e+01 -5.211190000000000211e+00 -1.635255000000000081e+01 0.000000000000000000e+00
9.100000000000000000e+01 -5.498050000000000104e+00 -1.431223999999999918e+01 0.000000000000000000e+00
9.200000000000000000e+01 -5.724409999999999776e+00 -1.213864000000000054e+01 0.000000000000000000e+00
9.300000000000000000e+01 -5.852299999999999613e+00 -1.005852999999999930e+01 0.000000000000000000e+00
9.400000000000000000e+01 -5.979739999999999611e+00 -7.939169999999999838e+00 0.000000000000000000e+00
9.500000000000000000e+01 -4.272639999999999993e+00 -6.712900000000000311e+00 0.000000000000000000e+00
9.600000000000000000e+01 -4.404040000000000177e+00 -4.566889999999999894e+00 0.000000000000000000e+00
9.700000000000000000e+01 -4.508549999999999613e+00 -2.380360000000000031e+00 0.000000000000000000e+00
9.800000000000000000e+01 -4.714380000000000237e+00 -3.165200000000000236e-01 0.000000000000000000e+00
9.900000000000000000e+01 -4.896980000000000111e+00 1.984739999999999949e+00 0.000000000000000000e+00
1.000000000000000000e+02 -6.816860000000000142e+00 2.957030000000000047e+00 0.000000000000000000e+00
1.010000000000000000e+02 -6.687890000000000335e+00 5.329010000000000247e+00 0.000000000000000000e+00
1.020000000000000000e+02 -6.448129999999999917e+00 7.655890000000000306e+00 0.000000000000000000e+00
1.030000000000000000e+02 -6.208849999999999980e+00 9.742610000000000881e+00 0.000000000000000000e+00
1.040000000000000000e+02 -6.008029999999999760e+00 1.191985000000000028e+01 0.000000000000000000e+00
1.050000000000000000e+02 -5.671439999999999593e+00 1.400946000000000069e+01 0.000000000000000000e+00
1.060000000000000000e+02 -5.518250000000000099e+00 1.628106000000000009e+01 0.000000000000000000e+00
1.070000000000000000e+02 -5.188399999999999679e+00 1.850719000000000136e+01 0.000000000000000000e+00
1.080000000000000000e+02 -3.340279999999999916e+00 -1.739709999999999823e+01 0.000000000000000000e+00
1.090000000000000000e+02 -3.431369999999999809e+00 -1.527089999999999925e+01 0.000000000000000000e+00
1.100000000000000000e+02 -3.792889999999999873e+00 -1.304663000000000039e+01 0.000000000000000000e+00
1.110000000000000000e+02 -4.007139999999999702e+00 -1.096870000000000012e+01 0.000000000000000000e+00
1.120000000000000000e+02 -4.071340000000000181e+00 -8.845620000000000260e+00 0.000000000000000000e+00
1.130000000000000000e+02 -2.389979999999999993e+00 -7.649440000000000239e+00 0.000000000000000000e+00
1.140000000000000000e+02 -2.541790000000000216e+00 -5.554610000000000269e+00 0.000000000000000000e+00
1.150000000000000000e+02 -2.690109999999999779e+00 -3.355059999999999931e+00 0.000000000000000000e+00
1.160000000000000000e+02 -2.834210000000000118e+00 -1.163969999999999949e+00 0.000000000000000000e+00
1.170000000000000000e+02 -3.033030000000000115e+00 9.334799999999999764e-01 0.000000000000000000e+00
1.180000000000000000e+02 -3.085980000000000167e+00 3.031800000000000050e+00 0.000000000000000000e+00
1.190000000000000000e+02 -4.892509999999999692e+00 4.150979999999999670e+00 0.000000000000000000e+00
1.200000000000000000e+02 -4.862260000000000026e+00 6.338739999999999597e+00 0.000000000000000000e+00
1.210000000000000000e+02 -4.397300000000000431e+00 8.434020000000000294e+00 0.000000000000000000e+00
1.220000000000000000e+02 -4.318439999999999834e+00 1.060810000000000031e+01 0.000000000000000000e+00
1.230000000000000000e+02 -4.005790000000000184e+00 1.275118999999999936e+01 0.000000000000000000e+00
1.240000000000000000e+02 -3.801029999999999909e+00 1.492170999999999914e+01 0.000000000000000000e+00
1.250000000000000000e+02 -3.576099999999999834e+00 1.701137999999999906e+01 0.000000000000000000e+00
1.260000000000000000e+02 -1.319919999999999982e+00 -1.850556999999999874e+01 0.000000000000000000e+00
1.270000000000000000e+02 -1.620679999999999898e+00 -1.625189999999999912e+01 0.000000000000000000e+00
1.280000000000000000e+02 -1.846600000000000019e+00 -1.391394000000000020e+01 0.000000000000000000e+00
1.290000000000000000e+02 -2.204039999999999999e+00 -9.726530000000000342e+00 0.000000000000000000e+00
1.300000000000000000e+02 -4.769300000000000206e-01 -8.545230000000000103e+00 0.000000000000000000e+00
1.310000000000000000e+02 -6.408700000000000507e-01 -6.467089999999999783e+00 0.000000000000000000e+00
1.320000000000000000e+02 -8.471800000000000441e-01 -4.366920000000000357e+00 0.000000000000000000e+00
1.330000000000000000e+02 -9.399699999999999722e-01 -2.222869999999999902e+00 0.000000000000000000e+00
1.340000000000000000e+02 -1.064259999999999984e+00 -8.599999999999999312e-02 0.000000000000000000e+00
1.350000000000000000e+02 -1.209589999999999943e+00 1.984110000000000040e+00 0.000000000000000000e+00
1.360000000000000000e+02 -1.194220000000000059e+00 4.058819999999999872e+00 0.000000000000000000e+00
1.370000000000000000e+02 -3.104270000000000085e+00 5.241399999999999615e+00 0.000000000000000000e+00
1.380000000000000000e+02 -2.651009999999999867e+00 7.323330000000000339e+00 0.000000000000000000e+00
1.390000000000000000e+02 -2.569830000000000059e+00 9.398709999999999454e+00 0.000000000000000000e+00
1.400000000000000000e+02 -2.328009999999999913e+00 1.146804999999999986e+01 0.000000000000000000e+00
1.410000000000000000e+02 -2.137700000000000156e+00 1.367060999999999993e+01 0.000000000000000000e+00
1.420000000000000000e+02 -1.914590000000000014e+00 1.577017000000000024e+01 0.000000000000000000e+00
1.430000000000000000e+02 -1.524180000000000090e+00 1.793162999999999840e+01 0.000000000000000000e+00
1.440000000000000000e+02 3.401399999999999979e-01 -1.696689999999999898e+01 0.000000000000000000e+00
1.450000000000000000e+02 -3.135999999999999899e-02 -1.490043000000000006e+01 0.000000000000000000e+00
1.460000000000000000e+02 -5.960000000000000020e-02 -1.277637999999999963e+01 0.000000000000000000e+00
1.470000000000000000e+02 -2.069739999999999913e+00 -1.178791999999999973e+01 0.000000000000000000e+00
1.480000000000000000e+02 -3.092900000000000094e-01 -1.063683999999999941e+01 0.000000000000000000e+00
1.490000000000000000e+02 1.277709999999999901e+00 -7.305819999999999759e+00 0.000000000000000000e+00
1.500000000000000000e+02 1.056669999999999998e+00 -5.211129999999999818e+00 0.000000000000000000e+00
1.510000000000000000e+02 8.935800000000000409e-01 -3.160820000000000185e+00 0.000000000000000000e+00
1.520000000000000000e+02 7.796999999999999487e-01 -1.036739999999999995e+00 0.000000000000000000e+00
1.530000000000000000e+02 6.697899999999999965e-01 1.105029999999999957e+00 0.000000000000000000e+00
1.540000000000000000e+02 7.234800000000000120e-01 3.208359999999999879e+00 0.000000000000000000e+00
1.550000000000000000e+02 -8.398600000000000509e-01 6.175629999999999953e+00 0.000000000000000000e+00
1.560000000000000000e+02 -8.034599999999999520e-01 8.241590000000000416e+00 0.000000000000000000e+00
1.570000000000000000e+02 -5.404700000000000060e-01 1.031611000000000011e+01 0.000000000000000000e+00
1.580000000000000000e+02 -4.907799999999999940e-01 1.240119999999999933e+01 0.000000000000000000e+00
1.590000000000000000e+02 -2.305899999999999894e-01 1.449621999999999922e+01 0.000000000000000000e+00
1.600000000000000000e+02 2.948700000000000210e-01 1.652157000000000053e+01 0.000000000000000000e+00
1.610000000000000000e+02 1.288499999999999979e+00 1.877713999999999928e+01 0.000000000000000000e+00
1.620000000000000000e+02 2.290280000000000094e+00 -1.790349000000000146e+01 0.000000000000000000e+00
1.630000000000000000e+02 2.032890000000000086e+00 -1.569796000000000014e+01 0.000000000000000000e+00
1.640000000000000000e+02 1.851820000000000022e+00 -1.360787000000000013e+01 0.000000000000000000e+00
1.650000000000000000e+02 1.588540000000000063e+00 -1.147654999999999959e+01 0.000000000000000000e+00
1.660000000000000000e+02 1.419219999999999926e+00 -9.406269999999999243e+00 0.000000000000000000e+00
1.670000000000000000e+02 3.057059999999999889e+00 -6.121249999999999858e+00 0.000000000000000000e+00
1.680000000000000000e+02 2.794200000000000017e+00 -4.078140000000000320e+00 0.000000000000000000e+00
1.690000000000000000e+02 2.684000000000000163e+00 -1.972779999999999978e+00 0.000000000000000000e+00
1.700000000000000000e+02 2.488820000000000032e+00 9.028999999999999526e-02 0.000000000000000000e+00
1.710000000000000000e+02 2.514699999999999935e+00 2.159689999999999888e+00 0.000000000000000000e+00
1.720000000000000000e+02 3.313250000000000028e+00 4.102500000000000036e+00 0.000000000000000000e+00
1.730000000000000000e+02 1.515500000000000069e+00 5.199130000000000251e+00 0.000000000000000000e+00
1.740000000000000000e+02 9.966599999999999904e-01 7.223950000000000315e+00 0.000000000000000000e+00
1.750000000000000000e+02 1.301090000000000080e+00 9.277829999999999799e+00 0.000000000000000000e+00
1.760000000000000000e+02 2.055699999999999861e+00 1.122566999999999915e+01 0.000000000000000000e+00
1.770000000000000000e+02 1.426569999999999894e+00 1.324498999999999960e+01 0.000000000000000000e+00
1.780000000000000000e+02 2.076319999999999943e+00 1.526764000000000010e+01 0.000000000000000000e+00
1.790000000000000000e+02 -1.161790000000000100e+00 1.997556000000000154e+01 0.000000000000000000e+00
1.800000000000000000e+02 4.255569999999999631e+00 -1.909072000000000102e+01 0.000000000000000000e+00
1.810000000000000000e+02 3.737719999999999931e+00 -1.447573000000000043e+01 0.000000000000000000e+00
1.820000000000000000e+02 3.529770000000000074e+00 -1.236314999999999920e+01 0.000000000000000000e+00
1.830000000000000000e+02 3.317880000000000162e+00 -1.031114999999999959e+01 0.000000000000000000e+00
1.840000000000000000e+02 3.190539999999999932e+00 -8.205930000000000391e+00 0.000000000000000000e+00
1.850000000000000000e+02 4.731209999999999916e+00 -4.844619999999999926e+00 0.000000000000000000e+00
1.860000000000000000e+02 4.605520000000000280e+00 -2.776889999999999858e+00 0.000000000000000000e+00
1.870000000000000000e+02 4.436700000000000088e+00 -6.137299999999999978e-01 0.000000000000000000e+00
1.880000000000000000e+02 5.973499999999999588e+00 7.531499999999999861e-01 0.000000000000000000e+00
1.890000000000000000e+02 4.574119999999999742e+00 2.431010000000000115e+00 0.000000000000000000e+00
1.900000000000000000e+02 5.351580000000000226e+00 4.487510000000000332e+00 0.000000000000000000e+00
1.910000000000000000e+02 4.088499999999999801e+00 6.109720000000000262e+00 0.000000000000000000e+00
1.920000000000000000e+02 2.934829999999999828e+00 7.940400000000000347e+00 0.000000000000000000e+00
1.930000000000000000e+02 3.696849999999999969e+00 9.911279999999999646e+00 0.000000000000000000e+00
1.940000000000000000e+02 4.450809999999999711e+00 1.184107000000000021e+01 0.000000000000000000e+00
1.950000000000000000e+02 3.447690000000000143e+00 1.371067999999999998e+01 0.000000000000000000e+00
1.960000000000000000e+02 2.765610000000000124e+00 1.721218000000000004e+01 0.000000000000000000e+00
1.970000000000000000e+02 3.506720000000000059e+00 1.924514999999999887e+01 0.000000000000000000e+00
1.980000000000000000e+02 4.006739999999999746e+00 -1.667820999999999998e+01 0.000000000000000000e+00
1.990000000000000000e+02 5.704850000000000421e+00 -1.542365000000000030e+01 0.000000000000000000e+00
2.000000000000000000e+02 5.514940000000000175e+00 -1.331705999999999968e+01 0.000000000000000000e+00
2.010000000000000000e+02 5.266589999999999883e+00 -1.119712999999999958e+01 0.000000000000000000e+00
2.020000000000000000e+02 5.181049999999999933e+00 -9.117850000000000676e+00 0.000000000000000000e+00
2.030000000000000000e+02 4.974149999999999849e+00 -7.062829999999999941e+00 0.000000000000000000e+00
2.040000000000000000e+02 6.518729999999999691e+00 -3.714539999999999953e+00 0.000000000000000000e+00
2.050000000000000000e+02 6.394929999999999559e+00 -1.291949999999999932e+00 0.000000000000000000e+00
2.060000000000000000e+02 7.996319999999999872e+00 1.101390000000000091e+00 0.000000000000000000e+00
2.070000000000000000e+02 6.662499999999999645e+00 2.834299999999999820e+00 0.000000000000000000e+00
2.080000000000000000e+02 7.579970000000000319e+00 4.709500000000000242e+00 0.000000000000000000e+00
2.090000000000000000e+02 6.244130000000000180e+00 6.385679999999999801e+00 0.000000000000000000e+00
2.100000000000000000e+02 8.286400000000000432e+00 6.653590000000000337e+00 0.000000000000000000e+00
2.110000000000000000e+02 5.017240000000000144e+00 8.045759999999999579e+00 0.000000000000000000e+00
2.120000000000000000e+02 5.901180000000000092e+00 1.015180999999999933e+01 0.000000000000000000e+00
2.130000000000000000e+02 6.714050000000000296e+00 1.224967000000000006e+01 0.000000000000000000e+00
2.140000000000000000e+02 5.581260000000000332e+00 1.403537999999999997e+01 0.000000000000000000e+00
2.150000000000000000e+02 4.266029999999999767e+00 1.562195000000000000e+01 0.000000000000000000e+00
2.160000000000000000e+02 6.107109999999999594e+00 -1.809262000000000015e+01 0.000000000000000000e+00
2.170000000000000000e+02 7.392350000000000421e+00 -1.418900999999999968e+01 0.000000000000000000e+00
2.180000000000000000e+02 7.292259999999999742e+00 -1.211229999999999940e+01 0.000000000000000000e+00
2.190000000000000000e+02 7.038840000000000430e+00 -1.006184999999999974e+01 0.000000000000000000e+00
2.200000000000000000e+02 6.866789999999999949e+00 -7.906329999999999636e+00 0.000000000000000000e+00
2.210000000000000000e+02 6.634100000000000108e+00 -5.816460000000000186e+00 0.000000000000000000e+00
2.220000000000000000e+02 8.349429999999999907e+00 -4.671840000000000437e+00 0.000000000000000000e+00
2.230000000000000000e+02 8.287330000000000751e+00 -2.561789999999999790e+00 0.000000000000000000e+00
2.240000000000000000e+02 9.160119999999999152e+00 -6.390500000000000069e-01 0.000000000000000000e+00
2.250000000000000000e+02 8.942719999999999558e+00 2.995880000000000098e+00 0.000000000000000000e+00
2.260000000000000000e+02 1.104565000000000019e+01 3.271310000000000162e+00 0.000000000000000000e+00
2.270000000000000000e+02 9.643140000000000711e+00 5.068679999999999630e+00 0.000000000000000000e+00
2.280000000000000000e+02 1.050817999999999941e+01 7.034060000000000201e+00 0.000000000000000000e+00
2.290000000000000000e+02 9.279999999999999361e+00 8.685380000000000322e+00 0.000000000000000000e+00
2.300000000000000000e+02 7.133090000000000153e+00 8.408160000000000522e+00 0.000000000000000000e+00
2.310000000000000000e+02 7.956830000000000069e+00 1.032550999999999952e+01 0.000000000000000000e+00
2.320000000000000000e+02 6.352149999999999963e+00 1.622498999999999825e+01 0.000000000000000000e+00
2.330000000000000000e+02 4.791979999999999684e+00 1.763557000000000130e+01 0.000000000000000000e+00
2.340000000000000000e+02 9.833109999999999573e+00 -1.755258999999999858e+01 0.000000000000000000e+00
2.350000000000000000e+02 7.635869999999999713e+00 -1.633731999999999829e+01 0.000000000000000000e+00
2.360000000000000000e+02 9.073359999999999204e+00 -1.089736000000000082e+01 0.000000000000000000e+00
2.370000000000000000e+02 8.728889999999999816e+00 -8.850410000000000110e+00 0.000000000000000000e+00
2.380000000000000000e+02 8.613020000000000564e+00 -6.759439999999999671e+00 0.000000000000000000e+00
2.390000000000000000e+02 1.027882999999999925e+01 -5.549120000000000275e+00 0.000000000000000000e+00
2.400000000000000000e+02 1.182249000000000017e+01 -4.157560000000000144e+00 0.000000000000000000e+00
2.410000000000000000e+02 1.040194999999999936e+01 -2.407680000000000042e+00 0.000000000000000000e+00
2.420000000000000000e+02 1.138871999999999929e+01 -4.870399999999999729e-01 0.000000000000000000e+00
2.430000000000000000e+02 1.008104999999999940e+01 1.222080000000000055e+00 0.000000000000000000e+00
2.440000000000000000e+02 1.307928000000000068e+01 3.637360000000000149e+00 0.000000000000000000e+00
2.450000000000000000e+02 1.186098999999999926e+01 5.410859999999999559e+00 0.000000000000000000e+00
2.460000000000000000e+02 1.258240999999999943e+01 7.347660000000000302e+00 0.000000000000000000e+00
2.470000000000000000e+02 1.131818999999999953e+01 9.031159999999999854e+00 0.000000000000000000e+00
2.480000000000000000e+02 1.016224000000000061e+01 1.075187000000000026e+01 0.000000000000000000e+00
2.490000000000000000e+02 8.784110000000000085e+00 1.237551999999999985e+01 0.000000000000000000e+00
2.500000000000000000e+02 7.658150000000000013e+00 1.412597000000000058e+01 0.000000000000000000e+00
2.510000000000000000e+02 7.740759999999999863e+00 1.817235000000000156e+01 0.000000000000000000e+00
2.520000000000000000e+02 9.641199999999999548e+00 -1.534069000000000038e+01 0.000000000000000000e+00
2.530000000000000000e+02 9.424910000000000565e+00 -1.313237999999999950e+01 0.000000000000000000e+00
2.540000000000000000e+02 1.111100000000000065e+01 -1.189733000000000018e+01 0.000000000000000000e+00
2.550000000000000000e+02 1.074592999999999954e+01 -9.654389999999999361e+00 0.000000000000000000e+00
2.560000000000000000e+02 1.049001999999999946e+01 -7.605699999999999683e+00 0.000000000000000000e+00
2.570000000000000000e+02 1.223714999999999975e+01 -6.216910000000000380e+00 0.000000000000000000e+00
2.580000000000000000e+02 1.388066000000000066e+01 -3.956609999999999960e+00 0.000000000000000000e+00
2.590000000000000000e+02 1.259188999999999936e+01 -2.232229999999999936e+00 0.000000000000000000e+00
2.600000000000000000e+02 1.344946999999999981e+01 -2.651800000000000268e-01 0.000000000000000000e+00
2.610000000000000000e+02 1.223558000000000057e+01 1.508399999999999963e+00 0.000000000000000000e+00
2.620000000000000000e+02 1.524091999999999913e+01 3.903859999999999886e+00 0.000000000000000000e+00
2.630000000000000000e+02 1.395289999999999964e+01 5.623739999999999739e+00 0.000000000000000000e+00
2.640000000000000000e+02 1.486910999999999916e+01 7.556070000000000064e+00 0.000000000000000000e+00
2.650000000000000000e+02 1.338494000000000028e+01 9.323230000000000572e+00 0.000000000000000000e+00
2.660000000000000000e+02 1.226172000000000040e+01 1.104606000000000066e+01 0.000000000000000000e+00
2.670000000000000000e+02 1.096373999999999960e+01 1.270725999999999978e+01 0.000000000000000000e+00
2.680000000000000000e+02 9.775019999999999598e+00 1.440756999999999977e+01 0.000000000000000000e+00
2.690000000000000000e+02 8.450559999999999405e+00 1.616067999999999927e+01 0.000000000000000000e+00
2.700000000000000000e+02 1.133982999999999919e+01 -1.414605000000000068e+01 0.000000000000000000e+00
2.710000000000000000e+02 1.303073000000000015e+01 -1.277237000000000045e+01 0.000000000000000000e+00
2.720000000000000000e+02 1.264954000000000001e+01 -1.051041000000000025e+01 0.000000000000000000e+00
2.730000000000000000e+02 1.258323999999999998e+01 -8.421079999999999899e+00 0.000000000000000000e+00
2.740000000000000000e+02 1.429580999999999946e+01 -6.623809999999999754e+00 0.000000000000000000e+00
2.750000000000000000e+02 1.621368999999999971e+01 -5.875989999999999824e+00 0.000000000000000000e+00
2.760000000000000000e+02 1.594067000000000078e+01 -3.752899999999999903e+00 0.000000000000000000e+00
2.770000000000000000e+02 1.464875999999999934e+01 -2.018899999999999917e+00 0.000000000000000000e+00
2.780000000000000000e+02 1.550136000000000003e+01 1.226999999999999966e-02 0.000000000000000000e+00
2.790000000000000000e+02 1.434543999999999997e+01 1.746299999999999963e+00 0.000000000000000000e+00
2.800000000000000000e+02 1.641627000000000081e+01 2.017809999999999881e+00 0.000000000000000000e+00
2.810000000000000000e+02 1.624446999999999974e+01 6.016289999999999694e+00 0.000000000000000000e+00
2.820000000000000000e+02 1.706257000000000090e+01 8.026350000000000762e+00 0.000000000000000000e+00
2.830000000000000000e+02 1.551755999999999958e+01 9.605719999999999814e+00 0.000000000000000000e+00
2.840000000000000000e+02 1.444209000000000032e+01 1.137396999999999991e+01 0.000000000000000000e+00
2.850000000000000000e+02 1.302543000000000006e+01 1.297841000000000022e+01 0.000000000000000000e+00
2.860000000000000000e+02 1.183440000000000047e+01 1.469552000000000014e+01 0.000000000000000000e+00
2.870000000000000000e+02 1.068385999999999925e+01 1.672400000000000020e+01 0.000000000000000000e+00
2.880000000000000000e+02 1.479452000000000034e+01 -1.152136999999999922e+01 0.000000000000000000e+00
2.890000000000000000e+02 1.638286000000000087e+01 -1.016557000000000066e+01 0.000000000000000000e+00
2.900000000000000000e+02 1.442287999999999926e+01 -9.404550000000000409e+00 0.000000000000000000e+00
2.910000000000000000e+02 1.599959999999999916e+01 -8.084369999999999834e+00 0.000000000000000000e+00
2.920000000000000000e+02 1.807605999999999824e+01 -7.974960000000000271e+00 0.000000000000000000e+00
2.930000000000000000e+02 1.799266000000000076e+01 -4.278769999999999740e+00 0.000000000000000000e+00
2.940000000000000000e+02 1.885726999999999975e+01 -1.804729999999999945e+00 0.000000000000000000e+00
2.950000000000000000e+02 1.669694000000000145e+01 -1.700080000000000036e+00 0.000000000000000000e+00
2.960000000000000000e+02 1.992582000000000164e+01 4.240499999999999825e-01 0.000000000000000000e+00
2.970000000000000000e+02 1.774500000000000099e+01 9.163999999999999924e-02 0.000000000000000000e+00
2.980000000000000000e+02 1.854512000000000072e+01 2.295630000000000059e+00 0.000000000000000000e+00
2.990000000000000000e+02 1.730340999999999951e+01 4.234989999999999810e+00 0.000000000000000000e+00
