0.000000000000000000e+00 -1.253819999999999979e+01 -1.491666000000000025e+01 0.000000000000000000e+00
1.000000000000000000e+00 -1.522075000000000067e+01 -1.253206999999999915e+01 0.000000000000000000e+00
2.000000000000000000e+00 -1.584709999999999930e+01 -1.029133999999999993e+01 0.000000000000000000e+00
3.000000000000000000e+00 -1.653941999999999979e+01 -8.259290000000000020e+00 0.000000000000000000e+00
4.000000000000000000e+00 -1.710977000000000103e+01 -5.983469999999999622e+00 0.000000000000000000e+00
5.000000000000000000e+00 -1.732167000000000101e+01 -3.902439999999999909e+00 0.000000000000000000e+00
6.000000000000000000e+00 -1.786855999999999867e+01 -1.849769999999999914e+00 0.000000000000000000e+00
7.000000000000000000e+00 -1.584612000000000087e+01 -2.312780000000000058e+00 0.000000000000000000e+00
8.000000000000000000e+00 -1.826032000000000011e+01 4.247000000000000219e-01 0.000000000000000000e+00
9.000000000000000000e+00 -1.669603000000000037e+01 1.864579999999999904e+00 0.000000000000000000e+00
1.000000000000000000e+01 -1.868386999999999887e+01 2.574450000000000127e+00 0.000000000000000000e+00
1.100000000000000000e+01 -1.714114999999999966e+01 3.948259999999999881e+00 0.000000000000000000e+00
1.200000000000000000e+01 -1.743203000000000102e+01 6.299430000000000085e+00 0.000000000000000000e+00
1.300000000000000000e+01 -1.584750000000000014e+01 7.703190000000000204e+00 0.000000000000000000e+00
1.400000000000000000e+01 -1.788060000000000116e+01 8.435900000000000176e+00 0.000000000000000000e+00
1.500000000000000000e+01 -1.621938000000000102e+01 9.815409999999999968e+00 0.000000000000000000e+00
1.600000000000000000e+01 -1.503401000000000032e+01 1.149695000000000000e+01 0.000000000000000000e+00
1.700000000000000000e+01 -1.352900999999999954e+01 1.466777000000000086e+01 0.000000000000000000e+00
1.800000000000000000e+01 -1.023009000000000057e+01 -1.540442999999999962e+01 0.000000000000000000e+00
1.900000000000000000e+01 -1.317052999999999940e+01 -1.296306000000000047e+01 0.000000000000000000e+00
2.000000000000000000e+01 -1.379499000000000031e+01 -1.062021999999999977e+01 0.000000000000000000e+00
2.100000000000000000e+01 -1.438875999999999955e+01 -8.608470000000000510e+00 0.000000000000000000e+00
2.200000000000000000e+01 -1.495709000000000088e+01 -6.353559999999999874e+00 0.000000000000000000e+00
2.300000000000000000e+01 -1.522193000000000040e+01 -4.277020000000000266e+00 0.000000000000000000e+00
2.400000000000000000e+01 -1.380339999999999989e+01 -2.766770000000000174e+00 0.000000000000000000e+00
2.500000000000000000e+01 -1.426361999999999952e+01 -7.118400000000000283e-01 0.000000000000000000e+00
2.600000000000000000e+01 -1.630045000000000144e+01 -2.554100000000000259e-01 0.000000000000000000e+00
2.700000000000000000e+01 -1.459880000000000067e+01 1.385140000000000038e+00 0.000000000000000000e+00
2.800000000000000000e+01 -1.512296000000000085e+01 3.399109999999999854e+00 0.000000000000000000e+00
2.900000000000000000e+01 -1.552327000000000012e+01 5.511330000000000062e+00 0.000000000000000000e+00
3.000000000000000000e+01 -1.388075000000000081e+01 6.895959999999999646e+00 0.000000000000000000e+00
3.100000000000000000e+01 -1.424633000000000038e+01 9.034919999999999618e+00 0.000000000000000000e+00
3.200000000000000000e+01 -1.206639000000000017e+01 8.379200000000000870e+00 0.000000000000000000e+00
3.300000000000000000e+01 -1.265618000000000087e+01 1.040395000000000003e+01 0.000000000000000000e+00
3.400000000000000000e+01 -1.322986000000000040e+01 1.256001000000000012e+01 0.000000000000000000e+00
3.500000000000000000e+01 -1.198587000000000025e+01 1.611300999999999917e+01 0.000000000000000000e+00
3.600000000000000000e+01 -8.824859999999999260e+00 -1.712480000000000047e+01 0.000000000000000000e+00
3.700000000000000000e+01 -1.093487999999999971e+01 -1.328423000000000087e+01 0.000000000000000000e+00
3.800000000000000000e+01 -1.179274000000000022e+01 -1.126856000000000080e+01 0.000000000000000000e+00
3.900000000000000000e+01 -1.237166999999999994e+01 -9.125339999999999563e+00 0.000000000000000000e+00
4.000000000000000000e+01 -1.288898999999999972e+01 -7.055489999999999817e+00 0.000000000000000000e+00
4.100000000000000000e+01 -1.325726000000000049e+01 -4.962790000000000035e+00 0.000000000000000000e+00
4.200000000000000000e+01 -1.178618999999999950e+01 -3.432030000000000136e+00 0.000000000000000000e+00
4.300000000000000000e+01 -1.218718999999999930e+01 -1.388670000000000071e+00 0.000000000000000000e+00
4.400000000000000000e+01 -1.266680000000000028e+01 6.160700000000000065e-01 0.000000000000000000e+00
4.500000000000000000e+01 -1.096075000000000088e+01 2.098829999999999973e+00 0.000000000000000000e+00
4.600000000000000000e+01 -1.303336999999999968e+01 2.808209999999999873e+00 0.000000000000000000e+00
4.700000000000000000e+01 -1.337515999999999927e+01 4.853290000000000326e+00 0.000000000000000000e+00
4.800000000000000000e+01 -1.184342000000000006e+01 6.313320000000000043e+00 0.000000000000000000e+00
4.900000000000000000e+01 -1.007372999999999941e+01 7.730640000000000178e+00 0.000000000000000000e+00
5.000000000000000000e+01 -1.053364000000000011e+01 9.811550000000000438e+00 0.000000000000000000e+00
5.100000000000000000e+01 -1.112851999999999997e+01 1.179748000000000019e+01 0.000000000000000000e+00
5.200000000000000000e+01 -1.153006000000000064e+01 1.387567999999999913e+01 0.000000000000000000e+00
5.300000000000000000e+01 -1.033328000000000024e+01 1.744024999999999892e+01 0.000000000000000000e+00
5.400000000000000000e+01 -7.180519999999999570e+00 -1.857451999999999970e+01 0.000000000000000000e+00
5.500000000000000000e+01 -8.900280000000000413e+00 -1.369006000000000078e+01 0.000000000000000000e+00
5.600000000000000000e+01 -9.602710000000000079e+00 -1.171359999999999957e+01 0.000000000000000000e+00
5.700000000000000000e+01 -1.033120000000000083e+01 -9.744870000000000587e+00 0.000000000000000000e+00
5.800000000000000000e+01 -1.084769000000000005e+01 -7.710139999999999993e+00 0.000000000000000000e+00
5.900000000000000000e+01 -1.126035000000000075e+01 -5.566830000000000389e+00 0.000000000000000000e+00
6.000000000000000000e+01 -9.681330000000000879e+00 -4.169120000000000381e+00 0.000000000000000000e+00
6.100000000000000000e+01 -1.006276000000000082e+01 -2.098050000000000193e+00 0.000000000000000000e+00
6.200000000000000000e+01 -1.042642000000000024e+01 -3.803000000000000130e-02 0.000000000000000000e+00
6.300000000000000000e+01 -8.924189999999999401e+00 1.397299999999999986e+00 0.000000000000000000e+00
6.400000000000000000e+01 -9.392649999999999721e+00 3.464109999999999800e+00 0.000000000000000000e+00
6.500000000000000000e+01 -1.138644999999999996e+01 4.159729999999999706e+00 0.000000000000000000e+00
6.600000000000000000e+01 -9.806530000000000413e+00 5.525739999999999874e+00 0.000000000000000000e+00
6.700000000000000000e+01 -8.547129999999999228e+00 9.126079999999999970e+00 0.000000000000000000e+00
6.800000000000000000e+01 -9.000899999999999679e+00 1.127393999999999963e+01 0.000000000000000000e+00
6.900000000000000000e+01 -9.516149999999999665e+00 1.336970999999999954e+01 0.000000000000000000e+00
7.000000000000000000e+01 -9.937400000000000233e+00 1.541545999999999950e+01 0.000000000000000000e+00
7.100000000000000000e+01 -6.865479999999999805e+00 1.832892999999999972e+01 0.000000000000000000e+00
7.200000000000000000e+01 -6.022859999999999658e+00 -1.674468999999999852e+01 0.000000000000000000e+00
7.300000000000000000e+01 -7.529910000000000103e+00 -1.523442000000000007e+01 0.000000000000000000e+00
7.400000000000000000e+01 -6.833669999999999689e+00 -1.327976999999999919e+01 0.000000000000000000e+00
7.500000000000000000e+01 -8.073629999999999640e+00 -1.026593000000000089e+01 0.000000000000000000e+00
7.600000000000000000e+01 -8.825089999999999435e+00 -8.335399999999999920e+00 0.000000000000000000e+00
7.700000000000000000e+01 -9.234880000000000422e+00 -6.301999999999999602e+00 0.000000000000000000e+00
7.800000000000000000e+01 -7.554350000000000342e+00 -4.873820000000000263e+00 0.000000000000000000e+00
7.900000000000000000e+01 -8.011829999999999785e+00 -2.852469999999999839e+00 0.000000000000000000e+00
8.000000000000000000e+01 -8.456630000000000535e+00 -7.923200000000000243e-01 0.000000000000000000e+00
8.100000000000000000e+01 -6.918339999999999712e+00 8.197999999999999732e-01 0.000000000000000000e+00
8.200000000000000000e+01 -7.361819999999999808e+00 3.007789999999999964e+00 0.000000000000000000e+00
8.300000000000000000e+01 -7.791280000000000427e+00 5.034909999999999997e+00 0.000000000000000000e+00
8.400000000000000000e+01 -8.088509999999999422e+00 7.111170000000000435e+00 0.000000000000000000e+00
8.500000000000000000e+01 -6.478419999999999845e+00 8.522790000000000532e+00 0.000000000000000000e+00
8.600000000000000000e+01 -6.947099999999999831e+00 1.062143000000000015e+01 0.000000000000000000e+00
8.700000000000000000e+01 -7.455940000000000012e+00 1.270462999999999987e+01 0.000000000000000000e+00
8.800000000000000000e+01 -7.860960000000000392e+00 1.473404000000000025e+01 0.000000000000000000e+00
8.900000000000000000e+01 -8.366749999999999687e+00 1.676312000000000069e+01 0.000000000000000000e+00
9.000000000000000000e+01 -3.967060000000000031e+00 -1.636432999999999893e+01 0.000000000000000000e+00
9.100000000000000000e+01 -5.390520000000000422e+00 -1.477633999999999936e+01 0.000000000000000000e+00
9.200000000000000000e+01 -4.737910000000000288e+00 -1.279365999999999914e+01 0.000000000000000000e+00
9.300000000000000000e+01 -6.245090000000000252e+00 -1.122554000000000052e+01 0.000000000000000000e+00
9.400000000000000000e+01 -6.456419999999999604e+00 -8.904389999999999361e+00 0.000000000000000000e+00
9.500000000000000000e+01 -7.009990000000000165e+00 -6.890659999999999563e+00 0.000000000000000000e+00
9.600000000000000000e+01 -5.547270000000000145e+00 -5.351009999999999600e+00 0.000000000000000000e+00
9.700000000000000000e+01 -5.969699999999999562e+00 -3.301950000000000163e+00 0.000000000000000000e+00
9.800000000000000000e+01 -6.446209999999999773e+00 -1.288540000000000019e+00 0.000000000000000000e+00
9.900000000000000000e+01 -5.410099999999999909e+00 2.248419999999999863e+00 0.000000000000000000e+00
1.000000000000000000e+02 -3.792199999999999793e+00 3.663209999999999855e+00 0.000000000000000000e+00
1.010000000000000000e+02 -5.770839999999999748e+00 4.327609999999999957e+00 0.000000000000000000e+00
1.020000000000000000e+02 -6.155990000000000073e+00 6.370700000000000252e+00 0.000000000000000000e+00
1.030000000000000000e+02 -4.845430000000000348e+00 9.913660000000000139e+00 0.000000000000000000e+00
1.040000000000000000e+02 -5.326810000000000045e+00 1.206373999999999924e+01 0.000000000000000000e+00
1.050000000000000000e+02 -5.814490000000000158e+00 1.415145000000000053e+01 0.000000000000000000e+00
1.060000000000000000e+02 -6.151410000000000267e+00 1.634420000000000073e+01 0.000000000000000000e+00
1.070000000000000000e+02 -4.364469999999999850e+00 1.756782000000000110e+01 0.000000000000000000e+00
1.080000000000000000e+02 -2.709490000000000176e+00 -1.804679000000000144e+01 0.000000000000000000e+00
1.090000000000000000e+02 -3.325870000000000104e+00 -1.436672000000000082e+01 0.000000000000000000e+00
1.100000000000000000e+02 -2.569850000000000190e+00 -1.238322999999999929e+01 0.000000000000000000e+00
1.110000000000000000e+02 -4.212419999999999831e+00 -1.046685000000000088e+01 0.000000000000000000e+00
1.120000000000000000e+02 -3.259590000000000209e+00 -8.641109999999999403e+00 0.000000000000000000e+00
1.130000000000000000e+02 -4.949209999999999887e+00 -7.373179999999999623e+00 0.000000000000000000e+00
1.140000000000000000e+02 -3.967560000000000198e+00 -3.995439999999999880e+00 0.000000000000000000e+00
1.150000000000000000e+02 -4.287589999999999790e+00 -1.943689999999999918e+00 0.000000000000000000e+00
1.160000000000000000e+02 -4.872779999999999667e+00 1.579000000000000126e-01 0.000000000000000000e+00
1.170000000000000000e+02 -3.359760000000000080e+00 1.643489999999999895e+00 0.000000000000000000e+00
1.180000000000000000e+02 -1.781309999999999949e+00 3.093929999999999847e+00 0.000000000000000000e+00
1.190000000000000000e+02 -4.179719999999999658e+00 5.750420000000000087e+00 0.000000000000000000e+00
1.200000000000000000e+02 -4.476609999999999978e+00 7.848040000000000127e+00 0.000000000000000000e+00
1.210000000000000000e+02 -2.878219999999999779e+00 9.239789999999999281e+00 0.000000000000000000e+00
1.220000000000000000e+02 -3.317039999999999988e+00 1.129794000000000054e+01 0.000000000000000000e+00
1.230000000000000000e+02 -3.762789999999999857e+00 1.342221999999999937e+01 0.000000000000000000e+00
1.240000000000000000e+02 -4.207810000000000272e+00 1.548834000000000088e+01 0.000000000000000000e+00
1.250000000000000000e+02 -2.903610000000000024e+00 1.908925999999999945e+01 0.000000000000000000e+00
1.260000000000000000e+02 -3.903900000000000148e-01 -1.986482000000000170e+01 0.000000000000000000e+00
1.270000000000000000e+02 -1.874479999999999924e+00 -1.615046999999999855e+01 0.000000000000000000e+00
1.280000000000000000e+02 -1.277239999999999931e+00 -1.413630999999999993e+01 0.000000000000000000e+00
1.290000000000000000e+02 -1.898800000000000043e+00 -1.037723000000000084e+01 0.000000000000000000e+00
1.300000000000000000e+02 -1.205780000000000074e+00 -8.324189999999999756e+00 0.000000000000000000e+00
1.310000000000000000e+02 -2.905860000000000110e+00 -6.599339999999999762e+00 0.000000000000000000e+00
1.320000000000000000e+02 -2.016859999999999875e+00 -4.704340000000000188e+00 0.000000000000000000e+00
1.330000000000000000e+02 -2.095380000000000020e+00 -2.629280000000000062e+00 0.000000000000000000e+00
1.340000000000000000e+02 -2.840250000000000163e+00 -4.813000000000000056e-01 0.000000000000000000e+00
1.350000000000000000e+02 -1.385040000000000049e+00 1.006990000000000052e+00 0.000000000000000000e+00
1.360000000000000000e+02 1.644500000000000128e-01 2.390670000000000073e+00 0.000000000000000000e+00
1.370000000000000000e+02 -2.127240000000000020e+00 5.161240000000000272e+00 0.000000000000000000e+00
1.380000000000000000e+02 -2.511460000000000026e+00 7.206450000000000244e+00 0.000000000000000000e+00
1.390000000000000000e+02 -9.058000000000000496e-01 8.609280000000000044e+00 0.000000000000000000e+00
1.400000000000000000e+02 -1.324379999999999891e+00 1.075951000000000057e+01 0.000000000000000000e+00
1.410000000000000000e+02 -1.647380000000000067e+00 1.279968000000000039e+01 0.000000000000000000e+00
1.420000000000000000e+02 -2.196969999999999867e+00 1.480721999999999916e+01 0.000000000000000000e+00
1.430000000000000000e+02 -2.357749999999999790e+00 1.689488000000000056e+01 0.000000000000000000e+00
1.440000000000000000e+02 -3.248699999999999921e-01 -1.773743999999999943e+01 0.000000000000000000e+00
1.450000000000000000e+02 2.009900000000000020e-01 -1.568243999999999971e+01 0.000000000000000000e+00
1.460000000000000000e+02 -5.154300000000000548e-01 -1.204139999999999944e+01 0.000000000000000000e+00
1.470000000000000000e+02 1.259000000000000119e-01 -9.943759999999999266e+00 0.000000000000000000e+00
1.480000000000000000e+02 8.181100000000000039e-01 -7.948310000000000208e+00 0.000000000000000000e+00
1.490000000000000000e+02 -6.086799999999999988e-01 -6.341109999999999580e+00 0.000000000000000000e+00
1.500000000000000000e+02 8.881999999999999618e-02 -4.396440000000000126e+00 0.000000000000000000e+00
1.510000000000000000e+02 7.248400000000000398e-01 -2.415560000000000151e+00 0.000000000000000000e+00
1.520000000000000000e+02 -8.180500000000000549e-01 -9.917399999999999549e-01 0.000000000000000000e+00
1.530000000000000000e+02 2.100119999999999987e+00 1.682770000000000099e+00 0.000000000000000000e+00
1.540000000000000000e+02 -1.813099999999999989e-01 4.452090000000000103e+00 0.000000000000000000e+00
1.550000000000000000e+02 -5.447800000000000420e-01 6.526060000000000194e+00 0.000000000000000000e+00
1.560000000000000000e+02 1.105129999999999946e+00 7.863349999999999618e+00 0.000000000000000000e+00
1.570000000000000000e+02 7.456099999999999950e-01 9.893530000000000157e+00 0.000000000000000000e+00
1.580000000000000000e+02 5.047800000000000065e-01 1.194570000000000043e+01 0.000000000000000000e+00
1.590000000000000000e+02 1.558199999999999863e-01 1.398337000000000074e+01 0.000000000000000000e+00
1.600000000000000000e+02 -4.716099999999999737e-01 1.598086999999999946e+01 0.000000000000000000e+00
1.610000000000000000e+02 -7.723299999999999610e-01 1.866728000000000165e+01 0.000000000000000000e+00
1.620000000000000000e+02 2.171689999999999898e+00 -1.924498000000000175e+01 0.000000000000000000e+00
1.630000000000000000e+02 1.676770000000000094e+00 -1.713861999999999952e+01 0.000000000000000000e+00
1.640000000000000000e+02 8.191300000000000248e-01 -1.369045000000000023e+01 0.000000000000000000e+00
1.650000000000000000e+02 1.514750000000000041e+00 -1.156988999999999912e+01 0.000000000000000000e+00
1.660000000000000000e+02 2.165719999999999867e+00 -9.582160000000000011e+00 0.000000000000000000e+00
1.670000000000000000e+02 1.452550000000000008e+00 -5.973580000000000112e+00 0.000000000000000000e+00
1.680000000000000000e+02 2.199079999999999924e+00 -3.984119999999999884e+00 0.000000000000000000e+00
1.690000000000000000e+02 2.811690000000000023e+00 -1.980069999999999997e+00 0.000000000000000000e+00
1.700000000000000000e+02 1.243460000000000010e+00 -2.439500000000000002e-01 0.000000000000000000e+00
1.710000000000000000e+02 3.364710000000000090e+00 3.309999999999999748e-02 0.000000000000000000e+00
1.720000000000000000e+02 1.818210000000000104e+00 3.768040000000000056e+00 0.000000000000000000e+00
1.730000000000000000e+02 1.423650000000000082e+00 5.810550000000000104e+00 0.000000000000000000e+00
1.740000000000000000e+02 3.172520000000000007e+00 6.944049999999999834e+00 0.000000000000000000e+00
1.750000000000000000e+02 2.814919999999999867e+00 9.181810000000000471e+00 0.000000000000000000e+00
1.760000000000000000e+02 2.572940000000000005e+00 1.125713000000000008e+01 0.000000000000000000e+00
1.770000000000000000e+02 2.156460000000000043e+00 1.333311999999999919e+01 0.000000000000000000e+00
1.780000000000000000e+02 1.761439999999999895e+00 1.538303999999999938e+01 0.000000000000000000e+00
1.790000000000000000e+02 1.088540000000000063e+00 1.735831999999999908e+01 0.000000000000000000e+00
1.800000000000000000e+02 5.761110000000000397e+00 -1.853444999999999965e+01 0.000000000000000000e+00
1.810000000000000000e+02 2.365289999999999893e+00 -1.511495999999999995e+01 0.000000000000000000e+00
1.820000000000000000e+02 2.956090000000000106e+00 -1.309028999999999954e+01 0.000000000000000000e+00
1.830000000000000000e+02 3.597989999999999799e+00 -1.112823000000000029e+01 0.000000000000000000e+00
1.840000000000000000e+02 4.268510000000000026e+00 -9.143829999999999458e+00 0.000000000000000000e+00
1.850000000000000000e+02 2.906629999999999825e+00 -7.573660000000000281e+00 0.000000000000000000e+00
1.860000000000000000e+02 3.509590000000000209e+00 -5.583709999999999951e+00 0.000000000000000000e+00
1.870000000000000000e+02 4.232300000000000395e+00 -3.556999999999999940e+00 0.000000000000000000e+00
1.880000000000000000e+02 4.800799999999999734e+00 -1.487770000000000037e+00 0.000000000000000000e+00
1.890000000000000000e+02 5.336579999999999657e+00 6.619399999999999729e-01 0.000000000000000000e+00
1.900000000000000000e+02 3.977069999999999883e+00 2.765709999999999891e+00 0.000000000000000000e+00
1.910000000000000000e+02 3.640229999999999855e+00 4.808040000000000092e+00 0.000000000000000000e+00
1.920000000000000000e+02 5.143709999999999560e+00 6.290549999999999642e+00 0.000000000000000000e+00
1.930000000000000000e+02 4.722800000000000331e+00 8.339560000000000528e+00 0.000000000000000000e+00
1.940000000000000000e+02 4.524560000000000137e+00 1.042615999999999943e+01 0.000000000000000000e+00
1.950000000000000000e+02 4.161380000000000301e+00 1.258012000000000086e+01 0.000000000000000000e+00
1.960000000000000000e+02 3.751189999999999802e+00 1.464638000000000062e+01 0.000000000000000000e+00
1.970000000000000000e+02 3.380819999999999936e+00 1.672260999999999953e+01 0.000000000000000000e+00
1.980000000000000000e+02 3.909940000000000193e+00 -1.684450999999999965e+01 0.000000000000000000e+00
1.990000000000000000e+02 4.581570000000000142e+00 -1.482947000000000060e+01 0.000000000000000000e+00
2.000000000000000000e+02 5.097409999999999997e+00 -1.277673000000000059e+01 0.000000000000000000e+00
2.010000000000000000e+02 5.660890000000000200e+00 -1.076205999999999996e+01 0.000000000000000000e+00
2.020000000000000000e+02 6.379529999999999923e+00 -8.702280000000000015e+00 0.000000000000000000e+00
2.030000000000000000e+02 4.964369999999999727e+00 -7.186899999999999622e+00 0.000000000000000000e+00
2.040000000000000000e+02 5.537040000000000184e+00 -5.167220000000000368e+00 0.000000000000000000e+00
2.050000000000000000e+02 6.247399999999999842e+00 -3.008910000000000196e+00 0.000000000000000000e+00
2.060000000000000000e+02 6.842450000000000365e+00 -9.779700000000000060e-01 0.000000000000000000e+00
2.070000000000000000e+02 7.405829999999999913e+00 1.031130000000000102e+00 0.000000000000000000e+00
2.080000000000000000e+02 6.064709999999999823e+00 2.599169999999999980e+00 0.000000000000000000e+00
2.090000000000000000e+02 6.461579999999999657e+00 4.655820000000000292e+00 0.000000000000000000e+00
2.100000000000000000e+02 7.051560000000000272e+00 7.079559999999999853e+00 0.000000000000000000e+00
2.110000000000000000e+02 6.481830000000000425e+00 9.514250000000000540e+00 0.000000000000000000e+00
2.120000000000000000e+02 6.266000000000000014e+00 1.156426000000000087e+01 0.000000000000000000e+00
2.130000000000000000e+02 5.733679999999999666e+00 1.396153999999999940e+01 0.000000000000000000e+00
2.140000000000000000e+02 5.413529999999999731e+00 1.606250999999999962e+01 0.000000000000000000e+00
2.150000000000000000e+02 2.758809999999999985e+00 1.869670999999999950e+01 0.000000000000000000e+00
2.160000000000000000e+02 6.041210000000000413e+00 -1.641715999999999909e+01 0.000000000000000000e+00
2.170000000000000000e+02 6.578000000000000291e+00 -1.432409999999999961e+01 0.000000000000000000e+00
2.180000000000000000e+02 7.212550000000000239e+00 -1.223785999999999952e+01 0.000000000000000000e+00
2.190000000000000000e+02 7.801800000000000068e+00 -1.025051000000000023e+01 0.000000000000000000e+00
2.200000000000000000e+02 8.432040000000000646e+00 -8.230290000000000106e+00 0.000000000000000000e+00
2.210000000000000000e+02 7.049669999999999881e+00 -6.706579999999999764e+00 0.000000000000000000e+00
2.220000000000000000e+02 7.609919999999999796e+00 -4.592929999999999957e+00 0.000000000000000000e+00
2.230000000000000000e+02 8.259299999999999642e+00 -2.511839999999999851e+00 0.000000000000000000e+00
2.240000000000000000e+02 8.918720000000000425e+00 -4.716299999999999937e-01 0.000000000000000000e+00
2.250000000000000000e+02 9.382839999999999847e+00 1.699310000000000098e+00 0.000000000000000000e+00
2.260000000000000000e+02 8.028330000000000410e+00 3.263020000000000032e+00 0.000000000000000000e+00
2.270000000000000000e+02 8.528150000000000119e+00 5.285510000000000375e+00 0.000000000000000000e+00
2.280000000000000000e+02 9.164820000000000633e+00 7.316670000000000229e+00 0.000000000000000000e+00
2.290000000000000000e+02 8.592969999999999331e+00 9.299360000000000070e+00 0.000000000000000000e+00
2.300000000000000000e+02 7.655490000000000350e+00 1.311111000000000004e+01 0.000000000000000000e+00
2.310000000000000000e+02 7.850570000000000270e+00 1.519081000000000081e+01 0.000000000000000000e+00
2.320000000000000000e+02 7.230710000000000193e+00 1.716741000000000028e+01 0.000000000000000000e+00
2.330000000000000000e+02 4.886470000000000091e+00 1.812316999999999823e+01 0.000000000000000000e+00
2.340000000000000000e+02 8.020239999999999370e+00 -1.584967999999999932e+01 0.000000000000000000e+00
2.350000000000000000e+02 8.657830000000000581e+00 -1.382829000000000086e+01 0.000000000000000000e+00
2.360000000000000000e+02 9.227819999999999467e+00 -1.178531000000000084e+01 0.000000000000000000e+00
2.370000000000000000e+02 9.813530000000000086e+00 -9.803960000000000008e+00 0.000000000000000000e+00
2.380000000000000000e+02 1.045687999999999995e+01 -7.830169999999999852e+00 0.000000000000000000e+00
2.390000000000000000e+02 9.053819999999999979e+00 -6.187870000000000203e+00 0.000000000000000000e+00
2.400000000000000000e+02 9.707720000000000127e+00 -4.071930000000000049e+00 0.000000000000000000e+00
2.410000000000000000e+02 1.173385000000000034e+01 -3.547229999999999883e+00 0.000000000000000000e+00
2.420000000000000000e+02 1.030546000000000006e+01 -2.013119999999999798e+00 0.000000000000000000e+00
2.430000000000000000e+02 1.093354000000000070e+01 1.261500000000000121e-01 0.000000000000000000e+00
2.440000000000000000e+02 1.146955999999999953e+01 2.129719999999999835e+00 0.000000000000000000e+00
2.450000000000000000e+02 1.006359999999999921e+01 3.705929999999999946e+00 0.000000000000000000e+00
2.460000000000000000e+02 1.054310000000000080e+01 5.737720000000000375e+00 0.000000000000000000e+00
2.470000000000000000e+02 1.118683000000000050e+01 7.904069999999999929e+00 0.000000000000000000e+00
2.480000000000000000e+02 1.056981000000000037e+01 9.914419999999999789e+00 0.000000000000000000e+00
2.490000000000000000e+02 8.983599999999999142e+00 1.144450999999999929e+01 0.000000000000000000e+00
2.500000000000000000e+02 9.739269999999999428e+00 1.342384000000000022e+01 0.000000000000000000e+00
2.510000000000000000e+02 1.034472000000000058e+01 1.562205999999999939e+01 0.000000000000000000e+00
2.520000000000000000e+02 1.021913999999999945e+01 -1.539658000000000015e+01 0.000000000000000000e+00
2.530000000000000000e+02 1.067001999999999917e+01 -1.330086999999999975e+01 0.000000000000000000e+00
2.540000000000000000e+02 1.139597000000000016e+01 -1.124815000000000076e+01 0.000000000000000000e+00
2.550000000000000000e+02 1.197935000000000016e+01 -9.263759999999999550e+00 0.000000000000000000e+00
2.560000000000000000e+02 1.247794000000000025e+01 -7.215779999999999639e+00 0.000000000000000000e+00
2.570000000000000000e+02 1.103519000000000005e+01 -5.640089999999999826e+00 0.000000000000000000e+00
2.580000000000000000e+02 1.310693999999999981e+01 -5.144969999999999821e+00 0.000000000000000000e+00
2.590000000000000000e+02 1.376731999999999978e+01 -3.118030000000000079e+00 0.000000000000000000e+00
2.600000000000000000e+02 1.231105999999999945e+01 -1.527379999999999960e+00 0.000000000000000000e+00
2.610000000000000000e+02 1.300243000000000038e+01 4.433300000000000018e-01 0.000000000000000000e+00
2.620000000000000000e+02 1.351594000000000051e+01 2.551660000000000039e+00 0.000000000000000000e+00
2.630000000000000000e+02 1.208355000000000068e+01 4.174959999999999560e+00 0.000000000000000000e+00
2.640000000000000000e+02 1.265234000000000059e+01 6.404690000000000438e+00 0.000000000000000000e+00
2.650000000000000000e+02 1.337012000000000000e+01 8.397360000000000824e+00 0.000000000000000000e+00
2.660000000000000000e+02 1.572181999999999924e+01 8.610300000000000509e+00 0.000000000000000000e+00
2.670000000000000000e+02 1.260501000000000005e+01 1.036349000000000053e+01 0.000000000000000000e+00
2.680000000000000000e+02 1.120576999999999934e+01 1.191315999999999953e+01 0.000000000000000000e+00
2.690000000000000000e+02 1.182235999999999976e+01 1.392747999999999919e+01 0.000000000000000000e+00
2.700000000000000000e+02 1.220123000000000069e+01 -1.481201000000000079e+01 0.000000000000000000e+00
2.710000000000000000e+02 1.278285999999999945e+01 -1.278222000000000058e+01 0.000000000000000000e+00
2.720000000000000000e+02 1.363620000000000054e+01 -1.082205000000000084e+01 0.000000000000000000e+00
2.730000000000000000e+02 1.409946000000000055e+01 -8.734120000000000772e+00 0.000000000000000000e+00
2.740000000000000000e+02 1.621443000000000012e+01 -8.215790000000000148e+00 0.000000000000000000e+00
2.750000000000000000e+02 1.463610000000000078e+01 -6.725019999999999776e+00 0.000000000000000000e+00
2.760000000000000000e+02 1.512443000000000026e+01 -4.720740000000000158e+00 0.000000000000000000e+00
2.770000000000000000e+02 1.584723999999999933e+01 -2.677589999999999915e+00 0.000000000000000000e+00
2.780000000000000000e+02 1.447247999999999912e+01 -1.087769999999999904e+00 0.000000000000000000e+00
2.790000000000000000e+02 1.656008999999999887e+01 -6.303499999999999659e-01 0.000000000000000000e+00
2.800000000000000000e+02 1.510707000000000022e+01 9.163799999999999724e-01 0.000000000000000000e+00
2.810000000000000000e+02 1.570523000000000025e+01 3.049150000000000027e+00 0.000000000000000000e+00
2.820000000000000000e+02 1.416563000000000017e+01 4.519470000000000098e+00 0.000000000000000000e+00
2.830000000000000000e+02 1.472411999999999921e+01 6.537130000000000329e+00 0.000000000000000000e+00
2.840000000000000000e+02 1.734898000000000096e+01 7.042449999999999655e+00 0.000000000000000000e+00
2.850000000000000000e+02 1.681200000000000117e+01 1.070030000000000037e+01 0.000000000000000000e+00
2.860000000000000000e+02 1.465301000000000009e+01 1.064334000000000024e+01 0.000000000000000000e+00
2.870000000000000000e+02 1.342744000000000071e+01 1.233431000000000033e+01 0.000000000000000000e+00
2.880000000000000000e+02 1.431534000000000084e+01 -1.422334999999999994e+01 0.000000000000000000e+00
2.890000000000000000e+02 1.513730999999999938e+01 -1.229490999999999978e+01 0.000000000000000000e+00
2.900000000000000000e+02 1.582503999999999955e+01 -1.030400999999999989e+01 0.000000000000000000e+00
2.910000000000000000e+02 1.823862000000000094e+01 -7.672229999999999883e+00 0.000000000000000000e+00
2.920000000000000000e+02 1.906276000000000082e+01 -5.573889999999999567e+00 0.000000000000000000e+00
2.930000000000000000e+02 1.668409000000000120e+01 -6.178650000000000198e+00 0.000000000000000000e+00
2.940000000000000000e+02 1.729980000000000118e+01 -4.144470000000000098e+00 0.000000000000000000e+00
2.950000000000000000e+02 1.929242999999999952e+01 1.861299999999999955e+00 0.000000000000000000e+00
2.960000000000000000e+02 1.888982999999999990e+01 -5.540100000000000025e-01 0.000000000000000000e+00
2.970000000000000000e+02 1.720740999999999943e+01 1.570599999999999996e+00 0.000000000000000000e+00
2.980000000000000000e+02 1.783857000000000070e+01 3.732130000000000170e+00 0.000000000000000000e+00
2.990000000000000000e+02 1.616019999999999968e+01 5.062079999999999913e+00 0.000000000000000000e+00
