0.000000000000000000e+00 -1.040766999999999953e+01 -1.555308999999999919e+01 0.000000000000000000e+00
1.000000000000000000e+00 -1.174968999999999930e+01 -1.194888000000000083e+01 0.000000000000000000e+00
2.000000000000000000e+00 -1.419373000000000040e+01 -1.229113000000000078e+01 0.000000000000000000e+00
3.000000000000000000e+00 -1.509159000000000006e+01 -1.041028999999999982e+01 0.000000000000000000e+00
4.000000000000000000e+00 -1.730445999999999884e+01 -6.895690000000000097e+00 0.000000000000000000e+00
5.000000000000000000e+00 -1.846873000000000076e+01 -4.953890000000000349e+00 0.000000000000000000e+00
6.000000000000000000e+00 -1.828181000000000012e+01 -1.218960000000000043e+00 0.000000000000000000e+00
7.000000000000000000e+00 -1.715579999999999927e+01 -2.961040000000000116e+00 0.000000000000000000e+00
8.000000000000000000e+00 -1.917430999999999841e+01 9.341800000000000104e-01 0.000000000000000000e+00
9.000000000000000000e+00 -1.705318000000000112e+01 8.329499999999999682e-01 0.000000000000000000e+00
1.000000000000000000e+01 -1.610650000000000048e+01 2.874569999999999848e+00 0.000000000000000000e+00
1.100000000000000000e+01 -1.817351000000000028e+01 2.752050000000000107e+00 0.000000000000000000e+00
1.200000000000000000e+01 -1.733017999999999859e+01 4.653380000000000294e+00 0.000000000000000000e+00
1.300000000000000000e+01 -1.619415000000000049e+01 6.410840000000000316e+00 0.000000000000000000e+00
1.400000000000000000e+01 -1.865372999999999948e+01 6.649840000000000195e+00 0.000000000000000000e+00
1.500000000000000000e+01 -1.726499000000000095e+01 8.422259999999999636e+00 0.000000000000000000e+00
1.600000000000000000e+01 -1.614433000000000007e+01 1.034299999999999997e+01 0.000000000000000000e+00
1.700000000000000000e+01 -1.516524000000000072e+01 1.224168000000000056e+01 0.000000000000000000e+00
1.800000000000000000e+01 -8.397640000000000882e+00 -1.632630999999999943e+01 0.000000000000000000e+00
1.900000000000000000e+01 -1.220106999999999964e+01 -1.402051999999999943e+01 0.000000000000000000e+00
2.000000000000000000e+01 -1.302304999999999957e+01 -1.021430999999999933e+01 0.000000000000000000e+00
2.100000000000000000e+01 -1.398107000000000077e+01 -8.386409999999999698e+00 0.000000000000000000e+00
2.200000000000000000e+01 -1.621218999999999966e+01 -8.660320000000000462e+00 0.000000000000000000e+00
2.300000000000000000e+01 -1.515347000000000044e+01 -6.676660000000000039e+00 0.000000000000000000e+00
2.400000000000000000e+01 -1.625071000000000154e+01 -4.874710000000000321e+00 0.000000000000000000e+00
2.500000000000000000e+01 -1.503074999999999939e+01 -2.969790000000000152e+00 0.000000000000000000e+00
2.600000000000000000e+01 -1.618043000000000120e+01 -1.036829999999999918e+00 0.000000000000000000e+00
2.700000000000000000e+01 -1.495772999999999975e+01 1.013169999999999904e+00 0.000000000000000000e+00
2.800000000000000000e+01 -1.394411999999999985e+01 2.822459999999999969e+00 0.000000000000000000e+00
2.900000000000000000e+01 -1.497714000000000034e+01 4.608859999999999957e+00 0.000000000000000000e+00
3.000000000000000000e+01 -1.397708000000000084e+01 6.443120000000000402e+00 0.000000000000000000e+00
3.100000000000000000e+01 -1.510861000000000054e+01 8.211339999999999861e+00 0.000000000000000000e+00
3.200000000000000000e+01 -1.408473000000000042e+01 1.005424999999999969e+01 0.000000000000000000e+00
3.300000000000000000e+01 -1.307755000000000045e+01 1.185665000000000013e+01 0.000000000000000000e+00
3.400000000000000000e+01 -1.227203000000000088e+01 1.377028999999999925e+01 0.000000000000000000e+00
3.500000000000000000e+01 -1.114935000000000009e+01 1.557995000000000019e+01 0.000000000000000000e+00
3.600000000000000000e+01 -6.530759999999999899e+00 -1.748451000000000022e+01 0.000000000000000000e+00
3.700000000000000000e+01 -8.284819999999999851e+00 -1.422765000000000057e+01 0.000000000000000000e+00
3.800000000000000000e+01 -1.020703999999999922e+01 -1.335195000000000043e+01 0.000000000000000000e+00
3.900000000000000000e+01 -1.074802000000000035e+01 -1.012365999999999921e+01 0.000000000000000000e+00
4.000000000000000000e+01 -1.181869999999999976e+01 -8.279780000000000584e+00 0.000000000000000000e+00
4.100000000000000000e+01 -1.281329999999999991e+01 -6.438640000000000363e+00 0.000000000000000000e+00
4.200000000000000000e+01 -1.415665000000000084e+01 -4.848810000000000286e+00 0.000000000000000000e+00
4.300000000000000000e+01 -1.294359000000000037e+01 -2.888959999999999972e+00 0.000000000000000000e+00
4.400000000000000000e+01 -1.390783000000000058e+01 -8.548299999999999788e-01 0.000000000000000000e+00
4.500000000000000000e+01 -1.286909999999999954e+01 9.727299999999999836e-01 0.000000000000000000e+00
4.600000000000000000e+01 -1.183844999999999992e+01 2.771240000000000148e+00 0.000000000000000000e+00
4.700000000000000000e+01 -1.283788000000000018e+01 4.578249999999999709e+00 0.000000000000000000e+00
4.800000000000000000e+01 -1.175697000000000081e+01 6.402540000000000120e+00 0.000000000000000000e+00
4.900000000000000000e+01 -1.291696999999999917e+01 8.241649999999999920e+00 0.000000000000000000e+00
5.000000000000000000e+01 -1.180044000000000004e+01 1.005192000000000085e+01 0.000000000000000000e+00
5.100000000000000000e+01 -1.074525000000000041e+01 1.182212999999999958e+01 0.000000000000000000e+00
5.200000000000000000e+01 -9.855740000000000833e+00 1.373340999999999923e+01 0.000000000000000000e+00
5.300000000000000000e+01 -8.964270000000000849e+00 1.558636000000000088e+01 0.000000000000000000e+00
5.400000000000000000e+01 -4.721180000000000376e+00 -1.858186999999999856e+01 0.000000000000000000e+00
5.500000000000000000e+01 -6.465390000000000192e+00 -1.532754000000000083e+01 0.000000000000000000e+00
5.600000000000000000e+01 -8.385699999999999932e+00 -1.213191999999999915e+01 0.000000000000000000e+00
5.700000000000000000e+01 -8.488910000000000622e+00 -1.007376000000000005e+01 0.000000000000000000e+00
5.800000000000000000e+01 -9.630129999999999413e+00 -8.305120000000000502e+00 0.000000000000000000e+00
5.900000000000000000e+01 -1.068702000000000041e+01 -6.500110000000000277e+00 0.000000000000000000e+00
6.000000000000000000e+01 -1.180217000000000027e+01 -4.611919999999999575e+00 0.000000000000000000e+00
6.100000000000000000e+01 -1.086467000000000027e+01 -2.709589999999999943e+00 0.000000000000000000e+00
6.200000000000000000e+01 -1.177097000000000016e+01 -8.401699999999999724e-01 0.000000000000000000e+00
6.300000000000000000e+01 -1.070857999999999954e+01 9.954399999999999915e-01 0.000000000000000000e+00
6.400000000000000000e+01 -9.666529999999999845e+00 2.776980000000000004e+00 0.000000000000000000e+00
6.500000000000000000e+01 -1.077619999999999933e+01 4.541839999999999655e+00 0.000000000000000000e+00
6.600000000000000000e+01 -9.628220000000000667e+00 6.440970000000000084e+00 0.000000000000000000e+00
6.700000000000000000e+01 -1.071785999999999994e+01 8.192199999999999704e+00 0.000000000000000000e+00
6.800000000000000000e+01 -9.728749999999999787e+00 1.001915999999999940e+01 0.000000000000000000e+00
6.900000000000000000e+01 -8.633620000000000516e+00 1.195861000000000018e+01 0.000000000000000000e+00
7.000000000000000000e+01 -7.707900000000000418e+00 1.385055999999999976e+01 0.000000000000000000e+00
7.100000000000000000e+01 -7.763919999999999710e+00 1.760727999999999938e+01 0.000000000000000000e+00
7.200000000000000000e+01 -2.556070000000000064e+00 -1.948210999999999871e+01 0.000000000000000000e+00
7.300000000000000000e+01 -4.701050000000000395e+00 -1.646177000000000135e+01 0.000000000000000000e+00
7.400000000000000000e+01 -6.483139999999999681e+00 -1.314536000000000016e+01 0.000000000000000000e+00
7.500000000000000000e+01 -6.620840000000000281e+00 -1.097061000000000064e+01 0.000000000000000000e+00
7.600000000000000000e+01 -7.350699999999999790e+00 -8.334530000000000882e+00 0.000000000000000000e+00
7.700000000000000000e+01 -8.538000000000000256e+00 -6.500989999999999824e+00 0.000000000000000000e+00
7.800000000000000000e+01 -9.714430000000000121e+00 -4.633300000000000196e+00 0.000000000000000000e+00
7.900000000000000000e+01 -8.654659999999999798e+00 -2.726890000000000036e+00 0.000000000000000000e+00
8.000000000000000000e+01 -9.688100000000000378e+00 -9.328800000000000425e-01 0.000000000000000000e+00
8.100000000000000000e+01 -8.633079999999999643e+00 9.018199999999999550e-01 0.000000000000000000e+00
8.200000000000000000e+01 -7.568889999999999674e+00 2.750179999999999847e+00 0.000000000000000000e+00
8.300000000000000000e+01 -8.606569999999999609e+00 4.568089999999999762e+00 0.000000000000000000e+00
8.400000000000000000e+01 -7.572669999999999568e+00 6.378849999999999909e+00 0.000000000000000000e+00
8.500000000000000000e+01 -8.600210000000000576e+00 8.301040000000000418e+00 0.000000000000000000e+00
8.600000000000000000e+01 -7.582290000000000418e+00 1.016517999999999944e+01 0.000000000000000000e+00
8.700000000000000000e+01 -6.519709999999999894e+00 1.197635999999999967e+01 0.000000000000000000e+00
8.800000000000000000e+01 -5.633440000000000225e+00 1.384853000000000023e+01 0.000000000000000000e+00
8.900000000000000000e+01 -6.772820000000000285e+00 1.573999000000000059e+01 0.000000000000000000e+00
9.000000000000000000e+01 -2.499369999999999870e+00 -1.723560000000000159e+01 0.000000000000000000e+00
9.100000000000000000e+01 -4.667229999999999990e+00 -1.430007999999999946e+01 0.000000000000000000e+00
9.200000000000000000e+01 -4.635430000000000383e+00 -1.207476999999999911e+01 0.000000000000000000e+00
9.300000000000000000e+01 -4.820359999999999978e+00 -9.993270000000000763e+00 0.000000000000000000e+00
9.400000000000000000e+01 -5.048930000000000362e+00 -7.893379999999999619e+00 0.000000000000000000e+00
9.500000000000000000e+01 -6.440610000000000390e+00 -6.327619999999999578e+00 0.000000000000000000e+00
9.600000000000000000e+01 -7.589649999999999785e+00 -4.559999999999999609e+00 0.000000000000000000e+00
9.700000000000000000e+01 -6.458330000000000126e+00 -2.781930000000000014e+00 0.000000000000000000e+00
9.800000000000000000e+01 -7.528299999999999770e+00 -9.596700000000000230e-01 0.000000000000000000e+00
9.900000000000000000e+01 -6.539340000000000153e+00 9.439999999999999503e-01 0.000000000000000000e+00
1.000000000000000000e+02 -5.466079999999999828e+00 2.714789999999999814e+00 0.000000000000000000e+00
1.010000000000000000e+02 -6.494699999999999918e+00 4.549470000000000347e+00 0.000000000000000000e+00
1.020000000000000000e+02 -5.498219999999999885e+00 6.422850000000000392e+00 0.000000000000000000e+00
1.030000000000000000e+02 -6.520520000000000316e+00 8.228049999999999642e+00 0.000000000000000000e+00
1.040000000000000000e+02 -5.493629999999999569e+00 1.009990999999999950e+01 0.000000000000000000e+00
1.050000000000000000e+02 -4.435800000000000409e+00 1.211669999999999980e+01 0.000000000000000000e+00
1.060000000000000000e+02 -4.660560000000000258e+00 1.568005999999999922e+01 0.000000000000000000e+00
1.070000000000000000e+02 -5.690019999999999634e+00 1.755981999999999843e+01 0.000000000000000000e+00
1.080000000000000000e+02 -6.350599999999999579e-01 -1.812445999999999913e+01 0.000000000000000000e+00
1.090000000000000000e+02 -2.710430000000000117e+00 -1.507527999999999935e+01 0.000000000000000000e+00
1.100000000000000000e+02 -2.781919999999999948e+00 -1.296720999999999968e+01 0.000000000000000000e+00
1.110000000000000000e+02 -2.920589999999999797e+00 -1.087548999999999921e+01 0.000000000000000000e+00
1.120000000000000000e+02 -3.096719999999999917e+00 -8.815989999999999327e+00 0.000000000000000000e+00
1.130000000000000000e+02 -3.335010000000000030e+00 -6.627379999999999605e+00 0.000000000000000000e+00
1.140000000000000000e+02 -5.393690000000000317e+00 -4.547979999999999912e+00 0.000000000000000000e+00
1.150000000000000000e+02 -4.310489999999999711e+00 -2.651240000000000041e+00 0.000000000000000000e+00
1.160000000000000000e+02 -5.449180000000000135e+00 -8.029500000000000526e-01 0.000000000000000000e+00
1.170000000000000000e+02 -4.313640000000000363e+00 9.530499999999999527e-01 0.000000000000000000e+00
1.180000000000000000e+02 -3.384570000000000078e+00 2.816240000000000077e+00 0.000000000000000000e+00
1.190000000000000000e+02 -4.426420000000000243e+00 4.602409999999999890e+00 0.000000000000000000e+00
1.200000000000000000e+02 -3.387799999999999923e+00 6.468589999999999840e+00 0.000000000000000000e+00
1.210000000000000000e+02 -4.447040000000000326e+00 8.286720000000000752e+00 0.000000000000000000e+00
1.220000000000000000e+02 -3.394620000000000193e+00 1.024585000000000079e+01 0.000000000000000000e+00
1.230000000000000000e+02 -3.524280000000000079e+00 1.396762999999999977e+01 0.000000000000000000e+00
1.240000000000000000e+02 -3.575110000000000010e+00 1.751143000000000072e+01 0.000000000000000000e+00
1.250000000000000000e+02 -4.722430000000000128e+00 1.949032000000000053e+01 0.000000000000000000e+00
1.260000000000000000e+02 1.366829999999999989e+00 -1.923139000000000109e+01 0.000000000000000000e+00
1.270000000000000000e+02 -8.868700000000000472e-01 -1.392018999999999984e+01 0.000000000000000000e+00
1.280000000000000000e+02 -1.044000000000000039e+00 -1.178049000000000035e+01 0.000000000000000000e+00
1.290000000000000000e+02 -1.194239999999999968e+00 -9.700829999999999842e+00 0.000000000000000000e+00
1.300000000000000000e+02 -1.406199999999999894e+00 -7.620589999999999975e+00 0.000000000000000000e+00
1.310000000000000000e+02 -1.558270000000000044e+00 -5.563810000000000144e+00 0.000000000000000000e+00
1.320000000000000000e+02 -3.314060000000000006e+00 -4.475740000000000052e+00 0.000000000000000000e+00
1.330000000000000000e+02 -2.227650000000000130e+00 -2.718160000000000132e+00 0.000000000000000000e+00
1.340000000000000000e+02 -3.116260000000000030e+00 -8.445700000000000429e-01 0.000000000000000000e+00
1.350000000000000000e+02 -2.258049999999999891e+00 1.038559999999999928e+00 0.000000000000000000e+00
1.360000000000000000e+02 -8.145599999999999508e-01 2.651740000000000208e+00 0.000000000000000000e+00
1.370000000000000000e+02 -2.308819999999999872e+00 4.630580000000000140e+00 0.000000000000000000e+00
1.380000000000000000e+02 -1.335760000000000058e+00 6.501559999999999562e+00 0.000000000000000000e+00
1.390000000000000000e+02 -2.368900000000000006e+00 8.434630000000000294e+00 0.000000000000000000e+00
1.400000000000000000e+02 -1.335569999999999924e+00 1.025979000000000063e+01 0.000000000000000000e+00
1.410000000000000000e+02 -2.317130000000000134e+00 1.211706000000000039e+01 0.000000000000000000e+00
1.420000000000000000e+02 -2.486920000000000019e+00 1.575603000000000087e+01 0.000000000000000000e+00
1.430000000000000000e+02 -1.383820000000000050e+00 1.774559999999999960e+01 0.000000000000000000e+00
1.440000000000000000e+02 -7.524800000000000377e-01 -1.601264000000000109e+01 0.000000000000000000e+00
1.450000000000000000e+02 9.625799999999999912e-01 -1.487335000000000029e+01 0.000000000000000000e+00
1.460000000000000000e+02 8.689900000000000402e-01 -1.275482000000000049e+01 0.000000000000000000e+00
1.470000000000000000e+02 7.076299999999999812e-01 -1.058559999999999945e+01 0.000000000000000000e+00
1.480000000000000000e+02 5.588300000000000489e-01 -8.529009999999999536e+00 0.000000000000000000e+00
1.490000000000000000e+02 3.387499999999999956e-01 -6.462500000000000355e+00 0.000000000000000000e+00
1.500000000000000000e+02 1.051900000000000057e-01 -4.281019999999999825e+00 0.000000000000000000e+00
1.510000000000000000e+02 -2.248199999999999921e-01 -2.043410000000000171e+00 0.000000000000000000e+00
1.520000000000000000e+02 -3.069399999999999906e-01 3.303999999999999992e-02 0.000000000000000000e+00
1.530000000000000000e+02 1.451629999999999976e+00 1.212749999999999995e+00 0.000000000000000000e+00
1.540000000000000000e+02 -2.179899999999999893e-01 4.768080000000000318e+00 0.000000000000000000e+00
1.550000000000000000e+02 7.413699999999999735e-01 6.588779999999999859e+00 0.000000000000000000e+00
1.560000000000000000e+02 -2.564100000000000268e-01 8.486319999999999197e+00 0.000000000000000000e+00
1.570000000000000000e+02 7.904099999999999460e-01 1.025890000000000057e+01 0.000000000000000000e+00
1.580000000000000000e+02 -2.242200000000000026e-01 1.208605999999999980e+01 0.000000000000000000e+00
1.590000000000000000e+02 -1.267050000000000010e+00 1.406010000000000026e+01 0.000000000000000000e+00
1.600000000000000000e+02 -2.347799999999999887e-01 1.585013000000000005e+01 0.000000000000000000e+00
1.610000000000000000e+02 -1.161100000000000049e-01 1.961514999999999986e+01 0.000000000000000000e+00
1.620000000000000000e+02 5.246900000000000119e+00 -1.894998999999999967e+01 0.000000000000000000e+00
1.630000000000000000e+02 1.184109999999999996e+00 -1.707578000000000173e+01 0.000000000000000000e+00
1.640000000000000000e+02 2.731660000000000199e+00 -1.369439000000000028e+01 0.000000000000000000e+00
1.650000000000000000e+02 2.559009999999999785e+00 -1.157815000000000083e+01 0.000000000000000000e+00
1.660000000000000000e+02 2.471429999999999794e+00 -9.351749999999999119e+00 0.000000000000000000e+00
1.670000000000000000e+02 2.274880000000000013e+00 -7.299179999999999779e+00 0.000000000000000000e+00
1.680000000000000000e+02 2.006619999999999848e+00 -5.152940000000000076e+00 0.000000000000000000e+00
1.690000000000000000e+02 1.796980000000000022e+00 -3.044579999999999842e+00 0.000000000000000000e+00
1.700000000000000000e+02 1.553809999999999913e+00 -8.842100000000000515e-01 0.000000000000000000e+00
1.710000000000000000e+02 3.172520000000000007e+00 2.391809999999999992e+00 0.000000000000000000e+00
1.720000000000000000e+02 1.232080000000000064e+00 3.261550000000000171e+00 0.000000000000000000e+00
1.730000000000000000e+02 2.991760000000000197e+00 4.478500000000000369e+00 0.000000000000000000e+00
1.740000000000000000e+02 1.809900000000000064e+00 8.433659999999999712e+00 0.000000000000000000e+00
1.750000000000000000e+02 2.900049999999999795e+00 1.020889999999999986e+01 0.000000000000000000e+00
1.760000000000000000e+02 1.835369999999999946e+00 1.204367000000000054e+01 0.000000000000000000e+00
1.770000000000000000e+02 8.662100000000000355e-01 1.393795000000000073e+01 0.000000000000000000e+00
1.780000000000000000e+02 8.920500000000000096e-01 1.763468999999999909e+01 0.000000000000000000e+00
1.790000000000000000e+02 2.182500000000000107e+00 1.943682000000000087e+01 0.000000000000000000e+00
1.800000000000000000e+02 3.116420000000000190e+00 -1.783581999999999823e+01 0.000000000000000000e+00
1.810000000000000000e+02 2.888119999999999798e+00 -1.575838000000000072e+01 0.000000000000000000e+00
1.820000000000000000e+02 4.495560000000000223e+00 -1.242407000000000039e+01 0.000000000000000000e+00
1.830000000000000000e+02 4.303160000000000096e+00 -1.027157000000000053e+01 0.000000000000000000e+00
1.840000000000000000e+02 4.171020000000000394e+00 -8.199310000000000542e+00 0.000000000000000000e+00
1.850000000000000000e+02 3.909650000000000070e+00 -6.031589999999999563e+00 0.000000000000000000e+00
1.860000000000000000e+02 3.704709999999999948e+00 -3.963630000000000209e+00 0.000000000000000000e+00
1.870000000000000000e+02 3.490540000000000198e+00 -1.818270000000000053e+00 0.000000000000000000e+00
1.880000000000000000e+02 3.350569999999999826e+00 2.863999999999999879e-01 0.000000000000000000e+00
1.890000000000000000e+02 5.052190000000000403e+00 1.485570000000000057e+00 0.000000000000000000e+00
1.900000000000000000e+02 4.935430000000000206e+00 3.600639999999999841e+00 0.000000000000000000e+00
1.910000000000000000e+02 2.830620000000000136e+00 6.590499999999999581e+00 0.000000000000000000e+00
1.920000000000000000e+02 6.491450000000000387e+00 6.877049999999999663e+00 0.000000000000000000e+00
1.930000000000000000e+02 3.927700000000000191e+00 8.411479999999999180e+00 0.000000000000000000e+00
1.940000000000000000e+02 3.906890000000000196e+00 1.203473999999999933e+01 0.000000000000000000e+00
1.950000000000000000e+02 3.139009999999999856e+00 1.394144000000000005e+01 0.000000000000000000e+00
1.960000000000000000e+02 2.042429999999999968e+00 1.578116999999999948e+01 0.000000000000000000e+00
1.970000000000000000e+02 3.284499999999999975e+00 1.768836999999999904e+01 0.000000000000000000e+00
1.980000000000000000e+02 4.823459999999999859e+00 -1.659648999999999930e+01 0.000000000000000000e+00
1.990000000000000000e+02 4.650990000000000180e+00 -1.451920999999999928e+01 0.000000000000000000e+00
2.000000000000000000e+02 6.240400000000000169e+00 -1.125393000000000043e+01 0.000000000000000000e+00
2.010000000000000000e+02 6.072379999999999889e+00 -9.067660000000000053e+00 0.000000000000000000e+00
2.020000000000000000e+02 7.819849999999999746e+00 -7.904709999999999681e+00 0.000000000000000000e+00
2.030000000000000000e+02 5.812689999999999912e+00 -6.943660000000000387e+00 0.000000000000000000e+00
2.040000000000000000e+02 5.608830000000000204e+00 -4.844459999999999766e+00 0.000000000000000000e+00
2.050000000000000000e+02 5.460980000000000167e+00 -2.753249999999999975e+00 0.000000000000000000e+00
2.060000000000000000e+02 5.238520000000000287e+00 -5.621500000000000385e-01 0.000000000000000000e+00
2.070000000000000000e+02 6.912959999999999994e+00 2.748079999999999856e+00 0.000000000000000000e+00
2.080000000000000000e+02 6.650780000000000136e+00 4.828879999999999839e+00 0.000000000000000000e+00
2.090000000000000000e+02 4.774130000000000429e+00 5.752880000000000216e+00 0.000000000000000000e+00
2.100000000000000000e+02 8.176439999999999486e+00 8.192090000000000316e+00 0.000000000000000000e+00
2.110000000000000000e+02 5.932680000000000398e+00 8.875429999999999708e+00 0.000000000000000000e+00
2.120000000000000000e+02 5.655409999999999826e+00 1.093576000000000015e+01 0.000000000000000000e+00
2.130000000000000000e+02 5.208840000000000359e+00 1.376337000000000010e+01 0.000000000000000000e+00
2.140000000000000000e+02 4.124270000000000103e+00 1.577378000000000036e+01 0.000000000000000000e+00
2.150000000000000000e+02 6.356480000000000352e+00 1.656923000000000101e+01 0.000000000000000000e+00
2.160000000000000000e+02 6.715290000000000425e+00 -1.744128999999999863e+01 0.000000000000000000e+00
2.170000000000000000e+02 6.350640000000000285e+00 -1.331701999999999941e+01 0.000000000000000000e+00
2.180000000000000000e+02 8.195520000000000138e+00 -1.207423000000000002e+01 0.000000000000000000e+00
2.190000000000000000e+02 7.990109999999999602e+00 -9.994120000000000559e+00 0.000000000000000000e+00
2.200000000000000000e+02 9.725519999999999499e+00 -8.822469999999999146e+00 0.000000000000000000e+00
2.210000000000000000e+02 7.554000000000000270e+00 -5.829530000000000101e+00 0.000000000000000000e+00
2.220000000000000000e+02 7.325750000000000206e+00 -3.657169999999999810e+00 0.000000000000000000e+00
2.230000000000000000e+02 7.123949999999999783e+00 -1.464820000000000011e+00 0.000000000000000000e+00
2.240000000000000000e+02 6.951509999999999856e+00 6.432900000000000285e-01 0.000000000000000000e+00
2.250000000000000000e+02 8.803679999999999950e+00 1.845830000000000082e+00 0.000000000000000000e+00
2.260000000000000000e+02 8.649020000000000152e+00 3.942270000000000163e+00 0.000000000000000000e+00
2.270000000000000000e+02 8.369279999999999831e+00 5.991220000000000212e+00 0.000000000000000000e+00
2.280000000000000000e+02 1.014099000000000039e+01 7.337519999999999598e+00 0.000000000000000000e+00
2.290000000000000000e+02 9.819050000000000722e+00 9.492350000000000065e+00 0.000000000000000000e+00
2.300000000000000000e+02 7.772960000000000313e+00 1.033441000000000010e+01 0.000000000000000000e+00
2.310000000000000000e+02 7.177249999999999908e+00 1.237332999999999927e+01 0.000000000000000000e+00
2.320000000000000000e+02 7.429280000000000328e+00 1.442824000000000062e+01 0.000000000000000000e+00
2.330000000000000000e+02 5.457399999999999807e+00 1.849490000000000123e+01 0.000000000000000000e+00
2.340000000000000000e+02 6.556309999999999860e+00 -1.537363999999999997e+01 0.000000000000000000e+00
2.350000000000000000e+02 8.338749999999999218e+00 -1.418244999999999933e+01 0.000000000000000000e+00
2.360000000000000000e+02 9.978149999999999409e+00 -1.089156999999999975e+01 0.000000000000000000e+00
2.370000000000000000e+02 1.165676000000000023e+01 -9.632540000000000546e+00 0.000000000000000000e+00
2.380000000000000000e+02 9.506119999999999237e+00 -6.707270000000000287e+00 0.000000000000000000e+00
2.390000000000000000e+02 9.321080000000000254e+00 -4.617210000000000036e+00 0.000000000000000000e+00
2.400000000000000000e+02 9.004949999999999122e+00 -2.483600000000000030e+00 0.000000000000000000e+00
2.410000000000000000e+02 1.093436999999999948e+01 -3.287700000000000067e+00 0.000000000000000000e+00
2.420000000000000000e+02 8.887840000000000629e+00 -2.185600000000000043e-01 0.000000000000000000e+00
2.430000000000000000e+02 1.066611999999999938e+01 9.306999999999999718e-01 0.000000000000000000e+00
2.440000000000000000e+02 1.055081999999999987e+01 3.061669999999999892e+00 0.000000000000000000e+00
2.450000000000000000e+02 1.030709000000000053e+01 5.169489999999999696e+00 0.000000000000000000e+00
2.460000000000000000e+02 1.202093999999999951e+01 6.440529999999999866e+00 0.000000000000000000e+00
2.470000000000000000e+02 1.178683999999999976e+01 8.640779999999999461e+00 0.000000000000000000e+00
2.480000000000000000e+02 1.160823000000000071e+01 1.075141999999999953e+01 0.000000000000000000e+00
2.490000000000000000e+02 9.584270000000000067e+00 1.154650999999999961e+01 0.000000000000000000e+00
2.500000000000000000e+02 9.341599999999999682e+00 1.365864000000000011e+01 0.000000000000000000e+00
2.510000000000000000e+02 8.046210000000000306e+00 1.790053999999999945e+01 0.000000000000000000e+00
2.520000000000000000e+02 8.460100000000000620e+00 -1.627945000000000064e+01 0.000000000000000000e+00
2.530000000000000000e+02 1.029670999999999914e+01 -1.530352000000000068e+01 0.000000000000000000e+00
2.540000000000000000e+02 1.186332999999999949e+01 -1.176952999999999960e+01 0.000000000000000000e+00
2.550000000000000000e+02 1.332670000000000066e+01 -8.394439999999999458e+00 0.000000000000000000e+00
2.560000000000000000e+02 1.142145000000000010e+01 -7.574880000000000280e+00 0.000000000000000000e+00
2.570000000000000000e+02 1.124794999999999945e+01 -5.478530000000000122e+00 0.000000000000000000e+00
2.580000000000000000e+02 1.283825000000000038e+01 -4.150339999999999918e+00 0.000000000000000000e+00
2.590000000000000000e+02 1.267231999999999914e+01 -2.023930000000000007e+00 0.000000000000000000e+00
2.600000000000000000e+02 1.077261999999999986e+01 -1.221640000000000059e+00 0.000000000000000000e+00
2.610000000000000000e+02 1.251787000000000027e+01 2.571000000000000021e-02 0.000000000000000000e+00
2.620000000000000000e+02 1.238044999999999973e+01 2.108280000000000154e+00 0.000000000000000000e+00
2.630000000000000000e+02 1.226683000000000057e+01 4.391130000000000422e+00 0.000000000000000000e+00
2.640000000000000000e+02 1.392933000000000021e+01 5.633840000000000181e+00 0.000000000000000000e+00
2.650000000000000000e+02 1.365371000000000024e+01 7.703979999999999606e+00 0.000000000000000000e+00
2.660000000000000000e+02 1.356720999999999933e+01 9.831670000000000798e+00 0.000000000000000000e+00
2.670000000000000000e+02 1.346911000000000058e+01 1.225618000000000052e+01 0.000000000000000000e+00
2.680000000000000000e+02 1.126266999999999996e+01 1.279080000000000084e+01 0.000000000000000000e+00
2.690000000000000000e+02 8.902620000000000644e+00 1.590995000000000026e+01 0.000000000000000000e+00
2.700000000000000000e+02 1.204255000000000031e+01 -1.396026999999999951e+01 0.000000000000000000e+00
2.710000000000000000e+02 1.008258000000000010e+01 -1.296881999999999913e+01 0.000000000000000000e+00
2.720000000000000000e+02 1.352852999999999994e+01 -1.054452999999999996e+01 0.000000000000000000e+00
2.730000000000000000e+02 1.521899999999999942e+01 -9.317330000000000112e+00 0.000000000000000000e+00
2.740000000000000000e+02 1.502064999999999984e+01 -7.207709999999999617e+00 0.000000000000000000e+00
2.750000000000000000e+02 1.312237000000000009e+01 -6.343350000000000044e+00 0.000000000000000000e+00
2.760000000000000000e+02 1.452819000000000038e+01 -2.932999999999999829e+00 0.000000000000000000e+00
2.770000000000000000e+02 1.665800000000000125e+01 -1.647389999999999910e+00 0.000000000000000000e+00
2.780000000000000000e+02 1.455983999999999945e+01 -8.003799999999999804e-01 0.000000000000000000e+00
2.790000000000000000e+02 1.430798000000000059e+01 1.244329999999999936e+00 0.000000000000000000e+00
2.800000000000000000e+02 1.599371000000000009e+01 2.486699999999999910e+00 0.000000000000000000e+00
2.810000000000000000e+02 1.407986999999999966e+01 3.334499999999999797e+00 0.000000000000000000e+00
2.820000000000000000e+02 1.598997999999999919e+01 4.726849999999999774e+00 0.000000000000000000e+00
2.830000000000000000e+02 1.560439000000000043e+01 6.874929999999999986e+00 0.000000000000000000e+00
2.840000000000000000e+02 1.586060999999999943e+01 9.129210000000000491e+00 0.000000000000000000e+00
2.850000000000000000e+02 1.532687999999999917e+01 1.118595999999999968e+01 0.000000000000000000e+00
2.860000000000000000e+02 1.275087000000000081e+01 1.430162999999999940e+01 0.000000000000000000e+00
2.870000000000000000e+02 1.082710999999999935e+01 1.515215000000000067e+01 0.000000000000000000e+00
2.880000000000000000e+02 1.386680999999999919e+01 -1.292299000000000042e+01 0.000000000000000000e+00
2.890000000000000000e+02 1.549347999999999992e+01 -1.142586000000000013e+01 0.000000000000000000e+00
2.900000000000000000e+02 1.692287999999999926e+01 -8.010579999999999146e+00 0.000000000000000000e+00
2.910000000000000000e+02 1.686801000000000172e+01 -5.727269999999999861e+00 0.000000000000000000e+00
2.920000000000000000e+02 1.478750999999999927e+01 -4.979460000000000441e+00 0.000000000000000000e+00
2.930000000000000000e+02 1.884981000000000151e+01 -4.905310000000000059e+00 0.000000000000000000e+00
2.940000000000000000e+02 1.644358000000000075e+01 -3.709340000000000082e+00 0.000000000000000000e+00
2.950000000000000000e+02 1.863021000000000171e+01 -2.257159999999999833e+00 0.000000000000000000e+00
2.960000000000000000e+02 1.639649999999999963e+01 4.275900000000000256e-01 0.000000000000000000e+00
2.970000000000000000e+02 1.844444999999999979e+01 6.408899999999999597e-01 0.000000000000000000e+00
2.980000000000000000e+02 1.799744000000000099e+01 4.114630000000000010e+00 0.000000000000000000e+00
2.990000000000000000e+02 1.759434999999999860e+01 6.341809999999999725e+00 0.000000000000000000e+00
