0.000000000000000000e+00 -1.248619000000000057e+01 -1.324267000000000039e+01 0.000000000000000000e+00
1.000000000000000000e+00 -1.420074999999999932e+01 -1.199660000000000082e+01 0.000000000000000000e+00
2.000000000000000000e+00 -1.566530999999999985e+01 -1.053511999999999915e+01 0.000000000000000000e+00
3.000000000000000000e+00 -1.718139000000000038e+01 -9.087979999999999947e+00 0.000000000000000000e+00
4.000000000000000000e+00 -1.809854999999999947e+01 -5.413140000000000285e+00 0.000000000000000000e+00
5.000000000000000000e+00 -1.952462999999999838e+01 -2.807949999999999946e+00 0.000000000000000000e+00
6.000000000000000000e+00 -1.744492999999999938e+01 -3.198679999999999968e+00 0.000000000000000000e+00
7.000000000000000000e+00 -2.011640999999999835e+01 1.660130000000000106e+00 0.000000000000000000e+00
8.000000000000000000e+00 -1.850282999999999944e+01 2.231100000000000028e-01 0.000000000000000000e+00
9.000000000000000000e+00 -1.804455000000000098e+01 2.237779999999999880e+00 0.000000000000000000e+00
1.000000000000000000e+01 -1.601983999999999853e+01 3.172550000000000203e+00 0.000000000000000000e+00
1.100000000000000000e+01 -1.765503000000000000e+01 4.511000000000000121e+00 0.000000000000000000e+00
1.200000000000000000e+01 -1.487024000000000079e+01 7.257839999999999847e+00 0.000000000000000000e+00
1.300000000000000000e+01 -1.701913000000000054e+01 6.716899999999999871e+00 0.000000000000000000e+00
1.400000000000000000e+01 -1.643408000000000158e+01 8.807320000000000704e+00 0.000000000000000000e+00
1.500000000000000000e+01 -1.593587999999999916e+01 1.085661999999999949e+01 0.000000000000000000e+00
1.600000000000000000e+01 -1.530890999999999913e+01 1.283778000000000041e+01 0.000000000000000000e+00
1.700000000000000000e+01 -1.284182999999999986e+01 1.546283999999999992e+01 0.000000000000000000e+00
1.800000000000000000e+01 -1.115822000000000003e+01 -1.485590999999999973e+01 0.000000000000000000e+00
1.900000000000000000e+01 -1.204236000000000040e+01 -1.121612999999999971e+01 0.000000000000000000e+00
2.000000000000000000e+01 -1.359688000000000052e+01 -9.823900000000000077e+00 0.000000000000000000e+00
2.100000000000000000e+01 -1.508754000000000062e+01 -8.378180000000000405e+00 0.000000000000000000e+00
2.200000000000000000e+01 -1.651721999999999824e+01 -6.814420000000000144e+00 0.000000000000000000e+00
2.300000000000000000e+01 -1.606988000000000127e+01 -4.777219999999999800e+00 0.000000000000000000e+00
2.400000000000000000e+01 -1.541447999999999929e+01 -2.727959999999999940e+00 0.000000000000000000e+00
2.500000000000000000e+01 -1.689057000000000031e+01 -1.203889999999999905e+00 0.000000000000000000e+00
2.600000000000000000e+01 -1.490489999999999959e+01 -6.485999999999999543e-01 0.000000000000000000e+00
2.700000000000000000e+01 -1.633337999999999823e+01 9.381199999999999539e-01 0.000000000000000000e+00
2.800000000000000000e+01 -1.386172999999999966e+01 3.641589999999999883e+00 0.000000000000000000e+00
2.900000000000000000e+01 -1.549033999999999978e+01 5.232709999999999972e+00 0.000000000000000000e+00
3.000000000000000000e+01 -1.340046000000000070e+01 5.667900000000000382e+00 0.000000000000000000e+00
3.100000000000000000e+01 -1.279435999999999929e+01 7.688329999999999664e+00 0.000000000000000000e+00
3.200000000000000000e+01 -1.424756000000000000e+01 9.247609999999999886e+00 0.000000000000000000e+00
3.300000000000000000e+01 -1.373615999999999993e+01 1.126709999999999923e+01 0.000000000000000000e+00
3.400000000000000000e+01 -1.327948999999999913e+01 1.333268999999999949e+01 0.000000000000000000e+00
3.500000000000000000e+01 -1.051051000000000002e+01 1.630268999999999835e+01 0.000000000000000000e+00
3.600000000000000000e+01 -9.497780000000000555e+00 -1.620958999999999861e+01 0.000000000000000000e+00
3.700000000000000000e+01 -1.045828999999999986e+01 -1.270401000000000025e+01 0.000000000000000000e+00
3.800000000000000000e+01 -1.142723999999999940e+01 -9.109040000000000248e+00 0.000000000000000000e+00
3.900000000000000000e+01 -1.302628999999999948e+01 -7.674549999999999983e+00 0.000000000000000000e+00
4.000000000000000000e+01 -1.448513999999999946e+01 -6.110240000000000116e+00 0.000000000000000000e+00
4.100000000000000000e+01 -1.384590000000000032e+01 -4.135159999999999947e+00 0.000000000000000000e+00
4.200000000000000000e+01 -1.184932000000000052e+01 -3.538419999999999899e+00 0.000000000000000000e+00
4.300000000000000000e+01 -1.337973000000000035e+01 -2.113329999999999931e+00 0.000000000000000000e+00
4.400000000000000000e+01 -1.281351000000000084e+01 3.810000000000000192e-02 0.000000000000000000e+00
4.500000000000000000e+01 -1.431173000000000073e+01 1.619529999999999914e+00 0.000000000000000000e+00
4.600000000000000000e+01 -1.227374999999999972e+01 2.078749999999999876e+00 0.000000000000000000e+00
4.700000000000000000e+01 -1.175333000000000006e+01 4.080499999999999794e+00 0.000000000000000000e+00
4.800000000000000000e+01 -1.123972999999999978e+01 6.104720000000000368e+00 0.000000000000000000e+00
4.900000000000000000e+01 -1.073673999999999928e+01 8.205700000000000216e+00 0.000000000000000000e+00
5.000000000000000000e+01 -1.221799999999999997e+01 9.777659999999999130e+00 0.000000000000000000e+00
5.100000000000000000e+01 -1.171782999999999930e+01 1.183192000000000021e+01 0.000000000000000000e+00
5.200000000000000000e+01 -1.130268000000000050e+01 1.406528999999999918e+01 0.000000000000000000e+00
5.300000000000000000e+01 -8.078670000000000684e+00 1.664626000000000161e+01 0.000000000000000000e+00
5.400000000000000000e+01 -8.068149999999999267e+00 -1.776812999999999931e+01 0.000000000000000000e+00
5.500000000000000000e+01 -8.956910000000000593e+00 -1.418346999999999980e+01 0.000000000000000000e+00
5.600000000000000000e+01 -8.395270000000000010e+00 -1.203735999999999962e+01 0.000000000000000000e+00
5.700000000000000000e+01 -9.994500000000000384e+00 -1.064568000000000048e+01 0.000000000000000000e+00
5.800000000000000000e+01 -1.090010000000000012e+01 -7.081220000000000070e+00 0.000000000000000000e+00
5.900000000000000000e+01 -1.235063000000000066e+01 -5.621579999999999799e+00 0.000000000000000000e+00
6.000000000000000000e+01 -1.036529999999999951e+01 -5.017030000000000101e+00 0.000000000000000000e+00
6.100000000000000000e+01 -1.132286000000000037e+01 -1.506909999999999972e+00 0.000000000000000000e+00
6.200000000000000000e+01 -9.197979999999999379e+00 -1.027800000000000047e+00 0.000000000000000000e+00
6.300000000000000000e+01 -1.075437999999999938e+01 5.162099999999999467e-01 0.000000000000000000e+00
6.400000000000000000e+01 -1.026060999999999979e+01 2.531229999999999869e+00 0.000000000000000000e+00
6.500000000000000000e+01 -9.696970000000000312e+00 4.503800000000000026e+00 0.000000000000000000e+00
6.600000000000000000e+01 -9.204090000000000771e+00 6.691819999999999879e+00 0.000000000000000000e+00
6.700000000000000000e+01 -8.695679999999999410e+00 8.745240000000000791e+00 0.000000000000000000e+00
6.800000000000000000e+01 -1.019087000000000032e+01 1.027332999999999963e+01 0.000000000000000000e+00
6.900000000000000000e+01 -9.748620000000000729e+00 1.265544000000000047e+01 0.000000000000000000e+00
7.000000000000000000e+01 -9.140900000000000247e+00 1.462616000000000049e+01 0.000000000000000000e+00
7.100000000000000000e+01 -5.820549999999999891e+00 1.686920999999999893e+01 0.000000000000000000e+00
7.200000000000000000e+01 -5.943579999999999863e+00 -1.707184000000000168e+01 0.000000000000000000e+00
7.300000000000000000e+01 -7.461999999999999744e+00 -1.563228999999999935e+01 0.000000000000000000e+00
7.400000000000000000e+01 -6.855649999999999800e+00 -1.350304000000000038e+01 0.000000000000000000e+00
7.500000000000000000e+01 -7.867029999999999745e+00 -1.000389000000000017e+01 0.000000000000000000e+00
7.600000000000000000e+01 -9.392889999999999517e+00 -8.617710000000000647e+00 0.000000000000000000e+00
7.700000000000000000e+01 -8.854910000000000281e+00 -6.467800000000000438e+00 0.000000000000000000e+00
7.800000000000000000e+01 -8.261570000000000746e+00 -4.487940000000000040e+00 0.000000000000000000e+00
7.900000000000000000e+01 -9.820140000000000313e+00 -3.028210000000000068e+00 0.000000000000000000e+00
8.000000000000000000e+01 -7.682129999999999903e+00 -2.483760000000000190e+00 0.000000000000000000e+00
8.100000000000000000e+01 -8.677339999999999165e+00 1.021770000000000067e+00 0.000000000000000000e+00
8.200000000000000000e+01 -8.130470000000000752e+00 3.051260000000000083e+00 0.000000000000000000e+00
8.300000000000000000e+01 -7.655660000000000132e+00 5.081599999999999895e+00 0.000000000000000000e+00
8.400000000000000000e+01 -7.160870000000000068e+00 7.289889999999999759e+00 0.000000000000000000e+00
8.500000000000000000e+01 -6.718980000000000175e+00 9.333909999999999485e+00 0.000000000000000000e+00
8.600000000000000000e+01 -8.173109999999999431e+00 1.079784000000000077e+01 0.000000000000000000e+00
8.700000000000000000e+01 -7.610129999999999839e+00 1.279256999999999955e+01 0.000000000000000000e+00
8.800000000000000000e+01 -7.072650000000000325e+00 1.485816999999999943e+01 0.000000000000000000e+00
8.900000000000000000e+01 -4.654650000000000176e+00 1.861355000000000004e+01 0.000000000000000000e+00
9.000000000000000000e+01 -5.939149999999999707e+00 -1.921775999999999840e+01 0.000000000000000000e+00
9.100000000000000000e+01 -5.407689999999999664e+00 -1.501975999999999978e+01 0.000000000000000000e+00
9.200000000000000000e+01 -4.836710000000000065e+00 -1.296898000000000017e+01 0.000000000000000000e+00
9.300000000000000000e+01 -6.347660000000000302e+00 -1.144529999999999959e+01 0.000000000000000000e+00
9.400000000000000000e+01 -5.744019999999999904e+00 -9.450710000000000832e+00 0.000000000000000000e+00
9.500000000000000000e+01 -7.365160000000000373e+00 -7.978360000000000340e+00 0.000000000000000000e+00
9.600000000000000000e+01 -6.831599999999999895e+00 -5.970900000000000318e+00 0.000000000000000000e+00
9.700000000000000000e+01 -6.218829999999999636e+00 -3.955080000000000151e+00 0.000000000000000000e+00
9.800000000000000000e+01 -5.663999999999999702e+00 -1.917049999999999921e+00 0.000000000000000000e+00
9.900000000000000000e+01 -7.205320000000000391e+00 -4.504000000000000226e-01 0.000000000000000000e+00
1.000000000000000000e+02 -6.635819999999999830e+00 1.583669999999999911e+00 0.000000000000000000e+00
1.010000000000000000e+02 -6.077210000000000001e+00 3.626199999999999868e+00 0.000000000000000000e+00
1.020000000000000000e+02 -5.623029999999999973e+00 5.651559999999999917e+00 0.000000000000000000e+00
1.030000000000000000e+02 -5.113279999999999603e+00 7.658500000000000085e+00 0.000000000000000000e+00
1.040000000000000000e+02 -6.117099999999999760e+00 1.134355000000000047e+01 0.000000000000000000e+00
1.050000000000000000e+02 -5.486110000000000042e+00 1.336166000000000054e+01 0.000000000000000000e+00
1.060000000000000000e+02 -4.514249999999999652e+00 1.519650999999999996e+01 0.000000000000000000e+00
1.070000000000000000e+02 -1.262340000000000018e+00 1.925686999999999927e+01 0.000000000000000000e+00
1.080000000000000000e+02 -3.802579999999999849e+00 -1.658924000000000021e+01 0.000000000000000000e+00
1.090000000000000000e+02 -3.310350000000000126e+00 -1.459075999999999951e+01 0.000000000000000000e+00
1.100000000000000000e+02 -2.801149999999999807e+00 -1.247673999999999950e+01 0.000000000000000000e+00
1.110000000000000000e+02 -4.330499999999999794e+00 -1.096190999999999960e+01 0.000000000000000000e+00
1.120000000000000000e+02 -3.712639999999999940e+00 -8.973620000000000374e+00 0.000000000000000000e+00
1.130000000000000000e+02 -5.319799999999999862e+00 -7.405199999999999783e+00 0.000000000000000000e+00
1.140000000000000000e+02 -4.695820000000000327e+00 -5.407980000000000231e+00 0.000000000000000000e+00
1.150000000000000000e+02 -4.192459999999999631e+00 -3.415189999999999948e+00 0.000000000000000000e+00
1.160000000000000000e+02 -3.212340000000000195e+00 -9.320100000000000051e-01 0.000000000000000000e+00
1.170000000000000000e+02 -5.022470000000000212e+00 1.890100000000000113e-01 0.000000000000000000e+00
1.180000000000000000e+02 -4.514310000000000045e+00 2.197670000000000012e+00 0.000000000000000000e+00
1.190000000000000000e+02 -4.100979999999999848e+00 4.224059999999999704e+00 0.000000000000000000e+00
1.200000000000000000e+02 -3.553139999999999965e+00 6.245199999999999640e+00 0.000000000000000000e+00
1.210000000000000000e+02 -2.885889999999999844e+00 8.211750000000000327e+00 0.000000000000000000e+00
1.220000000000000000e+02 -4.703050000000000175e+00 9.746499999999999275e+00 0.000000000000000000e+00
1.230000000000000000e+02 -4.113349999999999618e+00 1.183183999999999969e+01 0.000000000000000000e+00
1.240000000000000000e+02 -3.111559999999999881e+00 1.364549000000000056e+01 0.000000000000000000e+00
1.250000000000000000e+02 -3.410219999999999807e+00 1.696932999999999936e+01 0.000000000000000000e+00
1.260000000000000000e+02 -2.346909999999999830e+00 -1.828444999999999965e+01 0.000000000000000000e+00
1.270000000000000000e+02 -1.777430000000000065e+00 -1.604127000000000081e+01 0.000000000000000000e+00
1.280000000000000000e+02 -1.251219999999999999e+00 -1.404969999999999963e+01 0.000000000000000000e+00
1.290000000000000000e+02 -2.211300000000000043e+00 -1.048654999999999937e+01 0.000000000000000000e+00
1.300000000000000000e+02 -1.679159999999999986e+00 -8.451739999999999142e+00 0.000000000000000000e+00
1.310000000000000000e+02 -3.260200000000000209e+00 -6.894470000000000098e+00 0.000000000000000000e+00
1.320000000000000000e+02 -2.629340000000000011e+00 -4.799439999999999706e+00 0.000000000000000000e+00
1.330000000000000000e+02 -2.188600000000000101e+00 -2.724169999999999980e+00 0.000000000000000000e+00
1.340000000000000000e+02 -1.116069999999999895e+00 -8.196900000000000297e-01 0.000000000000000000e+00
1.350000000000000000e+02 -2.209299999999999820e+00 9.636799999999999811e-01 0.000000000000000000e+00
1.360000000000000000e+02 -2.338810000000000056e+00 3.036630000000000162e+00 0.000000000000000000e+00
1.370000000000000000e+02 -9.289600000000000080e-01 4.662499999999999645e+00 0.000000000000000000e+00
1.380000000000000000e+02 -1.480669999999999931e+00 6.654630000000000045e+00 0.000000000000000000e+00
1.390000000000000000e+02 -2.723339999999999872e+00 1.030006999999999984e+01 0.000000000000000000e+00
1.400000000000000000e+02 -1.677850000000000064e+00 1.211298000000000030e+01 0.000000000000000000e+00
1.410000000000000000e+02 -5.214199999999999946e-01 1.390221000000000018e+01 0.000000000000000000e+00
1.420000000000000000e+02 -2.007140000000000146e+00 1.544619999999999926e+01 0.000000000000000000e+00
1.430000000000000000e+02 -7.995700000000000029e-01 1.718338999999999928e+01 0.000000000000000000e+00
1.440000000000000000e+02 -2.892500000000000071e-01 -1.751400999999999897e+01 0.000000000000000000e+00
1.450000000000000000e+02 4.068999999999999839e-01 -1.554785000000000039e+01 0.000000000000000000e+00
1.460000000000000000e+02 1.218299999999999939e+00 -1.139056000000000068e+01 0.000000000000000000e+00
1.470000000000000000e+02 -7.490700000000000136e-01 -1.200309999999999988e+01 0.000000000000000000e+00
1.480000000000000000e+02 3.916299999999999781e-01 -7.708739999999999704e+00 0.000000000000000000e+00
1.490000000000000000e+02 -1.233789999999999942e+00 -6.371839999999999726e+00 0.000000000000000000e+00
1.500000000000000000e+02 6.566300000000000470e-01 -5.518500000000000405e+00 0.000000000000000000e+00
1.510000000000000000e+02 -2.203299999999999981e-01 -3.413759999999999906e+00 0.000000000000000000e+00
1.520000000000000000e+02 9.057800000000000296e-01 -1.326629999999999976e+00 0.000000000000000000e+00
1.530000000000000000e+02 3.081599999999999895e-01 6.863399999999999501e-01 0.000000000000000000e+00
1.540000000000000000e+02 -2.872299999999999853e-01 2.676800000000000068e+00 0.000000000000000000e+00
1.550000000000000000e+02 1.114889999999999937e+00 4.285350000000000215e+00 0.000000000000000000e+00
1.560000000000000000e+02 5.603500000000000147e-01 6.264009999999999856e+00 0.000000000000000000e+00
1.570000000000000000e+02 -1.241799999999999987e-01 8.235189999999999344e+00 0.000000000000000000e+00
1.580000000000000000e+02 -6.414600000000000302e-01 1.028360999999999947e+01 0.000000000000000000e+00
1.590000000000000000e+02 4.947599999999999776e-01 1.209262999999999977e+01 0.000000000000000000e+00
1.600000000000000000e+02 6.798100000000000254e-01 1.562486999999999959e+01 0.000000000000000000e+00
1.610000000000000000e+02 1.938549999999999995e+00 1.739283000000000001e+01 0.000000000000000000e+00
1.620000000000000000e+02 9.376700000000000035e-01 -1.918831000000000131e+01 0.000000000000000000e+00
1.630000000000000000e+02 1.845359999999999889e+00 -1.720325000000000060e+01 0.000000000000000000e+00
1.640000000000000000e+02 7.270799999999999486e-01 -1.346551999999999971e+01 0.000000000000000000e+00
1.650000000000000000e+02 -2.236599999999999977e-01 -9.910450000000000870e+00 0.000000000000000000e+00
1.660000000000000000e+02 1.767980000000000107e+00 -9.304669999999999774e+00 0.000000000000000000e+00
1.670000000000000000e+02 2.509720000000000173e+00 -7.284379999999999633e+00 0.000000000000000000e+00
1.680000000000000000e+02 2.713119999999999976e+00 -5.141200000000000436e+00 0.000000000000000000e+00
1.690000000000000000e+02 1.922789999999999999e+00 -3.226700000000000124e+00 0.000000000000000000e+00
1.700000000000000000e+02 3.243219999999999992e+00 -1.588179999999999925e+00 0.000000000000000000e+00
1.710000000000000000e+02 2.542609999999999815e+00 3.715800000000000214e-01 0.000000000000000000e+00
1.720000000000000000e+02 1.805500000000000105e+00 2.319109999999999783e+00 0.000000000000000000e+00
1.730000000000000000e+02 3.324240000000000084e+00 3.888920000000000154e+00 0.000000000000000000e+00
1.740000000000000000e+02 2.608490000000000197e+00 5.850740000000000052e+00 0.000000000000000000e+00
1.750000000000000000e+02 1.938590000000000035e+00 7.890360000000000262e+00 0.000000000000000000e+00
1.760000000000000000e+02 1.374160000000000048e+00 9.861549999999999372e+00 0.000000000000000000e+00
1.770000000000000000e+02 1.716669999999999918e+00 1.377579000000000065e+01 0.000000000000000000e+00
1.780000000000000000e+02 2.996440000000000214e+00 1.539682999999999957e+01 0.000000000000000000e+00
1.790000000000000000e+02 1.079530000000000101e+00 1.950962000000000174e+01 0.000000000000000000e+00
1.800000000000000000e+02 4.107339999999999769e+00 -1.931306999999999974e+01 0.000000000000000000e+00
1.810000000000000000e+02 2.544160000000000199e+00 -1.500329999999999941e+01 0.000000000000000000e+00
1.820000000000000000e+02 2.752759999999999874e+00 -1.286773999999999951e+01 0.000000000000000000e+00
1.830000000000000000e+02 3.274020000000000152e+00 -1.085890000000000022e+01 0.000000000000000000e+00
1.840000000000000000e+02 3.911929999999999907e+00 -8.906929999999999126e+00 0.000000000000000000e+00
1.850000000000000000e+02 4.744460000000000122e+00 -5.477170000000000094e+00 0.000000000000000000e+00
1.860000000000000000e+02 4.073070000000000412e+00 -3.487820000000000142e+00 0.000000000000000000e+00
1.870000000000000000e+02 5.452040000000000219e+00 -1.958229999999999915e+00 0.000000000000000000e+00
1.880000000000000000e+02 4.702160000000000117e+00 -8.460000000000000506e-03 0.000000000000000000e+00
1.890000000000000000e+02 3.950829999999999842e+00 1.924309999999999965e+00 0.000000000000000000e+00
1.900000000000000000e+02 5.428580000000000183e+00 3.620559999999999778e+00 0.000000000000000000e+00
1.910000000000000000e+02 4.739959999999999951e+00 5.602020000000000444e+00 0.000000000000000000e+00
1.920000000000000000e+02 3.964999999999999858e+00 7.551540000000000141e+00 0.000000000000000000e+00
1.930000000000000000e+02 3.420180000000000220e+00 9.598689999999999500e+00 0.000000000000000000e+00
1.940000000000000000e+02 2.604270000000000085e+00 1.158278999999999925e+01 0.000000000000000000e+00
1.950000000000000000e+02 3.893209999999999837e+00 1.336186999999999969e+01 0.000000000000000000e+00
1.960000000000000000e+02 4.531170000000000364e+00 1.698293999999999926e+01 0.000000000000000000e+00
1.970000000000000000e+02 3.760310000000000041e+00 1.906325999999999965e+01 0.000000000000000000e+00
1.980000000000000000e+02 4.073970000000000091e+00 -1.719891000000000147e+01 0.000000000000000000e+00
1.990000000000000000e+02 4.689040000000000319e+00 -1.454631999999999969e+01 0.000000000000000000e+00
2.000000000000000000e+02 4.826719999999999899e+00 -1.246322999999999936e+01 0.000000000000000000e+00
2.010000000000000000e+02 5.971739999999999604e+00 -9.464990000000000236e+00 0.000000000000000000e+00
2.020000000000000000e+02 5.401720000000000077e+00 -7.470979999999999954e+00 0.000000000000000000e+00
2.030000000000000000e+02 6.837530000000000108e+00 -5.947440000000000282e+00 0.000000000000000000e+00
2.040000000000000000e+02 6.181049999999999933e+00 -3.887529999999999930e+00 0.000000000000000000e+00
2.050000000000000000e+02 7.559619999999999784e+00 -2.276969999999999938e+00 0.000000000000000000e+00
2.060000000000000000e+02 6.799150000000000027e+00 -3.548999999999999932e-01 0.000000000000000000e+00
2.070000000000000000e+02 6.034040000000000070e+00 1.580400000000000027e+00 0.000000000000000000e+00
2.080000000000000000e+02 7.471639999999999837e+00 3.244790000000000063e+00 0.000000000000000000e+00
2.090000000000000000e+02 6.887660000000000338e+00 5.252489999999999881e+00 0.000000000000000000e+00
2.100000000000000000e+02 6.084010000000000140e+00 7.247049999999999770e+00 0.000000000000000000e+00
2.110000000000000000e+02 5.470200000000000173e+00 9.254599999999999937e+00 0.000000000000000000e+00
2.120000000000000000e+02 4.712620000000000253e+00 1.129452000000000034e+01 0.000000000000000000e+00
2.130000000000000000e+02 6.006870000000000154e+00 1.292040000000000077e+01 0.000000000000000000e+00
2.140000000000000000e+02 5.297089999999999854e+00 1.502155999999999914e+01 0.000000000000000000e+00
2.150000000000000000e+02 6.012590000000000323e+00 1.860593000000000075e+01 0.000000000000000000e+00
2.160000000000000000e+02 5.975859999999999950e+00 -1.620038999999999874e+01 0.000000000000000000e+00
2.170000000000000000e+02 6.583210000000000228e+00 -1.356939000000000028e+01 0.000000000000000000e+00
2.180000000000000000e+02 6.709839999999999804e+00 -1.138915000000000077e+01 0.000000000000000000e+00
2.190000000000000000e+02 8.136250000000000426e+00 -9.890390000000000015e+00 0.000000000000000000e+00
2.200000000000000000e+02 7.474020000000000330e+00 -7.909690000000000332e+00 0.000000000000000000e+00
2.210000000000000000e+02 8.946410000000000196e+00 -6.345519999999999605e+00 0.000000000000000000e+00
2.220000000000000000e+02 8.200749999999999318e+00 -4.328249999999999709e+00 0.000000000000000000e+00
2.230000000000000000e+02 9.603059999999999263e+00 -2.680079999999999796e+00 0.000000000000000000e+00
2.240000000000000000e+02 8.922779999999999490e+00 -6.604200000000000070e-01 0.000000000000000000e+00
2.250000000000000000e+02 8.134270000000000778e+00 1.280829999999999913e+00 0.000000000000000000e+00
2.260000000000000000e+02 9.612550000000000594e+00 2.844320000000000181e+00 0.000000000000000000e+00
2.270000000000000000e+02 8.940630000000000521e+00 4.896379999999999733e+00 0.000000000000000000e+00
2.280000000000000000e+02 8.165440000000000254e+00 6.929219999999999935e+00 0.000000000000000000e+00
2.290000000000000000e+02 7.503359999999999808e+00 8.902359999999999829e+00 0.000000000000000000e+00
2.300000000000000000e+02 6.752900000000000347e+00 1.088033000000000072e+01 0.000000000000000000e+00
2.310000000000000000e+02 8.039859999999999118e+00 1.257362000000000002e+01 0.000000000000000000e+00
2.320000000000000000e+02 7.355550000000000033e+00 1.452734000000000059e+01 0.000000000000000000e+00
2.330000000000000000e+02 6.781769999999999854e+00 1.656120999999999910e+01 0.000000000000000000e+00
2.340000000000000000e+02 5.978600000000000136e+00 -1.831211000000000055e+01 0.000000000000000000e+00
2.350000000000000000e+02 8.455519999999999925e+00 -1.747826999999999842e+01 0.000000000000000000e+00
2.360000000000000000e+02 7.855940000000000367e+00 -1.522375000000000078e+01 0.000000000000000000e+00
2.370000000000000000e+02 8.856790000000000163e+00 -1.191447999999999929e+01 0.000000000000000000e+00
2.380000000000000000e+02 9.570199999999999818e+00 -8.327809999999999491e+00 0.000000000000000000e+00
2.390000000000000000e+02 1.097593999999999959e+01 -6.664900000000000269e+00 0.000000000000000000e+00
2.400000000000000000e+02 1.026929999999999943e+01 -4.669819999999999638e+00 0.000000000000000000e+00
2.410000000000000000e+02 1.164108000000000054e+01 -3.052029999999999799e+00 0.000000000000000000e+00
2.420000000000000000e+02 1.094380999999999915e+01 -1.102360000000000007e+00 0.000000000000000000e+00
2.430000000000000000e+02 1.035040000000000049e+01 9.002099999999999547e-01 0.000000000000000000e+00
2.440000000000000000e+02 1.171631000000000000e+01 2.489850000000000119e+00 0.000000000000000000e+00
2.450000000000000000e+02 1.101952999999999960e+01 4.571460000000000079e+00 0.000000000000000000e+00
2.460000000000000000e+02 1.030369999999999919e+01 6.511610000000000120e+00 0.000000000000000000e+00
2.470000000000000000e+02 9.612719999999999487e+00 8.525479999999999947e+00 0.000000000000000000e+00
2.480000000000000000e+02 8.952439999999999287e+00 1.057202000000000019e+01 0.000000000000000000e+00
2.490000000000000000e+02 1.021641999999999939e+01 1.228956999999999944e+01 0.000000000000000000e+00
2.500000000000000000e+02 9.474059999999999704e+00 1.422033000000000058e+01 0.000000000000000000e+00
2.510000000000000000e+02 8.845520000000000493e+00 1.618750000000000000e+01 0.000000000000000000e+00
2.520000000000000000e+02 1.013110999999999962e+01 -1.616867999999999839e+01 0.000000000000000000e+00
2.530000000000000000e+02 9.532679999999999154e+00 -1.396604999999999919e+01 0.000000000000000000e+00
2.540000000000000000e+02 1.088538999999999923e+01 -1.232831999999999972e+01 0.000000000000000000e+00
2.550000000000000000e+02 1.022006000000000014e+01 -1.036570000000000036e+01 0.000000000000000000e+00
2.560000000000000000e+02 1.178706999999999994e+01 -8.734280000000000044e+00 0.000000000000000000e+00
2.570000000000000000e+02 1.305568000000000062e+01 -7.046630000000000393e+00 0.000000000000000000e+00
2.580000000000000000e+02 1.237419000000000047e+01 -5.074169999999999625e+00 0.000000000000000000e+00
2.590000000000000000e+02 1.375680000000000014e+01 -3.508929999999999882e+00 0.000000000000000000e+00
2.600000000000000000e+02 1.313085000000000058e+01 -1.429200000000000026e+00 0.000000000000000000e+00
2.610000000000000000e+02 1.238174000000000063e+01 5.018000000000000238e-01 0.000000000000000000e+00
2.620000000000000000e+02 1.379138000000000019e+01 2.087880000000000180e+00 0.000000000000000000e+00
2.630000000000000000e+02 1.310904000000000025e+01 4.099800000000000111e+00 0.000000000000000000e+00
2.640000000000000000e+02 1.237313999999999936e+01 6.129150000000000098e+00 0.000000000000000000e+00
2.650000000000000000e+02 1.166975000000000051e+01 8.201560000000000628e+00 0.000000000000000000e+00
2.660000000000000000e+02 1.100845999999999947e+01 1.020776000000000039e+01 0.000000000000000000e+00
2.670000000000000000e+02 1.239065000000000083e+01 1.177508000000000088e+01 0.000000000000000000e+00
2.680000000000000000e+02 1.164691000000000010e+01 1.382694000000000045e+01 0.000000000000000000e+00
2.690000000000000000e+02 1.094598000000000049e+01 1.579076000000000057e+01 0.000000000000000000e+00
2.700000000000000000e+02 1.162992999999999988e+01 -1.438086000000000020e+01 0.000000000000000000e+00
2.710000000000000000e+02 1.322831000000000046e+01 -1.305991999999999997e+01 0.000000000000000000e+00
2.720000000000000000e+02 1.232565999999999917e+01 -1.080194999999999972e+01 0.000000000000000000e+00
2.730000000000000000e+02 1.380777999999999928e+01 -9.184730000000000061e+00 0.000000000000000000e+00
2.740000000000000000e+02 1.510413999999999923e+01 -7.449530000000000207e+00 0.000000000000000000e+00
2.750000000000000000e+02 1.446063999999999972e+01 -5.478729999999999656e+00 0.000000000000000000e+00
2.760000000000000000e+02 1.582038000000000011e+01 -3.867649999999999810e+00 0.000000000000000000e+00
2.770000000000000000e+02 1.521213000000000015e+01 -1.861180000000000057e+00 0.000000000000000000e+00
2.780000000000000000e+02 1.656516999999999840e+01 -2.253799999999999970e-01 0.000000000000000000e+00
2.790000000000000000e+02 1.448667000000000016e+01 1.215100000000000069e-01 0.000000000000000000e+00
2.800000000000000000e+02 1.516989000000000054e+01 3.670840000000000103e+00 0.000000000000000000e+00
2.810000000000000000e+02 1.603809000000000040e+01 7.214220000000000077e+00 0.000000000000000000e+00
2.820000000000000000e+02 1.456662999999999997e+01 5.665580000000000283e+00 0.000000000000000000e+00
2.830000000000000000e+02 1.367749000000000059e+01 7.716630000000000322e+00 0.000000000000000000e+00
2.840000000000000000e+02 1.305948000000000064e+01 9.792809999999999349e+00 0.000000000000000000e+00
2.850000000000000000e+02 1.511431999999999931e+01 9.425760000000000360e+00 0.000000000000000000e+00
2.860000000000000000e+02 1.465177000000000085e+01 1.153871000000000002e+01 0.000000000000000000e+00
2.870000000000000000e+02 1.375076999999999927e+01 1.348757999999999946e+01 0.000000000000000000e+00
2.880000000000000000e+02 1.467041000000000039e+01 -1.118600999999999956e+01 0.000000000000000000e+00
2.890000000000000000e+02 1.588438999999999979e+01 -9.520759999999999224e+00 0.000000000000000000e+00
2.900000000000000000e+02 1.724266000000000076e+01 -7.972360000000000113e+00 0.000000000000000000e+00
2.910000000000000000e+02 1.877160999999999902e+01 -6.576229999999999798e+00 0.000000000000000000e+00
2.920000000000000000e+02 1.648985000000000056e+01 -5.876549999999999940e+00 0.000000000000000000e+00
2.930000000000000000e+02 1.793618999999999986e+01 -4.346919999999999895e+00 0.000000000000000000e+00
2.940000000000000000e+02 1.879650000000000176e+01 -7.745999999999999552e-01 0.000000000000000000e+00
2.950000000000000000e+02 1.730694000000000088e+01 -2.215209999999999901e+00 0.000000000000000000e+00
2.960000000000000000e+02 1.798716999999999899e+01 1.315569999999999906e+00 0.000000000000000000e+00
2.970000000000000000e+02 1.586477999999999966e+01 1.699789999999999912e+00 0.000000000000000000e+00
2.980000000000000000e+02 1.727261000000000024e+01 3.273210000000000175e+00 0.000000000000000000e+00
2.990000000000000000e+02 1.727695999999999898e+01 5.421459999999999724e+00 0.000000000000000000e+00
