0.000000000000000000e+00 -1.337043000000000070e+01 -1.145208000000000048e+01 0.000000000000000000e+00
1.000000000000000000e+00 -1.519322000000000017e+01 -8.636400000000000077e+00 0.000000000000000000e+00
2.000000000000000000e+00 -1.703099999999999881e+01 -7.655260000000000176e+00 0.000000000000000000e+00
3.000000000000000000e+00 -1.702095999999999876e+01 -5.361760000000000304e+00 0.000000000000000000e+00
4.000000000000000000e+00 -1.520307000000000031e+01 -6.492619999999999614e+00 0.000000000000000000e+00
5.000000000000000000e+00 -1.899187999999999832e+01 -4.680320000000000036e+00 0.000000000000000000e+00
6.000000000000000000e+00 -1.690531999999999968e+01 -3.271490000000000009e+00 0.000000000000000000e+00
7.000000000000000000e+00 -1.860736999999999952e+01 -2.084260000000000002e+00 0.000000000000000000e+00
8.000000000000000000e+00 -1.675827999999999918e+01 1.324699999999999989e+00 0.000000000000000000e+00
9.000000000000000000e+00 -1.861792000000000158e+01 1.231700000000000017e-01 0.000000000000000000e+00
1.000000000000000000e+01 -1.678932000000000002e+01 3.526580000000000048e+00 0.000000000000000000e+00
1.100000000000000000e+01 -1.881685999999999837e+01 2.390569999999999862e+00 0.000000000000000000e+00
1.200000000000000000e+01 -1.661283999999999850e+01 5.691489999999999938e+00 0.000000000000000000e+00
1.300000000000000000e+01 -1.855003999999999920e+01 4.822890000000000121e+00 0.000000000000000000e+00
1.400000000000000000e+01 -1.859561000000000064e+01 6.970509999999999984e+00 0.000000000000000000e+00
1.500000000000000000e+01 -1.667081999999999908e+01 7.822420000000000151e+00 0.000000000000000000e+00
1.600000000000000000e+01 -1.499620999999999960e+01 1.089528999999999925e+01 0.000000000000000000e+00
1.700000000000000000e+01 -1.512514000000000003e+01 1.302978000000000058e+01 0.000000000000000000e+00
1.800000000000000000e+01 -1.004240000000000066e+01 -1.546814999999999962e+01 0.000000000000000000e+00
1.900000000000000000e+01 -1.179709000000000074e+01 -1.279255999999999993e+01 0.000000000000000000e+00
2.000000000000000000e+01 -1.321996000000000038e+01 -9.245490000000000208e+00 0.000000000000000000e+00
2.100000000000000000e+01 -1.311984999999999957e+01 -7.136820000000000164e+00 0.000000000000000000e+00
2.200000000000000000e+01 -1.317408999999999963e+01 -5.022330000000000183e+00 0.000000000000000000e+00
2.300000000000000000e+01 -1.503187999999999924e+01 -4.143119999999999692e+00 0.000000000000000000e+00
2.400000000000000000e+01 -1.490135000000000076e+01 -1.878670000000000062e+00 0.000000000000000000e+00
2.500000000000000000e+01 -1.667576999999999998e+01 -7.811900000000000510e-01 0.000000000000000000e+00
2.600000000000000000e+01 -1.493019999999999925e+01 3.196800000000000197e-01 0.000000000000000000e+00
2.700000000000000000e+01 -1.499962999999999980e+01 2.440290000000000070e+00 0.000000000000000000e+00
2.800000000000000000e+01 -1.310101000000000049e+01 3.431690000000000129e+00 0.000000000000000000e+00
2.900000000000000000e+01 -1.482883999999999958e+01 4.647660000000000124e+00 0.000000000000000000e+00
3.000000000000000000e+01 -1.299319999999999986e+01 5.652230000000000310e+00 0.000000000000000000e+00
3.100000000000000000e+01 -1.483625999999999934e+01 6.752189999999999692e+00 0.000000000000000000e+00
3.200000000000000000e+01 -1.484437999999999924e+01 8.822559999999999292e+00 0.000000000000000000e+00
3.300000000000000000e+01 -1.304634000000000071e+01 9.839230000000000587e+00 0.000000000000000000e+00
3.400000000000000000e+01 -1.311036000000000001e+01 1.191191000000000066e+01 0.000000000000000000e+00
3.500000000000000000e+01 -1.320198000000000071e+01 1.398001000000000005e+01 0.000000000000000000e+00
3.600000000000000000e+01 -8.343109999999999360e+00 -1.667755000000000010e+01 0.000000000000000000e+00
3.700000000000000000e+01 -9.670740000000000336e+00 -1.340504999999999924e+01 0.000000000000000000e+00
3.800000000000000000e+01 -1.146889000000000003e+01 -1.035446999999999917e+01 0.000000000000000000e+00
3.900000000000000000e+01 -1.132033999999999985e+01 -8.161799999999999500e+00 0.000000000000000000e+00
4.000000000000000000e+01 -1.134323000000000015e+01 -6.033979999999999677e+00 0.000000000000000000e+00
4.100000000000000000e+01 -1.311450999999999922e+01 -2.939280000000000115e+00 0.000000000000000000e+00
4.200000000000000000e+01 -1.122029999999999994e+01 -1.815430000000000099e+00 0.000000000000000000e+00
4.300000000000000000e+01 -1.310903000000000063e+01 -7.580099999999999616e-01 0.000000000000000000e+00
4.400000000000000000e+01 -1.131489999999999974e+01 2.718999999999999750e-01 0.000000000000000000e+00
4.500000000000000000e+01 -1.314015000000000022e+01 1.352000000000000091e+00 0.000000000000000000e+00
4.600000000000000000e+01 -1.124923000000000073e+01 2.511989999999999945e+00 0.000000000000000000e+00
4.700000000000000000e+01 -1.122438999999999965e+01 4.571010000000000240e+00 0.000000000000000000e+00
4.800000000000000000e+01 -1.118322000000000038e+01 6.724120000000000097e+00 0.000000000000000000e+00
4.900000000000000000e+01 -1.299680000000000035e+01 7.762139999999999596e+00 0.000000000000000000e+00
5.000000000000000000e+01 -1.110697000000000045e+01 8.828849999999999199e+00 0.000000000000000000e+00
5.100000000000000000e+01 -1.125159999999999982e+01 1.090001999999999960e+01 0.000000000000000000e+00
5.200000000000000000e+01 -1.123704999999999998e+01 1.299259999999999948e+01 0.000000000000000000e+00
5.300000000000000000e+01 -1.139703000000000088e+01 1.507485999999999926e+01 0.000000000000000000e+00
5.400000000000000000e+01 -6.317969999999999864e+00 -1.756166999999999945e+01 0.000000000000000000e+00
5.500000000000000000e+01 -7.852719999999999700e+00 -1.456010000000000026e+01 0.000000000000000000e+00
5.600000000000000000e+01 -7.749939999999999607e+00 -1.232427000000000028e+01 0.000000000000000000e+00
5.700000000000000000e+01 -9.569160000000000110e+00 -1.132001999999999953e+01 0.000000000000000000e+00
5.800000000000000000e+01 -9.508919999999999817e+00 -9.254889999999999617e+00 0.000000000000000000e+00
5.900000000000000000e+01 -1.127810999999999986e+01 -3.872729999999999784e+00 0.000000000000000000e+00
6.000000000000000000e+01 -9.467359999999999332e+00 -4.963879999999999626e+00 0.000000000000000000e+00
6.100000000000000000e+01 -9.410700000000000287e+00 -2.851269999999999971e+00 0.000000000000000000e+00
6.200000000000000000e+01 -9.450810000000000599e+00 -7.250400000000000178e-01 0.000000000000000000e+00
6.300000000000000000e+01 -9.497609999999999886e+00 1.351059999999999928e+00 0.000000000000000000e+00
6.400000000000000000e+01 -9.382479999999999265e+00 3.440549999999999997e+00 0.000000000000000000e+00
6.500000000000000000e+01 -9.304149999999999920e+00 5.576670000000000016e+00 0.000000000000000000e+00
6.600000000000000000e+01 -9.276170000000000471e+00 7.695319999999999716e+00 0.000000000000000000e+00
6.700000000000000000e+01 -7.465399999999999814e+00 8.686859999999999360e+00 0.000000000000000000e+00
6.800000000000000000e+01 -9.249990000000000379e+00 9.883399999999999963e+00 0.000000000000000000e+00
6.900000000000000000e+01 -9.400660000000000238e+00 1.198093000000000075e+01 0.000000000000000000e+00
7.000000000000000000e+01 -9.471299999999999386e+00 1.414394000000000062e+01 0.000000000000000000e+00
7.100000000000000000e+01 -9.520200000000000884e+00 1.622037999999999869e+01 0.000000000000000000e+00
7.200000000000000000e+01 -4.546160000000000423e+00 -1.875522000000000133e+01 0.000000000000000000e+00
7.300000000000000000e+01 -5.913800000000000168e+00 -1.553484000000000087e+01 0.000000000000000000e+00
7.400000000000000000e+01 -5.904569999999999652e+00 -1.341343999999999959e+01 0.000000000000000000e+00
7.500000000000000000e+01 -7.689739999999999576e+00 -1.023104999999999976e+01 0.000000000000000000e+00
7.600000000000000000e+01 -7.696130000000000138e+00 -8.152490000000000236e+00 0.000000000000000000e+00
7.700000000000000000e+01 -9.520820000000000505e+00 -7.074510000000000076e+00 0.000000000000000000e+00
7.800000000000000000e+01 -7.666419999999999568e+00 -6.036109999999999864e+00 0.000000000000000000e+00
7.900000000000000000e+01 -7.611530000000000129e+00 -3.907160000000000188e+00 0.000000000000000000e+00
8.000000000000000000e+01 -7.582429999999999559e+00 -1.843210000000000015e+00 0.000000000000000000e+00
8.100000000000000000e+01 -7.622519999999999740e+00 2.242099999999999926e-01 0.000000000000000000e+00
8.200000000000000000e+01 -7.619320000000000093e+00 2.298639999999999795e+00 0.000000000000000000e+00
8.300000000000000000e+01 -7.542349999999999888e+00 4.447619999999999685e+00 0.000000000000000000e+00
8.400000000000000000e+01 -7.523290000000000255e+00 6.614029999999999632e+00 0.000000000000000000e+00
8.500000000000000000e+01 -5.693050000000000388e+00 9.764340000000000686e+00 0.000000000000000000e+00
8.600000000000000000e+01 -7.405509999999999593e+00 1.090145000000000053e+01 0.000000000000000000e+00
8.700000000000000000e+01 -7.571259999999999657e+00 1.299349999999999916e+01 0.000000000000000000e+00
8.800000000000000000e+01 -7.501680000000000348e+00 1.504672000000000054e+01 0.000000000000000000e+00
8.900000000000000000e+01 -7.704209999999999781e+00 1.769565000000000055e+01 0.000000000000000000e+00
9.000000000000000000e+01 -2.828110000000000124e+00 -2.001407999999999987e+01 0.000000000000000000e+00
9.100000000000000000e+01 -4.186790000000000234e+00 -1.669921000000000078e+01 0.000000000000000000e+00
9.200000000000000000e+01 -4.047880000000000145e+00 -1.445905999999999914e+01 0.000000000000000000e+00
9.300000000000000000e+01 -5.924680000000000391e+00 -1.128719000000000072e+01 0.000000000000000000e+00
9.400000000000000000e+01 -5.854190000000000005e+00 -9.162599999999999412e+00 0.000000000000000000e+00
9.500000000000000000e+01 -5.840180000000000149e+00 -7.089999999999999858e+00 0.000000000000000000e+00
9.600000000000000000e+01 -5.822429999999999772e+00 -5.005379999999999718e+00 0.000000000000000000e+00
9.700000000000000000e+01 -5.740910000000000402e+00 -2.882579999999999920e+00 0.000000000000000000e+00
9.800000000000000000e+01 -3.880700000000000038e+00 -1.894300000000000095e+00 0.000000000000000000e+00
9.900000000000000000e+01 -5.794950000000000045e+00 -8.056100000000000483e-01 0.000000000000000000e+00
1.000000000000000000e+02 -5.780630000000000379e+00 1.260529999999999928e+00 0.000000000000000000e+00
1.010000000000000000e+02 -5.808029999999999582e+00 3.337959999999999816e+00 0.000000000000000000e+00
1.020000000000000000e+02 -5.696399999999999686e+00 5.532079999999999664e+00 0.000000000000000000e+00
1.030000000000000000e+02 -5.677940000000000431e+00 7.643909999999999982e+00 0.000000000000000000e+00
1.040000000000000000e+02 -5.634129999999999860e+00 1.196063999999999972e+01 0.000000000000000000e+00
1.050000000000000000e+02 -5.640369999999999884e+00 1.405283999999999978e+01 0.000000000000000000e+00
1.060000000000000000e+02 -5.772610000000000241e+00 1.636666999999999916e+01 0.000000000000000000e+00
1.070000000000000000e+02 -4.192789999999999573e+00 1.938118000000000052e+01 0.000000000000000000e+00
1.080000000000000000e+02 -2.470689999999999831e+00 -1.799299999999999855e+01 0.000000000000000000e+00
1.090000000000000000e+02 -2.325860000000000039e+00 -1.561588000000000065e+01 0.000000000000000000e+00
1.100000000000000000e+02 -4.076529999999999987e+00 -1.228584000000000032e+01 0.000000000000000000e+00
1.110000000000000000e+02 -3.975969999999999782e+00 -1.023231000000000002e+01 0.000000000000000000e+00
1.120000000000000000e+02 -2.161649999999999849e+00 -9.190549999999999997e+00 0.000000000000000000e+00
1.130000000000000000e+02 -3.958279999999999799e+00 -8.162110000000000198e+00 0.000000000000000000e+00
1.140000000000000000e+02 -3.996890000000000054e+00 -6.084319999999999951e+00 0.000000000000000000e+00
1.150000000000000000e+02 -3.959060000000000024e+00 -4.005819999999999936e+00 0.000000000000000000e+00
1.160000000000000000e+02 -2.075730000000000075e+00 -8.709400000000000475e-01 0.000000000000000000e+00
1.170000000000000000e+02 -3.970819999999999794e+00 2.269700000000000051e-01 0.000000000000000000e+00
1.180000000000000000e+02 -3.955630000000000202e+00 2.337330000000000130e+00 0.000000000000000000e+00
1.190000000000000000e+02 -3.884479999999999933e+00 4.476919999999999789e+00 0.000000000000000000e+00
1.200000000000000000e+02 -3.898730000000000029e+00 6.571049999999999613e+00 0.000000000000000000e+00
1.210000000000000000e+02 -3.865899999999999892e+00 8.685040000000000759e+00 0.000000000000000000e+00
1.220000000000000000e+02 -3.853849999999999998e+00 1.087872999999999912e+01 0.000000000000000000e+00
1.230000000000000000e+02 -3.790119999999999933e+00 1.296888000000000041e+01 0.000000000000000000e+00
1.240000000000000000e+02 -3.794420000000000126e+00 1.508486000000000082e+01 0.000000000000000000e+00
1.250000000000000000e+02 -3.862070000000000114e+00 1.729016000000000020e+01 0.000000000000000000e+00
1.260000000000000000e+02 -3.642299999999999982e-01 -1.870485000000000042e+01 0.000000000000000000e+00
1.270000000000000000e+02 -4.839700000000000113e-01 -1.658708999999999989e+01 0.000000000000000000e+00
1.280000000000000000e+02 -2.261559999999999793e+00 -1.331428000000000011e+01 0.000000000000000000e+00
1.290000000000000000e+02 -2.183380000000000098e+00 -1.125351999999999997e+01 0.000000000000000000e+00
1.300000000000000000e+02 -3.402600000000000069e-01 -8.143739999999999313e+00 0.000000000000000000e+00
1.310000000000000000e+02 -2.147110000000000074e+00 -7.106069999999999887e+00 0.000000000000000000e+00
1.320000000000000000e+02 -2.152460000000000040e+00 -5.014520000000000088e+00 0.000000000000000000e+00
1.330000000000000000e+02 -2.071130000000000138e+00 -2.947210000000000107e+00 0.000000000000000000e+00
1.340000000000000000e+02 -2.211400000000000032e-01 1.519600000000000117e-01 0.000000000000000000e+00
1.350000000000000000e+02 -2.124379999999999935e+00 1.189060000000000006e+00 0.000000000000000000e+00
1.360000000000000000e+02 -2.131930000000000103e+00 3.362179999999999946e+00 0.000000000000000000e+00
1.370000000000000000e+02 -2.008010000000000073e+00 5.429350000000000342e+00 0.000000000000000000e+00
1.380000000000000000e+02 -2.065380000000000216e+00 7.619690000000000296e+00 0.000000000000000000e+00
1.390000000000000000e+02 -2.038419999999999899e+00 9.687950000000000728e+00 0.000000000000000000e+00
1.400000000000000000e+02 -2.011569999999999858e+00 1.191874999999999929e+01 0.000000000000000000e+00
1.410000000000000000e+02 -1.899199999999999999e+00 1.418432999999999922e+01 0.000000000000000000e+00
1.420000000000000000e+02 -2.047099999999999920e+00 1.624624999999999986e+01 0.000000000000000000e+00
1.430000000000000000e+02 -2.178059999999999885e+00 1.848203000000000173e+01 0.000000000000000000e+00
1.440000000000000000e+02 1.398509999999999920e+00 -1.761361000000000132e+01 0.000000000000000000e+00
1.450000000000000000e+02 1.349949999999999983e+00 -1.551736000000000004e+01 0.000000000000000000e+00
1.460000000000000000e+02 -5.326600000000000223e-01 -1.447761999999999993e+01 0.000000000000000000e+00
1.470000000000000000e+02 -4.292099999999999804e-01 -1.234852000000000061e+01 0.000000000000000000e+00
1.480000000000000000e+02 -3.774500000000000077e-01 -1.022640999999999956e+01 0.000000000000000000e+00
1.490000000000000000e+02 -3.669399999999999884e-01 -6.063299999999999912e+00 0.000000000000000000e+00
1.500000000000000000e+02 -2.584600000000000231e-01 -3.967249999999999943e+00 0.000000000000000000e+00
1.510000000000000000e+02 -2.349499999999999922e-01 -1.907859999999999889e+00 0.000000000000000000e+00
1.520000000000000000e+02 1.607979999999999965e+00 -7.814499999999999780e-01 0.000000000000000000e+00
1.530000000000000000e+02 -2.492099999999999871e-01 2.332339999999999858e+00 0.000000000000000000e+00
1.540000000000000000e+02 1.589620000000000033e+00 3.251970000000000027e+00 0.000000000000000000e+00
1.550000000000000000e+02 -1.811000000000000110e-01 4.395010000000000083e+00 0.000000000000000000e+00
1.560000000000000000e+02 -1.331700000000000106e-01 6.566449999999999676e+00 0.000000000000000000e+00
1.570000000000000000e+02 -2.125700000000000089e-01 8.711949999999999861e+00 0.000000000000000000e+00
1.580000000000000000e+02 -1.976300000000000001e-01 1.086744999999999983e+01 0.000000000000000000e+00
1.590000000000000000e+02 -3.976999999999999980e-02 1.306156999999999968e+01 0.000000000000000000e+00
1.600000000000000000e+02 4.111999999999999683e-02 1.512625000000000064e+01 0.000000000000000000e+00
1.610000000000000000e+02 -1.994700000000000084e-01 1.717139999999999844e+01 0.000000000000000000e+00
1.620000000000000000e+02 1.492620000000000058e+00 -1.983092999999999861e+01 0.000000000000000000e+00
1.630000000000000000e+02 3.229670000000000041e+00 -1.659433999999999898e+01 0.000000000000000000e+00
1.640000000000000000e+02 1.438930000000000042e+00 -1.342584000000000088e+01 0.000000000000000000e+00
1.650000000000000000e+02 1.378549999999999942e+00 -1.131418999999999997e+01 0.000000000000000000e+00
1.660000000000000000e+02 1.456239999999999979e+00 -9.253690000000000637e+00 0.000000000000000000e+00
1.670000000000000000e+02 1.499030000000000085e+00 -7.189059999999999562e+00 0.000000000000000000e+00
1.680000000000000000e+02 1.559930000000000039e+00 -5.062210000000000321e+00 0.000000000000000000e+00
1.690000000000000000e+02 1.562629999999999963e+00 -2.929149999999999920e+00 0.000000000000000000e+00
1.700000000000000000e+02 3.617480000000000029e+00 -2.515399999999999858e-01 0.000000000000000000e+00
1.710000000000000000e+02 2.157659999999999911e+00 1.222040000000000015e+00 0.000000000000000000e+00
1.720000000000000000e+02 3.684829999999999828e+00 3.435519999999999907e+00 0.000000000000000000e+00
1.730000000000000000e+02 1.699729999999999963e+00 5.382060000000000066e+00 0.000000000000000000e+00
1.740000000000000000e+02 1.621170000000000000e+00 7.643469999999999764e+00 0.000000000000000000e+00
1.750000000000000000e+02 1.606349999999999945e+00 9.809039999999999537e+00 0.000000000000000000e+00
1.760000000000000000e+02 1.710469999999999935e+00 1.191623000000000054e+01 0.000000000000000000e+00
1.770000000000000000e+02 1.873769999999999936e+00 1.402347999999999928e+01 0.000000000000000000e+00
1.780000000000000000e+02 1.884940000000000060e+00 1.612941000000000003e+01 0.000000000000000000e+00
1.790000000000000000e+02 1.010999999999999954e-01 1.932522000000000162e+01 0.000000000000000000e+00
1.800000000000000000e+02 3.351700000000000124e+00 -1.867712999999999823e+01 0.000000000000000000e+00
1.810000000000000000e+02 3.249989999999999934e+00 -1.446814999999999962e+01 0.000000000000000000e+00
1.820000000000000000e+02 3.427099999999999813e+00 -1.236862999999999957e+01 0.000000000000000000e+00
1.830000000000000000e+02 3.343859999999999832e+00 -1.025977999999999923e+01 0.000000000000000000e+00
1.840000000000000000e+02 3.381250000000000089e+00 -8.211140000000000327e+00 0.000000000000000000e+00
1.850000000000000000e+02 3.696689999999999809e+00 -6.064799999999999969e+00 0.000000000000000000e+00
1.860000000000000000e+02 3.387090000000000156e+00 -4.005589999999999762e+00 0.000000000000000000e+00
1.870000000000000000e+02 4.492950000000000443e+00 -2.166910000000000114e+00 0.000000000000000000e+00
1.880000000000000000e+02 5.725089999999999790e+00 -2.613099999999999867e-01 0.000000000000000000e+00
1.890000000000000000e+02 4.647770000000000401e+00 1.610249999999999959e+00 0.000000000000000000e+00
1.900000000000000000e+02 5.842579999999999885e+00 3.328559999999999963e+00 0.000000000000000000e+00
1.910000000000000000e+02 4.858240000000000336e+00 5.174719999999999764e+00 0.000000000000000000e+00
1.920000000000000000e+02 3.424030000000000129e+00 6.664670000000000094e+00 0.000000000000000000e+00
1.930000000000000000e+02 3.462730000000000086e+00 8.727040000000000575e+00 0.000000000000000000e+00
1.940000000000000000e+02 3.566059999999999786e+00 1.084787999999999997e+01 0.000000000000000000e+00
1.950000000000000000e+02 3.766809999999999992e+00 1.501965000000000039e+01 0.000000000000000000e+00
1.960000000000000000e+02 3.903480000000000061e+00 1.712933999999999912e+01 0.000000000000000000e+00
1.970000000000000000e+02 2.129010000000000069e+00 1.840792000000000073e+01 0.000000000000000000e+00
1.980000000000000000e+02 5.300279999999999880e+00 -1.764760000000000062e+01 0.000000000000000000e+00
1.990000000000000000e+02 5.022859999999999658e+00 -1.555353000000000030e+01 0.000000000000000000e+00
2.000000000000000000e+02 5.407840000000000202e+00 -1.338203000000000031e+01 0.000000000000000000e+00
2.010000000000000000e+02 5.231919999999999682e+00 -1.132382999999999917e+01 0.000000000000000000e+00
2.020000000000000000e+02 5.375339999999999563e+00 -7.517730000000000246e+00 0.000000000000000000e+00
2.030000000000000000e+02 6.594969999999999999e+00 -5.773679999999999701e+00 0.000000000000000000e+00
2.040000000000000000e+02 5.516259999999999941e+00 -3.968189999999999884e+00 0.000000000000000000e+00
2.050000000000000000e+02 6.703219999999999956e+00 -2.158090000000000064e+00 0.000000000000000000e+00
2.060000000000000000e+02 7.795209999999999972e+00 -4.202299999999999924e-01 0.000000000000000000e+00
2.070000000000000000e+02 6.832749999999999879e+00 1.506480000000000041e+00 0.000000000000000000e+00
2.080000000000000000e+02 7.964209999999999567e+00 3.255440000000000111e+00 0.000000000000000000e+00
2.090000000000000000e+02 6.949130000000000251e+00 5.101740000000000386e+00 0.000000000000000000e+00
2.100000000000000000e+02 5.353439999999999976e+00 7.422290000000000276e+00 0.000000000000000000e+00
2.110000000000000000e+02 5.357210000000000250e+00 9.720670000000000144e+00 0.000000000000000000e+00
2.120000000000000000e+02 3.687829999999999941e+00 1.293830999999999953e+01 0.000000000000000000e+00
2.130000000000000000e+02 5.576089999999999769e+00 1.393140999999999963e+01 0.000000000000000000e+00
2.140000000000000000e+02 5.701349999999999696e+00 1.600653000000000148e+01 0.000000000000000000e+00
2.150000000000000000e+02 4.098359999999999559e+00 1.920247000000000170e+01 0.000000000000000000e+00
2.160000000000000000e+02 6.964369999999999727e+00 -1.475181000000000076e+01 0.000000000000000000e+00
2.170000000000000000e+02 8.224859999999999616e+00 -1.308993000000000073e+01 0.000000000000000000e+00
2.180000000000000000e+02 7.301849999999999952e+00 -1.123653000000000013e+01 0.000000000000000000e+00
2.190000000000000000e+02 6.162880000000000358e+00 -9.416579999999999728e+00 0.000000000000000000e+00
2.200000000000000000e+02 7.566989999999999661e+00 -7.621780000000000221e+00 0.000000000000000000e+00
2.210000000000000000e+02 8.752409999999999357e+00 -5.857739999999999725e+00 0.000000000000000000e+00
2.220000000000000000e+02 7.675440000000000040e+00 -4.006420000000000314e+00 0.000000000000000000e+00
2.230000000000000000e+02 8.819589999999999819e+00 -2.235930000000000195e+00 0.000000000000000000e+00
2.240000000000000000e+02 9.915729999999999933e+00 -4.490500000000000047e-01 0.000000000000000000e+00
2.250000000000000000e+02 8.957150000000000389e+00 1.387939999999999952e+00 0.000000000000000000e+00
2.260000000000000000e+02 1.011738000000000071e+01 3.128229999999999844e+00 0.000000000000000000e+00
2.270000000000000000e+02 9.207019999999999982e+00 4.981220000000000425e+00 0.000000000000000000e+00
2.280000000000000000e+02 8.079980000000000828e+00 6.844850000000000101e+00 0.000000000000000000e+00
2.290000000000000000e+02 7.121990000000000265e+00 8.662129999999999441e+00 0.000000000000000000e+00
2.300000000000000000e+02 5.424540000000000362e+00 1.182361000000000040e+01 0.000000000000000000e+00
2.310000000000000000e+02 7.339430000000000121e+00 1.266224000000000061e+01 0.000000000000000000e+00
2.320000000000000000e+02 7.524499999999999744e+00 1.490375000000000050e+01 0.000000000000000000e+00
2.330000000000000000e+02 5.833789999999999587e+00 1.808239999999999981e+01 0.000000000000000000e+00
2.340000000000000000e+02 7.016259999999999941e+00 -1.885285000000000011e+01 0.000000000000000000e+00
2.350000000000000000e+02 9.088589999999999947e+00 -1.497780999999999985e+01 0.000000000000000000e+00
2.360000000000000000e+02 9.534819999999999851e+00 -1.140774000000000044e+01 0.000000000000000000e+00
2.370000000000000000e+02 8.470069999999999766e+00 -9.492139999999999134e+00 0.000000000000000000e+00
2.380000000000000000e+02 9.697290000000000632e+00 -7.684219999999999828e+00 0.000000000000000000e+00
2.390000000000000000e+02 1.085656999999999961e+01 -5.959839999999999804e+00 0.000000000000000000e+00
2.400000000000000000e+02 9.831690000000000040e+00 -4.114379999999999704e+00 0.000000000000000000e+00
2.410000000000000000e+02 1.093809000000000076e+01 -2.271729999999999805e+00 0.000000000000000000e+00
2.420000000000000000e+02 1.207574999999999932e+01 -5.345199999999999951e-01 0.000000000000000000e+00
2.430000000000000000e+02 1.117230999999999952e+01 1.319090000000000096e+00 0.000000000000000000e+00
2.440000000000000000e+02 1.217314000000000007e+01 3.151619999999999866e+00 0.000000000000000000e+00
2.450000000000000000e+02 1.137904999999999944e+01 5.061180000000000234e+00 0.000000000000000000e+00
2.460000000000000000e+02 1.020007000000000019e+01 6.983410000000000117e+00 0.000000000000000000e+00
2.470000000000000000e+02 9.216960000000000264e+00 8.802809999999999135e+00 0.000000000000000000e+00
2.480000000000000000e+02 7.758040000000000269e+00 1.064225000000000065e+01 0.000000000000000000e+00
2.490000000000000000e+02 9.794359999999999289e+00 1.094730999999999987e+01 0.000000000000000000e+00
2.500000000000000000e+02 9.249499999999999389e+00 1.359617000000000075e+01 0.000000000000000000e+00
2.510000000000000000e+02 8.033400000000000318e+00 1.692021000000000086e+01 0.000000000000000000e+00
2.520000000000000000e+02 7.243210000000000370e+00 -1.679498999999999853e+01 0.000000000000000000e+00
2.530000000000000000e+02 1.039511000000000074e+01 -1.330367000000000033e+01 0.000000000000000000e+00
2.540000000000000000e+02 1.160216999999999921e+01 -1.153900999999999932e+01 0.000000000000000000e+00
2.550000000000000000e+02 1.061724000000000068e+01 -9.595760000000000289e+00 0.000000000000000000e+00
2.560000000000000000e+02 1.187490000000000023e+01 -7.907779999999999809e+00 0.000000000000000000e+00
2.570000000000000000e+02 1.296068999999999960e+01 -6.161830000000000140e+00 0.000000000000000000e+00
2.580000000000000000e+02 1.192900999999999989e+01 -4.173779999999999824e+00 0.000000000000000000e+00
2.590000000000000000e+02 1.306769000000000069e+01 -2.422670000000000101e+00 0.000000000000000000e+00
2.600000000000000000e+02 1.419819000000000031e+01 -6.028700000000000170e-01 0.000000000000000000e+00
2.610000000000000000e+02 1.324473000000000056e+01 1.284589999999999899e+00 0.000000000000000000e+00
2.620000000000000000e+02 1.441980000000000040e+01 3.033980000000000121e+00 0.000000000000000000e+00
2.630000000000000000e+02 1.554557999999999929e+01 5.332119999999999749e+00 0.000000000000000000e+00
2.640000000000000000e+02 1.343764000000000003e+01 4.854440000000000310e+00 0.000000000000000000e+00
2.650000000000000000e+02 1.244183999999999912e+01 6.900409999999999933e+00 0.000000000000000000e+00
2.660000000000000000e+02 1.131584999999999930e+01 8.825850000000000861e+00 0.000000000000000000e+00
2.670000000000000000e+02 1.223066000000000031e+01 1.075798999999999950e+01 0.000000000000000000e+00
2.680000000000000000e+02 1.118408999999999942e+01 1.261861999999999995e+01 0.000000000000000000e+00
2.690000000000000000e+02 9.962270000000000181e+00 1.577363000000000071e+01 0.000000000000000000e+00
2.700000000000000000e+02 9.587099999999999511e+00 -1.698969999999999914e+01 0.000000000000000000e+00
2.710000000000000000e+02 1.247087999999999930e+01 -1.349831000000000003e+01 0.000000000000000000e+00
2.720000000000000000e+02 1.271341999999999928e+01 -9.798019999999999285e+00 0.000000000000000000e+00
2.730000000000000000e+02 1.399619000000000035e+01 -8.134410000000000807e+00 0.000000000000000000e+00
2.740000000000000000e+02 1.502628999999999948e+01 -6.334469999999999601e+00 0.000000000000000000e+00
2.750000000000000000e+02 1.647278000000000020e+01 -4.797030000000000349e+00 0.000000000000000000e+00
2.760000000000000000e+02 1.402416999999999980e+01 -4.313880000000000159e+00 0.000000000000000000e+00
2.770000000000000000e+02 1.519455999999999918e+01 -2.560770000000000213e+00 0.000000000000000000e+00
2.780000000000000000e+02 1.624997000000000114e+01 -7.793999999999999817e-01 0.000000000000000000e+00
2.790000000000000000e+02 1.531569999999999965e+01 1.151000000000000023e+00 0.000000000000000000e+00
2.800000000000000000e+02 1.650714999999999932e+01 2.915169999999999817e+00 0.000000000000000000e+00
2.810000000000000000e+02 1.670672000000000068e+01 7.037130000000000329e+00 0.000000000000000000e+00
2.820000000000000000e+02 1.453106000000000009e+01 7.305200000000000138e+00 0.000000000000000000e+00
2.830000000000000000e+02 1.578313999999999950e+01 9.212770000000000792e+00 0.000000000000000000e+00
2.840000000000000000e+02 1.338848999999999911e+01 9.046739999999999782e+00 0.000000000000000000e+00
2.850000000000000000e+02 1.439439999999999920e+01 1.094954000000000072e+01 0.000000000000000000e+00
2.860000000000000000e+02 1.330807000000000073e+01 1.271776999999999980e+01 0.000000000000000000e+00
2.870000000000000000e+02 1.169673000000000052e+01 1.464893000000000001e+01 0.000000000000000000e+00
2.880000000000000000e+02 1.136997000000000035e+01 -1.526791000000000054e+01 0.000000000000000000e+00
2.890000000000000000e+02 1.366258000000000017e+01 -1.170658000000000065e+01 0.000000000000000000e+00
2.900000000000000000e+02 1.492728999999999928e+01 -1.003999999999999915e+01 0.000000000000000000e+00
2.910000000000000000e+02 1.610110999999999848e+01 -8.360839999999999606e+00 0.000000000000000000e+00
2.920000000000000000e+02 1.740102999999999867e+01 -6.739200000000000301e+00 0.000000000000000000e+00
2.930000000000000000e+02 1.889603999999999928e+01 -4.372060000000000279e+00 0.000000000000000000e+00
2.940000000000000000e+02 1.951820000000000022e+01 8.980399999999999494e-01 0.000000000000000000e+00
2.950000000000000000e+02 1.730771999999999977e+01 -2.686500000000000110e+00 0.000000000000000000e+00
2.960000000000000000e+02 1.834700000000000131e+01 -8.632600000000000273e-01 0.000000000000000000e+00
2.970000000000000000e+02 1.737703000000000131e+01 1.035250000000000004e+00 0.000000000000000000e+00
2.980000000000000000e+02 1.860857000000000028e+01 2.966720000000000024e+00 0.000000000000000000e+00
2.990000000000000000e+02 1.757963000000000164e+01 4.937540000000000262e+00 0.000000000000000000e+00
