0.000000000000000000e+00 -1.487456000000000067e+01 -1.148141999999999996e+01 0.000000000000000000e+00
1.000000000000000000e+00 -1.618654000000000082e+01 -9.819610000000000838e+00 0.000000000000000000e+00
2.000000000000000000e+00 -1.358929000000000009e+01 -9.595039999999999125e+00 0.000000000000000000e+00
3.000000000000000000e+00 -1.446189000000000036e+01 -7.723729999999999762e+00 0.000000000000000000e+00
4.000000000000000000e+00 -1.655276999999999887e+01 -7.566519999999999690e+00 0.000000000000000000e+00
5.000000000000000000e+00 -1.756176999999999921e+01 -5.504749999999999588e+00 0.000000000000000000e+00
6.000000000000000000e+00 -1.799567000000000050e+01 -1.177210000000000090e+00 0.000000000000000000e+00
7.000000000000000000e+00 -1.861155000000000115e+01 -3.308300000000000018e+00 0.000000000000000000e+00
8.000000000000000000e+00 -1.616206999999999994e+01 -8.070000000000000784e-03 0.000000000000000000e+00
9.000000000000000000e+00 -1.710611000000000104e+01 1.836270000000000069e+00 0.000000000000000000e+00
1.000000000000000000e+01 -1.913801000000000130e+01 1.305190000000000072e+00 0.000000000000000000e+00
1.100000000000000000e+01 -1.637454999999999927e+01 3.838769999999999794e+00 0.000000000000000000e+00
1.200000000000000000e+01 -1.594513000000000069e+01 7.171630000000000393e+00 0.000000000000000000e+00
1.300000000000000000e+01 -1.845690000000000097e+01 3.737010000000000165e+00 0.000000000000000000e+00
1.400000000000000000e+01 -1.748194000000000159e+01 5.618990000000000151e+00 0.000000000000000000e+00
1.500000000000000000e+01 -1.687408999999999892e+01 9.055780000000000385e+00 0.000000000000000000e+00
1.600000000000000000e+01 -1.322494000000000014e+01 1.450098999999999982e+01 0.000000000000000000e+00
1.700000000000000000e+01 -1.105845000000000056e+01 1.434178999999999959e+01 0.000000000000000000e+00
1.800000000000000000e+01 -1.083103999999999978e+01 -1.530475999999999992e+01 0.000000000000000000e+00
1.900000000000000000e+01 -1.157682999999999929e+01 -1.332671999999999990e+01 0.000000000000000000e+00
2.000000000000000000e+01 -1.277180000000000071e+01 -1.151842000000000077e+01 0.000000000000000000e+00
2.100000000000000000e+01 -1.237578000000000067e+01 -7.553860000000000241e+00 0.000000000000000000e+00
2.200000000000000000e+01 -1.545508000000000060e+01 -5.611299999999999955e+00 0.000000000000000000e+00
2.300000000000000000e+01 -1.637463999999999942e+01 -3.726620000000000044e+00 0.000000000000000000e+00
2.400000000000000000e+01 -1.410487999999999964e+01 -3.737550000000000150e+00 0.000000000000000000e+00
2.500000000000000000e+01 -1.519422999999999924e+01 -1.880740000000000078e+00 0.000000000000000000e+00
2.600000000000000000e+01 -1.406972000000000023e+01 -1.191900000000000043e-01 0.000000000000000000e+00
2.700000000000000000e+01 -1.502453000000000038e+01 1.789819999999999967e+00 0.000000000000000000e+00
2.800000000000000000e+01 -1.378139000000000003e+01 3.476989999999999803e+00 0.000000000000000000e+00
2.900000000000000000e+01 -1.486467000000000027e+01 5.277190000000000047e+00 0.000000000000000000e+00
3.000000000000000000e+01 -1.370073999999999970e+01 7.324939999999999785e+00 0.000000000000000000e+00
3.100000000000000000e+01 -1.477139999999999986e+01 9.120789999999999509e+00 0.000000000000000000e+00
3.200000000000000000e+01 -1.604581999999999908e+01 1.098948999999999998e+01 0.000000000000000000e+00
3.300000000000000000e+01 -1.464410999999999952e+01 1.290773000000000081e+01 0.000000000000000000e+00
3.400000000000000000e+01 -1.227698000000000000e+01 1.252439999999999998e+01 0.000000000000000000e+00
3.500000000000000000e+01 -9.916949999999999932e+00 1.607842000000000127e+01 0.000000000000000000e+00
3.600000000000000000e+01 -9.881949999999999790e+00 -1.720392999999999972e+01 0.000000000000000000e+00
3.700000000000000000e+01 -9.518380000000000507e+00 -1.327802999999999933e+01 0.000000000000000000e+00
3.800000000000000000e+01 -1.056670000000000087e+01 -1.143314999999999948e+01 0.000000000000000000e+00
3.900000000000000000e+01 -1.149798000000000009e+01 -9.480309999999999349e+00 0.000000000000000000e+00
4.000000000000000000e+01 -1.114312999999999931e+01 -5.819029999999999703e+00 0.000000000000000000e+00
4.100000000000000000e+01 -1.337941000000000003e+01 -5.706039999999999779e+00 0.000000000000000000e+00
4.200000000000000000e+01 -1.202110000000000056e+01 -3.930260000000000087e+00 0.000000000000000000e+00
4.300000000000000000e+01 -1.297180000000000000e+01 -2.009910000000000085e+00 0.000000000000000000e+00
4.400000000000000000e+01 -1.184130000000000038e+01 -2.549500000000000099e-01 0.000000000000000000e+00
4.500000000000000000e+01 -1.286913999999999980e+01 1.559479999999999977e+00 0.000000000000000000e+00
4.600000000000000000e+01 -1.170373999999999981e+01 3.390670000000000073e+00 0.000000000000000000e+00
4.700000000000000000e+01 -1.275838000000000072e+01 5.401270000000000238e+00 0.000000000000000000e+00
4.800000000000000000e+01 -1.165338000000000029e+01 7.148279999999999745e+00 0.000000000000000000e+00
4.900000000000000000e+01 -1.250971999999999973e+01 9.054090000000000416e+00 0.000000000000000000e+00
5.000000000000000000e+01 -1.357644999999999946e+01 1.083259999999999934e+01 0.000000000000000000e+00
5.100000000000000000e+01 -1.117924000000000007e+01 1.072442999999999991e+01 0.000000000000000000e+00
5.200000000000000000e+01 -1.004560000000000031e+01 1.244655000000000022e+01 0.000000000000000000e+00
5.300000000000000000e+01 -7.722100000000000186e+00 1.611326000000000036e+01 0.000000000000000000e+00
5.400000000000000000e+01 -7.652499999999999858e+00 -1.706634000000000029e+01 0.000000000000000000e+00
5.500000000000000000e+01 -8.597979999999999734e+00 -1.521194000000000024e+01 0.000000000000000000e+00
5.600000000000000000e+01 -8.282719999999999416e+00 -1.143504000000000076e+01 0.000000000000000000e+00
5.700000000000000000e+01 -9.188169999999999504e+00 -9.558089999999999975e+00 0.000000000000000000e+00
5.800000000000000000e+01 -1.031034999999999968e+01 -7.721510000000000318e+00 0.000000000000000000e+00
5.900000000000000000e+01 -9.066019999999999968e+00 -5.977319999999999744e+00 0.000000000000000000e+00
6.000000000000000000e+01 -9.922829999999999373e+00 -4.057179999999999787e+00 0.000000000000000000e+00
6.100000000000000000e+01 -1.083616999999999919e+01 -2.123310000000000031e+00 0.000000000000000000e+00
6.200000000000000000e+01 -9.703260000000000218e+00 -3.223699999999999899e-01 0.000000000000000000e+00
6.300000000000000000e+01 -1.074560999999999922e+01 1.525309999999999944e+00 0.000000000000000000e+00
6.400000000000000000e+01 -9.561260000000000758e+00 3.356189999999999785e+00 0.000000000000000000e+00
6.500000000000000000e+01 -1.051628999999999969e+01 5.234009999999999607e+00 0.000000000000000000e+00
6.600000000000000000e+01 -9.364420000000000854e+00 6.944189999999999863e+00 0.000000000000000000e+00
6.700000000000000000e+01 -1.038166999999999973e+01 8.791710000000000136e+00 0.000000000000000000e+00
6.800000000000000000e+01 -9.054240000000000066e+00 1.058831999999999951e+01 0.000000000000000000e+00
6.900000000000000000e+01 -7.944869999999999877e+00 1.237040000000000006e+01 0.000000000000000000e+00
7.000000000000000000e+01 -8.918169999999999931e+00 1.419178999999999924e+01 0.000000000000000000e+00
7.100000000000000000e+01 -6.942739999999999689e+00 1.807629999999999981e+01 0.000000000000000000e+00
7.200000000000000000e+01 -3.464859999999999829e+00 -1.923708999999999847e+01 0.000000000000000000e+00
7.300000000000000000e+01 -6.439739999999999576e+00 -1.524447999999999936e+01 0.000000000000000000e+00
7.400000000000000000e+01 -7.442809999999999704e+00 -1.332013000000000069e+01 0.000000000000000000e+00
7.500000000000000000e+01 -7.068740000000000023e+00 -9.660560000000000258e+00 0.000000000000000000e+00
7.600000000000000000e+01 -8.037620000000000431e+00 -7.763829999999999565e+00 0.000000000000000000e+00
7.700000000000000000e+01 -6.867630000000000123e+00 -5.985730000000000217e+00 0.000000000000000000e+00
7.800000000000000000e+01 -7.839850000000000207e+00 -4.146429999999999616e+00 0.000000000000000000e+00
7.900000000000000000e+01 -8.756510000000000460e+00 -2.287929999999999797e+00 0.000000000000000000e+00
8.000000000000000000e+01 -7.612659999999999982e+00 -4.718100000000000072e-01 0.000000000000000000e+00
8.100000000000000000e+01 -8.575279999999999347e+00 1.426940000000000097e+00 0.000000000000000000e+00
8.200000000000000000e+01 -8.356189999999999785e+00 5.066589999999999705e+00 0.000000000000000000e+00
8.300000000000000000e+01 -7.274149999999999672e+00 6.856080000000000396e+00 0.000000000000000000e+00
8.400000000000000000e+01 -8.172060000000000102e+00 8.729919999999999902e+00 0.000000000000000000e+00
8.500000000000000000e+01 -6.981320000000000192e+00 1.050229000000000035e+01 0.000000000000000000e+00
8.600000000000000000e+01 -5.829410000000000203e+00 1.234384999999999977e+01 0.000000000000000000e+00
8.700000000000000000e+01 -6.683189999999999742e+00 1.427299000000000007e+01 0.000000000000000000e+00
8.800000000000000000e+01 -5.602280000000000371e+00 1.609678999999999860e+01 0.000000000000000000e+00
8.900000000000000000e+01 -4.320020000000000415e+00 1.775607000000000113e+01 0.000000000000000000e+00
9.000000000000000000e+01 1.741000000000000048e-01 -1.949806999999999846e+01 0.000000000000000000e+00
9.100000000000000000e+01 -5.429820000000000313e+00 -1.735742000000000118e+01 0.000000000000000000e+00
9.200000000000000000e+01 -5.166439999999999699e+00 -1.348254000000000019e+01 0.000000000000000000e+00
9.300000000000000000e+01 -6.122939999999999827e+00 -1.162632999999999939e+01 0.000000000000000000e+00
9.400000000000000000e+01 -5.938729999999999620e+00 -7.877439999999999998e+00 0.000000000000000000e+00
9.500000000000000000e+01 -4.775019999999999598e+00 -6.145369999999999777e+00 0.000000000000000000e+00
9.600000000000000000e+01 -5.686329999999999885e+00 -4.253190000000000026e+00 0.000000000000000000e+00
9.700000000000000000e+01 -6.692000000000000171e+00 -2.410140000000000171e+00 0.000000000000000000e+00
9.800000000000000000e+01 -5.551269999999999705e+00 -6.048999999999999932e-01 0.000000000000000000e+00
9.900000000000000000e+01 -6.483010000000000161e+00 1.282359999999999944e+00 0.000000000000000000e+00
1.000000000000000000e+02 -7.452779999999999738e+00 3.197760000000000158e+00 0.000000000000000000e+00
1.010000000000000000e+02 -6.259330000000000283e+00 5.029469999999999885e+00 0.000000000000000000e+00
1.020000000000000000e+02 -5.049229999999999663e+00 6.738640000000000185e+00 0.000000000000000000e+00
1.030000000000000000e+02 -6.036100000000000243e+00 8.593899999999999650e+00 0.000000000000000000e+00
1.040000000000000000e+02 -4.917620000000000324e+00 1.033256000000000085e+01 0.000000000000000000e+00
1.050000000000000000e+02 -4.596260000000000012e+00 1.409557000000000038e+01 0.000000000000000000e+00
1.060000000000000000e+02 -3.397060000000000191e+00 1.581794999999999973e+01 0.000000000000000000e+00
1.070000000000000000e+02 -5.570680000000000298e+00 1.971477000000000146e+01 0.000000000000000000e+00
1.080000000000000000e+02 -3.185099999999999820e+00 -1.718054000000000059e+01 0.000000000000000000e+00
1.090000000000000000e+02 -4.035809999999999675e+00 -1.528464999999999918e+01 0.000000000000000000e+00
1.100000000000000000e+02 -4.000160000000000160e+00 -1.177918000000000021e+01 0.000000000000000000e+00
1.110000000000000000e+02 -5.001929999999999765e+00 -9.798750000000000071e+00 0.000000000000000000e+00
1.120000000000000000e+02 -3.800629999999999953e+00 -7.993669999999999831e+00 0.000000000000000000e+00
1.130000000000000000e+02 -2.665719999999999867e+00 -6.231390000000000207e+00 0.000000000000000000e+00
1.140000000000000000e+02 -3.611889999999999823e+00 -4.363109999999999822e+00 0.000000000000000000e+00
1.150000000000000000e+02 -4.577989999999999782e+00 -2.507029999999999870e+00 0.000000000000000000e+00
1.160000000000000000e+02 -3.479620000000000157e+00 -7.402499999999999636e-01 0.000000000000000000e+00
1.170000000000000000e+02 -4.357529999999999681e+00 1.162609999999999921e+00 0.000000000000000000e+00
1.180000000000000000e+02 -5.314049999999999940e+00 3.023740000000000094e+00 0.000000000000000000e+00
1.190000000000000000e+02 -4.165070000000000050e+00 4.814320000000000377e+00 0.000000000000000000e+00
1.200000000000000000e+02 -2.958549999999999791e+00 6.503510000000000346e+00 0.000000000000000000e+00
1.210000000000000000e+02 -3.912910000000000110e+00 8.478400000000000603e+00 0.000000000000000000e+00
1.220000000000000000e+02 -3.781820000000000181e+00 1.209506000000000014e+01 0.000000000000000000e+00
1.230000000000000000e+02 -2.555359999999999854e+00 1.390920999999999985e+01 0.000000000000000000e+00
1.240000000000000000e+02 -2.256479999999999819e+00 1.757225999999999999e+01 0.000000000000000000e+00
1.250000000000000000e+02 -3.082469999999999821e+00 1.963081999999999994e+01 0.000000000000000000e+00
1.260000000000000000e+02 -1.119520000000000071e+00 -1.751840999999999937e+01 0.000000000000000000e+00
1.270000000000000000e+02 -1.923140000000000072e+00 -1.548229000000000077e+01 0.000000000000000000e+00
1.280000000000000000e+02 -2.906289999999999818e+00 -1.355713000000000079e+01 0.000000000000000000e+00
1.290000000000000000e+02 -2.917670000000000208e+00 -9.945880000000000720e+00 0.000000000000000000e+00
1.300000000000000000e+02 -1.701030000000000042e+00 -8.108769999999999811e+00 0.000000000000000000e+00
1.310000000000000000e+02 -3.986600000000000144e-01 -6.279690000000000438e+00 0.000000000000000000e+00
1.320000000000000000e+02 -1.511730000000000018e+00 -4.516829999999999679e+00 0.000000000000000000e+00
1.330000000000000000e+02 -2.463239999999999874e+00 -2.623860000000000081e+00 0.000000000000000000e+00
1.340000000000000000e+02 -1.321639999999999926e+00 -8.618999999999999995e-01 0.000000000000000000e+00
1.350000000000000000e+02 -2.300159999999999982e+00 9.655700000000000394e-01 0.000000000000000000e+00
1.360000000000000000e+02 -3.240559999999999885e+00 2.905959999999999877e+00 0.000000000000000000e+00
1.370000000000000000e+02 -1.142470000000000097e+00 2.684590000000000032e+00 0.000000000000000000e+00
1.380000000000000000e+02 -2.027210000000000178e+00 4.561930000000000263e+00 0.000000000000000000e+00
1.390000000000000000e+02 -1.859490000000000087e+00 8.333750000000000213e+00 0.000000000000000000e+00
1.400000000000000000e+02 -2.768460000000000143e+00 1.020880000000000010e+01 0.000000000000000000e+00
1.410000000000000000e+02 -1.658420000000000005e+00 1.200004000000000026e+01 0.000000000000000000e+00
1.420000000000000000e+02 -1.298759999999999915e+00 1.573044999999999938e+01 0.000000000000000000e+00
1.430000000000000000e+02 -9.769999999999999518e-02 1.745073999999999970e+01 0.000000000000000000e+00
1.440000000000000000e+02 2.386839999999999851e+00 -1.952374000000000009e+01 0.000000000000000000e+00
1.450000000000000000e+02 -8.278699999999999948e-01 -1.357343999999999973e+01 0.000000000000000000e+00
1.460000000000000000e+02 3.628100000000000214e-01 -1.183409999999999940e+01 0.000000000000000000e+00
1.470000000000000000e+02 -1.873450000000000060e+00 -1.175665000000000049e+01 0.000000000000000000e+00
1.480000000000000000e+02 -6.264300000000000423e-01 -9.988899999999999224e+00 0.000000000000000000e+00
1.490000000000000000e+02 6.072699999999999765e-01 -8.216900000000000759e+00 0.000000000000000000e+00
1.500000000000000000e+02 7.231800000000000450e-01 -4.512030000000000207e+00 0.000000000000000000e+00
1.510000000000000000e+02 -3.562600000000000211e-01 -2.706179999999999808e+00 0.000000000000000000e+00
1.520000000000000000e+02 7.809300000000000130e-01 -9.835399999999999698e-01 0.000000000000000000e+00
1.530000000000000000e+02 -1.414300000000000002e-01 8.553100000000000147e-01 0.000000000000000000e+00
1.540000000000000000e+02 1.046149999999999913e+00 2.602310000000000123e+00 0.000000000000000000e+00
1.550000000000000000e+02 3.017999999999999849e-02 4.431440000000000268e+00 0.000000000000000000e+00
1.560000000000000000e+02 -9.112599999999999589e-01 6.324309999999999654e+00 0.000000000000000000e+00
1.570000000000000000e+02 -6.536399999999999988e-01 1.003975999999999935e+01 0.000000000000000000e+00
1.580000000000000000e+02 4.197100000000000275e-01 1.187556999999999974e+01 0.000000000000000000e+00
1.590000000000000000e+02 -4.551200000000000245e-01 1.379831000000000074e+01 0.000000000000000000e+00
1.600000000000000000e+02 2.058089999999999975e+00 1.739699999999999847e+01 0.000000000000000000e+00
1.610000000000000000e+02 1.468140000000000001e+00 1.949232999999999905e+01 0.000000000000000000e+00
1.620000000000000000e+02 1.053620000000000001e+00 -1.745118000000000080e+01 0.000000000000000000e+00
1.630000000000000000e+02 1.662200000000000066e-01 -1.551708999999999961e+01 0.000000000000000000e+00
1.640000000000000000e+02 1.244490000000000096e+00 -1.375628000000000029e+01 0.000000000000000000e+00
1.650000000000000000e+02 1.593890000000000029e+00 -1.003392000000000017e+01 0.000000000000000000e+00
1.660000000000000000e+02 2.747539999999999871e+00 -8.314249999999999474e+00 0.000000000000000000e+00
1.670000000000000000e+02 1.699480000000000102e+00 -6.434190000000000076e+00 0.000000000000000000e+00
1.680000000000000000e+02 2.862960000000000171e+00 -4.700619999999999798e+00 0.000000000000000000e+00
1.690000000000000000e+02 1.918320000000000025e+00 -2.831290000000000084e+00 0.000000000000000000e+00
1.700000000000000000e+02 3.032659999999999911e+00 -1.059879999999999933e+00 0.000000000000000000e+00
1.710000000000000000e+02 2.014200000000000212e+00 7.401799999999999491e-01 0.000000000000000000e+00
1.720000000000000000e+02 3.257480000000000153e+00 2.442060000000000120e+00 0.000000000000000000e+00
1.730000000000000000e+02 2.180460000000000065e+00 4.360019999999999563e+00 0.000000000000000000e+00
1.740000000000000000e+02 2.418599999999999917e-01 8.150909999999999656e+00 0.000000000000000000e+00
1.750000000000000000e+02 2.368990000000000151e+00 8.118759999999999977e+00 0.000000000000000000e+00
1.760000000000000000e+02 1.403140000000000054e+00 1.003632999999999953e+01 0.000000000000000000e+00
1.770000000000000000e+02 1.670930000000000026e+00 1.366011999999999915e+01 0.000000000000000000e+00
1.780000000000000000e+02 9.112099999999999644e-01 1.565484000000000009e+01 0.000000000000000000e+00
1.790000000000000000e+02 -1.005919999999999925e+00 1.932018000000000058e+01 0.000000000000000000e+00
1.800000000000000000e+02 3.140719999999999956e+00 -1.755369999999999919e+01 0.000000000000000000e+00
1.810000000000000000e+02 2.311809999999999921e+00 -1.564359999999999928e+01 0.000000000000000000e+00
1.820000000000000000e+02 3.459280000000000133e+00 -1.377876000000000012e+01 0.000000000000000000e+00
1.830000000000000000e+02 2.439150000000000151e+00 -1.199111000000000082e+01 0.000000000000000000e+00
1.840000000000000000e+02 3.669760000000000133e+00 -1.016630999999999929e+01 0.000000000000000000e+00
1.850000000000000000e+02 3.848170000000000091e+00 -6.558370000000000033e+00 0.000000000000000000e+00
1.860000000000000000e+02 4.913920000000000066e+00 -4.790949999999999598e+00 0.000000000000000000e+00
1.870000000000000000e+02 3.972659999999999858e+00 -2.953289999999999971e+00 0.000000000000000000e+00
1.880000000000000000e+02 5.178950000000000387e+00 -1.229459999999999997e+00 0.000000000000000000e+00
1.890000000000000000e+02 4.217950000000000088e+00 6.193100000000000271e-01 0.000000000000000000e+00
1.900000000000000000e+02 4.283500000000000085e+00 4.238909999999999734e+00 0.000000000000000000e+00
1.910000000000000000e+02 3.284860000000000113e+00 6.091739999999999711e+00 0.000000000000000000e+00
1.920000000000000000e+02 1.155450000000000088e+00 6.247819999999999929e+00 0.000000000000000000e+00
1.930000000000000000e+02 4.463449999999999918e+00 7.995079999999999742e+00 0.000000000000000000e+00
1.940000000000000000e+02 2.663619999999999877e+00 1.181311999999999962e+01 0.000000000000000000e+00
1.950000000000000000e+02 3.745490000000000208e+00 1.358685999999999972e+01 0.000000000000000000e+00
1.960000000000000000e+02 2.998689999999999856e+00 1.556447000000000003e+01 0.000000000000000000e+00
1.970000000000000000e+02 3.842000000000000082e+00 1.938829000000000136e+01 0.000000000000000000e+00
1.980000000000000000e+02 4.460910000000000153e+00 -1.582774000000000036e+01 0.000000000000000000e+00
1.990000000000000000e+02 5.635959999999999859e+00 -1.400815000000000055e+01 0.000000000000000000e+00
2.000000000000000000e+02 4.695199999999999818e+00 -1.210885999999999996e+01 0.000000000000000000e+00
2.010000000000000000e+02 5.731239999999999668e+00 -1.031912999999999947e+01 0.000000000000000000e+00
2.020000000000000000e+02 4.835919999999999774e+00 -8.399760000000000559e+00 0.000000000000000000e+00
2.030000000000000000e+02 8.190549999999999997e+00 -6.734009999999999607e+00 0.000000000000000000e+00
2.040000000000000000e+02 5.965480000000000338e+00 -6.653319999999999901e+00 0.000000000000000000e+00
2.050000000000000000e+02 7.063060000000000116e+00 -4.902090000000000281e+00 0.000000000000000000e+00
2.060000000000000000e+02 6.131859999999999644e+00 -3.076010000000000133e+00 0.000000000000000000e+00
2.070000000000000000e+02 6.335009999999999586e+00 5.765299999999999869e-01 0.000000000000000000e+00
2.080000000000000000e+02 5.394020000000000259e+00 2.421870000000000189e+00 0.000000000000000000e+00
2.090000000000000000e+02 6.378999999999999559e+00 4.304429999999999978e+00 0.000000000000000000e+00
2.100000000000000000e+02 5.358360000000000234e+00 6.146580000000000155e+00 0.000000000000000000e+00
2.110000000000000000e+02 3.481759999999999966e+00 9.904210000000000846e+00 0.000000000000000000e+00
2.120000000000000000e+02 4.888980000000000103e+00 1.185141999999999918e+01 0.000000000000000000e+00
2.130000000000000000e+02 6.255300000000000082e+00 1.354922000000000004e+01 0.000000000000000000e+00
2.140000000000000000e+02 5.086660000000000181e+00 1.542600999999999978e+01 0.000000000000000000e+00
2.150000000000000000e+02 4.195909999999999584e+00 1.729947999999999908e+01 0.000000000000000000e+00
2.160000000000000000e+02 5.370149999999999757e+00 -1.774206999999999823e+01 0.000000000000000000e+00
2.170000000000000000e+02 6.550399999999999778e+00 -1.599010999999999960e+01 0.000000000000000000e+00
2.180000000000000000e+02 6.794590000000000352e+00 -1.227161000000000080e+01 0.000000000000000000e+00
2.190000000000000000e+02 7.914220000000000255e+00 -1.042182999999999993e+01 0.000000000000000000e+00
2.200000000000000000e+02 6.998459999999999681e+00 -8.444309999999999761e+00 0.000000000000000000e+00
2.210000000000000000e+02 1.027754999999999974e+01 -6.864720000000000155e+00 0.000000000000000000e+00
2.220000000000000000e+02 9.209220000000000184e+00 -4.929570000000000007e+00 0.000000000000000000e+00
2.230000000000000000e+02 8.348929999999999296e+00 -3.053269999999999929e+00 0.000000000000000000e+00
2.240000000000000000e+02 7.827329999999999899e+00 -8.597799999999999887e-01 0.000000000000000000e+00
2.250000000000000000e+02 8.114819999999999922e+00 2.033630000000000049e+00 0.000000000000000000e+00
2.260000000000000000e+02 8.429800000000000182e+00 4.155240000000000045e+00 0.000000000000000000e+00
2.270000000000000000e+02 7.594809999999999839e+00 6.080309999999999881e+00 0.000000000000000000e+00
2.280000000000000000e+02 6.569829999999999615e+00 7.950730000000000075e+00 0.000000000000000000e+00
2.290000000000000000e+02 5.616179999999999950e+00 9.912620000000000431e+00 0.000000000000000000e+00
2.300000000000000000e+02 7.756509999999999572e+00 9.665689999999999671e+00 0.000000000000000000e+00
2.310000000000000000e+02 7.087579999999999991e+00 1.163039999999999985e+01 0.000000000000000000e+00
2.320000000000000000e+02 7.368190000000000239e+00 1.537632999999999939e+01 0.000000000000000000e+00
2.330000000000000000e+02 6.317759999999999820e+00 1.720166000000000039e+01 0.000000000000000000e+00
2.340000000000000000e+02 7.526799999999999713e+00 -1.785460000000000136e+01 0.000000000000000000e+00
2.350000000000000000e+02 7.841370000000000395e+00 -1.424732000000000021e+01 0.000000000000000000e+00
2.360000000000000000e+02 8.896319999999999339e+00 -1.245295999999999914e+01 0.000000000000000000e+00
2.370000000000000000e+02 1.003284000000000020e+01 -1.050101000000000084e+01 0.000000000000000000e+00
2.380000000000000000e+02 9.083399999999999253e+00 -8.618119999999999337e+00 0.000000000000000000e+00
2.390000000000000000e+02 1.140492000000000061e+01 -5.098110000000000142e+00 0.000000000000000000e+00
2.400000000000000000e+02 1.048695999999999984e+01 -3.224829999999999863e+00 0.000000000000000000e+00
2.410000000000000000e+02 9.918189999999999173e+00 -1.139310000000000045e+00 0.000000000000000000e+00
2.420000000000000000e+02 9.965759999999999508e+00 9.647000000000000020e-01 0.000000000000000000e+00
2.430000000000000000e+02 1.017355000000000054e+01 3.055250000000000021e+00 0.000000000000000000e+00
2.440000000000000000e+02 1.201138000000000083e+01 2.044620000000000104e+00 0.000000000000000000e+00
2.450000000000000000e+02 1.015667999999999971e+01 5.428239999999999732e+00 0.000000000000000000e+00
2.460000000000000000e+02 9.324370000000000047e+00 7.313900000000000290e+00 0.000000000000000000e+00
2.470000000000000000e+02 9.828569999999999141e+00 9.329090000000000771e+00 0.000000000000000000e+00
2.480000000000000000e+02 1.154871999999999943e+01 1.119730999999999987e+01 0.000000000000000000e+00
2.490000000000000000e+02 9.244680000000000675e+00 1.132667000000000002e+01 0.000000000000000000e+00
2.500000000000000000e+02 8.417289999999999495e+00 1.325914999999999999e+01 0.000000000000000000e+00
2.510000000000000000e+02 8.822240000000000748e+00 1.688279999999999959e+01 0.000000000000000000e+00
2.520000000000000000e+02 8.798450000000000770e+00 -1.612357000000000085e+01 0.000000000000000000e+00
2.530000000000000000e+02 9.923450000000000770e+00 -1.427904999999999980e+01 0.000000000000000000e+00
2.540000000000000000e+02 1.095190999999999981e+01 -1.243393000000000015e+01 0.000000000000000000e+00
2.550000000000000000e+02 1.336377000000000059e+01 -8.849370000000000402e+00 0.000000000000000000e+00
2.560000000000000000e+02 1.118435999999999986e+01 -8.740729999999999222e+00 0.000000000000000000e+00
2.570000000000000000e+02 1.237509000000000015e+01 -7.028439999999999799e+00 0.000000000000000000e+00
2.580000000000000000e+02 1.407400999999999947e+01 -3.202259999999999884e+00 0.000000000000000000e+00
2.590000000000000000e+02 1.219556000000000040e+01 -2.083769999999999900e+00 0.000000000000000000e+00
2.600000000000000000e+02 1.178279999999999994e+01 -1.139000000000000082e-02 0.000000000000000000e+00
2.610000000000000000e+02 1.384952999999999967e+01 9.963699999999999779e-01 0.000000000000000000e+00
2.620000000000000000e+02 1.402716000000000030e+01 3.144420000000000215e+00 0.000000000000000000e+00
2.630000000000000000e+02 1.201340000000000074e+01 4.145769999999999733e+00 0.000000000000000000e+00
2.640000000000000000e+02 1.204185999999999979e+01 6.334679999999999644e+00 0.000000000000000000e+00
2.650000000000000000e+02 1.169913000000000025e+01 8.391920000000000712e+00 0.000000000000000000e+00
2.660000000000000000e+02 1.343168000000000006e+01 1.006475999999999971e+01 0.000000000000000000e+00
2.670000000000000000e+02 1.317775999999999925e+01 1.256127000000000038e+01 0.000000000000000000e+00
2.680000000000000000e+02 1.059622000000000064e+01 1.307787000000000077e+01 0.000000000000000000e+00
2.690000000000000000e+02 9.597789999999999822e+00 1.496490999999999971e+01 0.000000000000000000e+00
2.700000000000000000e+02 1.100629999999999953e+01 -1.628222999999999843e+01 0.000000000000000000e+00
2.710000000000000000e+02 1.212411999999999956e+01 -1.439594999999999914e+01 0.000000000000000000e+00
2.720000000000000000e+02 1.220655000000000001e+01 -1.063317999999999941e+01 0.000000000000000000e+00
2.730000000000000000e+02 1.566435000000000066e+01 -8.790789999999999438e+00 0.000000000000000000e+00
2.740000000000000000e+02 1.452791999999999994e+01 -7.022979999999999556e+00 0.000000000000000000e+00
2.750000000000000000e+02 1.346706000000000003e+01 -5.243159999999999599e+00 0.000000000000000000e+00
2.760000000000000000e+02 1.552016000000000062e+01 -4.830320000000000391e+00 0.000000000000000000e+00
2.770000000000000000e+02 1.401601999999999926e+01 -1.080430000000000001e+00 0.000000000000000000e+00
2.780000000000000000e+02 1.583638999999999974e+01 -1.046300000000000008e-01 0.000000000000000000e+00
2.790000000000000000e+02 1.579789000000000065e+01 2.019029999999999880e+00 0.000000000000000000e+00
2.800000000000000000e+02 1.571250999999999998e+01 4.336389999999999745e+00 0.000000000000000000e+00
2.810000000000000000e+02 1.385482000000000014e+01 5.315010000000000012e+00 0.000000000000000000e+00
2.820000000000000000e+02 1.552858999999999945e+01 6.577410000000000423e+00 0.000000000000000000e+00
2.830000000000000000e+02 1.381307999999999936e+01 7.931239999999999846e+00 0.000000000000000000e+00
2.840000000000000000e+02 1.735895999999999972e+01 7.835890000000000022e+00 0.000000000000000000e+00
2.850000000000000000e+02 1.565515000000000079e+01 9.471109999999999474e+00 0.000000000000000000e+00
2.860000000000000000e+02 1.500847000000000087e+01 1.158980000000000032e+01 0.000000000000000000e+00
2.870000000000000000e+02 1.216893999999999920e+01 1.445208000000000048e+01 0.000000000000000000e+00
2.880000000000000000e+02 1.365175999999999945e+01 -1.263854000000000077e+01 0.000000000000000000e+00
2.890000000000000000e+02 1.455536999999999992e+01 -1.060365000000000002e+01 0.000000000000000000e+00
2.900000000000000000e+02 1.797831000000000046e+01 -8.510070000000000690e+00 0.000000000000000000e+00
2.910000000000000000e+02 1.932976000000000028e+01 -3.125259999999999927e+00 0.000000000000000000e+00
2.920000000000000000e+02 1.669263000000000119e+01 -6.571010000000000240e+00 0.000000000000000000e+00
2.930000000000000000e+02 1.942098000000000013e+01 2.442839999999999900e+00 0.000000000000000000e+00
2.940000000000000000e+02 1.748281000000000063e+01 -4.146939999999999849e+00 0.000000000000000000e+00
2.950000000000000000e+02 1.598174000000000028e+01 -2.405320000000000125e+00 0.000000000000000000e+00
2.960000000000000000e+02 1.781214999999999904e+01 -1.391399999999999970e+00 0.000000000000000000e+00
2.970000000000000000e+02 1.760999999999999943e+01 9.469600000000000239e-01 0.000000000000000000e+00
2.980000000000000000e+02 1.759421999999999997e+01 3.456170000000000186e+00 0.000000000000000000e+00
2.990000000000000000e+02 1.748429000000000144e+01 5.771429999999999616e+00 0.000000000000000000e+00
