0.000000000000000000e+00 -1.090567000000000064e+01 -1.511921000000000070e+01 0.000000000000000000e+00
1.000000000000000000e+00 -1.394645000000000046e+01 -1.287762999999999991e+01 0.000000000000000000e+00
2.000000000000000000e+00 -1.478861999999999988e+01 -1.093289000000000044e+01 0.000000000000000000e+00
3.000000000000000000e+00 -1.567591999999999963e+01 -8.969599999999999795e+00 0.000000000000000000e+00
4.000000000000000000e+00 -1.639624999999999844e+01 -7.019479999999999720e+00 0.000000000000000000e+00
5.000000000000000000e+00 -1.744181000000000026e+01 -5.237359999999999793e+00 0.000000000000000000e+00
6.000000000000000000e+00 -1.620597000000000065e+01 -3.312739999999999796e+00 0.000000000000000000e+00
7.000000000000000000e+00 -1.828761000000000081e+01 -3.294740000000000002e+00 0.000000000000000000e+00
8.000000000000000000e+00 -1.716629000000000005e+01 -1.234699999999999909e+00 0.000000000000000000e+00
9.000000000000000000e+00 -1.926090999999999909e+01 -1.455789999999999917e+00 0.000000000000000000e+00
1.000000000000000000e+01 -1.822627999999999915e+01 5.774500000000000188e-01 0.000000000000000000e+00
1.100000000000000000e+01 -2.039507000000000048e+01 1.346770000000000023e+00 0.000000000000000000e+00
1.200000000000000000e+01 -1.630570000000000164e+01 6.271329999999999849e+00 0.000000000000000000e+00
1.300000000000000000e+01 -1.768793000000000148e+01 4.723160000000000025e+00 0.000000000000000000e+00
1.400000000000000000e+01 -1.881565000000000154e+01 2.712489999999999846e+00 0.000000000000000000e+00
1.500000000000000000e+01 -1.751082999999999856e+01 8.193189999999999529e+00 0.000000000000000000e+00
1.600000000000000000e+01 -1.497976000000000063e+01 1.184624999999999950e+01 0.000000000000000000e+00
1.700000000000000000e+01 -1.264242999999999917e+01 1.443895000000000017e+01 0.000000000000000000e+00
1.800000000000000000e+01 -8.660000000000000142e+00 -1.521865999999999985e+01 0.000000000000000000e+00
1.900000000000000000e+01 -1.175244000000000000e+01 -1.314162999999999926e+01 0.000000000000000000e+00
2.000000000000000000e+01 -1.273040999999999912e+01 -1.122236000000000011e+01 0.000000000000000000e+00
2.100000000000000000e+01 -1.354981000000000080e+01 -9.137890000000000512e+00 0.000000000000000000e+00
2.200000000000000000e+01 -1.429052000000000078e+01 -7.205630000000000202e+00 0.000000000000000000e+00
2.300000000000000000e+01 -1.525076999999999927e+01 -5.170790000000000219e+00 0.000000000000000000e+00
2.400000000000000000e+01 -1.403119000000000050e+01 -3.507589999999999986e+00 0.000000000000000000e+00
2.500000000000000000e+01 -1.498795999999999928e+01 -1.623399999999999954e+00 0.000000000000000000e+00
2.600000000000000000e+01 -1.374334999999999951e+01 4.716999999999999665e-02 0.000000000000000000e+00
2.700000000000000000e+01 -1.581020000000000003e+01 3.106400000000000272e-01 0.000000000000000000e+00
2.800000000000000000e+01 -1.673739000000000132e+01 2.348059999999999814e+00 0.000000000000000000e+00
2.900000000000000000e+01 -1.539475000000000016e+01 4.038059999999999761e+00 0.000000000000000000e+00
3.000000000000000000e+01 -1.430391999999999975e+01 5.822960000000000136e+00 0.000000000000000000e+00
3.100000000000000000e+01 -1.292448000000000086e+01 7.511409999999999698e+00 0.000000000000000000e+00
3.200000000000000000e+01 -1.501021000000000072e+01 8.360219999999999985e+00 0.000000000000000000e+00
3.300000000000000000e+01 -1.652115999999999829e+01 1.008882000000000012e+01 0.000000000000000000e+00
3.400000000000000000e+01 -1.089222000000000001e+01 1.323019000000000034e+01 0.000000000000000000e+00
3.500000000000000000e+01 -1.071315000000000062e+01 1.530288999999999966e+01 0.000000000000000000e+00
3.600000000000000000e+01 -8.051579999999999515e+00 -1.734283999999999892e+01 0.000000000000000000e+00
3.700000000000000000e+01 -9.641439999999999344e+00 -1.330954999999999977e+01 0.000000000000000000e+00
3.800000000000000000e+01 -1.051329999999999920e+01 -1.142782000000000053e+01 0.000000000000000000e+00
3.900000000000000000e+01 -1.144238000000000000e+01 -9.545030000000000570e+00 0.000000000000000000e+00
4.000000000000000000e+01 -1.213274000000000008e+01 -7.534819999999999851e+00 0.000000000000000000e+00
4.100000000000000000e+01 -1.312697000000000003e+01 -5.452230000000000132e+00 0.000000000000000000e+00
4.200000000000000000e+01 -1.194383000000000017e+01 -3.686339999999999950e+00 0.000000000000000000e+00
4.300000000000000000e+01 -1.282545000000000002e+01 -1.819690000000000030e+00 0.000000000000000000e+00
4.400000000000000000e+01 -1.160350999999999999e+01 -8.312999999999999556e-02 0.000000000000000000e+00
4.500000000000000000e+01 -1.257395999999999958e+01 1.836300000000000043e+00 0.000000000000000000e+00
4.600000000000000000e+01 -1.466802999999999990e+01 2.045790000000000219e+00 0.000000000000000000e+00
4.700000000000000000e+01 -1.334135000000000026e+01 3.757509999999999906e+00 0.000000000000000000e+00
4.800000000000000000e+01 -1.224437999999999960e+01 5.527269999999999683e+00 0.000000000000000000e+00
4.900000000000000000e+01 -1.144426999999999950e+01 9.001609999999999445e+00 0.000000000000000000e+00
5.000000000000000000e+01 -1.341188000000000002e+01 1.008801000000000059e+01 0.000000000000000000e+00
5.100000000000000000e+01 -1.287786999999999971e+01 1.221817000000000064e+01 0.000000000000000000e+00
5.200000000000000000e+01 -8.998979999999999535e+00 1.402210999999999963e+01 0.000000000000000000e+00
5.300000000000000000e+01 -8.775069999999999482e+00 1.613607999999999976e+01 0.000000000000000000e+00
5.400000000000000000e+01 -6.602560000000000429e+00 -1.534459999999999980e+01 0.000000000000000000e+00
5.500000000000000000e+01 -7.517509999999999692e+00 -1.331029999999999980e+01 0.000000000000000000e+00
5.600000000000000000e+01 -8.454499999999999460e+00 -1.144889000000000046e+01 0.000000000000000000e+00
5.700000000000000000e+01 -9.298270000000000479e+00 -9.554029999999999134e+00 0.000000000000000000e+00
5.800000000000000000e+01 -1.007010000000000005e+01 -7.551099999999999923e+00 0.000000000000000000e+00
5.900000000000000000e+01 -1.104588000000000036e+01 -5.568389999999999951e+00 0.000000000000000000e+00
6.000000000000000000e+01 -9.754590000000000316e+00 -3.827599999999999891e+00 0.000000000000000000e+00
6.100000000000000000e+01 -1.076539999999999964e+01 -1.978269999999999973e+00 0.000000000000000000e+00
6.200000000000000000e+01 -9.526400000000000645e+00 -1.880999999999999894e-01 0.000000000000000000e+00
6.300000000000000000e+01 -1.042292999999999914e+01 1.723540000000000072e+00 0.000000000000000000e+00
6.400000000000000000e+01 -1.120087999999999973e+01 3.679409999999999847e+00 0.000000000000000000e+00
6.500000000000000000e+01 -1.008777000000000079e+01 5.452679999999999971e+00 0.000000000000000000e+00
6.600000000000000000e+01 -9.844599999999999795e+00 7.562800000000000189e+00 0.000000000000000000e+00
6.700000000000000000e+01 -9.486639999999999517e+00 9.752620000000000289e+00 0.000000000000000000e+00
6.800000000000000000e+01 -1.114582000000000050e+01 1.109678000000000075e+01 0.000000000000000000e+00
6.900000000000000000e+01 -9.207520000000000593e+00 1.184764999999999979e+01 0.000000000000000000e+00
7.000000000000000000e+01 -7.103629999999999889e+00 1.487343000000000082e+01 0.000000000000000000e+00
7.100000000000000000e+01 -6.890640000000000320e+00 1.716359999999999886e+01 0.000000000000000000e+00
7.200000000000000000e+01 -5.604879999999999640e+00 -1.727611999999999881e+01 0.000000000000000000e+00
7.300000000000000000e+01 -5.411010000000000097e+00 -1.364356000000000080e+01 0.000000000000000000e+00
7.400000000000000000e+01 -6.382119999999999571e+00 -1.158686999999999934e+01 0.000000000000000000e+00
7.500000000000000000e+01 -7.234239999999999782e+00 -9.701980000000000715e+00 0.000000000000000000e+00
7.600000000000000000e+01 -8.005349999999999966e+00 -7.751619999999999955e+00 0.000000000000000000e+00
7.700000000000000000e+01 -8.888849999999999696e+00 -5.809580000000000410e+00 0.000000000000000000e+00
7.800000000000000000e+01 -7.679030000000000022e+00 -4.015670000000000073e+00 0.000000000000000000e+00
7.900000000000000000e+01 -8.604879999999999640e+00 -2.098819999999999908e+00 0.000000000000000000e+00
8.000000000000000000e+01 -7.464870000000000339e+00 -3.493100000000000094e-01 0.000000000000000000e+00
8.100000000000000000e+01 -8.354699999999999349e+00 1.520580000000000043e+00 0.000000000000000000e+00
8.200000000000000000e+01 -8.969440000000000524e+00 3.657859999999999889e+00 0.000000000000000000e+00
8.300000000000000000e+01 -6.460659999999999847e+00 4.999850000000000350e+00 0.000000000000000000e+00
8.400000000000000000e+01 -8.082800000000000651e+00 6.272330000000000183e+00 0.000000000000000000e+00
8.500000000000000000e+01 -7.906220000000000248e+00 8.373799999999999244e+00 0.000000000000000000e+00
8.600000000000000000e+01 -7.489779999999999660e+00 1.041499999999999915e+01 0.000000000000000000e+00
8.700000000000000000e+01 -7.302229999999999777e+00 1.266873000000000005e+01 0.000000000000000000e+00
8.800000000000000000e+01 -5.186700000000000088e+00 1.341704000000000008e+01 0.000000000000000000e+00
8.900000000000000000e+01 -4.701060000000000016e+00 1.756062999999999974e+01 0.000000000000000000e+00
9.000000000000000000e+01 -4.650640000000000107e+00 -1.915103999999999829e+01 0.000000000000000000e+00
9.100000000000000000e+01 -4.457749999999999879e+00 -1.553345000000000020e+01 0.000000000000000000e+00
9.200000000000000000e+01 -4.263720000000000176e+00 -1.188151000000000046e+01 0.000000000000000000e+00
9.300000000000000000e+01 -5.172390000000000043e+00 -9.922319999999999141e+00 0.000000000000000000e+00
9.400000000000000000e+01 -5.912729999999999819e+00 -7.931219999999999715e+00 0.000000000000000000e+00
9.500000000000000000e+01 -6.807000000000000384e+00 -6.010209999999999830e+00 0.000000000000000000e+00
9.600000000000000000e+01 -5.485500000000000043e+00 -4.132679999999999687e+00 0.000000000000000000e+00
9.700000000000000000e+01 -6.537729999999999819e+00 -2.270579999999999821e+00 0.000000000000000000e+00
9.800000000000000000e+01 -5.405599999999999739e+00 -5.362700000000000244e-01 0.000000000000000000e+00
9.900000000000000000e+01 -5.159539999999999793e+00 1.596289999999999987e+00 0.000000000000000000e+00
1.000000000000000000e+02 -6.875960000000000072e+00 2.981110000000000149e+00 0.000000000000000000e+00
1.010000000000000000e+02 -4.819289999999999630e+00 3.701529999999999987e+00 0.000000000000000000e+00
1.020000000000000000e+02 -6.152650000000000396e+00 7.179879999999999818e+00 0.000000000000000000e+00
1.030000000000000000e+02 -4.093379999999999797e+00 7.904620000000000424e+00 0.000000000000000000e+00
1.040000000000000000e+02 -5.797480000000000189e+00 9.230119999999999436e+00 0.000000000000000000e+00
1.050000000000000000e+02 -5.452390000000000292e+00 1.131886000000000081e+01 0.000000000000000000e+00
1.060000000000000000e+02 -5.077720000000000233e+00 1.549455000000000027e+01 0.000000000000000000e+00
1.070000000000000000e+02 -9.431800000000000184e-01 1.927321999999999846e+01 0.000000000000000000e+00
1.080000000000000000e+02 -3.272839999999999971e+00 -1.748970999999999876e+01 0.000000000000000000e+00
1.090000000000000000e+02 -3.310360000000000191e+00 -1.376895000000000024e+01 0.000000000000000000e+00
1.100000000000000000e+02 -2.181620000000000115e+00 -1.201890000000000036e+01 0.000000000000000000e+00
1.110000000000000000e+02 -3.086899999999999977e+00 -1.015503000000000000e+01 0.000000000000000000e+00
1.120000000000000000e+02 -3.852539999999999853e+00 -8.170840000000000103e+00 0.000000000000000000e+00
1.130000000000000000e+02 -4.746979999999999755e+00 -6.185240000000000293e+00 0.000000000000000000e+00
1.140000000000000000e+02 -2.806369999999999809e+00 -5.264370000000000438e+00 0.000000000000000000e+00
1.150000000000000000e+02 -4.319239999999999746e+00 -2.286470000000000002e+00 0.000000000000000000e+00
1.160000000000000000e+02 -1.940560000000000063e+00 -1.179480000000000084e+00 0.000000000000000000e+00
1.170000000000000000e+02 -3.462530000000000108e+00 2.522499999999999742e-01 0.000000000000000000e+00
1.180000000000000000e+02 -3.218199999999999950e+00 2.343339999999999979e+00 0.000000000000000000e+00
1.190000000000000000e+02 -4.519650000000000389e+00 5.885609999999999786e+00 0.000000000000000000e+00
1.200000000000000000e+02 -2.536300000000000221e+00 6.513519999999999754e+00 0.000000000000000000e+00
1.210000000000000000e+02 -2.109830000000000094e+00 8.763040000000000163e+00 0.000000000000000000e+00
1.220000000000000000e+02 -3.742010000000000058e+00 1.003002000000000038e+01 0.000000000000000000e+00
1.230000000000000000e+02 -3.509180000000000188e+00 1.216379000000000055e+01 0.000000000000000000e+00
1.240000000000000000e+02 -3.311090000000000089e+00 1.429515999999999920e+01 0.000000000000000000e+00
1.250000000000000000e+02 -2.954849999999999977e+00 1.635478000000000165e+01 0.000000000000000000e+00
1.260000000000000000e+02 -1.049379999999999979e+00 -1.920086999999999833e+01 0.000000000000000000e+00
1.270000000000000000e+02 -2.263780000000000125e+00 -1.569035000000000046e+01 0.000000000000000000e+00
1.280000000000000000e+02 -1.125569999999999959e+00 -1.392300000000000004e+01 0.000000000000000000e+00
1.290000000000000000e+02 -1.062499999999999972e-01 -1.208966999999999992e+01 0.000000000000000000e+00
1.300000000000000000e+02 -1.638719999999999954e+00 -8.603509999999999991e+00 0.000000000000000000e+00
1.310000000000000000e+02 -1.157909999999999995e+00 -6.517050000000000232e+00 0.000000000000000000e+00
1.320000000000000000e+02 -7.612400000000000277e-01 -4.479919999999999902e+00 0.000000000000000000e+00
1.330000000000000000e+02 -2.448630000000000084e+00 -3.228660000000000085e+00 0.000000000000000000e+00
1.340000000000000000e+02 6.557000000000000328e-02 -3.405000000000000249e-01 0.000000000000000000e+00
1.350000000000000000e+02 -1.526310000000000056e+00 1.016450000000000076e+00 0.000000000000000000e+00
1.360000000000000000e+02 -2.854439999999999866e+00 4.441810000000000258e+00 0.000000000000000000e+00
1.370000000000000000e+02 -8.844899999999999984e-01 5.191169999999999618e+00 0.000000000000000000e+00
1.380000000000000000e+02 -6.301999999999999824e-01 7.319860000000000255e+00 0.000000000000000000e+00
1.390000000000000000e+02 -2.010699999999999987e-01 9.538209999999999411e+00 0.000000000000000000e+00
1.400000000000000000e+02 -1.834889999999999910e+00 1.094097000000000008e+01 0.000000000000000000e+00
1.410000000000000000e+02 -1.609269999999999978e+00 1.305080000000000062e+01 0.000000000000000000e+00
1.420000000000000000e+02 -1.317890000000000006e+00 1.510022999999999982e+01 0.000000000000000000e+00
1.430000000000000000e+02 -1.036140000000000061e+00 1.714693000000000112e+01 0.000000000000000000e+00
1.440000000000000000e+02 -4.948100000000000276e-01 -1.710801000000000016e+01 0.000000000000000000e+00
1.450000000000000000e+02 5.291700000000000292e-01 -1.516839000000000048e+01 0.000000000000000000e+00
1.460000000000000000e+02 1.549949999999999939e+00 -1.331774000000000058e+01 0.000000000000000000e+00
1.470000000000000000e+02 -8.254999999999999838e-02 -9.978790000000000049e+00 0.000000000000000000e+00
1.480000000000000000e+02 3.846700000000000119e-01 -7.896049999999999791e+00 0.000000000000000000e+00
1.490000000000000000e+02 2.580989999999999895e+00 -7.108120000000000438e+00 0.000000000000000000e+00
1.500000000000000000e+02 8.868500000000000272e-01 -5.794990000000000308e+00 0.000000000000000000e+00
1.510000000000000000e+02 -2.626800000000000246e-01 -2.414289999999999825e+00 0.000000000000000000e+00
1.520000000000000000e+02 1.724690000000000056e+00 -1.695729999999999960e+00 0.000000000000000000e+00
1.530000000000000000e+02 3.991500000000000048e-01 1.756890000000000063e+00 0.000000000000000000e+00
1.540000000000000000e+02 -1.260760000000000103e+00 3.087330000000000130e+00 0.000000000000000000e+00
1.550000000000000000e+02 6.756400000000000183e-01 3.842670000000000030e+00 0.000000000000000000e+00
1.560000000000000000e+02 9.919700000000000184e-01 6.022219999999999906e+00 0.000000000000000000e+00
1.570000000000000000e+02 1.328230000000000022e+00 8.143010000000000304e+00 0.000000000000000000e+00
1.580000000000000000e+02 1.507799999999999974e-01 1.161164999999999914e+01 0.000000000000000000e+00
1.590000000000000000e+02 3.284500000000000197e-01 1.380987000000000009e+01 0.000000000000000000e+00
1.600000000000000000e+02 6.368500000000000272e-01 1.593454999999999977e+01 0.000000000000000000e+00
1.610000000000000000e+02 1.210399999999999920e+00 1.811928999999999945e+01 0.000000000000000000e+00
1.620000000000000000e+02 1.085530000000000106e+00 -1.848120000000000118e+01 0.000000000000000000e+00
1.630000000000000000e+02 2.015800000000000036e+00 -1.661140999999999934e+01 0.000000000000000000e+00
1.640000000000000000e+02 3.135689999999999866e+00 -1.486810000000000009e+01 0.000000000000000000e+00
1.650000000000000000e+02 1.867560000000000109e+00 -1.124975000000000058e+01 0.000000000000000000e+00
1.660000000000000000e+02 2.046469999999999789e+00 -9.105769999999999698e+00 0.000000000000000000e+00
1.670000000000000000e+02 2.936310000000000198e+00 -5.062030000000000030e+00 0.000000000000000000e+00
1.680000000000000000e+02 1.336430000000000007e+00 -3.750729999999999897e+00 0.000000000000000000e+00
1.690000000000000000e+02 3.309210000000000207e+00 -3.010229999999999961e+00 0.000000000000000000e+00
1.700000000000000000e+02 3.777699999999999836e+00 -9.386700000000000044e-01 0.000000000000000000e+00
1.710000000000000000e+02 2.047460000000000058e+00 3.794899999999999940e-01 0.000000000000000000e+00
1.720000000000000000e+02 2.306880000000000042e+00 2.563709999999999933e+00 0.000000000000000000e+00
1.730000000000000000e+02 2.603349999999999831e+00 4.615199999999999747e+00 0.000000000000000000e+00
1.740000000000000000e+02 2.984059999999999935e+00 6.783369999999999678e+00 0.000000000000000000e+00
1.750000000000000000e+02 3.382530000000000037e+00 8.807230000000000558e+00 0.000000000000000000e+00
1.760000000000000000e+02 1.769800000000000040e+00 1.021542999999999957e+01 0.000000000000000000e+00
1.770000000000000000e+02 2.118529999999999802e+00 1.231521000000000043e+01 0.000000000000000000e+00
1.780000000000000000e+02 2.401400000000000201e+00 1.436525999999999925e+01 0.000000000000000000e+00
1.790000000000000000e+02 3.221999999999999975e+00 1.869620000000000104e+01 0.000000000000000000e+00
1.800000000000000000e+02 3.774350000000000094e+00 -1.810724000000000089e+01 0.000000000000000000e+00
1.810000000000000000e+02 4.744659999999999656e+00 -1.625291999999999959e+01 0.000000000000000000e+00
1.820000000000000000e+02 3.561859999999999804e+00 -1.265812999999999988e+01 0.000000000000000000e+00
1.830000000000000000e+02 3.821070000000000189e+00 -1.058517999999999937e+01 0.000000000000000000e+00
1.840000000000000000e+02 4.200610000000000177e+00 -8.480880000000000862e+00 0.000000000000000000e+00
1.850000000000000000e+02 4.553169999999999717e+00 -6.376940000000000275e+00 0.000000000000000000e+00
1.860000000000000000e+02 4.933550000000000324e+00 -4.305679999999999730e+00 0.000000000000000000e+00
1.870000000000000000e+02 5.402289999999999814e+00 -2.234849999999999781e+00 0.000000000000000000e+00
1.880000000000000000e+02 5.724380000000000024e+00 -1.987700000000000022e-01 0.000000000000000000e+00
1.890000000000000000e+02 3.977629999999999999e+00 1.150749999999999940e+00 0.000000000000000000e+00
1.900000000000000000e+02 4.275979999999999670e+00 3.228889999999999816e+00 0.000000000000000000e+00
1.910000000000000000e+02 4.582449999999999690e+00 5.381319999999999659e+00 0.000000000000000000e+00
1.920000000000000000e+02 4.982730000000000103e+00 7.477280000000000371e+00 0.000000000000000000e+00
1.930000000000000000e+02 5.368900000000000006e+00 9.583890000000000242e+00 0.000000000000000000e+00
1.940000000000000000e+02 3.742770000000000152e+00 1.090479999999999983e+01 0.000000000000000000e+00
1.950000000000000000e+02 4.064709999999999823e+00 1.300736000000000026e+01 0.000000000000000000e+00
1.960000000000000000e+02 4.402879999999999683e+00 1.509018000000000015e+01 0.000000000000000000e+00
1.970000000000000000e+02 2.772689999999999877e+00 1.662978999999999985e+01 0.000000000000000000e+00
1.980000000000000000e+02 6.489449999999999719e+00 -1.795664000000000016e+01 0.000000000000000000e+00
1.990000000000000000e+02 5.100249999999999950e+00 -1.403464999999999918e+01 0.000000000000000000e+00
2.000000000000000000e+02 5.500469999999999970e+00 -1.191760000000000019e+01 0.000000000000000000e+00
2.010000000000000000e+02 5.803279999999999994e+00 -9.808099999999999596e+00 0.000000000000000000e+00
2.020000000000000000e+02 6.128750000000000142e+00 -7.729300000000000281e+00 0.000000000000000000e+00
2.030000000000000000e+02 6.518150000000000333e+00 -5.702700000000000102e+00 0.000000000000000000e+00
2.040000000000000000e+02 6.959120000000000417e+00 -3.602539999999999853e+00 0.000000000000000000e+00
2.050000000000000000e+02 7.321130000000000138e+00 -1.510250000000000092e+00 0.000000000000000000e+00
2.060000000000000000e+02 7.741200000000000081e+00 6.374100000000000321e-01 0.000000000000000000e+00
2.070000000000000000e+02 6.014300000000000423e+00 1.985859999999999959e+00 0.000000000000000000e+00
2.080000000000000000e+02 6.341709999999999958e+00 4.118890000000000384e+00 0.000000000000000000e+00
2.090000000000000000e+02 6.684540000000000148e+00 6.195839999999999570e+00 0.000000000000000000e+00
2.100000000000000000e+02 7.021650000000000169e+00 8.253320000000000434e+00 0.000000000000000000e+00
2.110000000000000000e+02 7.516379999999999839e+00 1.037343000000000082e+01 0.000000000000000000e+00
2.120000000000000000e+02 5.807470000000000354e+00 1.170378999999999969e+01 0.000000000000000000e+00
2.130000000000000000e+02 6.000110000000000277e+00 1.377422999999999931e+01 0.000000000000000000e+00
2.140000000000000000e+02 6.421109999999999651e+00 1.581628000000000078e+01 0.000000000000000000e+00
2.150000000000000000e+02 4.779460000000000264e+00 1.713006999999999991e+01 0.000000000000000000e+00
2.160000000000000000e+02 8.202199999999999491e+00 -1.677720000000000056e+01 0.000000000000000000e+00
2.170000000000000000e+02 6.639170000000000016e+00 -1.541977999999999938e+01 0.000000000000000000e+00
2.180000000000000000e+02 7.046380000000000088e+00 -1.329509000000000007e+01 0.000000000000000000e+00
2.190000000000000000e+02 7.424520000000000231e+00 -1.119007000000000041e+01 0.000000000000000000e+00
2.200000000000000000e+02 7.780210000000000292e+00 -9.150809999999999889e+00 0.000000000000000000e+00
2.210000000000000000e+02 8.097120000000000317e+00 -7.083990000000000009e+00 0.000000000000000000e+00
2.220000000000000000e+02 8.514670000000000627e+00 -4.961890000000000356e+00 0.000000000000000000e+00
2.230000000000000000e+02 8.950480000000000658e+00 -2.871599999999999930e+00 0.000000000000000000e+00
2.240000000000000000e+02 9.347789999999999822e+00 -7.136400000000000521e-01 0.000000000000000000e+00
2.250000000000000000e+02 9.710940000000000794e+00 1.352740000000000054e+00 0.000000000000000000e+00
2.260000000000000000e+02 8.005789999999999296e+00 2.722700000000000120e+00 0.000000000000000000e+00
2.270000000000000000e+02 8.322319999999999496e+00 4.884430000000000049e+00 0.000000000000000000e+00
2.280000000000000000e+02 8.631249999999999645e+00 6.939840000000000231e+00 0.000000000000000000e+00
2.290000000000000000e+02 9.095909999999999940e+00 9.035149999999999793e+00 0.000000000000000000e+00
2.300000000000000000e+02 9.430770000000000763e+00 1.119429000000000052e+01 0.000000000000000000e+00
2.310000000000000000e+02 7.777929999999999566e+00 1.244565000000000055e+01 0.000000000000000000e+00
2.320000000000000000e+02 8.099700000000000344e+00 1.455480999999999980e+01 0.000000000000000000e+00
2.330000000000000000e+02 6.642159999999999620e+00 1.802056999999999931e+01 0.000000000000000000e+00
2.340000000000000000e+02 2.714080000000000048e+00 -1.992933000000000021e+01 0.000000000000000000e+00
2.350000000000000000e+02 8.699920000000000542e+00 -1.476591999999999949e+01 0.000000000000000000e+00
2.360000000000000000e+02 9.031480000000000175e+00 -1.249052000000000007e+01 0.000000000000000000e+00
2.370000000000000000e+02 9.392269999999999897e+00 -1.043557999999999986e+01 0.000000000000000000e+00
2.380000000000000000e+02 9.712979999999999947e+00 -8.387079999999999202e+00 0.000000000000000000e+00
2.390000000000000000e+02 1.015470000000000006e+01 -6.307140000000000413e+00 0.000000000000000000e+00
2.400000000000000000e+02 1.055898999999999965e+01 -4.256120000000000125e+00 0.000000000000000000e+00
2.410000000000000000e+02 1.096369999999999933e+01 -2.051730000000000054e+00 0.000000000000000000e+00
2.420000000000000000e+02 1.131514999999999915e+01 -3.350000000000000113e-03 0.000000000000000000e+00
2.430000000000000000e+02 1.167300999999999966e+01 2.146689999999999987e+00 0.000000000000000000e+00
2.440000000000000000e+02 1.006556999999999924e+01 3.614889999999999937e+00 0.000000000000000000e+00
2.450000000000000000e+02 1.026830999999999960e+01 5.662550000000000416e+00 0.000000000000000000e+00
2.460000000000000000e+02 1.077075999999999922e+01 7.685290000000000177e+00 0.000000000000000000e+00
2.470000000000000000e+02 1.107366999999999990e+01 9.782999999999999474e+00 0.000000000000000000e+00
2.480000000000000000e+02 1.143407999999999980e+01 1.186121999999999943e+01 0.000000000000000000e+00
2.490000000000000000e+02 9.779339999999999478e+00 1.325460999999999956e+01 0.000000000000000000e+00
2.500000000000000000e+02 1.020077999999999996e+01 1.555223999999999940e+01 0.000000000000000000e+00
2.510000000000000000e+02 8.429159999999999542e+00 1.668656999999999968e+01 0.000000000000000000e+00
2.520000000000000000e+02 1.033169999999999966e+01 -1.633231999999999928e+01 0.000000000000000000e+00
2.530000000000000000e+02 1.058863999999999983e+01 -1.386655999999999977e+01 0.000000000000000000e+00
2.540000000000000000e+02 1.099793000000000021e+01 -1.176753000000000071e+01 0.000000000000000000e+00
2.550000000000000000e+02 1.147178000000000075e+01 -9.737690000000000623e+00 0.000000000000000000e+00
2.560000000000000000e+02 1.179554000000000080e+01 -7.616340000000000110e+00 0.000000000000000000e+00
2.570000000000000000e+02 1.215907999999999944e+01 -5.575400000000000134e+00 0.000000000000000000e+00
2.580000000000000000e+02 1.249118999999999957e+01 -3.471490000000000187e+00 0.000000000000000000e+00
2.590000000000000000e+02 1.294940000000000069e+01 -1.394060000000000077e+00 0.000000000000000000e+00
2.600000000000000000e+02 1.326697000000000060e+01 7.913599999999999524e-01 0.000000000000000000e+00
2.610000000000000000e+02 1.536029000000000089e+01 1.521689999999999987e+00 0.000000000000000000e+00
2.620000000000000000e+02 1.364686000000000021e+01 2.841079999999999828e+00 0.000000000000000000e+00
2.630000000000000000e+02 1.209678000000000075e+01 4.225979999999999848e+00 0.000000000000000000e+00
2.640000000000000000e+02 1.242591999999999963e+01 6.439470000000000027e+00 0.000000000000000000e+00
2.650000000000000000e+02 1.270759999999999934e+01 8.477940000000000254e+00 0.000000000000000000e+00
2.660000000000000000e+02 1.307601999999999975e+01 1.051234000000000002e+01 0.000000000000000000e+00
2.670000000000000000e+02 1.346238999999999919e+01 1.258161999999999914e+01 0.000000000000000000e+00
2.680000000000000000e+02 1.177799000000000085e+01 1.391361000000000026e+01 0.000000000000000000e+00
2.690000000000000000e+02 1.233455999999999975e+01 1.592662999999999940e+01 0.000000000000000000e+00
2.700000000000000000e+02 1.231938000000000066e+01 -1.524647000000000041e+01 0.000000000000000000e+00
2.710000000000000000e+02 1.294309999999999938e+01 -1.326557999999999993e+01 0.000000000000000000e+00
2.720000000000000000e+02 1.316604000000000063e+01 -1.113685000000000080e+01 0.000000000000000000e+00
2.730000000000000000e+02 1.342336000000000062e+01 -8.904439999999999245e+00 0.000000000000000000e+00
2.740000000000000000e+02 1.381129999999999924e+01 -6.868979999999999642e+00 0.000000000000000000e+00
2.750000000000000000e+02 1.418111999999999995e+01 -4.818509999999999849e+00 0.000000000000000000e+00
2.760000000000000000e+02 1.622699000000000069e+01 -4.113459999999999894e+00 0.000000000000000000e+00
2.770000000000000000e+02 1.455785999999999980e+01 -2.735409999999999897e+00 0.000000000000000000e+00
2.780000000000000000e+02 1.488383999999999929e+01 -6.590300000000000047e-01 0.000000000000000000e+00
2.790000000000000000e+02 1.733045999999999864e+01 2.152039999999999953e+00 0.000000000000000000e+00
2.800000000000000000e+02 1.567559999999999931e+01 3.577290000000000081e+00 0.000000000000000000e+00
2.810000000000000000e+02 1.402033999999999914e+01 4.957699999999999996e+00 0.000000000000000000e+00
2.820000000000000000e+02 1.840991000000000000e+01 6.751970000000000027e+00 0.000000000000000000e+00
2.830000000000000000e+02 1.443984000000000023e+01 7.039139999999999731e+00 0.000000000000000000e+00
2.840000000000000000e+02 1.472790999999999961e+01 9.103799999999999670e+00 0.000000000000000000e+00
2.850000000000000000e+02 1.658166999999999902e+01 7.930699999999999861e+00 0.000000000000000000e+00
2.860000000000000000e+02 1.529978999999999978e+01 1.124760999999999989e+01 0.000000000000000000e+00
2.870000000000000000e+02 1.395949000000000062e+01 1.465290000000000070e+01 0.000000000000000000e+00
2.880000000000000000e+02 1.511452000000000062e+01 -1.192994000000000021e+01 0.000000000000000000e+00
2.890000000000000000e+02 1.548606000000000016e+01 -8.618759999999999977e+00 0.000000000000000000e+00
2.900000000000000000e+02 1.787174999999999869e+01 -5.945560000000000400e+00 0.000000000000000000e+00
2.910000000000000000e+02 1.835125000000000028e+01 -3.185029999999999806e+00 0.000000000000000000e+00
2.920000000000000000e+02 1.751326999999999856e+01 -8.086240000000000094e+00 0.000000000000000000e+00
2.930000000000000000e+02 1.587917999999999985e+01 -6.525420000000000442e+00 0.000000000000000000e+00
2.940000000000000000e+02 1.884827999999999903e+01 -7.788599999999999968e-01 0.000000000000000000e+00
2.950000000000000000e+02 1.657659999999999911e+01 -2.060060000000000002e+00 0.000000000000000000e+00
2.960000000000000000e+02 1.687396000000000029e+01 1.592000000000000012e-02 0.000000000000000000e+00
2.970000000000000000e+02 1.931510000000000105e+01 2.920519999999999783e+00 0.000000000000000000e+00
2.980000000000000000e+02 1.773589000000000127e+01 4.268349999999999866e+00 0.000000000000000000e+00
2.990000000000000000e+02 1.598907999999999952e+01 5.660560000000000258e+00 0.000000000000000000e+00
