0.000000000000000000e+00 -1.370575000000000010e+01 -1.480429999999999957e+01 0.000000000000000000e+00
1.000000000000000000e+00 -1.465099999999999980e+01 -1.287424000000000035e+01 0.000000000000000000e+00
2.000000000000000000e+00 -1.536580000000000013e+01 -1.093422999999999945e+01 0.000000000000000000e+00
3.000000000000000000e+00 -1.641194000000000131e+01 -8.804330000000000211e+00 0.000000000000000000e+00
4.000000000000000000e+00 -1.734424999999999883e+01 -6.919629999999999725e+00 0.000000000000000000e+00
5.000000000000000000e+00 -1.936155000000000115e+01 -6.321609999999999729e+00 0.000000000000000000e+00
6.000000000000000000e+00 -1.797647999999999868e+01 -4.420600000000000307e+00 0.000000000000000000e+00
7.000000000000000000e+00 -1.925509999999999877e+01 -2.353190000000000115e+00 0.000000000000000000e+00
8.000000000000000000e+00 -1.744738999999999862e+01 -9.501500000000000501e-01 0.000000000000000000e+00
9.000000000000000000e+00 -1.828273000000000081e+01 1.060750000000000082e+00 0.000000000000000000e+00
1.000000000000000000e+01 -1.691001999999999938e+01 2.665280000000000094e+00 0.000000000000000000e+00
1.100000000000000000e+01 -1.917906999999999940e+01 3.072210000000000107e+00 0.000000000000000000e+00
1.200000000000000000e+01 -1.751313000000000031e+01 4.690839999999999677e+00 0.000000000000000000e+00
1.300000000000000000e+01 -1.957223000000000113e+01 5.104190000000000005e+00 0.000000000000000000e+00
1.400000000000000000e+01 -1.818879000000000090e+01 6.767450000000000188e+00 0.000000000000000000e+00
1.500000000000000000e+01 -1.675040999999999869e+01 8.409150000000000347e+00 0.000000000000000000e+00
1.600000000000000000e+01 -1.580414000000000030e+01 1.025435000000000052e+01 0.000000000000000000e+00
1.700000000000000000e+01 -1.554700000000000060e+01 1.249249000000000009e+01 0.000000000000000000e+00
1.800000000000000000e+01 -1.164065000000000083e+01 -1.509901999999999944e+01 0.000000000000000000e+00
1.900000000000000000e+01 -1.242920999999999943e+01 -1.313729000000000013e+01 0.000000000000000000e+00
2.000000000000000000e+01 -1.328847000000000023e+01 -1.123495999999999917e+01 0.000000000000000000e+00
2.100000000000000000e+01 -1.431593999999999944e+01 -9.071189999999999642e+00 0.000000000000000000e+00
2.200000000000000000e+01 -1.498704000000000036e+01 -7.043479999999999741e+00 0.000000000000000000e+00
2.300000000000000000e+01 -1.601520999999999972e+01 -5.054470000000000240e+00 0.000000000000000000e+00
2.400000000000000000e+01 -1.457353999999999949e+01 -3.310130000000000017e+00 0.000000000000000000e+00
2.500000000000000000e+01 -1.659503000000000128e+01 -2.860949999999999882e+00 0.000000000000000000e+00
2.600000000000000000e+01 -1.528301000000000087e+01 -1.245409999999999906e+00 0.000000000000000000e+00
2.700000000000000000e+01 -1.620093999999999923e+01 7.184199999999999475e-01 0.000000000000000000e+00
2.800000000000000000e+01 -1.478293999999999997e+01 2.376290000000000013e+00 0.000000000000000000e+00
2.900000000000000000e+01 -1.546152999999999977e+01 4.401270000000000238e+00 0.000000000000000000e+00
3.000000000000000000e+01 -1.390978999999999921e+01 6.002500000000000391e+00 0.000000000000000000e+00
3.100000000000000000e+01 -1.602025000000000077e+01 6.444189999999999863e+00 0.000000000000000000e+00
3.200000000000000000e+01 -1.468037999999999954e+01 8.306380000000000763e+00 0.000000000000000000e+00
3.300000000000000000e+01 -1.391661000000000037e+01 1.112920000000000087e+01 0.000000000000000000e+00
3.400000000000000000e+01 -1.334248000000000012e+01 1.347916000000000025e+01 0.000000000000000000e+00
3.500000000000000000e+01 -1.304293999999999976e+01 1.552336999999999989e+01 0.000000000000000000e+00
3.600000000000000000e+01 -8.395839999999999748e+00 -1.731628999999999863e+01 0.000000000000000000e+00
3.700000000000000000e+01 -1.020414000000000065e+01 -1.349634000000000000e+01 0.000000000000000000e+00
3.800000000000000000e+01 -1.123811000000000071e+01 -1.140343000000000018e+01 0.000000000000000000e+00
3.900000000000000000e+01 -1.217364000000000068e+01 -9.251780000000000115e+00 0.000000000000000000e+00
4.000000000000000000e+01 -1.294403999999999932e+01 -7.322079999999999700e+00 0.000000000000000000e+00
4.100000000000000000e+01 -1.368716000000000044e+01 -5.371260000000000367e+00 0.000000000000000000e+00
4.200000000000000000e+01 -1.248550999999999966e+01 -3.630869999999999820e+00 0.000000000000000000e+00
4.300000000000000000e+01 -1.321368999999999971e+01 -1.557129999999999903e+00 0.000000000000000000e+00
4.400000000000000000e+01 -1.194402999999999970e+01 8.172000000000000097e-02 0.000000000000000000e+00
4.500000000000000000e+01 -1.406197000000000052e+01 4.193299999999999805e-01 0.000000000000000000e+00
4.600000000000000000e+01 -1.266221999999999959e+01 2.018299999999999983e+00 0.000000000000000000e+00
4.700000000000000000e+01 -1.342910999999999966e+01 3.960630000000000095e+00 0.000000000000000000e+00
4.800000000000000000e+01 -1.174921999999999933e+01 5.898299999999999876e+00 0.000000000000000000e+00
4.900000000000000000e+01 -1.264639999999999986e+01 7.761169999999999902e+00 0.000000000000000000e+00
5.000000000000000000e+01 -1.230270999999999937e+01 9.808160000000000878e+00 0.000000000000000000e+00
5.100000000000000000e+01 -1.179879000000000033e+01 1.196134999999999948e+01 0.000000000000000000e+00
5.200000000000000000e+01 -1.135186999999999991e+01 1.399521000000000015e+01 0.000000000000000000e+00
5.300000000000000000e+01 -1.086065999999999931e+01 1.605983000000000160e+01 0.000000000000000000e+00
5.400000000000000000e+01 -6.084649999999999892e+00 -1.759505000000000052e+01 0.000000000000000000e+00
5.500000000000000000e+01 -9.602909999999999613e+00 -1.559845999999999933e+01 0.000000000000000000e+00
5.600000000000000000e+01 -9.118339999999999890e+00 -1.169011000000000067e+01 0.000000000000000000e+00
5.700000000000000000e+01 -1.006404000000000032e+01 -9.650790000000000646e+00 0.000000000000000000e+00
5.800000000000000000e+01 -1.085041000000000011e+01 -7.595360000000000333e+00 0.000000000000000000e+00
5.900000000000000000e+01 -1.163523999999999958e+01 -5.511840000000000295e+00 0.000000000000000000e+00
6.000000000000000000e+01 -1.042779999999999951e+01 -3.780359999999999943e+00 0.000000000000000000e+00
6.100000000000000000e+01 -1.108775999999999939e+01 -1.792159999999999975e+00 0.000000000000000000e+00
6.200000000000000000e+01 -9.834099999999999397e+00 -1.460400000000000031e-01 0.000000000000000000e+00
6.300000000000000000e+01 -1.054143999999999970e+01 1.839010000000000034e+00 0.000000000000000000e+00
6.400000000000000000e+01 -1.136405000000000065e+01 3.744850000000000012e+00 0.000000000000000000e+00
6.500000000000000000e+01 -9.795460000000000278e+00 5.079189999999999650e+00 0.000000000000000000e+00
6.600000000000000000e+01 -1.067305999999999955e+01 8.468030000000000612e+00 0.000000000000000000e+00
6.700000000000000000e+01 -8.574180000000000135e+00 9.090220000000000411e+00 0.000000000000000000e+00
6.800000000000000000e+01 -1.011251999999999995e+01 1.048204999999999920e+01 0.000000000000000000e+00
6.900000000000000000e+01 -9.706089999999999662e+00 1.256958000000000020e+01 0.000000000000000000e+00
7.000000000000000000e+01 -9.335960000000000036e+00 1.460196000000000005e+01 0.000000000000000000e+00
7.100000000000000000e+01 -8.825430000000000774e+00 1.676610000000000156e+01 0.000000000000000000e+00
7.200000000000000000e+01 -3.485069999999999890e+00 -1.756687000000000154e+01 0.000000000000000000e+00
7.300000000000000000e+01 -7.068900000000000183e+00 -1.571719000000000044e+01 0.000000000000000000e+00
7.400000000000000000e+01 -8.126440000000000552e+00 -1.393567000000000000e+01 0.000000000000000000e+00
7.500000000000000000e+01 -7.845620000000000260e+00 -1.000388000000000055e+01 0.000000000000000000e+00
7.600000000000000000e+01 -8.700100000000000833e+00 -8.093989999999999796e+00 0.000000000000000000e+00
7.700000000000000000e+01 -9.580949999999999633e+00 -5.903310000000000279e+00 0.000000000000000000e+00
7.800000000000000000e+01 -8.374459999999999127e+00 -4.203859999999999708e+00 0.000000000000000000e+00
7.900000000000000000e+01 -9.031570000000000320e+00 -2.243990000000000151e+00 0.000000000000000000e+00
8.000000000000000000e+01 -7.595189999999999664e+00 -5.601699999999999458e-01 0.000000000000000000e+00
8.100000000000000000e+01 -8.419259999999999522e+00 1.360409999999999897e+00 0.000000000000000000e+00
8.200000000000000000e+01 -8.287490000000000023e+00 3.541150000000000020e+00 0.000000000000000000e+00
8.300000000000000000e+01 -7.615520000000000067e+00 5.537720000000000198e+00 0.000000000000000000e+00
8.400000000000000000e+01 -9.123229999999999507e+00 7.084950000000000081e+00 0.000000000000000000e+00
8.500000000000000000e+01 -6.596250000000000391e+00 9.775610000000000355e+00 0.000000000000000000e+00
8.600000000000000000e+01 -8.132189999999999586e+00 1.121524999999999928e+01 0.000000000000000000e+00
8.700000000000000000e+01 -7.730150000000000077e+00 1.325210000000000043e+01 0.000000000000000000e+00
8.800000000000000000e+01 -7.212799999999999656e+00 1.538325000000000031e+01 0.000000000000000000e+00
8.900000000000000000e+01 -6.685050000000000381e+00 1.757601000000000013e+01 0.000000000000000000e+00
9.000000000000000000e+01 -3.317989999999999995e+00 -1.965540000000000020e+01 0.000000000000000000e+00
9.100000000000000000e+01 -4.929759999999999920e+00 -1.586616000000000071e+01 0.000000000000000000e+00
9.200000000000000000e+01 -6.039640000000000342e+00 -1.390712000000000081e+01 0.000000000000000000e+00
9.300000000000000000e+01 -7.064370000000000260e+00 -1.203900999999999932e+01 0.000000000000000000e+00
9.400000000000000000e+01 -6.647829999999999906e+00 -8.318619999999999237e+00 0.000000000000000000e+00
9.500000000000000000e+01 -7.524029999999999774e+00 -6.290029999999999788e+00 0.000000000000000000e+00
9.600000000000000000e+01 -6.336649999999999672e+00 -4.602289999999999992e+00 0.000000000000000000e+00
9.700000000000000000e+01 -6.993649999999999700e+00 -2.623810000000000198e+00 0.000000000000000000e+00
9.800000000000000000e+01 -5.512229999999999741e+00 -1.155650000000000066e+00 0.000000000000000000e+00
9.900000000000000000e+01 -4.920049999999999812e+00 8.338700000000000001e-01 0.000000000000000000e+00
1.000000000000000000e+02 -6.566230000000000011e+00 2.283729999999999816e+00 0.000000000000000000e+00
1.010000000000000000e+02 -5.893629999999999924e+00 4.287539999999999907e+00 0.000000000000000000e+00
1.020000000000000000e+02 -5.410219999999999807e+00 6.279069999999999929e+00 0.000000000000000000e+00
1.030000000000000000e+02 -7.056160000000000210e+00 7.649479999999999613e+00 0.000000000000000000e+00
1.040000000000000000e+02 -6.125460000000000349e+00 1.179963000000000051e+01 0.000000000000000000e+00
1.050000000000000000e+02 -5.654959999999999987e+00 1.392352999999999952e+01 0.000000000000000000e+00
1.060000000000000000e+02 -5.244530000000000136e+00 1.604582999999999871e+01 0.000000000000000000e+00
1.070000000000000000e+02 -4.277940000000000076e+00 1.838648999999999845e+01 0.000000000000000000e+00
1.080000000000000000e+02 -2.346330000000000027e+00 -1.576112000000000002e+01 0.000000000000000000e+00
1.090000000000000000e+02 -3.718669999999999920e+00 -1.416511999999999993e+01 0.000000000000000000e+00
1.100000000000000000e+02 -4.883779999999999788e+00 -1.211713999999999913e+01 0.000000000000000000e+00
1.110000000000000000e+02 -5.767649999999999721e+00 -1.021419999999999995e+01 0.000000000000000000e+00
1.120000000000000000e+02 -4.557649999999999757e+00 -8.466359999999999886e+00 0.000000000000000000e+00
1.130000000000000000e+02 -5.454030000000000378e+00 -6.571990000000000443e+00 0.000000000000000000e+00
1.140000000000000000e+02 -4.299649999999999750e+00 -4.865610000000000213e+00 0.000000000000000000e+00
1.150000000000000000e+02 -3.966419999999999835e+00 -2.729760000000000186e+00 0.000000000000000000e+00
1.160000000000000000e+02 -3.469489999999999963e+00 -6.539899999999999602e-01 0.000000000000000000e+00
1.170000000000000000e+02 -2.887950000000000017e+00 1.398109999999999964e+00 0.000000000000000000e+00
1.180000000000000000e+02 -4.369959999999999845e+00 2.868129999999999846e+00 0.000000000000000000e+00
1.190000000000000000e+02 -3.865279999999999827e+00 4.863050000000000317e+00 0.000000000000000000e+00
1.200000000000000000e+02 -3.420650000000000190e+00 6.972380000000000244e+00 0.000000000000000000e+00
1.210000000000000000e+02 -4.957569999999999588e+00 8.335820000000000007e+00 0.000000000000000000e+00
1.220000000000000000e+02 -4.605570000000000164e+00 1.038333000000000084e+01 0.000000000000000000e+00
1.230000000000000000e+02 -4.153789999999999871e+00 1.242112999999999978e+01 0.000000000000000000e+00
1.240000000000000000e+02 -3.657770000000000188e+00 1.450548000000000037e+01 0.000000000000000000e+00
1.250000000000000000e+02 -3.192530000000000090e+00 1.655779000000000067e+01 0.000000000000000000e+00
1.260000000000000000e+02 -1.082759999999999945e+00 -1.751286999999999949e+01 0.000000000000000000e+00
1.270000000000000000e+02 -1.343879999999999963e+00 -1.391590000000000060e+01 0.000000000000000000e+00
1.280000000000000000e+02 -2.800300000000000011e+00 -1.227755999999999936e+01 0.000000000000000000e+00
1.290000000000000000e+02 -3.648750000000000160e+00 -1.030871999999999922e+01 0.000000000000000000e+00
1.300000000000000000e+02 -2.401339999999999808e+00 -8.580539999999999168e+00 0.000000000000000000e+00
1.310000000000000000e+02 -3.339599999999999902e+00 -6.701369999999999827e+00 0.000000000000000000e+00
1.320000000000000000e+02 -2.363329999999999931e+00 -4.154320000000000235e+00 0.000000000000000000e+00
1.330000000000000000e+02 -1.909249999999999892e+00 -2.135310000000000041e+00 0.000000000000000000e+00
1.340000000000000000e+02 -1.417669999999999986e+00 -7.886999999999999567e-02 0.000000000000000000e+00
1.350000000000000000e+02 -8.464300000000000157e-01 1.982310000000000016e+00 0.000000000000000000e+00
1.360000000000000000e+02 -2.379579999999999806e+00 3.413629999999999942e+00 0.000000000000000000e+00
1.370000000000000000e+02 -1.916520000000000001e+00 5.566200000000000259e+00 0.000000000000000000e+00
1.380000000000000000e+02 -1.399229999999999974e+00 7.619110000000000049e+00 0.000000000000000000e+00
1.390000000000000000e+02 -2.998860000000000081e+00 9.027620000000000644e+00 0.000000000000000000e+00
1.400000000000000000e+02 -2.454839999999999911e+00 1.102026000000000039e+01 0.000000000000000000e+00
1.410000000000000000e+02 -2.077150000000000052e+00 1.307855999999999952e+01 0.000000000000000000e+00
1.420000000000000000e+02 -1.618970000000000020e+00 1.513338000000000072e+01 0.000000000000000000e+00
1.430000000000000000e+02 -1.210499999999999909e+00 1.721634999999999849e+01 0.000000000000000000e+00
1.440000000000000000e+02 1.134649999999999936e+00 -1.750360999999999834e+01 0.000000000000000000e+00
1.450000000000000000e+02 -5.582999999999999768e-02 -1.570927000000000007e+01 0.000000000000000000e+00
1.460000000000000000e+02 -2.752000000000000002e-01 -1.216352000000000011e+01 0.000000000000000000e+00
1.470000000000000000e+02 -1.568810000000000038e+00 -1.057002999999999915e+01 0.000000000000000000e+00
1.480000000000000000e+02 -3.332600000000000007e-01 -8.927899999999999281e+00 0.000000000000000000e+00
1.490000000000000000e+02 4.904800000000000271e-01 -7.016099999999999781e+00 0.000000000000000000e+00
1.500000000000000000e+02 -1.361050000000000093e+00 -6.107739999999999725e+00 0.000000000000000000e+00
1.510000000000000000e+02 -3.796399999999999775e-01 -3.571880000000000166e+00 0.000000000000000000e+00
1.520000000000000000e+02 9.750000000000000333e-02 -1.520420000000000105e+00 0.000000000000000000e+00
1.530000000000000000e+02 6.875799999999999690e-01 5.390899999999999581e-01 0.000000000000000000e+00
1.540000000000000000e+02 -3.774700000000000277e-01 4.028769999999999740e+00 0.000000000000000000e+00
1.550000000000000000e+02 6.568000000000000227e-02 6.136169999999999902e+00 0.000000000000000000e+00
1.560000000000000000e+02 6.076200000000000490e-01 8.157569999999999766e+00 0.000000000000000000e+00
1.570000000000000000e+02 -9.424200000000000355e-01 9.620739999999999625e+00 0.000000000000000000e+00
1.580000000000000000e+02 -4.425000000000000044e-01 1.161214999999999975e+01 0.000000000000000000e+00
1.590000000000000000e+02 3.402000000000000163e-02 1.373647000000000062e+01 0.000000000000000000e+00
1.600000000000000000e+02 4.151400000000000090e-01 1.580974999999999930e+01 0.000000000000000000e+00
1.610000000000000000e+02 1.134449999999999958e+00 1.792464999999999975e+01 0.000000000000000000e+00
1.620000000000000000e+02 4.789999999999999813e-02 -1.937386000000000053e+01 0.000000000000000000e+00
1.630000000000000000e+02 2.472039999999999793e+00 -1.577959000000000067e+01 0.000000000000000000e+00
1.640000000000000000e+02 1.173419999999999908e+00 -1.379562999999999917e+01 0.000000000000000000e+00
1.650000000000000000e+02 1.033230000000000093e+00 -1.055681000000000047e+01 0.000000000000000000e+00
1.660000000000000000e+02 1.795460000000000056e+00 -8.622999999999999332e+00 0.000000000000000000e+00
1.670000000000000000e+02 2.501030000000000086e+00 -6.555780000000000385e+00 0.000000000000000000e+00
1.680000000000000000e+02 1.065379999999999994e+00 -5.042419999999999902e+00 0.000000000000000000e+00
1.690000000000000000e+02 1.629860000000000086e+00 -2.959659999999999958e+00 0.000000000000000000e+00
1.700000000000000000e+02 2.122759999999999980e+00 -9.448199999999999932e-01 0.000000000000000000e+00
1.710000000000000000e+02 2.670459999999999834e+00 1.093760000000000066e+00 0.000000000000000000e+00
1.720000000000000000e+02 1.164409999999999945e+00 2.610320000000000196e+00 0.000000000000000000e+00
1.730000000000000000e+02 1.612889999999999935e+00 4.627589999999999648e+00 0.000000000000000000e+00
1.740000000000000000e+02 2.194539999999999935e+00 6.656589999999999563e+00 0.000000000000000000e+00
1.750000000000000000e+02 1.124910000000000077e+00 1.022141000000000055e+01 0.000000000000000000e+00
1.760000000000000000e+02 1.572670000000000012e+00 1.234314000000000000e+01 0.000000000000000000e+00
1.770000000000000000e+02 2.011870000000000047e+00 1.437113000000000085e+01 0.000000000000000000e+00
1.780000000000000000e+02 2.722690000000000055e+00 1.633881999999999834e+01 0.000000000000000000e+00
1.790000000000000000e+02 -1.025400000000000089e+00 1.928479000000000099e+01 0.000000000000000000e+00
1.800000000000000000e+02 2.950699999999999878e+00 -1.942871999999999844e+01 0.000000000000000000e+00
1.810000000000000000e+02 3.424529999999999852e+00 -1.395332999999999934e+01 0.000000000000000000e+00
1.820000000000000000e+02 2.400059999999999860e+00 -1.214334999999999987e+01 0.000000000000000000e+00
1.830000000000000000e+02 3.122609999999999886e+00 -1.020692000000000021e+01 0.000000000000000000e+00
1.840000000000000000e+02 3.804030000000000022e+00 -8.177559999999999718e+00 0.000000000000000000e+00
1.850000000000000000e+02 4.525649999999999729e+00 -6.067680000000000184e+00 0.000000000000000000e+00
1.860000000000000000e+02 3.083369999999999944e+00 -4.542069999999999830e+00 0.000000000000000000e+00
1.870000000000000000e+02 3.657869999999999955e+00 -2.436490000000000045e+00 0.000000000000000000e+00
1.880000000000000000e+02 4.147619999999999862e+00 -3.971199999999999730e-01 0.000000000000000000e+00
1.890000000000000000e+02 4.684090000000000309e+00 1.603869999999999907e+00 0.000000000000000000e+00
1.900000000000000000e+02 3.197290000000000187e+00 3.111619999999999830e+00 0.000000000000000000e+00
1.910000000000000000e+02 3.662490000000000023e+00 5.136000000000000121e+00 0.000000000000000000e+00
1.920000000000000000e+02 4.179759999999999920e+00 7.189519999999999911e+00 0.000000000000000000e+00
1.930000000000000000e+02 2.658220000000000027e+00 8.684150000000000702e+00 0.000000000000000000e+00
1.940000000000000000e+02 3.156270000000000131e+00 1.074329000000000001e+01 0.000000000000000000e+00
1.950000000000000000e+02 3.584880000000000067e+00 1.284240999999999921e+01 0.000000000000000000e+00
1.960000000000000000e+02 4.245470000000000077e+00 1.479052000000000078e+01 0.000000000000000000e+00
1.970000000000000000e+02 3.988239999999999785e+00 1.869368000000000052e+01 0.000000000000000000e+00
1.980000000000000000e+02 3.696029999999999927e+00 -1.742834999999999823e+01 0.000000000000000000e+00
1.990000000000000000e+02 4.822040000000000326e+00 -1.556780000000000008e+01 0.000000000000000000e+00
2.000000000000000000e+02 4.476880000000000415e+00 -1.205949000000000026e+01 0.000000000000000000e+00
2.010000000000000000e+02 5.134699999999999598e+00 -9.775090000000000501e+00 0.000000000000000000e+00
2.020000000000000000e+02 5.832519999999999705e+00 -7.676910000000000345e+00 0.000000000000000000e+00
2.030000000000000000e+02 6.508759999999999657e+00 -5.528500000000000192e+00 0.000000000000000000e+00
2.040000000000000000e+02 5.093650000000000233e+00 -3.991769999999999818e+00 0.000000000000000000e+00
2.050000000000000000e+02 5.655879999999999797e+00 -1.901869999999999949e+00 0.000000000000000000e+00
2.060000000000000000e+02 6.170899999999999608e+00 1.254699999999999982e-01 0.000000000000000000e+00
2.070000000000000000e+02 6.765489999999999782e+00 2.105970000000000120e+00 0.000000000000000000e+00
2.080000000000000000e+02 5.256420000000000314e+00 3.576579999999999870e+00 0.000000000000000000e+00
2.090000000000000000e+02 7.271040000000000170e+00 4.172509999999999941e+00 0.000000000000000000e+00
2.100000000000000000e+02 5.749279999999999724e+00 5.661069999999999602e+00 0.000000000000000000e+00
2.110000000000000000e+02 4.829439999999999955e+00 9.189989999999999881e+00 0.000000000000000000e+00
2.120000000000000000e+02 5.157969999999999722e+00 1.132384000000000057e+01 0.000000000000000000e+00
2.130000000000000000e+02 5.763169999999999682e+00 1.331670000000000087e+01 0.000000000000000000e+00
2.140000000000000000e+02 6.454570000000000363e+00 1.532374000000000080e+01 0.000000000000000000e+00
2.150000000000000000e+02 5.069810000000000372e+00 1.690990000000000038e+01 0.000000000000000000e+00
2.160000000000000000e+02 6.458479999999999777e+00 -1.728948000000000107e+01 0.000000000000000000e+00
2.170000000000000000e+02 5.749030000000000307e+00 -1.370144999999999946e+01 0.000000000000000000e+00
2.180000000000000000e+02 6.462040000000000006e+00 -1.137833999999999968e+01 0.000000000000000000e+00
2.190000000000000000e+02 7.165829999999999700e+00 -9.258860000000000312e+00 0.000000000000000000e+00
2.200000000000000000e+02 7.895769999999999733e+00 -7.067450000000000010e+00 0.000000000000000000e+00
2.210000000000000000e+02 8.523680000000000589e+00 -5.061829999999999607e+00 0.000000000000000000e+00
2.220000000000000000e+02 7.145970000000000155e+00 -3.459649999999999892e+00 0.000000000000000000e+00
2.230000000000000000e+02 7.667670000000000208e+00 -1.320929999999999938e+00 0.000000000000000000e+00
2.240000000000000000e+02 9.885749999999999815e+00 -8.845499999999999474e-01 0.000000000000000000e+00
2.250000000000000000e+02 8.265610000000000568e+00 6.598399999999999821e-01 0.000000000000000000e+00
2.260000000000000000e+02 8.750360000000000582e+00 2.705979999999999830e+00 0.000000000000000000e+00
2.270000000000000000e+02 9.291150000000000020e+00 4.707480000000000331e+00 0.000000000000000000e+00
2.280000000000000000e+02 7.733859999999999957e+00 6.232709999999999972e+00 0.000000000000000000e+00
2.290000000000000000e+02 6.233789999999999942e+00 7.666920000000000179e+00 0.000000000000000000e+00
2.300000000000000000e+02 6.836269999999999847e+00 9.674189999999999401e+00 0.000000000000000000e+00
2.310000000000000000e+02 7.451410000000000089e+00 1.184112999999999971e+01 0.000000000000000000e+00
2.320000000000000000e+02 7.898039999999999949e+00 1.385300999999999938e+01 0.000000000000000000e+00
2.330000000000000000e+02 7.059400000000000119e+00 1.758878999999999948e+01 0.000000000000000000e+00
2.340000000000000000e+02 5.439359999999999751e+00 -1.908461000000000141e+01 0.000000000000000000e+00
2.350000000000000000e+02 7.240160000000000373e+00 -1.521244000000000085e+01 0.000000000000000000e+00
2.360000000000000000e+02 7.710549999999999571e+00 -1.309210000000000029e+01 0.000000000000000000e+00
2.370000000000000000e+02 8.496639999999999304e+00 -1.090671000000000035e+01 0.000000000000000000e+00
2.380000000000000000e+02 9.210319999999999396e+00 -8.668829999999999814e+00 0.000000000000000000e+00
2.390000000000000000e+02 9.944509999999999295e+00 -6.632970000000000255e+00 0.000000000000000000e+00
2.400000000000000000e+02 1.061040000000000028e+01 -4.601060000000000372e+00 0.000000000000000000e+00
2.410000000000000000e+02 9.214320000000000732e+00 -3.013640000000000096e+00 0.000000000000000000e+00
2.420000000000000000e+02 1.191505000000000081e+01 -4.234499999999999931e-01 0.000000000000000000e+00
2.430000000000000000e+02 1.030347000000000079e+01 1.125280000000000058e+00 0.000000000000000000e+00
2.440000000000000000e+02 1.081737000000000037e+01 3.184820000000000206e+00 0.000000000000000000e+00
2.450000000000000000e+02 1.130499999999999972e+01 5.195109999999999673e+00 0.000000000000000000e+00
2.460000000000000000e+02 9.766730000000000800e+00 6.740400000000000169e+00 0.000000000000000000e+00
2.470000000000000000e+02 8.325649999999999551e+00 8.253109999999999502e+00 0.000000000000000000e+00
2.480000000000000000e+02 8.834059999999999135e+00 1.024779000000000018e+01 0.000000000000000000e+00
2.490000000000000000e+02 1.085854999999999926e+01 1.077937999999999974e+01 0.000000000000000000e+00
2.500000000000000000e+02 9.474869999999999237e+00 1.235140999999999956e+01 0.000000000000000000e+00
2.510000000000000000e+02 8.684929999999999595e+00 1.621807000000000087e+01 0.000000000000000000e+00
2.520000000000000000e+02 8.811400000000000787e+00 -1.658200000000000074e+01 0.000000000000000000e+00
2.530000000000000000e+02 9.286049999999999471e+00 -1.448384000000000071e+01 0.000000000000000000e+00
2.540000000000000000e+02 9.921519999999999229e+00 -1.242754000000000048e+01 0.000000000000000000e+00
2.550000000000000000e+02 1.066982999999999926e+01 -1.011597000000000079e+01 0.000000000000000000e+00
2.560000000000000000e+02 1.139081999999999972e+01 -8.142540000000000333e+00 0.000000000000000000e+00
2.570000000000000000e+02 1.203087000000000018e+01 -6.147619999999999862e+00 0.000000000000000000e+00
2.580000000000000000e+02 1.267572999999999972e+01 -4.015520000000000422e+00 0.000000000000000000e+00
2.590000000000000000e+02 1.128345999999999982e+01 -2.401920000000000055e+00 0.000000000000000000e+00
2.600000000000000000e+02 1.337414000000000058e+01 -1.967549999999999910e+00 0.000000000000000000e+00
2.610000000000000000e+02 1.392040000000000077e+01 1.016100000000000059e-01 0.000000000000000000e+00
2.620000000000000000e+02 1.233310999999999957e+01 1.610740000000000061e+00 0.000000000000000000e+00
2.630000000000000000e+02 1.283441999999999972e+01 3.721929999999999961e+00 0.000000000000000000e+00
2.640000000000000000e+02 1.191001999999999938e+01 7.159060000000000201e+00 0.000000000000000000e+00
2.650000000000000000e+02 1.254935000000000045e+01 9.170149999999999579e+00 0.000000000000000000e+00
2.660000000000000000e+02 1.031192000000000064e+01 8.778940000000000410e+00 0.000000000000000000e+00
2.670000000000000000e+02 1.295739000000000019e+01 1.133968999999999916e+01 0.000000000000000000e+00
2.680000000000000000e+02 1.151933999999999969e+01 1.282760999999999996e+01 0.000000000000000000e+00
2.690000000000000000e+02 1.001343999999999923e+01 1.445955999999999975e+01 0.000000000000000000e+00
2.700000000000000000e+02 1.083061000000000007e+01 -1.595157999999999987e+01 0.000000000000000000e+00
2.710000000000000000e+02 1.138706999999999958e+01 -1.388414000000000037e+01 0.000000000000000000e+00
2.720000000000000000e+02 1.212889999999999979e+01 -1.171080000000000076e+01 0.000000000000000000e+00
2.730000000000000000e+02 1.284970999999999997e+01 -9.632469999999999644e+00 0.000000000000000000e+00
2.740000000000000000e+02 1.355131000000000085e+01 -7.637789999999999857e+00 0.000000000000000000e+00
2.750000000000000000e+02 1.578068000000000026e+01 -7.320560000000000400e+00 0.000000000000000000e+00
2.760000000000000000e+02 1.406494000000000000e+01 -5.640509999999999913e+00 0.000000000000000000e+00
2.770000000000000000e+02 1.470754999999999946e+01 -3.541650000000000187e+00 0.000000000000000000e+00
2.780000000000000000e+02 1.541022000000000070e+01 -1.486499999999999932e+00 0.000000000000000000e+00
2.790000000000000000e+02 1.594440999999999953e+01 6.141799999999999482e-01 0.000000000000000000e+00
2.800000000000000000e+02 1.433655000000000079e+01 2.203759999999999941e+00 0.000000000000000000e+00
2.810000000000000000e+02 1.343603000000000058e+01 5.715150000000000396e+00 0.000000000000000000e+00
2.820000000000000000e+02 1.564113000000000042e+01 6.169380000000000308e+00 0.000000000000000000e+00
2.830000000000000000e+02 1.622081999999999979e+01 8.464489999999999625e+00 0.000000000000000000e+00
2.840000000000000000e+02 1.421139999999999937e+01 7.726009999999999600e+00 0.000000000000000000e+00
2.850000000000000000e+02 1.461710000000000065e+01 9.804980000000000473e+00 0.000000000000000000e+00
2.860000000000000000e+02 1.506034999999999968e+01 1.221895999999999916e+01 0.000000000000000000e+00
2.870000000000000000e+02 1.345886999999999922e+01 1.363699000000000083e+01 0.000000000000000000e+00
2.880000000000000000e+02 1.310654000000000075e+01 -1.533705999999999925e+01 0.000000000000000000e+00
2.890000000000000000e+02 1.362510999999999939e+01 -1.330713000000000079e+01 0.000000000000000000e+00
2.900000000000000000e+02 1.419406000000000034e+01 -1.130017999999999923e+01 0.000000000000000000e+00
2.910000000000000000e+02 1.494829000000000008e+01 -9.313489999999999824e+00 0.000000000000000000e+00
2.920000000000000000e+02 1.772769999999999868e+01 -6.548099999999999810e+00 0.000000000000000000e+00
2.930000000000000000e+02 1.612681999999999860e+01 -5.110179999999999723e+00 0.000000000000000000e+00
2.940000000000000000e+02 1.839311000000000007e+01 -4.415659999999999918e+00 0.000000000000000000e+00
2.950000000000000000e+02 1.673985000000000056e+01 -3.122619999999999951e+00 0.000000000000000000e+00
2.960000000000000000e+02 1.744622999999999990e+01 -9.627299999999999747e-01 0.000000000000000000e+00
2.970000000000000000e+02 1.791104999999999947e+01 1.483549999999999924e+00 0.000000000000000000e+00
2.980000000000000000e+02 1.488907000000000025e+01 4.213689999999999714e+00 0.000000000000000000e+00
2.990000000000000000e+02 1.705390999999999835e+01 4.076520000000000366e+00 0.000000000000000000e+00
