0.000000000000000000e+00 -1.191234000000000037e+01 -1.349531999999999954e+01 0.000000000000000000e+00
1.000000000000000000e+00 -1.382098000000000049e+01 -1.240098000000000056e+01 0.000000000000000000e+00
2.000000000000000000e+00 -1.514489999999999981e+01 -1.080142000000000024e+01 0.000000000000000000e+00
3.000000000000000000e+00 -1.711864999999999881e+01 -9.383169999999999789e+00 0.000000000000000000e+00
4.000000000000000000e+00 -1.783584000000000103e+01 -5.870490000000000208e+00 0.000000000000000000e+00
5.000000000000000000e+00 -1.931529000000000096e+01 -2.866420000000000190e+00 0.000000000000000000e+00
6.000000000000000000e+00 -1.740865000000000151e+01 -3.836730000000000196e+00 0.000000000000000000e+00
7.000000000000000000e+00 -2.009202000000000155e+01 1.407419999999999893e+00 0.000000000000000000e+00
8.000000000000000000e+00 -1.848611000000000004e+01 -4.917000000000000259e-01 0.000000000000000000e+00
9.000000000000000000e+00 -1.795718000000000103e+01 1.649980000000000002e+00 0.000000000000000000e+00
1.000000000000000000e+01 -1.582205000000000084e+01 2.291399999999999881e+00 0.000000000000000000e+00
1.100000000000000000e+01 -1.750421000000000049e+01 3.676190000000000069e+00 0.000000000000000000e+00
1.200000000000000000e+01 -1.490915999999999997e+01 6.675980000000000025e+00 0.000000000000000000e+00
1.300000000000000000e+01 -1.702919999999999945e+01 5.915390000000000370e+00 0.000000000000000000e+00
1.400000000000000000e+01 -1.651576000000000022e+01 7.970989999999999576e+00 0.000000000000000000e+00
1.500000000000000000e+01 -1.605061999999999856e+01 1.024017000000000088e+01 0.000000000000000000e+00
1.600000000000000000e+01 -1.361849999999999916e+01 1.303904999999999959e+01 0.000000000000000000e+00
1.700000000000000000e+01 -1.116871000000000080e+01 1.573737999999999992e+01 0.000000000000000000e+00
1.800000000000000000e+01 -1.045879000000000048e+01 -1.499746000000000024e+01 0.000000000000000000e+00
1.900000000000000000e+01 -1.144800000000000040e+01 -1.144171000000000049e+01 0.000000000000000000e+00
2.000000000000000000e+01 -1.306615000000000038e+01 -1.005236999999999981e+01 0.000000000000000000e+00
2.100000000000000000e+01 -1.461115000000000030e+01 -8.676050000000000040e+00 0.000000000000000000e+00
2.200000000000000000e+01 -1.621367000000000047e+01 -7.341380000000000017e+00 0.000000000000000000e+00
2.300000000000000000e+01 -1.576008000000000031e+01 -5.086660000000000181e+00 0.000000000000000000e+00
2.400000000000000000e+01 -1.511780000000000079e+01 -3.080960000000000143e+00 0.000000000000000000e+00
2.500000000000000000e+01 -1.674012000000000100e+01 -1.803010000000000002e+00 0.000000000000000000e+00
2.600000000000000000e+01 -1.459206000000000003e+01 -9.518900000000000139e-01 0.000000000000000000e+00
2.700000000000000000e+01 -1.625976999999999961e+01 2.518900000000000028e-01 0.000000000000000000e+00
2.800000000000000000e+01 -1.375947000000000031e+01 3.123590000000000089e+00 0.000000000000000000e+00
2.900000000000000000e+01 -1.534745999999999988e+01 4.475369999999999848e+00 0.000000000000000000e+00
3.000000000000000000e+01 -1.343701000000000079e+01 5.244729999999999670e+00 0.000000000000000000e+00
3.100000000000000000e+01 -1.281343999999999994e+01 7.222940000000000360e+00 0.000000000000000000e+00
3.200000000000000000e+01 -1.437818000000000040e+01 8.874900000000000233e+00 0.000000000000000000e+00
3.300000000000000000e+01 -1.403584000000000032e+01 1.092351000000000028e+01 0.000000000000000000e+00
3.400000000000000000e+01 -1.152832000000000079e+01 1.358679000000000059e+01 0.000000000000000000e+00
3.500000000000000000e+01 -8.997980000000000089e+00 1.647072000000000003e+01 0.000000000000000000e+00
3.600000000000000000e+01 -8.577640000000000597e+00 -1.659195000000000064e+01 0.000000000000000000e+00
3.700000000000000000e+01 -9.908200000000000784e+00 -1.292024999999999935e+01 0.000000000000000000e+00
3.800000000000000000e+01 -1.110504000000000069e+01 -9.399259999999999948e+00 0.000000000000000000e+00
3.900000000000000000e+01 -1.262761000000000067e+01 -8.018679999999999808e+00 0.000000000000000000e+00
4.000000000000000000e+01 -1.412578000000000067e+01 -6.534749999999999837e+00 0.000000000000000000e+00
4.100000000000000000e+01 -1.355753999999999948e+01 -4.543219999999999814e+00 0.000000000000000000e+00
4.200000000000000000e+01 -1.158028999999999975e+01 -3.920139999999999958e+00 0.000000000000000000e+00
4.300000000000000000e+01 -1.313683999999999941e+01 -2.497679999999999900e+00 0.000000000000000000e+00
4.400000000000000000e+01 -1.258620999999999945e+01 -3.904599999999999738e-01 0.000000000000000000e+00
4.500000000000000000e+01 -1.412632999999999939e+01 1.096219999999999972e+00 0.000000000000000000e+00
4.600000000000000000e+01 -1.213874999999999993e+01 1.690509999999999957e+00 0.000000000000000000e+00
4.700000000000000000e+01 -1.177304999999999957e+01 3.748499999999999943e+00 0.000000000000000000e+00
4.800000000000000000e+01 -1.125502999999999965e+01 5.746889999999999610e+00 0.000000000000000000e+00
4.900000000000000000e+01 -1.074619999999999997e+01 7.793929999999999580e+00 0.000000000000000000e+00
5.000000000000000000e+01 -1.225910999999999973e+01 9.243209999999999482e+00 0.000000000000000000e+00
5.100000000000000000e+01 -1.190258000000000038e+01 1.151196999999999981e+01 0.000000000000000000e+00
5.200000000000000000e+01 -9.549189999999999401e+00 1.434010999999999925e+01 0.000000000000000000e+00
5.300000000000000000e+01 -6.936289999999999623e+00 1.689870000000000161e+01 0.000000000000000000e+00
5.400000000000000000e+01 -7.084430000000000227e+00 -1.827421000000000006e+01 0.000000000000000000e+00
5.500000000000000000e+01 -8.282769999999999300e+00 -1.432768000000000086e+01 0.000000000000000000e+00
5.600000000000000000e+01 -7.730620000000000047e+00 -1.232221999999999973e+01 0.000000000000000000e+00
5.700000000000000000e+01 -9.434839999999999449e+00 -1.088664999999999949e+01 0.000000000000000000e+00
5.800000000000000000e+01 -1.041826999999999970e+01 -7.377919999999999590e+00 0.000000000000000000e+00
5.900000000000000000e+01 -1.207775999999999961e+01 -6.003079999999999750e+00 0.000000000000000000e+00
6.000000000000000000e+01 -1.005655999999999928e+01 -5.337970000000000326e+00 0.000000000000000000e+00
6.100000000000000000e+01 -1.115201000000000064e+01 -1.905089999999999950e+00 0.000000000000000000e+00
6.200000000000000000e+01 -9.089230000000000587e+00 -1.196739999999999915e+00 0.000000000000000000e+00
6.300000000000000000e+01 -1.056498000000000026e+01 2.424199999999999966e-01 0.000000000000000000e+00
6.400000000000000000e+01 -1.014459000000000088e+01 2.292959999999999887e+00 0.000000000000000000e+00
6.500000000000000000e+01 -9.714489999999999625e+00 4.350220000000000198e+00 0.000000000000000000e+00
6.600000000000000000e+01 -9.195679999999999410e+00 6.401010000000000311e+00 0.000000000000000000e+00
6.700000000000000000e+01 -8.780430000000000845e+00 8.424429999999999197e+00 0.000000000000000000e+00
6.800000000000000000e+01 -1.026994000000000007e+01 9.907719999999999416e+00 0.000000000000000000e+00
6.900000000000000000e+01 -9.836539999999999395e+00 1.218610999999999933e+01 0.000000000000000000e+00
7.000000000000000000e+01 -7.528520000000000323e+00 1.472796999999999912e+01 0.000000000000000000e+00
7.100000000000000000e+01 -4.755250000000000199e+00 1.750891000000000020e+01 0.000000000000000000e+00
7.200000000000000000e+01 -5.073339999999999961e+00 -1.724130999999999858e+01 0.000000000000000000e+00
7.300000000000000000e+01 -6.609440000000000204e+00 -1.582118999999999964e+01 0.000000000000000000e+00
7.400000000000000000e+01 -6.163070000000000270e+00 -1.380297999999999981e+01 0.000000000000000000e+00
7.500000000000000000e+01 -7.375799999999999912e+00 -1.029024000000000072e+01 0.000000000000000000e+00
7.600000000000000000e+01 -8.919779999999999376e+00 -8.878819999999999268e+00 0.000000000000000000e+00
7.700000000000000000e+01 -8.468569999999999709e+00 -6.684680000000000177e+00 0.000000000000000000e+00
7.800000000000000000e+01 -7.977689999999999948e+00 -4.656710000000000349e+00 0.000000000000000000e+00
7.900000000000000000e+01 -9.469630000000000436e+00 -3.218459999999999877e+00 0.000000000000000000e+00
8.000000000000000000e+01 -7.486600000000000144e+00 -2.534180000000000099e+00 0.000000000000000000e+00
8.100000000000000000e+01 -8.561970000000000525e+00 7.988899999999999890e-01 0.000000000000000000e+00
8.200000000000000000e+01 -8.154320000000000235e+00 2.916360000000000063e+00 0.000000000000000000e+00
8.300000000000000000e+01 -7.690150000000000041e+00 4.940419999999999590e+00 0.000000000000000000e+00
8.400000000000000000e+01 -7.182649999999999757e+00 6.985400000000000276e+00 0.000000000000000000e+00
8.500000000000000000e+01 -6.773710000000000342e+00 9.031150000000000233e+00 0.000000000000000000e+00
8.600000000000000000e+01 -8.299400000000000333e+00 1.054447000000000045e+01 0.000000000000000000e+00
8.700000000000000000e+01 -7.807419999999999582e+00 1.265095999999999954e+01 0.000000000000000000e+00
8.800000000000000000e+01 -5.407300000000000217e+00 1.545729000000000042e+01 0.000000000000000000e+00
8.900000000000000000e+01 -3.902670000000000083e+00 1.945494000000000057e+01 0.000000000000000000e+00
9.000000000000000000e+01 -3.549450000000000216e+00 -1.869897999999999882e+01 0.000000000000000000e+00
9.100000000000000000e+01 -4.525009999999999977e+00 -1.515924000000000049e+01 0.000000000000000000e+00
9.200000000000000000e+01 -4.168960000000000221e+00 -1.311627999999999972e+01 0.000000000000000000e+00
9.300000000000000000e+01 -5.719400000000000261e+00 -1.174061000000000021e+01 0.000000000000000000e+00
9.400000000000000000e+01 -5.344560000000000421e+00 -9.653349999999999653e+00 0.000000000000000000e+00
9.500000000000000000e+01 -6.839039999999999786e+00 -8.119989999999999597e+00 0.000000000000000000e+00
9.600000000000000000e+01 -6.378199999999999648e+00 -6.084819999999999673e+00 0.000000000000000000e+00
9.700000000000000000e+01 -5.967010000000000147e+00 -3.990450000000000053e+00 0.000000000000000000e+00
9.800000000000000000e+01 -5.353989999999999583e+00 -1.902940000000000076e+00 0.000000000000000000e+00
9.900000000000000000e+01 -6.937090000000000423e+00 -5.301799999999999846e-01 0.000000000000000000e+00
1.000000000000000000e+02 -6.540939999999999976e+00 1.546079999999999899e+00 0.000000000000000000e+00
1.010000000000000000e+02 -6.100859999999999950e+00 3.551019999999999843e+00 0.000000000000000000e+00
1.020000000000000000e+02 -5.658809999999999896e+00 5.595270000000000188e+00 0.000000000000000000e+00
1.030000000000000000e+02 -5.189700000000000202e+00 7.651349999999999874e+00 0.000000000000000000e+00
1.040000000000000000e+02 -6.255180000000000184e+00 1.113984999999999914e+01 0.000000000000000000e+00
1.050000000000000000e+02 -5.757799999999999585e+00 1.331293999999999933e+01 0.000000000000000000e+00
1.060000000000000000e+02 -3.358769999999999811e+00 1.582851999999999926e+01 0.000000000000000000e+00
1.070000000000000000e+02 -1.422050000000000036e+00 1.986418000000000106e+01 0.000000000000000000e+00
1.080000000000000000e+02 -2.999960000000000182e+00 -1.658410999999999902e+01 0.000000000000000000e+00
1.090000000000000000e+02 -2.501920000000000144e+00 -1.452450999999999937e+01 0.000000000000000000e+00
1.100000000000000000e+02 -2.162949999999999928e+00 -1.242942000000000036e+01 0.000000000000000000e+00
1.110000000000000000e+02 -3.738049999999999873e+00 -1.104911000000000065e+01 0.000000000000000000e+00
1.120000000000000000e+02 -3.208079999999999821e+00 -8.974909999999999499e+00 0.000000000000000000e+00
1.130000000000000000e+02 -4.776180000000000092e+00 -7.565249999999999808e+00 0.000000000000000000e+00
1.140000000000000000e+02 -4.282390000000000363e+00 -5.444139999999999979e+00 0.000000000000000000e+00
1.150000000000000000e+02 -3.890890000000000182e+00 -3.398019999999999818e+00 0.000000000000000000e+00
1.160000000000000000e+02 -2.883729999999999905e+00 -2.136399999999999966e-01 0.000000000000000000e+00
1.170000000000000000e+02 -4.966029999999999944e+00 1.267199999999999993e-01 0.000000000000000000e+00
1.180000000000000000e+02 -3.683609999999999829e+00 1.954569999999999919e+00 0.000000000000000000e+00
1.190000000000000000e+02 -4.081699999999999662e+00 4.174529999999999852e+00 0.000000000000000000e+00
1.200000000000000000e+02 -3.624190000000000023e+00 6.199810000000000265e+00 0.000000000000000000e+00
1.210000000000000000e+02 -3.187500000000000000e+00 8.269830000000000680e+00 0.000000000000000000e+00
1.220000000000000000e+02 -4.791009999999999991e+00 9.694340000000000401e+00 0.000000000000000000e+00
1.230000000000000000e+02 -4.283640000000000114e+00 1.172080000000000055e+01 0.000000000000000000e+00
1.240000000000000000e+02 -3.659499999999999975e+00 1.375977999999999923e+01 0.000000000000000000e+00
1.250000000000000000e+02 -2.277249999999999996e+00 1.795065999999999917e+01 0.000000000000000000e+00
1.260000000000000000e+02 -1.340519999999999934e+00 -1.805076999999999998e+01 0.000000000000000000e+00
1.270000000000000000e+02 -9.837599999999999678e-01 -1.595500999999999969e+01 0.000000000000000000e+00
1.280000000000000000e+02 -5.547100000000000364e-01 -1.380499999999999972e+01 0.000000000000000000e+00
1.290000000000000000e+02 -1.697650000000000103e+00 -1.037074999999999925e+01 0.000000000000000000e+00
1.300000000000000000e+02 -1.148789999999999978e+00 -8.271140000000000825e+00 0.000000000000000000e+00
1.310000000000000000e+02 -2.775269999999999904e+00 -6.924140000000000406e+00 0.000000000000000000e+00
1.320000000000000000e+02 -1.616179999999999950e+00 -4.240759999999999863e+00 0.000000000000000000e+00
1.330000000000000000e+02 -2.174139999999999961e+00 -2.201709999999999834e+00 0.000000000000000000e+00
1.340000000000000000e+02 -8.006299999999999528e-01 -6.335600000000000120e-01 0.000000000000000000e+00
1.350000000000000000e+02 -1.464970000000000105e+00 1.362689999999999957e+00 0.000000000000000000e+00
1.360000000000000000e+02 -2.168039999999999967e+00 3.350410000000000110e+00 0.000000000000000000e+00
1.370000000000000000e+02 -8.446700000000000319e-01 4.950680000000000192e+00 0.000000000000000000e+00
1.380000000000000000e+02 -1.649780000000000024e+00 6.861550000000000260e+00 0.000000000000000000e+00
1.390000000000000000e+02 -2.776089999999999947e+00 1.028930000000000078e+01 0.000000000000000000e+00
1.400000000000000000e+02 -2.057030000000000136e+00 1.230996999999999986e+01 0.000000000000000000e+00
1.410000000000000000e+02 -5.990100000000000424e-01 1.392525000000000013e+01 0.000000000000000000e+00
1.420000000000000000e+02 -1.294599999999999973e+00 1.589530000000000065e+01 0.000000000000000000e+00
1.430000000000000000e+02 6.449000000000000565e-02 1.744012999999999991e+01 0.000000000000000000e+00
1.440000000000000000e+02 6.983899999999999553e-01 -1.756221999999999994e+01 0.000000000000000000e+00
1.450000000000000000e+02 9.850400000000000267e-01 -1.528918999999999961e+01 0.000000000000000000e+00
1.460000000000000000e+02 2.203739999999999810e+00 -1.063790000000000013e+01 0.000000000000000000e+00
1.470000000000000000e+02 -1.118200000000000027e-01 -1.178711999999999982e+01 0.000000000000000000e+00
1.480000000000000000e+02 1.381350000000000078e+00 -6.609049999999999869e+00 0.000000000000000000e+00
1.490000000000000000e+02 -7.965799999999999548e-01 -6.195050000000000168e+00 0.000000000000000000e+00
1.500000000000000000e+02 6.985099999999999643e-01 -4.643659999999999677e+00 0.000000000000000000e+00
1.510000000000000000e+02 -1.585600000000000065e-01 -2.661249999999999893e+00 0.000000000000000000e+00
1.520000000000000000e+02 1.239959999999999951e+00 -1.054009999999999891e+00 0.000000000000000000e+00
1.530000000000000000e+02 5.698600000000000332e-01 9.212900000000000533e-01 0.000000000000000000e+00
1.540000000000000000e+02 -8.686000000000000665e-02 2.959929999999999950e+00 0.000000000000000000e+00
1.550000000000000000e+02 1.319169999999999954e+00 4.537040000000000184e+00 0.000000000000000000e+00
1.560000000000000000e+02 5.919699999999999962e-01 6.469590000000000174e+00 0.000000000000000000e+00
1.570000000000000000e+02 -7.409000000000000308e-02 8.440580000000000638e+00 0.000000000000000000e+00
1.580000000000000000e+02 -7.166599999999999637e-01 1.039863000000000071e+01 0.000000000000000000e+00
1.590000000000000000e+02 4.305700000000000083e-01 1.211538999999999966e+01 0.000000000000000000e+00
1.600000000000000000e+02 7.831299999999999928e-01 1.550421000000000049e+01 0.000000000000000000e+00
1.610000000000000000e+02 2.236050000000000093e+00 1.723726999999999876e+01 0.000000000000000000e+00
1.620000000000000000e+02 1.371699999999999864e-01 -1.955099999999999838e+01 0.000000000000000000e+00
1.630000000000000000e+02 2.632289999999999797e+00 -1.658353999999999928e+01 0.000000000000000000e+00
1.640000000000000000e+02 1.472860000000000058e+00 -1.328068000000000026e+01 0.000000000000000000e+00
1.650000000000000000e+02 3.160299999999999776e-01 -9.746869999999999479e+00 0.000000000000000000e+00
1.660000000000000000e+02 2.019060000000000077e+00 -8.569889999999999119e+00 0.000000000000000000e+00
1.670000000000000000e+02 3.468259999999999899e+00 -6.998230000000000395e+00 0.000000000000000000e+00
1.680000000000000000e+02 2.752040000000000042e+00 -5.016899999999999693e+00 0.000000000000000000e+00
1.690000000000000000e+02 1.959729999999999972e+00 -2.997129999999999850e+00 0.000000000000000000e+00
1.700000000000000000e+02 3.318350000000000133e+00 -1.398749999999999938e+00 0.000000000000000000e+00
1.710000000000000000e+02 2.685049999999999937e+00 5.790899999999999936e-01 0.000000000000000000e+00
1.720000000000000000e+02 1.971999999999999975e+00 2.568169999999999842e+00 0.000000000000000000e+00
1.730000000000000000e+02 3.399880000000000013e+00 4.149049999999999905e+00 0.000000000000000000e+00
1.740000000000000000e+02 2.750020000000000131e+00 6.108819999999999695e+00 0.000000000000000000e+00
1.750000000000000000e+02 1.988830000000000098e+00 8.053520000000000678e+00 0.000000000000000000e+00
1.760000000000000000e+02 1.354109999999999925e+00 1.005472999999999928e+01 0.000000000000000000e+00
1.770000000000000000e+02 1.791290000000000049e+00 1.366084000000000032e+01 0.000000000000000000e+00
1.780000000000000000e+02 3.051790000000000003e+00 1.529739999999999966e+01 0.000000000000000000e+00
1.790000000000000000e+02 1.209100000000000064e+00 1.922175999999999974e+01 0.000000000000000000e+00
1.800000000000000000e+02 3.083250000000000046e+00 -1.874543999999999855e+01 0.000000000000000000e+00
1.810000000000000000e+02 3.458460000000000090e+00 -1.456098000000000070e+01 0.000000000000000000e+00
1.820000000000000000e+02 3.372560000000000002e+00 -1.245665999999999940e+01 0.000000000000000000e+00
1.830000000000000000e+02 4.907499999999999751e+00 -1.093224999999999980e+01 0.000000000000000000e+00
1.840000000000000000e+02 4.125530000000000364e+00 -8.963570000000000704e+00 0.000000000000000000e+00
1.850000000000000000e+02 4.809280000000000221e+00 -5.373529999999999696e+00 0.000000000000000000e+00
1.860000000000000000e+02 3.999010000000000176e+00 -3.354600000000000026e+00 0.000000000000000000e+00
1.870000000000000000e+02 5.417989999999999640e+00 -1.854619999999999935e+00 0.000000000000000000e+00
1.880000000000000000e+02 4.726600000000000357e+00 1.537800000000000000e-01 0.000000000000000000e+00
1.890000000000000000e+02 4.080079999999999707e+00 2.166310000000000180e+00 0.000000000000000000e+00
1.900000000000000000e+02 5.448699999999999655e+00 3.746879999999999988e+00 0.000000000000000000e+00
1.910000000000000000e+02 4.780249999999999666e+00 5.710650000000000226e+00 0.000000000000000000e+00
1.920000000000000000e+02 4.089220000000000077e+00 7.720880000000000187e+00 0.000000000000000000e+00
1.930000000000000000e+02 3.397810000000000219e+00 9.711859999999999715e+00 0.000000000000000000e+00
1.940000000000000000e+02 2.670020000000000060e+00 1.169194000000000067e+01 0.000000000000000000e+00
1.950000000000000000e+02 3.928669999999999884e+00 1.333442999999999934e+01 0.000000000000000000e+00
1.960000000000000000e+02 4.423540000000000028e+00 1.690756999999999977e+01 0.000000000000000000e+00
1.970000000000000000e+02 3.655180000000000096e+00 1.885715000000000074e+01 0.000000000000000000e+00
1.980000000000000000e+02 4.793949999999999712e+00 -1.658412999999999826e+01 0.000000000000000000e+00
1.990000000000000000e+02 6.174280000000000435e+00 -1.494434000000000040e+01 0.000000000000000000e+00
2.000000000000000000e+02 5.557839999999999669e+00 -1.293449000000000026e+01 0.000000000000000000e+00
2.010000000000000000e+02 6.232779999999999987e+00 -9.318059999999999121e+00 0.000000000000000000e+00
2.020000000000000000e+02 5.534480000000000288e+00 -7.346849999999999881e+00 0.000000000000000000e+00
2.030000000000000000e+02 6.932710000000000150e+00 -5.760919999999999597e+00 0.000000000000000000e+00
2.040000000000000000e+02 6.199160000000000004e+00 -3.777709999999999901e+00 0.000000000000000000e+00
2.050000000000000000e+02 7.544380000000000308e+00 -2.154729999999999812e+00 0.000000000000000000e+00
2.060000000000000000e+02 6.814129999999999576e+00 -1.747499999999999887e-01 0.000000000000000000e+00
2.070000000000000000e+02 6.145599999999999952e+00 1.804499999999999993e+00 0.000000000000000000e+00
2.080000000000000000e+02 7.492149999999999643e+00 3.389540000000000219e+00 0.000000000000000000e+00
2.090000000000000000e+02 6.827939999999999898e+00 5.355129999999999946e+00 0.000000000000000000e+00
2.100000000000000000e+02 6.226210000000000022e+00 7.407600000000000406e+00 0.000000000000000000e+00
2.110000000000000000e+02 5.437929999999999708e+00 9.326040000000000774e+00 0.000000000000000000e+00
2.120000000000000000e+02 4.722660000000000302e+00 1.132648000000000010e+01 0.000000000000000000e+00
2.130000000000000000e+02 6.034089999999999954e+00 1.296101999999999954e+01 0.000000000000000000e+00
2.140000000000000000e+02 5.360999999999999766e+00 1.492567999999999984e+01 0.000000000000000000e+00
2.150000000000000000e+02 6.273970000000000269e+00 1.867748999999999882e+01 0.000000000000000000e+00
2.160000000000000000e+02 6.897380000000000067e+00 -1.691378999999999877e+01 0.000000000000000000e+00
2.170000000000000000e+02 7.579200000000000159e+00 -1.341305999999999976e+01 0.000000000000000000e+00
2.180000000000000000e+02 6.967880000000000074e+00 -1.133771999999999913e+01 0.000000000000000000e+00
2.190000000000000000e+02 8.356099999999999639e+00 -9.799060000000000770e+00 0.000000000000000000e+00
2.200000000000000000e+02 7.591400000000000148e+00 -7.747110000000000163e+00 0.000000000000000000e+00
2.210000000000000000e+02 9.010109999999999175e+00 -6.211260000000000225e+00 0.000000000000000000e+00
2.220000000000000000e+02 8.248160000000000380e+00 -4.128020000000000245e+00 0.000000000000000000e+00
2.230000000000000000e+02 9.605119999999999436e+00 -2.552900000000000169e+00 0.000000000000000000e+00
2.240000000000000000e+02 8.839270000000000849e+00 -5.378699999999999593e-01 0.000000000000000000e+00
2.250000000000000000e+02 8.204510000000000858e+00 1.445060000000000011e+00 0.000000000000000000e+00
2.260000000000000000e+02 9.566090000000000870e+00 3.034040000000000070e+00 0.000000000000000000e+00
2.270000000000000000e+02 8.875069999999999126e+00 5.068349999999999689e+00 0.000000000000000000e+00
2.280000000000000000e+02 8.355460000000000775e+00 7.075179999999999580e+00 0.000000000000000000e+00
2.290000000000000000e+02 7.575999999999999623e+00 9.039970000000000283e+00 0.000000000000000000e+00
2.300000000000000000e+02 6.751269999999999882e+00 1.095959000000000039e+01 0.000000000000000000e+00
2.310000000000000000e+02 8.057650000000000645e+00 1.261772000000000027e+01 0.000000000000000000e+00
2.320000000000000000e+02 7.412250000000000227e+00 1.466531999999999947e+01 0.000000000000000000e+00
2.330000000000000000e+02 6.702519999999999811e+00 1.661608999999999980e+01 0.000000000000000000e+00
2.340000000000000000e+02 5.590900000000000425e+00 -1.856657999999999831e+01 0.000000000000000000e+00
2.350000000000000000e+02 9.079079999999999373e+00 -1.742000000000000171e+01 0.000000000000000000e+00
2.360000000000000000e+02 8.323829999999999174e+00 -1.542930999999999919e+01 0.000000000000000000e+00
2.370000000000000000e+02 8.988910000000000622e+00 -1.180377999999999972e+01 0.000000000000000000e+00
2.380000000000000000e+02 9.649850000000000705e+00 -8.176220000000000709e+00 0.000000000000000000e+00
2.390000000000000000e+02 1.103820999999999941e+01 -6.601110000000000255e+00 0.000000000000000000e+00
2.400000000000000000e+02 1.036954000000000065e+01 -4.583969999999999878e+00 0.000000000000000000e+00
2.410000000000000000e+02 1.166361999999999988e+01 -2.898260000000000058e+00 0.000000000000000000e+00
2.420000000000000000e+02 1.089875999999999934e+01 -9.477600000000000469e-01 0.000000000000000000e+00
2.430000000000000000e+02 1.026548000000000016e+01 1.073039999999999994e+00 0.000000000000000000e+00
2.440000000000000000e+02 1.171545000000000059e+01 2.730929999999999858e+00 0.000000000000000000e+00
2.450000000000000000e+02 1.095284000000000013e+01 4.751739999999999853e+00 0.000000000000000000e+00
2.460000000000000000e+02 1.040869999999999962e+01 6.727020000000000444e+00 0.000000000000000000e+00
2.470000000000000000e+02 9.680839999999999890e+00 8.683419999999999916e+00 0.000000000000000000e+00
2.480000000000000000e+02 8.963050000000000850e+00 1.064119999999999955e+01 0.000000000000000000e+00
2.490000000000000000e+02 1.014132000000000033e+01 1.232652000000000037e+01 0.000000000000000000e+00
2.500000000000000000e+02 9.579810000000000159e+00 1.438279999999999959e+01 0.000000000000000000e+00
2.510000000000000000e+02 8.759069999999999467e+00 1.634474000000000160e+01 0.000000000000000000e+00
2.520000000000000000e+02 1.037670999999999921e+01 -1.575576000000000043e+01 0.000000000000000000e+00
2.530000000000000000e+02 9.664979999999999905e+00 -1.377311000000000085e+01 0.000000000000000000e+00
2.540000000000000000e+02 1.102982000000000085e+01 -1.218573999999999913e+01 0.000000000000000000e+00
2.550000000000000000e+02 1.038270999999999944e+01 -1.022456000000000031e+01 0.000000000000000000e+00
2.560000000000000000e+02 1.177660000000000018e+01 -8.697680000000000078e+00 0.000000000000000000e+00
2.570000000000000000e+02 1.307469999999999999e+01 -6.971930000000000405e+00 0.000000000000000000e+00
2.580000000000000000e+02 1.240647000000000055e+01 -4.905129999999999768e+00 0.000000000000000000e+00
2.590000000000000000e+02 1.375713999999999970e+01 -3.221490000000000187e+00 0.000000000000000000e+00
2.600000000000000000e+02 1.302460999999999913e+01 -1.246599999999999930e+00 0.000000000000000000e+00
2.610000000000000000e+02 1.240217999999999954e+01 7.265800000000000036e-01 0.000000000000000000e+00
2.620000000000000000e+02 1.379437000000000069e+01 2.294259999999999966e+00 0.000000000000000000e+00
2.630000000000000000e+02 1.305169000000000068e+01 4.352909999999999613e+00 0.000000000000000000e+00
2.640000000000000000e+02 1.247954999999999970e+01 6.370639999999999858e+00 0.000000000000000000e+00
2.650000000000000000e+02 1.172635000000000005e+01 8.338979999999999393e+00 0.000000000000000000e+00
2.660000000000000000e+02 1.099685000000000024e+01 1.038222999999999985e+01 0.000000000000000000e+00
2.670000000000000000e+02 1.236133000000000060e+01 1.195278000000000063e+01 0.000000000000000000e+00
2.680000000000000000e+02 1.164556999999999931e+01 1.392489999999999917e+01 0.000000000000000000e+00
2.690000000000000000e+02 1.093446999999999925e+01 1.594247000000000014e+01 0.000000000000000000e+00
2.700000000000000000e+02 1.176760999999999946e+01 -1.417361999999999966e+01 0.000000000000000000e+00
2.710000000000000000e+02 1.325244999999999962e+01 -1.270730000000000004e+01 0.000000000000000000e+00
2.720000000000000000e+02 1.252889000000000053e+01 -1.066210000000000058e+01 0.000000000000000000e+00
2.730000000000000000e+02 1.383966999999999992e+01 -8.963039999999999452e+00 0.000000000000000000e+00
2.740000000000000000e+02 1.527990999999999921e+01 -7.415540000000000020e+00 0.000000000000000000e+00
2.750000000000000000e+02 1.449747999999999948e+01 -5.365859999999999630e+00 0.000000000000000000e+00
2.760000000000000000e+02 1.581201000000000079e+01 -3.713600000000000012e+00 0.000000000000000000e+00
2.770000000000000000e+02 1.517046999999999990e+01 -1.697859999999999925e+00 0.000000000000000000e+00
2.780000000000000000e+02 1.652953000000000117e+01 -6.174999999999999933e-02 0.000000000000000000e+00
2.790000000000000000e+02 1.441680000000000028e+01 3.149399999999999977e-01 0.000000000000000000e+00
2.800000000000000000e+02 1.532507000000000019e+01 3.935470000000000024e+00 0.000000000000000000e+00
2.810000000000000000e+02 1.612733000000000061e+01 7.782189999999999941e+00 0.000000000000000000e+00
2.820000000000000000e+02 1.451004000000000005e+01 5.989620000000000388e+00 0.000000000000000000e+00
2.830000000000000000e+02 1.379781999999999975e+01 7.981180000000000163e+00 0.000000000000000000e+00
2.840000000000000000e+02 1.302565000000000062e+01 9.938980000000000814e+00 0.000000000000000000e+00
2.850000000000000000e+02 1.513641999999999932e+01 9.590719999999999246e+00 0.000000000000000000e+00
2.860000000000000000e+02 1.511256999999999984e+01 1.198695000000000022e+01 0.000000000000000000e+00
2.870000000000000000e+02 1.371479000000000070e+01 1.369319999999999915e+01 0.000000000000000000e+00
2.880000000000000000e+02 1.461247999999999969e+01 -1.101997000000000071e+01 0.000000000000000000e+00
2.890000000000000000e+02 1.608758999999999872e+01 -9.424030000000000129e+00 0.000000000000000000e+00
2.900000000000000000e+02 1.738182000000000116e+01 -7.741189999999999571e+00 0.000000000000000000e+00
2.910000000000000000e+02 1.817090999999999923e+01 -4.127480000000000260e+00 0.000000000000000000e+00
2.920000000000000000e+02 1.656184000000000012e+01 -5.656349999999999767e+00 0.000000000000000000e+00
2.930000000000000000e+02 2.052158000000000015e+01 -1.376619999999999955e+00 0.000000000000000000e+00
2.940000000000000000e+02 1.858665999999999840e+01 -5.680899999999999839e-01 0.000000000000000000e+00
2.950000000000000000e+02 1.726523999999999859e+01 -2.147299999999999986e+00 0.000000000000000000e+00
2.960000000000000000e+02 1.796256999999999948e+01 1.438379999999999992e+00 0.000000000000000000e+00
2.970000000000000000e+02 1.586355000000000004e+01 1.916390000000000038e+00 0.000000000000000000e+00
2.980000000000000000e+02 1.790844999999999843e+01 3.924459999999999837e+00 0.000000000000000000e+00
2.990000000000000000e+02 1.678228999999999971e+01 5.754330000000000389e+00 0.000000000000000000e+00
