0.000000000000000000e+00 -1.447447999999999979e+01 -1.212682000000000038e+01 0.000000000000000000e+00
1.000000000000000000e+00 -1.474441000000000024e+01 -1.000919999999999987e+01 0.000000000000000000e+00
2.000000000000000000e+00 -1.686564999999999870e+01 -9.534800000000000608e+00 0.000000000000000000e+00
3.000000000000000000e+00 -1.519574000000000069e+01 -7.925629999999999953e+00 0.000000000000000000e+00
4.000000000000000000e+00 -1.712881000000000142e+01 -7.184330000000000105e+00 0.000000000000000000e+00
5.000000000000000000e+00 -1.949958000000000169e+01 -1.127899999999999903e+00 0.000000000000000000e+00
6.000000000000000000e+00 -1.748020999999999958e+01 -4.809149999999999814e+00 0.000000000000000000e+00
7.000000000000000000e+00 -1.753633999999999915e+01 2.721070000000000100e+00 0.000000000000000000e+00
8.000000000000000000e+00 -1.775237999999999872e+01 -2.520980000000000221e+00 0.000000000000000000e+00
9.000000000000000000e+00 -1.783596000000000004e+01 1.915300000000000058e-01 0.000000000000000000e+00
1.000000000000000000e+01 -1.939724999999999966e+01 1.638600000000000056e+00 0.000000000000000000e+00
1.100000000000000000e+01 -1.587351999999999919e+01 4.112659999999999982e+00 0.000000000000000000e+00
1.200000000000000000e+01 -1.559891000000000005e+01 6.162420000000000009e+00 0.000000000000000000e+00
1.300000000000000000e+01 -1.773930999999999969e+01 5.202420000000000044e+00 0.000000000000000000e+00
1.400000000000000000e+01 -1.723305999999999827e+01 8.089410000000000878e+00 0.000000000000000000e+00
1.500000000000000000e+01 -1.591435000000000066e+01 9.820779999999999177e+00 0.000000000000000000e+00
1.600000000000000000e+01 -1.534793999999999947e+01 1.201604000000000028e+01 0.000000000000000000e+00
1.700000000000000000e+01 -1.421401000000000003e+01 1.375113999999999947e+01 0.000000000000000000e+00
1.800000000000000000e+01 -1.220616000000000057e+01 -1.497127000000000052e+01 0.000000000000000000e+00
1.900000000000000000e+01 -1.255633000000000088e+01 -1.287350999999999956e+01 0.000000000000000000e+00
2.000000000000000000e+01 -1.279851999999999990e+01 -1.072339000000000020e+01 0.000000000000000000e+00
2.100000000000000000e+01 -1.319439999999999991e+01 -8.575839999999999463e+00 0.000000000000000000e+00
2.200000000000000000e+01 -1.344452000000000069e+01 -6.496559999999999668e+00 0.000000000000000000e+00
2.300000000000000000e+01 -1.546720000000000006e+01 -5.804680000000000284e+00 0.000000000000000000e+00
2.400000000000000000e+01 -1.371739999999999959e+01 -4.364020000000000010e+00 0.000000000000000000e+00
2.500000000000000000e+01 -1.585068000000000055e+01 -3.467579999999999885e+00 0.000000000000000000e+00
2.600000000000000000e+01 -1.609994000000000014e+01 -1.286429999999999962e+00 0.000000000000000000e+00
2.700000000000000000e+01 -1.602686999999999884e+01 1.261560000000000015e+00 0.000000000000000000e+00
2.800000000000000000e+01 -1.444340000000000046e+01 2.639400000000000190e+00 0.000000000000000000e+00
2.900000000000000000e+01 -1.383693000000000062e+01 4.794220000000000148e+00 0.000000000000000000e+00
3.000000000000000000e+01 -1.299919000000000047e+01 6.674949999999999939e+00 0.000000000000000000e+00
3.100000000000000000e+01 -1.224114999999999931e+01 8.766619999999999635e+00 0.000000000000000000e+00
3.200000000000000000e+01 -1.447164000000000073e+01 8.160460000000000491e+00 0.000000000000000000e+00
3.300000000000000000e+01 -1.384830999999999968e+01 1.024600000000000044e+01 0.000000000000000000e+00
3.400000000000000000e+01 -1.289277000000000051e+01 1.211701000000000050e+01 0.000000000000000000e+00
3.500000000000000000e+01 -1.204271999999999920e+01 1.418144999999999989e+01 0.000000000000000000e+00
3.600000000000000000e+01 -1.020898000000000039e+01 -1.575042999999999971e+01 0.000000000000000000e+00
3.700000000000000000e+01 -1.054956999999999923e+01 -1.362876999999999938e+01 0.000000000000000000e+00
3.800000000000000000e+01 -1.083989000000000047e+01 -1.155133000000000010e+01 0.000000000000000000e+00
3.900000000000000000e+01 -1.115502000000000038e+01 -9.351319999999999411e+00 0.000000000000000000e+00
4.000000000000000000e+01 -1.144514000000000031e+01 -7.255550000000000388e+00 0.000000000000000000e+00
4.100000000000000000e+01 -1.166538000000000075e+01 -5.164920000000000400e+00 0.000000000000000000e+00
4.200000000000000000e+01 -1.195284999999999975e+01 -3.052649999999999864e+00 0.000000000000000000e+00
4.300000000000000000e+01 -1.409515000000000029e+01 -2.266849999999999810e+00 0.000000000000000000e+00
4.400000000000000000e+01 -1.440137000000000000e+01 -1.687999999999999917e-02 0.000000000000000000e+00
4.500000000000000000e+01 -1.254540000000000077e+01 1.058959999999999901e+00 0.000000000000000000e+00
4.600000000000000000e+01 -1.216183999999999976e+01 3.086939999999999795e+00 0.000000000000000000e+00
4.700000000000000000e+01 -1.148651000000000089e+01 5.072099999999999831e+00 0.000000000000000000e+00
4.800000000000000000e+01 -1.072986000000000040e+01 7.069449999999999790e+00 0.000000000000000000e+00
4.900000000000000000e+01 -9.960610000000000852e+00 8.984840000000000160e+00 0.000000000000000000e+00
5.000000000000000000e+01 -1.138238999999999912e+01 1.070017999999999958e+01 0.000000000000000000e+00
5.100000000000000000e+01 -1.060651000000000010e+01 1.265288999999999930e+01 0.000000000000000000e+00
5.200000000000000000e+01 -9.855629999999999669e+00 1.481424999999999947e+01 0.000000000000000000e+00
5.300000000000000000e+01 -7.587810000000000166e+00 1.712190999999999974e+01 0.000000000000000000e+00
5.400000000000000000e+01 -8.268399999999999750e+00 -1.656069000000000102e+01 0.000000000000000000e+00
5.500000000000000000e+01 -8.602999999999999758e+00 -1.445495999999999981e+01 0.000000000000000000e+00
5.600000000000000000e+01 -8.923320000000000363e+00 -1.231282999999999994e+01 0.000000000000000000e+00
5.700000000000000000e+01 -9.250460000000000349e+00 -1.018674999999999997e+01 0.000000000000000000e+00
5.800000000000000000e+01 -9.490759999999999863e+00 -8.030640000000000001e+00 0.000000000000000000e+00
5.900000000000000000e+01 -9.701019999999999754e+00 -5.902149999999999785e+00 0.000000000000000000e+00
6.000000000000000000e+01 -1.001032999999999973e+01 -3.839840000000000142e+00 0.000000000000000000e+00
6.100000000000000000e+01 -1.030699000000000076e+01 -1.679419999999999913e+00 0.000000000000000000e+00
6.200000000000000000e+01 -1.243335000000000079e+01 -1.007670000000000066e+00 0.000000000000000000e+00
6.300000000000000000e+01 -8.838549999999999685e+00 1.729479999999999906e+00 0.000000000000000000e+00
6.400000000000000000e+01 -1.009046999999999983e+01 3.437230000000000008e+00 0.000000000000000000e+00
6.500000000000000000e+01 -9.452890000000000015e+00 5.425489999999999924e+00 0.000000000000000000e+00
6.600000000000000000e+01 -8.625270000000000437e+00 7.328899999999999970e+00 0.000000000000000000e+00
6.700000000000000000e+01 -7.876909999999999634e+00 9.321089999999999876e+00 0.000000000000000000e+00
6.800000000000000000e+01 -9.240230000000000388e+00 1.100653999999999932e+01 0.000000000000000000e+00
6.900000000000000000e+01 -8.552220000000000155e+00 1.302593000000000067e+01 0.000000000000000000e+00
7.000000000000000000e+01 -7.786380000000000301e+00 1.501843000000000039e+01 0.000000000000000000e+00
7.100000000000000000e+01 -4.243520000000000181e+00 1.913976999999999862e+01 0.000000000000000000e+00
7.200000000000000000e+01 -6.281799999999999606e+00 -1.731441999999999837e+01 0.000000000000000000e+00
7.300000000000000000e+01 -6.610070000000000334e+00 -1.517237000000000080e+01 0.000000000000000000e+00
7.400000000000000000e+01 -6.832189999999999763e+00 -1.308779999999999966e+01 0.000000000000000000e+00
7.500000000000000000e+01 -7.206640000000000157e+00 -1.095133000000000045e+01 0.000000000000000000e+00
7.600000000000000000e+01 -7.556269999999999598e+00 -8.840920000000000556e+00 0.000000000000000000e+00
7.700000000000000000e+01 -7.825479999999999769e+00 -6.775900000000000034e+00 0.000000000000000000e+00
7.800000000000000000e+01 -8.034480000000000288e+00 -4.608699999999999797e+00 0.000000000000000000e+00
7.900000000000000000e+01 -8.373810000000000642e+00 -2.449819999999999887e+00 0.000000000000000000e+00
8.000000000000000000e+01 -1.054704000000000086e+01 4.327400000000000135e-01 0.000000000000000000e+00
8.100000000000000000e+01 -8.656710000000000349e+00 -3.893300000000000094e-01 0.000000000000000000e+00
8.200000000000000000e+01 -8.073079999999999146e+00 3.813709999999999933e+00 0.000000000000000000e+00
8.300000000000000000e+01 -7.289780000000000371e+00 5.754069999999999574e+00 0.000000000000000000e+00
8.400000000000000000e+01 -6.544660000000000366e+00 7.676449999999999996e+00 0.000000000000000000e+00
8.500000000000000000e+01 -5.802850000000000286e+00 9.633430000000000604e+00 0.000000000000000000e+00
8.600000000000000000e+01 -7.161959999999999660e+00 1.124333999999999989e+01 0.000000000000000000e+00
8.700000000000000000e+01 -6.477360000000000007e+00 1.325497999999999976e+01 0.000000000000000000e+00
8.800000000000000000e+01 -5.663800000000000168e+00 1.522446000000000055e+01 0.000000000000000000e+00
8.900000000000000000e+01 -4.931720000000000326e+00 1.719842999999999833e+01 0.000000000000000000e+00
9.000000000000000000e+01 -4.497519999999999740e+00 -1.834369999999999834e+01 0.000000000000000000e+00
9.100000000000000000e+01 -4.677100000000000257e+00 -1.601108999999999938e+01 0.000000000000000000e+00
9.200000000000000000e+01 -4.908310000000000173e+00 -1.393779999999999930e+01 0.000000000000000000e+00
9.300000000000000000e+01 -5.218479999999999563e+00 -1.173457999999999934e+01 0.000000000000000000e+00
9.400000000000000000e+01 -5.564110000000000333e+00 -9.680110000000000881e+00 0.000000000000000000e+00
9.500000000000000000e+01 -5.866920000000000357e+00 -7.603869999999999685e+00 0.000000000000000000e+00
9.600000000000000000e+01 -6.148249999999999993e+00 -5.487860000000000404e+00 0.000000000000000000e+00
9.700000000000000000e+01 -6.459310000000000329e+00 -3.244549999999999823e+00 0.000000000000000000e+00
9.800000000000000000e+01 -6.726530000000000342e+00 -1.151370000000000005e+00 0.000000000000000000e+00
9.900000000000000000e+01 -5.458800000000000097e+00 4.735199999999999965e-01 0.000000000000000000e+00
1.000000000000000000e+02 -6.730150000000000077e+00 2.212309999999999999e+00 0.000000000000000000e+00
1.010000000000000000e+02 -6.003300000000000303e+00 4.147330000000000183e+00 0.000000000000000000e+00
1.020000000000000000e+02 -5.206859999999999822e+00 6.044740000000000002e+00 0.000000000000000000e+00
1.030000000000000000e+02 -4.480780000000000207e+00 7.978810000000000180e+00 0.000000000000000000e+00
1.040000000000000000e+02 -5.109880000000000422e+00 1.162371000000000087e+01 0.000000000000000000e+00
1.050000000000000000e+02 -4.311429999999999652e+00 1.355339999999999989e+01 0.000000000000000000e+00
1.060000000000000000e+02 -3.529189999999999827e+00 1.556879999999999953e+01 0.000000000000000000e+00
1.070000000000000000e+02 -2.629799999999999915e+00 1.776625999999999905e+01 0.000000000000000000e+00
1.080000000000000000e+02 -2.761089999999999822e+00 -1.682796000000000092e+01 0.000000000000000000e+00
1.090000000000000000e+02 -2.941530000000000200e+00 -1.474200000000000088e+01 0.000000000000000000e+00
1.100000000000000000e+02 -3.267570000000000086e+00 -1.251479999999999926e+01 0.000000000000000000e+00
1.110000000000000000e+02 -3.594800000000000217e+00 -1.043627000000000038e+01 0.000000000000000000e+00
1.120000000000000000e+02 -1.876300000000000079e+00 -9.224740000000000606e+00 0.000000000000000000e+00
1.130000000000000000e+02 -3.926610000000000156e+00 -8.388159999999999172e+00 0.000000000000000000e+00
1.140000000000000000e+02 -4.211520000000000152e+00 -6.264669999999999739e+00 0.000000000000000000e+00
1.150000000000000000e+02 -4.504050000000000331e+00 -4.198430000000000106e+00 0.000000000000000000e+00
1.160000000000000000e+02 -4.367969999999999686e+00 -1.509479999999999933e+00 0.000000000000000000e+00
1.170000000000000000e+02 -3.367710000000000203e+00 8.076299999999999590e-01 0.000000000000000000e+00
1.180000000000000000e+02 -4.660440000000000360e+00 2.446279999999999788e+00 0.000000000000000000e+00
1.190000000000000000e+02 -3.919430000000000192e+00 4.407779999999999809e+00 0.000000000000000000e+00
1.200000000000000000e+02 -3.138599999999999834e+00 6.312960000000000349e+00 0.000000000000000000e+00
1.210000000000000000e+02 -2.411230000000000206e+00 8.292080000000000339e+00 0.000000000000000000e+00
1.220000000000000000e+02 -3.686350000000000016e+00 9.925729999999999720e+00 0.000000000000000000e+00
1.230000000000000000e+02 -2.981619999999999937e+00 1.196269000000000027e+01 0.000000000000000000e+00
1.240000000000000000e+02 -2.238249999999999851e+00 1.394097999999999971e+01 0.000000000000000000e+00
1.250000000000000000e+02 -2.271900000000000031e-01 1.792968000000000117e+01 0.000000000000000000e+00
1.260000000000000000e+02 -7.010499999999999510e-01 -2.010664999999999836e+01 0.000000000000000000e+00
1.270000000000000000e+02 -1.000520000000000076e+00 -1.552447000000000088e+01 0.000000000000000000e+00
1.280000000000000000e+02 -1.224720000000000031e+00 -1.335135000000000005e+01 0.000000000000000000e+00
1.290000000000000000e+02 -1.514650000000000052e+00 -1.128738000000000063e+01 0.000000000000000000e+00
1.300000000000000000e+02 -1.782400000000000095e-01 -7.888379999999999725e+00 0.000000000000000000e+00
1.310000000000000000e+02 -2.210679999999999978e+00 -7.082239999999999647e+00 0.000000000000000000e+00
1.320000000000000000e+02 -2.496950000000000003e+00 -4.991270000000000095e+00 0.000000000000000000e+00
1.330000000000000000e+02 -2.821480000000000210e+00 -2.937510000000000066e+00 0.000000000000000000e+00
1.340000000000000000e+02 -2.175359999999999960e+00 -9.414500000000000091e-01 0.000000000000000000e+00
1.350000000000000000e+02 -1.269730000000000025e+00 1.091110000000000024e+00 0.000000000000000000e+00
1.360000000000000000e+02 -2.608940000000000037e+00 2.768639999999999990e+00 0.000000000000000000e+00
1.370000000000000000e+02 -1.811530000000000085e+00 4.725909999999999833e+00 0.000000000000000000e+00
1.380000000000000000e+02 -1.031309999999999949e+00 6.660689999999999777e+00 0.000000000000000000e+00
1.390000000000000000e+02 -3.054499999999999993e-01 8.622049999999999770e+00 0.000000000000000000e+00
1.400000000000000000e+02 -1.548030000000000017e+00 1.032100999999999935e+01 0.000000000000000000e+00
1.410000000000000000e+02 -9.153599999999999515e-01 1.230097999999999914e+01 0.000000000000000000e+00
1.420000000000000000e+02 -1.343269999999999964e+00 1.604390000000000072e+01 0.000000000000000000e+00
1.430000000000000000e+02 -1.769209999999999949e+00 1.970777999999999963e+01 0.000000000000000000e+00
1.440000000000000000e+02 -6.768199999999999772e-01 -1.755489999999999995e+01 0.000000000000000000e+00
1.450000000000000000e+02 1.004850000000000021e+00 -1.628531999999999869e+01 0.000000000000000000e+00
1.460000000000000000e+02 6.857600000000000362e-01 -1.421203000000000038e+01 0.000000000000000000e+00
1.470000000000000000e+02 4.570799999999999863e-01 -1.208299000000000056e+01 0.000000000000000000e+00
1.480000000000000000e+02 1.117999999999999966e-01 -9.982189999999999230e+00 0.000000000000000000e+00
1.490000000000000000e+02 -4.765599999999999836e-01 -5.781990000000000407e+00 0.000000000000000000e+00
1.500000000000000000e+02 -7.804999999999999716e-01 -3.649329999999999963e+00 0.000000000000000000e+00
1.510000000000000000e+02 -1.270699999999999885e-01 -6.423200000000000021e-01 0.000000000000000000e+00
1.520000000000000000e+02 2.043590000000000018e+00 -5.519100000000000117e-01 0.000000000000000000e+00
1.530000000000000000e+02 8.993400000000000283e-01 1.170830000000000037e+00 0.000000000000000000e+00
1.540000000000000000e+02 -5.518100000000000227e-01 3.034740000000000215e+00 0.000000000000000000e+00
1.550000000000000000e+02 2.408200000000000063e-01 4.953319999999999723e+00 0.000000000000000000e+00
1.560000000000000000e+02 1.023409999999999931e+00 6.939390000000000391e+00 0.000000000000000000e+00
1.570000000000000000e+02 1.833180000000000032e+00 8.843059999999999476e+00 0.000000000000000000e+00
1.580000000000000000e+02 5.055100000000000149e-01 1.052455999999999925e+01 0.000000000000000000e+00
1.590000000000000000e+02 -1.550499999999999934e-01 1.425544999999999973e+01 0.000000000000000000e+00
1.600000000000000000e+02 7.995799999999999574e-01 1.612977000000000061e+01 0.000000000000000000e+00
1.610000000000000000e+02 1.910269999999999913e+00 1.836276000000000153e+01 0.000000000000000000e+00
1.620000000000000000e+02 1.168390000000000040e+00 -1.848702000000000112e+01 0.000000000000000000e+00
1.630000000000000000e+02 2.602310000000000123e+00 -1.497358000000000011e+01 0.000000000000000000e+00
1.640000000000000000e+02 2.395129999999999981e+00 -1.286725000000000030e+01 0.000000000000000000e+00
1.650000000000000000e+02 2.190080000000000027e+00 -1.078023999999999916e+01 0.000000000000000000e+00
1.660000000000000000e+02 1.852880000000000082e+00 -8.703620000000000800e+00 0.000000000000000000e+00
1.670000000000000000e+02 1.539570000000000105e+00 -6.638799999999999812e+00 0.000000000000000000e+00
1.680000000000000000e+02 1.169910000000000005e+00 -4.519120000000000026e+00 0.000000000000000000e+00
1.690000000000000000e+02 9.109500000000000375e-01 -2.451309999999999878e+00 0.000000000000000000e+00
1.700000000000000000e+02 4.079399999999999693e+00 3.885000000000000259e-02 0.000000000000000000e+00
1.710000000000000000e+02 2.872040000000000148e+00 1.777139999999999942e+00 0.000000000000000000e+00
1.720000000000000000e+02 1.529060000000000086e+00 3.354480000000000128e+00 0.000000000000000000e+00
1.730000000000000000e+02 2.337810000000000166e+00 5.260839999999999961e+00 0.000000000000000000e+00
1.740000000000000000e+02 3.093389999999999862e+00 7.191860000000000142e+00 0.000000000000000000e+00
1.750000000000000000e+02 3.904399999999999871e+00 9.254989999999999384e+00 0.000000000000000000e+00
1.760000000000000000e+02 2.615520000000000067e+00 1.086912000000000056e+01 0.000000000000000000e+00
1.770000000000000000e+02 1.224029999999999951e+00 1.245345999999999975e+01 0.000000000000000000e+00
1.780000000000000000e+02 1.951789999999999914e+00 1.440536999999999956e+01 0.000000000000000000e+00
1.790000000000000000e+02 8.101099999999999968e-01 2.033061999999999969e+01 0.000000000000000000e+00
1.800000000000000000e+02 2.846060000000000034e+00 -1.722350000000000136e+01 0.000000000000000000e+00
1.810000000000000000e+02 4.516560000000000130e+00 -1.582783000000000051e+01 0.000000000000000000e+00
1.820000000000000000e+02 4.336109999999999687e+00 -1.374441000000000024e+01 0.000000000000000000e+00
1.830000000000000000e+02 4.101519999999999833e+00 -1.162480000000000047e+01 0.000000000000000000e+00
1.840000000000000000e+02 3.846210000000000129e+00 -9.484049999999999869e+00 0.000000000000000000e+00
1.850000000000000000e+02 3.458489999999999842e+00 -7.378090000000000259e+00 0.000000000000000000e+00
1.860000000000000000e+02 3.142069999999999919e+00 -5.322239999999999860e+00 0.000000000000000000e+00
1.870000000000000000e+02 2.877689999999999859e+00 -3.078809999999999825e+00 0.000000000000000000e+00
1.880000000000000000e+02 4.618129999999999846e+00 -1.952690000000000037e+00 0.000000000000000000e+00
1.890000000000000000e+02 5.004330000000000389e+00 1.944690000000000030e+00 0.000000000000000000e+00
1.900000000000000000e+02 3.687359999999999971e+00 3.666780000000000150e+00 0.000000000000000000e+00
1.910000000000000000e+02 4.466400000000000148e+00 5.618789999999999729e+00 0.000000000000000000e+00
1.920000000000000000e+02 5.188290000000000290e+00 7.594490000000000407e+00 0.000000000000000000e+00
1.930000000000000000e+02 4.685819999999999652e+00 1.121968000000000032e+01 0.000000000000000000e+00
1.940000000000000000e+02 3.324019999999999975e+00 1.282534000000000063e+01 0.000000000000000000e+00
1.950000000000000000e+02 4.130349999999999966e+00 1.474926999999999921e+01 0.000000000000000000e+00
1.960000000000000000e+02 2.842560000000000198e+00 1.651847000000000065e+01 0.000000000000000000e+00
1.970000000000000000e+02 4.921660000000000146e+00 1.895655000000000001e+01 0.000000000000000000e+00
1.980000000000000000e+02 4.849649999999999572e+00 -1.792466999999999899e+01 0.000000000000000000e+00
1.990000000000000000e+02 6.318599999999999994e+00 -1.450475999999999921e+01 0.000000000000000000e+00
2.000000000000000000e+02 5.979190000000000005e+00 -1.245928999999999931e+01 0.000000000000000000e+00
2.010000000000000000e+02 5.765710000000000335e+00 -1.031882000000000055e+01 0.000000000000000000e+00
2.020000000000000000e+02 5.436689999999999579e+00 -8.144069999999999254e+00 0.000000000000000000e+00
2.030000000000000000e+02 5.140740000000000087e+00 -6.110260000000000247e+00 0.000000000000000000e+00
2.040000000000000000e+02 4.745969999999999800e+00 -4.022319999999999673e+00 0.000000000000000000e+00
2.050000000000000000e+02 6.483559999999999768e+00 -2.839789999999999814e+00 0.000000000000000000e+00
2.060000000000000000e+02 6.177050000000000374e+00 -2.730000000000000135e-02 0.000000000000000000e+00
2.070000000000000000e+02 7.111580000000000013e+00 2.382730000000000015e+00 0.000000000000000000e+00
2.080000000000000000e+02 5.824919999999999654e+00 4.018679999999999808e+00 0.000000000000000000e+00
2.090000000000000000e+02 6.567800000000000082e+00 5.943570000000000242e+00 0.000000000000000000e+00
2.100000000000000000e+02 7.337130000000000152e+00 7.926650000000000418e+00 0.000000000000000000e+00
2.110000000000000000e+02 5.933569999999999567e+00 9.577759999999999607e+00 0.000000000000000000e+00
2.120000000000000000e+02 6.812669999999999781e+00 1.148135000000000083e+01 0.000000000000000000e+00
2.130000000000000000e+02 5.476040000000000241e+00 1.314722000000000079e+01 0.000000000000000000e+00
2.140000000000000000e+02 6.270830000000000126e+00 1.510737999999999914e+01 0.000000000000000000e+00
2.150000000000000000e+02 4.949089999999999989e+00 1.670692999999999984e+01 0.000000000000000000e+00
2.160000000000000000e+02 6.620890000000000164e+00 -1.668909999999999982e+01 0.000000000000000000e+00
2.170000000000000000e+02 8.205560000000000187e+00 -1.535801999999999978e+01 0.000000000000000000e+00
2.180000000000000000e+02 7.974219999999999864e+00 -1.327890000000000015e+01 0.000000000000000000e+00
2.190000000000000000e+02 7.641969999999999708e+00 -1.122490999999999950e+01 0.000000000000000000e+00
2.200000000000000000e+02 7.405219999999999914e+00 -9.011070000000000135e+00 0.000000000000000000e+00
2.210000000000000000e+02 7.142500000000000071e+00 -6.944200000000000372e+00 0.000000000000000000e+00
2.220000000000000000e+02 6.808699999999999974e+00 -4.883169999999999789e+00 0.000000000000000000e+00
2.230000000000000000e+02 8.441459999999999297e+00 -3.527219999999999800e+00 0.000000000000000000e+00
2.240000000000000000e+02 8.070080000000000808e+00 -1.362989999999999924e+00 0.000000000000000000e+00
2.250000000000000000e+02 8.372719999999999274e+00 7.390999999999999792e-01 0.000000000000000000e+00
2.260000000000000000e+02 9.212460000000000093e+00 2.628730000000000011e+00 0.000000000000000000e+00
2.270000000000000000e+02 7.893659999999999677e+00 4.337159999999999904e+00 0.000000000000000000e+00
2.280000000000000000e+02 8.715690000000000381e+00 6.262089999999999712e+00 0.000000000000000000e+00
2.290000000000000000e+02 9.455220000000000624e+00 8.202049999999999841e+00 0.000000000000000000e+00
2.300000000000000000e+02 8.150679999999999481e+00 9.860450000000000159e+00 0.000000000000000000e+00
2.310000000000000000e+02 8.869350000000000733e+00 1.179584000000000010e+01 0.000000000000000000e+00
2.320000000000000000e+02 7.571449999999999569e+00 1.345951999999999948e+01 0.000000000000000000e+00
2.330000000000000000e+02 7.120199999999999640e+00 1.710805999999999827e+01 0.000000000000000000e+00
2.340000000000000000e+02 1.054438999999999993e+01 -1.622742999999999824e+01 0.000000000000000000e+00
2.350000000000000000e+02 1.007474999999999987e+01 -1.390784000000000020e+01 0.000000000000000000e+00
2.360000000000000000e+02 9.636350000000000193e+00 -1.186117999999999917e+01 0.000000000000000000e+00
2.370000000000000000e+02 9.417479999999999407e+00 -9.757310000000000372e+00 0.000000000000000000e+00
2.380000000000000000e+02 9.185800000000000409e+00 -7.700899999999999856e+00 0.000000000000000000e+00
2.390000000000000000e+02 8.889570000000000860e+00 -5.545840000000000103e+00 0.000000000000000000e+00
2.400000000000000000e+02 1.044336000000000020e+01 -4.190640000000000143e+00 0.000000000000000000e+00
2.410000000000000000e+02 1.001336000000000048e+01 -2.118170000000000108e+00 0.000000000000000000e+00
2.420000000000000000e+02 1.050399999999999956e+01 7.172800000000000287e-01 0.000000000000000000e+00
2.430000000000000000e+02 1.129019000000000084e+01 2.770719999999999850e+00 0.000000000000000000e+00
2.440000000000000000e+02 1.214062999999999981e+01 4.859560000000000102e+00 0.000000000000000000e+00
2.450000000000000000e+02 1.004329000000000072e+01 4.535899999999999821e+00 0.000000000000000000e+00
2.460000000000000000e+02 1.078572999999999915e+01 6.508639999999999759e+00 0.000000000000000000e+00
2.470000000000000000e+02 1.156535000000000046e+01 8.494669999999999277e+00 0.000000000000000000e+00
2.480000000000000000e+02 1.025352999999999959e+01 1.015682999999999936e+01 0.000000000000000000e+00
2.490000000000000000e+02 1.092794999999999916e+01 1.211025000000000063e+01 0.000000000000000000e+00
2.500000000000000000e+02 8.371100000000000207e+00 1.538062000000000040e+01 0.000000000000000000e+00
2.510000000000000000e+02 1.067202999999999946e+01 1.575774000000000008e+01 0.000000000000000000e+00
2.520000000000000000e+02 1.205780000000000030e+01 -1.467745999999999995e+01 0.000000000000000000e+00
2.530000000000000000e+02 1.171865999999999985e+01 -1.258838000000000079e+01 0.000000000000000000e+00
2.540000000000000000e+02 1.132508999999999943e+01 -1.053767000000000031e+01 0.000000000000000000e+00
2.550000000000000000e+02 1.317791000000000068e+01 -9.179140000000000299e+00 0.000000000000000000e+00
2.560000000000000000e+02 1.117775999999999925e+01 -8.439830000000000609e+00 0.000000000000000000e+00
2.570000000000000000e+02 1.082685999999999993e+01 -6.275360000000000049e+00 0.000000000000000000e+00
2.580000000000000000e+02 1.251467000000000063e+01 -5.072840000000000238e+00 0.000000000000000000e+00
2.590000000000000000e+02 1.213679999999999914e+01 -2.997250000000000192e+00 0.000000000000000000e+00
2.600000000000000000e+02 1.392407000000000039e+01 -4.713399999999999812e-01 0.000000000000000000e+00
2.610000000000000000e+02 1.176957999999999949e+01 -9.542899999999999716e-01 0.000000000000000000e+00
2.620000000000000000e+02 1.344755999999999929e+01 3.181509999999999838e+00 0.000000000000000000e+00
2.630000000000000000e+02 1.295207000000000086e+01 6.774219999999999686e+00 0.000000000000000000e+00
2.640000000000000000e+02 1.511951000000000001e+01 7.041870000000000296e+00 0.000000000000000000e+00
2.650000000000000000e+02 1.365680000000000049e+01 8.832060000000000244e+00 0.000000000000000000e+00
2.660000000000000000e+02 1.462001000000000062e+01 1.074097000000000079e+01 0.000000000000000000e+00
2.670000000000000000e+02 1.235009999999999941e+01 1.041788000000000025e+01 0.000000000000000000e+00
2.680000000000000000e+02 1.324543000000000070e+01 1.250197000000000003e+01 0.000000000000000000e+00
2.690000000000000000e+02 9.667939999999999756e+00 1.376751999999999931e+01 0.000000000000000000e+00
2.700000000000000000e+02 1.379763999999999946e+01 -1.350281000000000020e+01 0.000000000000000000e+00
2.710000000000000000e+02 1.348072999999999944e+01 -1.124000999999999983e+01 0.000000000000000000e+00
2.720000000000000000e+02 1.511415000000000042e+01 -9.930600000000000094e+00 0.000000000000000000e+00
2.730000000000000000e+02 1.483937000000000062e+01 -7.834679999999999644e+00 0.000000000000000000e+00
2.740000000000000000e+02 1.278537000000000035e+01 -7.124679999999999680e+00 0.000000000000000000e+00
2.750000000000000000e+02 1.445378999999999969e+01 -5.782009999999999650e+00 0.000000000000000000e+00
2.760000000000000000e+02 1.615259000000000000e+01 -4.117029999999999745e+00 0.000000000000000000e+00
2.770000000000000000e+02 1.411181999999999981e+01 -3.732940000000000147e+00 0.000000000000000000e+00
2.780000000000000000e+02 1.604076999999999842e+01 -1.088299999999999962e-01 0.000000000000000000e+00
2.790000000000000000e+02 1.261782000000000004e+01 1.144279999999999964e+00 0.000000000000000000e+00
2.800000000000000000e+02 1.468243000000000009e+01 1.483540000000000081e+00 0.000000000000000000e+00
2.810000000000000000e+02 1.421269000000000027e+01 5.098419999999999952e+00 0.000000000000000000e+00
2.820000000000000000e+02 1.566915000000000013e+01 3.401460000000000150e+00 0.000000000000000000e+00
2.830000000000000000e+02 1.636665999999999954e+01 5.360929999999999751e+00 0.000000000000000000e+00
2.840000000000000000e+02 1.576187999999999967e+01 9.012629999999999697e+00 0.000000000000000000e+00
2.850000000000000000e+02 1.734458000000000055e+01 7.337259999999999671e+00 0.000000000000000000e+00
2.860000000000000000e+02 1.803575000000000017e+01 9.311130000000000351e+00 0.000000000000000000e+00
2.870000000000000000e+02 1.178439999999999976e+01 1.400372999999999912e+01 0.000000000000000000e+00
2.880000000000000000e+02 1.555949000000000026e+01 -1.236189000000000071e+01 0.000000000000000000e+00
2.890000000000000000e+02 1.688022000000000133e+01 -8.380910000000000082e+00 0.000000000000000000e+00
2.900000000000000000e+02 1.861257000000000161e+01 -6.708109999999999573e+00 0.000000000000000000e+00
2.910000000000000000e+02 1.815234999999999843e+01 -4.672570000000000334e+00 0.000000000000000000e+00
2.920000000000000000e+02 1.653630000000000067e+01 -6.204920000000000435e+00 0.000000000000000000e+00
2.930000000000000000e+02 1.752284999999999826e+01 -2.252029999999999976e+00 0.000000000000000000e+00
2.940000000000000000e+02 1.820890999999999948e+01 -1.179800000000000015e-01 0.000000000000000000e+00
2.950000000000000000e+02 1.536852000000000018e+01 -2.049040000000000195e+00 0.000000000000000000e+00
2.960000000000000000e+02 1.957797000000000054e+01 -2.069970000000000088e+00 0.000000000000000000e+00
2.970000000000000000e+02 1.701861999999999853e+01 1.775409999999999933e+00 0.000000000000000000e+00
2.980000000000000000e+02 1.914339999999999975e+01 2.122520000000000184e+00 0.000000000000000000e+00
2.990000000000000000e+02 1.795667999999999864e+01 3.828599999999999781e+00 0.000000000000000000e+00
