0.000000000000000000e+00 -1.563673999999999964e+01 -1.583967999999999954e+01 0.000000000000000000e+00
1.000000000000000000e+00 -1.634983000000000075e+01 -1.382578999999999958e+01 0.000000000000000000e+00
2.000000000000000000e+00 -1.694446999999999903e+01 -1.182020999999999944e+01 0.000000000000000000e+00
3.000000000000000000e+00 -1.837173999999999907e+01 -9.989819999999999922e+00 0.000000000000000000e+00
4.000000000000000000e+00 -1.840155999999999992e+01 -7.897809999999999775e+00 0.000000000000000000e+00
5.000000000000000000e+00 -1.972109000000000023e+01 -6.163160000000000416e+00 0.000000000000000000e+00
6.000000000000000000e+00 -1.819728999999999886e+01 -4.501070000000000348e+00 0.000000000000000000e+00
7.000000000000000000e+00 -2.022597000000000023e+01 -3.907119999999999926e+00 0.000000000000000000e+00
8.000000000000000000e+00 -1.774089000000000027e+01 -1.391329999999999956e+00 0.000000000000000000e+00
9.000000000000000000e+00 -1.920873999999999882e+01 9.446999999999999842e-02 0.000000000000000000e+00
1.000000000000000000e+01 -1.850337000000000032e+01 2.241579999999999906e+00 0.000000000000000000e+00
1.100000000000000000e+01 -1.852670000000000172e+01 4.319200000000000372e+00 0.000000000000000000e+00
1.200000000000000000e+01 -1.788216999999999857e+01 6.342130000000000045e+00 0.000000000000000000e+00
1.300000000000000000e+01 -2.010429999999999851e+01 8.389920000000000044e+00 0.000000000000000000e+00
1.400000000000000000e+01 -1.826952999999999960e+01 9.718569999999999709e+00 0.000000000000000000e+00
1.500000000000000000e+01 -1.789884999999999948e+01 1.178702000000000005e+01 0.000000000000000000e+00
1.600000000000000000e+01 -1.739373000000000147e+01 1.384171000000000085e+01 0.000000000000000000e+00
1.700000000000000000e+01 -1.640050000000000097e+01 1.590551999999999921e+01 0.000000000000000000e+00
1.800000000000000000e+01 -1.347470999999999997e+01 -1.633879999999999910e+01 0.000000000000000000e+00
1.900000000000000000e+01 -1.417611999999999917e+01 -1.429767999999999972e+01 0.000000000000000000e+00
2.000000000000000000e+01 -1.476662999999999926e+01 -1.231159000000000070e+01 0.000000000000000000e+00
2.100000000000000000e+01 -1.550122000000000000e+01 -1.033355000000000068e+01 0.000000000000000000e+00
2.200000000000000000e+01 -1.633796999999999855e+01 -8.384769999999999612e+00 0.000000000000000000e+00
2.300000000000000000e+01 -1.693421000000000021e+01 -6.247329999999999828e+00 0.000000000000000000e+00
2.400000000000000000e+01 -1.542126000000000019e+01 -4.833529999999999660e+00 0.000000000000000000e+00
2.500000000000000000e+01 -1.660927999999999827e+01 -3.118090000000000028e+00 0.000000000000000000e+00
2.600000000000000000e+01 -1.561660000000000004e+01 -1.257649999999999935e+00 0.000000000000000000e+00
2.700000000000000000e+01 -1.701552999999999827e+01 5.365999999999999659e-01 0.000000000000000000e+00
2.800000000000000000e+01 -1.610671999999999926e+01 2.546050000000000146e+00 0.000000000000000000e+00
2.900000000000000000e+01 -1.645677999999999841e+01 4.824130000000000251e+00 0.000000000000000000e+00
3.000000000000000000e+01 -1.591031000000000084e+01 7.039690000000000225e+00 0.000000000000000000e+00
3.100000000000000000e+01 -1.462282000000000082e+01 9.035130000000000550e+00 0.000000000000000000e+00
3.200000000000000000e+01 -1.623977000000000004e+01 1.032038000000000011e+01 0.000000000000000000e+00
3.300000000000000000e+01 -1.577326000000000050e+01 1.233203999999999922e+01 0.000000000000000000e+00
3.400000000000000000e+01 -1.498673999999999928e+01 1.436130999999999958e+01 0.000000000000000000e+00
3.500000000000000000e+01 -1.432690999999999981e+01 1.644595999999999947e+01 0.000000000000000000e+00
3.600000000000000000e+01 -1.168279000000000067e+01 -1.736765000000000114e+01 0.000000000000000000e+00
3.700000000000000000e+01 -1.213523999999999958e+01 -1.473762999999999934e+01 0.000000000000000000e+00
3.800000000000000000e+01 -1.268552000000000035e+01 -1.273070000000000057e+01 0.000000000000000000e+00
3.900000000000000000e+01 -1.337893000000000043e+01 -1.078702999999999967e+01 0.000000000000000000e+00
4.000000000000000000e+01 -1.406616000000000000e+01 -8.753709999999999880e+00 0.000000000000000000e+00
4.100000000000000000e+01 -1.491693000000000069e+01 -6.855809999999999960e+00 0.000000000000000000e+00
4.200000000000000000e+01 -1.335388000000000019e+01 -5.064729999999999954e+00 0.000000000000000000e+00
4.300000000000000000e+01 -1.447075000000000067e+01 -3.009129999999999860e+00 0.000000000000000000e+00
4.400000000000000000e+01 -1.346189000000000036e+01 -1.006720000000000059e+00 0.000000000000000000e+00
4.500000000000000000e+01 -1.487579999999999991e+01 8.887899999999999689e-01 0.000000000000000000e+00
4.600000000000000000e+01 -1.394397000000000020e+01 2.805369999999999919e+00 0.000000000000000000e+00
4.700000000000000000e+01 -1.418614999999999959e+01 4.926459999999999617e+00 0.000000000000000000e+00
4.800000000000000000e+01 -1.384548999999999985e+01 7.020900000000000141e+00 0.000000000000000000e+00
4.900000000000000000e+01 -1.259492999999999974e+01 9.630829999999999558e+00 0.000000000000000000e+00
5.000000000000000000e+01 -1.406048000000000009e+01 1.113640000000000008e+01 0.000000000000000000e+00
5.100000000000000000e+01 -1.319258999999999915e+01 1.303931000000000040e+01 0.000000000000000000e+00
5.200000000000000000e+01 -1.268561000000000050e+01 1.512438000000000038e+01 0.000000000000000000e+00
5.300000000000000000e+01 -1.224361999999999995e+01 1.723424999999999940e+01 0.000000000000000000e+00
5.400000000000000000e+01 -9.508770000000000167e+00 -1.758480000000000132e+01 0.000000000000000000e+00
5.500000000000000000e+01 -1.024695999999999962e+01 -1.555882000000000076e+01 0.000000000000000000e+00
5.600000000000000000e+01 -1.059680999999999962e+01 -1.327017000000000024e+01 0.000000000000000000e+00
5.700000000000000000e+01 -1.127530999999999928e+01 -1.111922000000000033e+01 0.000000000000000000e+00
5.800000000000000000e+01 -1.200155999999999956e+01 -9.052440000000000708e+00 0.000000000000000000e+00
5.900000000000000000e+01 -1.281500999999999912e+01 -7.097780000000000200e+00 0.000000000000000000e+00
6.000000000000000000e+01 -1.128073000000000015e+01 -4.898970000000000269e+00 0.000000000000000000e+00
6.100000000000000000e+01 -1.239446000000000048e+01 -3.114939999999999820e+00 0.000000000000000000e+00
6.200000000000000000e+01 -1.137828000000000017e+01 -1.231579999999999897e+00 0.000000000000000000e+00
6.300000000000000000e+01 -1.240869000000000000e+01 9.133099999999999552e-01 0.000000000000000000e+00
6.400000000000000000e+01 -1.166933000000000042e+01 3.226189999999999891e+00 0.000000000000000000e+00
6.500000000000000000e+01 -1.210206999999999944e+01 5.433159999999999989e+00 0.000000000000000000e+00
6.600000000000000000e+01 -1.185200000000000031e+01 7.521849999999999703e+00 0.000000000000000000e+00
6.700000000000000000e+01 -1.051845999999999925e+01 9.228089999999999904e+00 0.000000000000000000e+00
6.800000000000000000e+01 -1.127946999999999989e+01 1.127036999999999978e+01 0.000000000000000000e+00
6.900000000000000000e+01 -1.108586000000000027e+01 1.360621000000000080e+01 0.000000000000000000e+00
7.000000000000000000e+01 -1.051157000000000075e+01 1.562570999999999977e+01 0.000000000000000000e+00
7.100000000000000000e+01 -1.016873999999999967e+01 1.770133999999999830e+01 0.000000000000000000e+00
7.200000000000000000e+01 -7.201209999999999667e+00 -1.768922999999999845e+01 0.000000000000000000e+00
7.300000000000000000e+01 -8.139210000000000278e+00 -1.546008999999999922e+01 0.000000000000000000e+00
7.400000000000000000e+01 -8.456780000000000186e+00 -1.338378999999999941e+01 0.000000000000000000e+00
7.500000000000000000e+01 -9.150119999999999365e+00 -1.133480999999999916e+01 0.000000000000000000e+00
7.600000000000000000e+01 -9.940500000000000114e+00 -9.230180000000000717e+00 0.000000000000000000e+00
7.700000000000000000e+01 -1.071893999999999991e+01 -7.181400000000000006e+00 0.000000000000000000e+00
7.800000000000000000e+01 -9.216160000000000352e+00 -5.447309999999999874e+00 0.000000000000000000e+00
7.900000000000000000e+01 -1.013596000000000075e+01 -2.936900000000000066e+00 0.000000000000000000e+00
8.000000000000000000e+01 -9.323539999999999495e+00 -1.028729999999999922e+00 0.000000000000000000e+00
8.100000000000000000e+01 -1.026402000000000037e+01 9.275799999999999601e-01 0.000000000000000000e+00
8.200000000000000000e+01 -9.555880000000000152e+00 3.075380000000000003e+00 0.000000000000000000e+00
8.300000000000000000e+01 -9.940540000000000376e+00 5.137089999999999712e+00 0.000000000000000000e+00
8.400000000000000000e+01 -9.693110000000000781e+00 7.209089999999999776e+00 0.000000000000000000e+00
8.500000000000000000e+01 -8.732979999999999521e+00 1.027014999999999922e+01 0.000000000000000000e+00
8.600000000000000000e+01 -9.341480000000000672e+00 1.224987999999999921e+01 0.000000000000000000e+00
8.700000000000000000e+01 -8.902789999999999537e+00 1.430077999999999960e+01 0.000000000000000000e+00
8.800000000000000000e+01 -8.532949999999999591e+00 1.639673000000000158e+01 0.000000000000000000e+00
8.900000000000000000e+01 -8.295009999999999550e+00 1.870936000000000021e+01 0.000000000000000000e+00
9.000000000000000000e+01 -6.334760000000000169e+00 -1.962924999999999898e+01 0.000000000000000000e+00
9.100000000000000000e+01 -5.947020000000000195e+00 -1.590555999999999948e+01 0.000000000000000000e+00
9.200000000000000000e+01 -6.381809999999999761e+00 -1.377150999999999925e+01 0.000000000000000000e+00
9.300000000000000000e+01 -7.117589999999999861e+00 -1.178092999999999968e+01 0.000000000000000000e+00
9.400000000000000000e+01 -7.888370000000000104e+00 -9.567719999999999558e+00 0.000000000000000000e+00
9.500000000000000000e+01 -8.550250000000000128e+00 -7.423119999999999941e+00 0.000000000000000000e+00
9.600000000000000000e+01 -7.138749999999999929e+00 -5.566410000000000302e+00 0.000000000000000000e+00
9.700000000000000000e+01 -8.065409999999999968e+00 -2.831659999999999844e+00 0.000000000000000000e+00
9.800000000000000000e+01 -7.272129999999999761e+00 -8.459799999999999542e-01 0.000000000000000000e+00
9.900000000000000000e+01 -7.836969999999999992e+00 1.929359999999999964e+00 0.000000000000000000e+00
1.000000000000000000e+02 -7.773139999999999716e+00 4.149420000000000108e+00 0.000000000000000000e+00
1.010000000000000000e+02 -7.589909999999999712e+00 6.261219999999999786e+00 0.000000000000000000e+00
1.020000000000000000e+02 -7.795300000000000118e+00 8.409299999999999997e+00 0.000000000000000000e+00
1.030000000000000000e+02 -6.602730000000000210e+00 1.014574999999999960e+01 0.000000000000000000e+00
1.040000000000000000e+02 -7.341140000000000221e+00 1.275731999999999999e+01 0.000000000000000000e+00
1.050000000000000000e+02 -6.885849999999999582e+00 1.485077000000000069e+01 0.000000000000000000e+00
1.060000000000000000e+02 -6.656069999999999709e+00 1.737543000000000148e+01 0.000000000000000000e+00
1.070000000000000000e+02 -6.433220000000000383e+00 1.960850999999999900e+01 0.000000000000000000e+00
1.080000000000000000e+02 -4.555299999999999905e+00 -1.742815999999999832e+01 0.000000000000000000e+00
1.090000000000000000e+02 -4.396219999999999573e+00 -1.449132999999999960e+01 0.000000000000000000e+00
1.100000000000000000e+02 -3.098349999999999937e+00 -1.284098999999999968e+01 0.000000000000000000e+00
1.110000000000000000e+02 -5.072799999999999976e+00 -1.218392000000000053e+01 0.000000000000000000e+00
1.120000000000000000e+02 -5.885629999999999917e+00 -1.011224999999999952e+01 0.000000000000000000e+00
1.130000000000000000e+02 -5.929289999999999949e+00 -8.009869999999999379e+00 0.000000000000000000e+00
1.140000000000000000e+02 -5.137719999999999843e+00 -6.090460000000000207e+00 0.000000000000000000e+00
1.150000000000000000e+02 -5.926350000000000229e+00 -3.739759999999999973e+00 0.000000000000000000e+00
1.160000000000000000e+02 -5.019800000000000040e+00 -1.264729999999999910e+00 0.000000000000000000e+00
1.170000000000000000e+02 -5.762019999999999698e+00 8.440999999999999615e-01 0.000000000000000000e+00
1.180000000000000000e+02 -5.584800000000000431e+00 4.021779999999999688e+00 0.000000000000000000e+00
1.190000000000000000e+02 -5.320450000000000124e+00 6.085980000000000167e+00 0.000000000000000000e+00
1.200000000000000000e+02 -5.710379999999999789e+00 8.181459999999999511e+00 0.000000000000000000e+00
1.210000000000000000e+02 -4.550049999999999706e+00 1.000000000000000000e+01 0.000000000000000000e+00
1.220000000000000000e+02 -5.342979999999999841e+00 1.196552999999999933e+01 0.000000000000000000e+00
1.230000000000000000e+02 -4.885650000000000048e+00 1.397541999999999973e+01 0.000000000000000000e+00
1.240000000000000000e+02 -5.004340000000000011e+00 1.607254000000000005e+01 0.000000000000000000e+00
1.250000000000000000e+02 -4.706789999999999807e+00 1.812865000000000038e+01 0.000000000000000000e+00
1.260000000000000000e+02 -3.093210000000000015e+00 -1.911301999999999879e+01 0.000000000000000000e+00
1.270000000000000000e+02 -2.524979999999999780e+00 -1.697707000000000122e+01 0.000000000000000000e+00
1.280000000000000000e+02 -2.044259999999999966e+00 -1.473703000000000074e+01 0.000000000000000000e+00
1.290000000000000000e+02 -3.089100000000000179e+00 -1.071997000000000000e+01 0.000000000000000000e+00
1.300000000000000000e+02 -3.981739999999999835e+00 -8.731059999999999377e+00 0.000000000000000000e+00
1.310000000000000000e+02 -3.021370000000000111e+00 -6.145839999999999748e+00 0.000000000000000000e+00
1.320000000000000000e+02 -1.763910000000000089e+00 -4.299959999999999560e+00 0.000000000000000000e+00
1.330000000000000000e+02 -3.887939999999999952e+00 -4.246319999999999872e+00 0.000000000000000000e+00
1.340000000000000000e+02 -3.077210000000000001e+00 -2.079610000000000181e+00 0.000000000000000000e+00
1.350000000000000000e+02 -3.503229999999999844e+00 8.173599999999999755e-01 0.000000000000000000e+00
1.360000000000000000e+02 -3.685470000000000024e+00 2.944440000000000168e+00 0.000000000000000000e+00
1.370000000000000000e+02 -3.555600000000000094e+00 5.035800000000000054e+00 0.000000000000000000e+00
1.380000000000000000e+02 -3.699770000000000003e+00 7.519919999999999938e+00 0.000000000000000000e+00
1.390000000000000000e+02 -2.550450000000000106e+00 9.386309999999999931e+00 0.000000000000000000e+00
1.400000000000000000e+02 -3.224229999999999929e+00 1.182081999999999944e+01 0.000000000000000000e+00
1.410000000000000000e+02 -2.688460000000000072e+00 1.397317999999999927e+01 0.000000000000000000e+00
1.420000000000000000e+02 -2.891280000000000072e+00 1.621169000000000082e+01 0.000000000000000000e+00
1.430000000000000000e+02 -2.295300000000000118e+00 1.850788999999999973e+01 0.000000000000000000e+00
1.440000000000000000e+02 -7.579700000000000326e-01 -1.836302999999999841e+01 0.000000000000000000e+00
1.450000000000000000e+02 -5.037399999999999656e-01 -1.627593999999999852e+01 0.000000000000000000e+00
1.460000000000000000e+02 -2.173899999999999999e-01 -1.377323999999999948e+01 0.000000000000000000e+00
1.470000000000000000e+02 -1.187980000000000036e+00 -1.192319999999999958e+01 0.000000000000000000e+00
1.480000000000000000e+02 -1.143180000000000085e+00 -9.754179999999999851e+00 0.000000000000000000e+00
1.490000000000000000e+02 -1.744779999999999998e+00 -7.759619999999999962e+00 0.000000000000000000e+00
1.500000000000000000e+02 -4.388799999999999923e-01 -6.166310000000000180e+00 0.000000000000000000e+00
1.510000000000000000e+02 -8.573800000000000310e-01 -2.416009999999999991e+00 0.000000000000000000e+00
1.520000000000000000e+02 -1.596899999999999986e+00 -2.553000000000000269e-01 0.000000000000000000e+00
1.530000000000000000e+02 4.277000000000000246e-02 1.068380000000000107e+00 0.000000000000000000e+00
1.540000000000000000e+02 -1.322449999999999903e+00 3.201130000000000031e+00 0.000000000000000000e+00
1.550000000000000000e+02 -1.203770000000000007e+00 5.522310000000000052e+00 0.000000000000000000e+00
1.560000000000000000e+02 -1.538739999999999997e+00 7.571780000000000399e+00 0.000000000000000000e+00
1.570000000000000000e+02 -6.151999999999999691e-01 1.030971000000000082e+01 0.000000000000000000e+00
1.580000000000000000e+02 -1.025060000000000082e+00 1.262992999999999988e+01 0.000000000000000000e+00
1.590000000000000000e+02 -7.068200000000000038e-01 1.474942000000000064e+01 0.000000000000000000e+00
1.600000000000000000e+02 -8.101899999999999658e-01 1.692055999999999827e+01 0.000000000000000000e+00
1.610000000000000000e+02 8.485000000000000320e-01 1.816801999999999850e+01 0.000000000000000000e+00
1.620000000000000000e+02 6.336399999999999810e-01 -2.002372000000000085e+01 0.000000000000000000e+00
1.630000000000000000e+02 1.196220000000000061e+00 -1.746700999999999837e+01 0.000000000000000000e+00
1.640000000000000000e+02 1.269770000000000065e+00 -1.519891999999999932e+01 0.000000000000000000e+00
1.650000000000000000e+02 1.484639999999999960e+00 -1.257037000000000049e+01 0.000000000000000000e+00
1.660000000000000000e+02 9.998399999999999510e-01 -1.049539000000000044e+01 0.000000000000000000e+00
1.670000000000000000e+02 8.145900000000000363e-01 -8.014490000000000336e+00 0.000000000000000000e+00
1.680000000000000000e+02 2.954700000000000104e-01 -4.129240000000000244e+00 0.000000000000000000e+00
1.690000000000000000e+02 1.765069999999999917e+00 -2.668320000000000025e+00 0.000000000000000000e+00
1.700000000000000000e+02 6.540799999999999947e-01 -9.196100000000000385e-01 0.000000000000000000e+00
1.710000000000000000e+02 2.759770000000000056e+00 -8.617000000000000215e-01 0.000000000000000000e+00
1.720000000000000000e+02 1.186800000000000077e+00 2.864050000000000207e+00 0.000000000000000000e+00
1.730000000000000000e+02 1.684339999999999948e+00 5.045440000000000147e+00 0.000000000000000000e+00
1.740000000000000000e+02 4.105900000000000105e-01 6.871150000000000091e+00 0.000000000000000000e+00
1.750000000000000000e+02 1.104510000000000103e+00 9.056810000000000471e+00 0.000000000000000000e+00
1.760000000000000000e+02 9.706700000000000328e-01 1.164192000000000071e+01 0.000000000000000000e+00
1.770000000000000000e+02 1.305269999999999930e+00 1.385656999999999961e+01 0.000000000000000000e+00
1.780000000000000000e+02 1.239119999999999999e+00 1.613671000000000078e+01 0.000000000000000000e+00
1.790000000000000000e+02 1.991179999999999950e+00 1.992782000000000053e+01 0.000000000000000000e+00
1.800000000000000000e+02 3.401510000000000034e+00 -1.856893000000000171e+01 0.000000000000000000e+00
1.810000000000000000e+02 3.014549999999999841e+00 -1.647211000000000070e+01 0.000000000000000000e+00
1.820000000000000000e+02 3.128289999999999793e+00 -1.403786999999999985e+01 0.000000000000000000e+00
1.830000000000000000e+02 3.150150000000000006e+00 -1.134333999999999953e+01 0.000000000000000000e+00
1.840000000000000000e+02 2.719460000000000210e+00 -9.028059999999999974e+00 0.000000000000000000e+00
1.850000000000000000e+02 3.272759999999999891e+00 -7.020570000000000199e+00 0.000000000000000000e+00
1.860000000000000000e+02 2.164480000000000182e+00 -5.111360000000000348e+00 0.000000000000000000e+00
1.870000000000000000e+02 3.776190000000000158e+00 -3.271780000000000133e+00 0.000000000000000000e+00
1.880000000000000000e+02 4.527980000000000338e+00 1.883199999999999874e-01 0.000000000000000000e+00
1.890000000000000000e+02 3.444010000000000016e+00 1.948120000000000074e+00 0.000000000000000000e+00
1.900000000000000000e+02 3.769940000000000069e+00 4.294950000000000045e+00 0.000000000000000000e+00
1.910000000000000000e+02 4.584730000000000416e+00 6.314239999999999853e+00 0.000000000000000000e+00
1.920000000000000000e+02 2.462740000000000151e+00 7.009389999999999787e+00 0.000000000000000000e+00
1.930000000000000000e+02 3.584719999999999906e+00 8.757749999999999702e+00 0.000000000000000000e+00
1.940000000000000000e+02 2.896259999999999835e+00 1.081109999999999971e+01 0.000000000000000000e+00
1.950000000000000000e+02 3.499789999999999957e+00 1.314472999999999914e+01 0.000000000000000000e+00
1.960000000000000000e+02 3.187409999999999854e+00 1.517148000000000074e+01 0.000000000000000000e+00
1.970000000000000000e+02 2.916529999999999845e+00 1.764617000000000147e+01 0.000000000000000000e+00
1.980000000000000000e+02 5.273509999999999920e+00 -1.740651000000000082e+01 0.000000000000000000e+00
1.990000000000000000e+02 4.869989999999999597e+00 -1.534174999999999933e+01 0.000000000000000000e+00
2.000000000000000000e+02 4.836630000000000429e+00 -1.266973999999999911e+01 0.000000000000000000e+00
2.010000000000000000e+02 5.867880000000000429e+00 -1.079252999999999929e+01 0.000000000000000000e+00
2.020000000000000000e+02 4.850929999999999964e+00 -8.752769999999999939e+00 0.000000000000000000e+00
2.030000000000000000e+02 5.898749999999999716e+00 -6.859070000000000000e+00 0.000000000000000000e+00
2.040000000000000000e+02 4.425220000000000375e+00 -5.252919999999999590e+00 0.000000000000000000e+00
2.050000000000000000e+02 5.244780000000000442e+00 -1.755840000000000067e+00 0.000000000000000000e+00
2.060000000000000000e+02 6.751470000000000304e+00 -9.687999999999999390e-02 0.000000000000000000e+00
2.070000000000000000e+02 5.767949999999999910e+00 1.977600000000000025e+00 0.000000000000000000e+00
2.080000000000000000e+02 6.118730000000000224e+00 4.062490000000000379e+00 0.000000000000000000e+00
2.090000000000000000e+02 6.666059999999999874e+00 6.340110000000000134e+00 0.000000000000000000e+00
2.100000000000000000e+02 5.660809999999999675e+00 8.138099999999999667e+00 0.000000000000000000e+00
2.110000000000000000e+02 4.905759999999999899e+00 1.036106000000000016e+01 0.000000000000000000e+00
2.120000000000000000e+02 5.655789999999999651e+00 1.245097999999999949e+01 0.000000000000000000e+00
2.130000000000000000e+02 5.207250000000000156e+00 1.456231999999999971e+01 0.000000000000000000e+00
2.140000000000000000e+02 4.771410000000000373e+00 1.667433000000000121e+01 0.000000000000000000e+00
2.150000000000000000e+02 4.634809999999999874e+00 1.896594999999999942e+01 0.000000000000000000e+00
2.160000000000000000e+02 5.666719999999999757e+00 -1.961364000000000019e+01 0.000000000000000000e+00
2.170000000000000000e+02 6.922950000000000159e+00 -1.616003999999999863e+01 0.000000000000000000e+00
2.180000000000000000e+02 6.684370000000000367e+00 -1.406217000000000006e+01 0.000000000000000000e+00
2.190000000000000000e+02 7.629889999999999617e+00 -1.219966999999999935e+01 0.000000000000000000e+00
2.200000000000000000e+02 7.533079999999999998e+00 -9.100709999999999411e+00 0.000000000000000000e+00
2.210000000000000000e+02 8.104250000000000398e+00 -7.054070000000000285e+00 0.000000000000000000e+00
2.220000000000000000e+02 8.055529999999999191e+00 -4.900649999999999729e+00 0.000000000000000000e+00
2.230000000000000000e+02 6.066489999999999938e+00 -4.004199999999999982e+00 0.000000000000000000e+00
2.240000000000000000e+02 7.321069999999999744e+00 -2.196989999999999998e+00 0.000000000000000000e+00
2.250000000000000000e+02 8.932769999999999655e+00 7.548099999999999810e-01 0.000000000000000000e+00
2.260000000000000000e+02 7.971519999999999939e+00 3.098500000000000032e+00 0.000000000000000000e+00
2.270000000000000000e+02 8.403810000000000002e+00 5.141820000000000057e+00 0.000000000000000000e+00
2.280000000000000000e+02 7.962480000000000224e+00 8.360559999999999548e+00 0.000000000000000000e+00
2.290000000000000000e+02 6.984149999999999636e+00 1.026966999999999963e+01 0.000000000000000000e+00
2.300000000000000000e+02 8.220439999999999969e+00 1.208948999999999963e+01 0.000000000000000000e+00
2.310000000000000000e+02 7.303930000000000256e+00 1.409207999999999927e+01 0.000000000000000000e+00
2.320000000000000000e+02 6.763160000000000061e+00 1.612845000000000084e+01 0.000000000000000000e+00
2.330000000000000000e+02 6.871470000000000411e+00 1.822459999999999880e+01 0.000000000000000000e+00
2.340000000000000000e+02 7.306820000000000093e+00 -1.823229999999999862e+01 0.000000000000000000e+00
2.350000000000000000e+02 9.057729999999999393e+00 -1.683269999999999911e+01 0.000000000000000000e+00
2.360000000000000000e+02 9.074909999999999144e+00 -1.418134000000000050e+01 0.000000000000000000e+00
2.370000000000000000e+02 9.712740000000000151e+00 -1.216670000000000051e+01 0.000000000000000000e+00
2.380000000000000000e+02 9.365470000000000184e+00 -1.010194000000000081e+01 0.000000000000000000e+00
2.390000000000000000e+02 9.949429999999999552e+00 -8.004289999999999239e+00 0.000000000000000000e+00
2.400000000000000000e+02 1.002427999999999919e+01 -5.896819999999999951e+00 0.000000000000000000e+00
2.410000000000000000e+02 1.019924999999999926e+01 -3.465199999999999836e+00 0.000000000000000000e+00
2.420000000000000000e+02 9.263239999999999696e+00 -1.353979999999999961e+00 0.000000000000000000e+00
2.430000000000000000e+02 1.130036999999999914e+01 2.006460000000000132e+00 0.000000000000000000e+00
2.440000000000000000e+02 1.007297999999999938e+01 3.805909999999999904e+00 0.000000000000000000e+00
2.450000000000000000e+02 1.097568000000000055e+01 5.879120000000000346e+00 0.000000000000000000e+00
2.460000000000000000e+02 1.007901000000000025e+01 7.784980000000000011e+00 0.000000000000000000e+00
2.470000000000000000e+02 9.227999999999999758e+00 1.006896000000000058e+01 0.000000000000000000e+00
2.480000000000000000e+02 1.032380000000000031e+01 1.192329999999999934e+01 0.000000000000000000e+00
2.490000000000000000e+02 9.442249999999999588e+00 1.385615999999999914e+01 0.000000000000000000e+00
2.500000000000000000e+02 8.880110000000000170e+00 1.606032000000000082e+01 0.000000000000000000e+00
2.510000000000000000e+02 8.935309999999999420e+00 1.914843000000000117e+01 0.000000000000000000e+00
2.520000000000000000e+02 1.059787999999999997e+01 -1.842560999999999893e+01 0.000000000000000000e+00
2.530000000000000000e+02 1.079340000000000011e+01 -1.561212000000000089e+01 0.000000000000000000e+00
2.540000000000000000e+02 1.121912000000000020e+01 -1.360069000000000017e+01 0.000000000000000000e+00
2.550000000000000000e+02 1.170692999999999984e+01 -1.158497999999999983e+01 0.000000000000000000e+00
2.560000000000000000e+02 1.162140999999999913e+01 -9.469469999999999388e+00 0.000000000000000000e+00
2.570000000000000000e+02 1.181514999999999915e+01 -7.045889999999999986e+00 0.000000000000000000e+00
2.580000000000000000e+02 1.213335999999999970e+01 -4.691679999999999851e+00 0.000000000000000000e+00
2.590000000000000000e+02 1.250985999999999976e+01 -2.559410000000000185e+00 0.000000000000000000e+00
2.600000000000000000e+02 1.123168000000000077e+01 -4.664699999999999958e-01 0.000000000000000000e+00
2.610000000000000000e+02 1.312998999999999938e+01 9.715300000000000047e-01 0.000000000000000000e+00
2.620000000000000000e+02 1.225730000000000075e+01 4.088230000000000253e+00 0.000000000000000000e+00
2.630000000000000000e+02 1.337087000000000003e+01 5.912279999999999980e+00 0.000000000000000000e+00
2.640000000000000000e+02 1.220085000000000086e+01 7.774949999999999584e+00 0.000000000000000000e+00
2.650000000000000000e+02 1.126631000000000071e+01 9.637069999999999581e+00 0.000000000000000000e+00
2.660000000000000000e+02 1.241447999999999929e+01 1.165906000000000020e+01 0.000000000000000000e+00
2.670000000000000000e+02 1.175760999999999967e+01 1.364825000000000088e+01 0.000000000000000000e+00
2.680000000000000000e+02 1.088103000000000087e+01 1.553509999999999991e+01 0.000000000000000000e+00
2.690000000000000000e+02 1.033006999999999920e+01 1.760895000000000010e+01 0.000000000000000000e+00
2.700000000000000000e+02 1.231095000000000006e+01 -1.713331000000000159e+01 0.000000000000000000e+00
2.710000000000000000e+02 1.290706999999999915e+01 -1.486863999999999919e+01 0.000000000000000000e+00
2.720000000000000000e+02 1.343481000000000058e+01 -1.287950000000000017e+01 0.000000000000000000e+00
2.730000000000000000e+02 1.375994000000000028e+01 -1.059572999999999965e+01 0.000000000000000000e+00
2.740000000000000000e+02 1.350015999999999927e+01 -8.507970000000000255e+00 0.000000000000000000e+00
2.750000000000000000e+02 1.387398999999999916e+01 -6.415960000000000107e+00 0.000000000000000000e+00
2.760000000000000000e+02 1.544637999999999955e+01 -4.886790000000000411e+00 0.000000000000000000e+00
2.770000000000000000e+02 1.463601000000000063e+01 -2.909909999999999997e+00 0.000000000000000000e+00
2.780000000000000000e+02 1.392572999999999972e+01 -9.322399999999999576e-01 0.000000000000000000e+00
2.790000000000000000e+02 1.540783000000000058e+01 1.169559999999999933e+00 0.000000000000000000e+00
2.800000000000000000e+02 1.422381000000000029e+01 2.857289999999999885e+00 0.000000000000000000e+00
2.810000000000000000e+02 1.519652999999999921e+01 4.750040000000000262e+00 0.000000000000000000e+00
2.820000000000000000e+02 1.625664000000000087e+01 7.093289999999999651e+00 0.000000000000000000e+00
2.830000000000000000e+02 1.444246000000000052e+01 8.108459999999999113e+00 0.000000000000000000e+00
2.840000000000000000e+02 1.395914999999999928e+01 1.019325000000000081e+01 0.000000000000000000e+00
2.850000000000000000e+02 1.543743000000000087e+01 1.206743999999999950e+01 0.000000000000000000e+00
2.860000000000000000e+02 1.401895000000000024e+01 1.365929000000000038e+01 0.000000000000000000e+00
2.870000000000000000e+02 1.299249000000000009e+01 1.552247000000000021e+01 0.000000000000000000e+00
2.880000000000000000e+02 1.438423000000000052e+01 -1.649070999999999998e+01 0.000000000000000000e+00
2.890000000000000000e+02 1.507047999999999988e+01 -1.430549000000000071e+01 0.000000000000000000e+00
2.900000000000000000e+02 1.547042000000000073e+01 -1.224431000000000047e+01 0.000000000000000000e+00
2.910000000000000000e+02 1.685695000000000121e+01 -1.069300999999999924e+01 0.000000000000000000e+00
2.920000000000000000e+02 1.553565000000000040e+01 -9.047290000000000276e+00 0.000000000000000000e+00
2.930000000000000000e+02 1.587448999999999977e+01 -6.924780000000000157e+00 0.000000000000000000e+00
2.940000000000000000e+02 1.765812999999999988e+01 -5.657639999999999780e+00 0.000000000000000000e+00
2.950000000000000000e+02 1.679038999999999859e+01 -3.037119999999999820e+00 0.000000000000000000e+00
2.960000000000000000e+02 1.608033999999999963e+01 -9.716099999999999737e-01 0.000000000000000000e+00
2.970000000000000000e+02 1.748573999999999984e+01 1.001810000000000089e+00 0.000000000000000000e+00
2.980000000000000000e+02 1.671668999999999983e+01 3.080799999999999983e+00 0.000000000000000000e+00
2.990000000000000000e+02 1.792420999999999864e+01 5.613570000000000171e+00 0.000000000000000000e+00
