0.000000000000000000e+00 -1.459411000000000058e+01 -1.469683000000000028e+01 0.000000000000000000e+00
1.000000000000000000e+00 -1.505156999999999989e+01 -1.264366000000000057e+01 0.000000000000000000e+00
2.000000000000000000e+00 -1.516965000000000074e+01 -1.058811000000000035e+01 0.000000000000000000e+00
3.000000000000000000e+00 -1.565626999999999924e+01 -8.369600000000000151e+00 0.000000000000000000e+00
4.000000000000000000e+00 -1.772510000000000119e+01 -7.400640000000000107e+00 0.000000000000000000e+00
5.000000000000000000e+00 -1.783783999999999992e+01 -5.177150000000000141e+00 0.000000000000000000e+00
6.000000000000000000e+00 -1.610408999999999935e+01 -3.759830000000000005e+00 0.000000000000000000e+00
7.000000000000000000e+00 -1.785921000000000092e+01 -2.649509999999999810e+00 0.000000000000000000e+00
8.000000000000000000e+00 -1.798426999999999865e+01 -5.990499999999999714e-01 0.000000000000000000e+00
9.000000000000000000e+00 -1.998338999999999999e+01 2.262000000000000122e-01 0.000000000000000000e+00
1.000000000000000000e+01 -1.805545000000000044e+01 2.034019999999999939e+00 0.000000000000000000e+00
1.100000000000000000e+01 -1.626044999999999874e+01 3.148460000000000036e+00 0.000000000000000000e+00
1.200000000000000000e+01 -1.591468000000000060e+01 5.542110000000000092e+00 0.000000000000000000e+00
1.300000000000000000e+01 -1.768308999999999997e+01 6.940640000000000143e+00 0.000000000000000000e+00
1.400000000000000000e+01 -1.587031999999999954e+01 7.942120000000000068e+00 0.000000000000000000e+00
1.500000000000000000e+01 -1.544134000000000029e+01 9.985730000000000217e+00 0.000000000000000000e+00
1.600000000000000000e+01 -1.480338000000000065e+01 1.202393000000000001e+01 0.000000000000000000e+00
1.700000000000000000e+01 -1.456155000000000044e+01 1.418066999999999922e+01 0.000000000000000000e+00
1.800000000000000000e+01 -1.277951999999999977e+01 -1.570185999999999993e+01 0.000000000000000000e+00
1.900000000000000000e+01 -1.290171999999999919e+01 -1.348722000000000065e+01 0.000000000000000000e+00
2.000000000000000000e+01 -1.323066999999999993e+01 -1.135238000000000014e+01 0.000000000000000000e+00
2.100000000000000000e+01 -1.347738999999999976e+01 -9.185689999999999245e+00 0.000000000000000000e+00
2.200000000000000000e+01 -1.388724000000000025e+01 -7.133989999999999831e+00 0.000000000000000000e+00
2.300000000000000000e+01 -1.585788999999999938e+01 -6.308110000000000106e+00 0.000000000000000000e+00
2.400000000000000000e+01 -1.418571000000000026e+01 -4.684090000000000309e+00 0.000000000000000000e+00
2.500000000000000000e+01 -1.434373000000000076e+01 -2.592950000000000088e+00 0.000000000000000000e+00
2.600000000000000000e+01 -1.611618999999999957e+01 -1.538939999999999975e+00 0.000000000000000000e+00
2.700000000000000000e+01 -1.445132000000000083e+01 -1.879599999999999882e-01 0.000000000000000000e+00
2.800000000000000000e+01 -1.627039999999999864e+01 8.080800000000000205e-01 0.000000000000000000e+00
2.900000000000000000e+01 -1.437519999999999953e+01 2.115460000000000118e+00 0.000000000000000000e+00
3.000000000000000000e+01 -1.420453999999999972e+01 4.299039999999999750e+00 0.000000000000000000e+00
3.100000000000000000e+01 -1.407240000000000002e+01 6.481980000000000075e+00 0.000000000000000000e+00
3.200000000000000000e+01 -1.376054000000000066e+01 8.766600000000000392e+00 0.000000000000000000e+00
3.300000000000000000e+01 -1.307273999999999958e+01 1.075378000000000078e+01 0.000000000000000000e+00
3.400000000000000000e+01 -1.285581999999999958e+01 1.286326000000000036e+01 0.000000000000000000e+00
3.500000000000000000e+01 -1.258553000000000033e+01 1.489896000000000065e+01 0.000000000000000000e+00
3.600000000000000000e+01 -1.061856000000000044e+01 -1.639834000000000103e+01 0.000000000000000000e+00
3.700000000000000000e+01 -1.101740999999999993e+01 -1.431152999999999942e+01 0.000000000000000000e+00
3.800000000000000000e+01 -1.128814999999999991e+01 -1.212711999999999968e+01 0.000000000000000000e+00
3.900000000000000000e+01 -1.156054999999999922e+01 -1.006948000000000043e+01 0.000000000000000000e+00
4.000000000000000000e+01 -1.186466000000000065e+01 -7.845040000000000013e+00 0.000000000000000000e+00
4.100000000000000000e+01 -1.206995000000000040e+01 -5.794010000000000105e+00 0.000000000000000000e+00
4.200000000000000000e+01 -1.041333999999999982e+01 -4.517159999999999620e+00 0.000000000000000000e+00
4.300000000000000000e+01 -1.235895000000000010e+01 -3.648229999999999862e+00 0.000000000000000000e+00
4.400000000000000000e+01 -1.263598999999999961e+01 -1.192639999999999922e+00 0.000000000000000000e+00
4.500000000000000000e+01 -1.075653999999999932e+01 -2.637399999999999745e-01 0.000000000000000000e+00
4.600000000000000000e+01 -1.246381000000000050e+01 9.248600000000000154e-01 0.000000000000000000e+00
4.700000000000000000e+01 -1.246010000000000062e+01 3.038390000000000146e+00 0.000000000000000000e+00
4.800000000000000000e+01 -1.228060999999999936e+01 5.277890000000000192e+00 0.000000000000000000e+00
4.900000000000000000e+01 -1.203098999999999918e+01 7.414010000000000211e+00 0.000000000000000000e+00
5.000000000000000000e+01 -1.143055999999999983e+01 9.437039999999999651e+00 0.000000000000000000e+00
5.100000000000000000e+01 -1.117786000000000080e+01 1.155752999999999986e+01 0.000000000000000000e+00
5.200000000000000000e+01 -1.084651000000000032e+01 1.375830000000000020e+01 0.000000000000000000e+00
5.300000000000000000e+01 -1.051871000000000045e+01 1.590108999999999995e+01 0.000000000000000000e+00
5.400000000000000000e+01 -8.721479999999999677e+00 -1.743589000000000055e+01 0.000000000000000000e+00
5.500000000000000000e+01 -9.009859999999999758e+00 -1.505208999999999975e+01 0.000000000000000000e+00
5.600000000000000000e+01 -9.384439999999999671e+00 -1.301468999999999987e+01 0.000000000000000000e+00
5.700000000000000000e+01 -9.640930000000000888e+00 -1.081614000000000075e+01 0.000000000000000000e+00
5.800000000000000000e+01 -9.949849999999999639e+00 -8.741920000000000357e+00 0.000000000000000000e+00
5.900000000000000000e+01 -1.011279000000000039e+01 -6.642850000000000144e+00 0.000000000000000000e+00
6.000000000000000000e+01 -8.405239999999999156e+00 -5.423860000000000348e+00 0.000000000000000000e+00
6.100000000000000000e+01 -8.628109999999999502e+00 -3.362039999999999917e+00 0.000000000000000000e+00
6.200000000000000000e+01 -1.071050999999999931e+01 -2.370319999999999983e+00 0.000000000000000000e+00
6.300000000000000000e+01 -8.878750000000000142e+00 8.348299999999999610e-01 0.000000000000000000e+00
6.400000000000000000e+01 -1.066849999999999987e+01 2.001440000000000108e+00 0.000000000000000000e+00
6.500000000000000000e+01 -1.054972000000000065e+01 4.087970000000000326e+00 0.000000000000000000e+00
6.600000000000000000e+01 -1.011843000000000004e+01 6.244989999999999597e+00 0.000000000000000000e+00
6.700000000000000000e+01 -9.690099999999999270e+00 8.319960000000000022e+00 0.000000000000000000e+00
6.800000000000000000e+01 -9.326309999999999434e+00 1.036176000000000030e+01 0.000000000000000000e+00
6.900000000000000000e+01 -9.024530000000000385e+00 1.243702000000000041e+01 0.000000000000000000e+00
7.000000000000000000e+01 -8.603329999999999700e+00 1.470805999999999969e+01 0.000000000000000000e+00
7.100000000000000000e+01 -8.423209999999999198e+00 1.676405000000000101e+01 0.000000000000000000e+00
7.200000000000000000e+01 -7.116889999999999716e+00 -1.596842000000000006e+01 0.000000000000000000e+00
7.300000000000000000e+01 -7.297439999999999927e+00 -1.371430999999999933e+01 0.000000000000000000e+00
7.400000000000000000e+01 -7.769120000000000026e+00 -1.171668999999999983e+01 0.000000000000000000e+00
7.500000000000000000e+01 -7.908940000000000303e+00 -9.614829999999999544e+00 0.000000000000000000e+00
7.600000000000000000e+01 -8.146990000000000620e+00 -7.546529999999999738e+00 0.000000000000000000e+00
7.700000000000000000e+01 -6.496120000000000339e+00 -6.205119999999999969e+00 0.000000000000000000e+00
7.800000000000000000e+01 -6.671859999999999680e+00 -4.097620000000000040e+00 0.000000000000000000e+00
7.900000000000000000e+01 -6.957259999999999778e+00 -2.021590000000000220e+00 0.000000000000000000e+00
8.000000000000000000e+01 -8.929180000000000561e+00 -1.313549999999999995e+00 0.000000000000000000e+00
8.100000000000000000e+01 -6.846339999999999648e+00 4.603999999999999759e-01 0.000000000000000000e+00
8.200000000000000000e+01 -8.797109999999999985e+00 2.938889999999999780e+00 0.000000000000000000e+00
8.300000000000000000e+01 -8.457700000000000884e+00 4.998160000000000380e+00 0.000000000000000000e+00
8.400000000000000000e+01 -8.032989999999999853e+00 7.039749999999999730e+00 0.000000000000000000e+00
8.500000000000000000e+01 -7.581750000000000433e+00 9.122840000000000060e+00 0.000000000000000000e+00
8.600000000000000000e+01 -7.311869999999999870e+00 1.121157000000000004e+01 0.000000000000000000e+00
8.700000000000000000e+01 -6.958079999999999821e+00 1.341390999999999956e+01 0.000000000000000000e+00
8.800000000000000000e+01 -6.419369999999999798e+00 1.547096999999999944e+01 0.000000000000000000e+00
8.900000000000000000e+01 -6.026119999999999699e+00 1.750330999999999904e+01 0.000000000000000000e+00
9.000000000000000000e+01 -5.267549999999999955e+00 -1.691519999999999868e+01 0.000000000000000000e+00
9.100000000000000000e+01 -5.439619999999999678e+00 -1.476834999999999987e+01 0.000000000000000000e+00
9.200000000000000000e+01 -5.574770000000000003e+00 -1.257400999999999947e+01 0.000000000000000000e+00
9.300000000000000000e+01 -6.014829999999999899e+00 -1.048934000000000033e+01 0.000000000000000000e+00
9.400000000000000000e+01 -6.187160000000000437e+00 -8.365349999999999397e+00 0.000000000000000000e+00
9.500000000000000000e+01 -4.404989999999999739e+00 -7.010449999999999626e+00 0.000000000000000000e+00
9.600000000000000000e+01 -4.773170000000000357e+00 -4.943389999999999951e+00 0.000000000000000000e+00
9.700000000000000000e+01 -5.024269999999999570e+00 -2.852240000000000109e+00 0.000000000000000000e+00
9.800000000000000000e+01 -5.174080000000000013e+00 -7.632100000000000550e-01 0.000000000000000000e+00
9.900000000000000000e+01 -5.318939999999999557e+00 1.861990000000000034e+00 0.000000000000000000e+00
1.000000000000000000e+02 -6.850740000000000052e+00 3.620740000000000069e+00 0.000000000000000000e+00
1.010000000000000000e+02 -6.481779999999999653e+00 5.662079999999999558e+00 0.000000000000000000e+00
1.020000000000000000e+02 -5.949150000000000382e+00 7.766479999999999606e+00 0.000000000000000000e+00
1.030000000000000000e+02 -5.619580000000000020e+00 9.880599999999999383e+00 0.000000000000000000e+00
1.040000000000000000e+02 -5.409489999999999910e+00 1.202646000000000015e+01 0.000000000000000000e+00
1.050000000000000000e+02 -4.796190000000000175e+00 1.400277999999999956e+01 0.000000000000000000e+00
1.060000000000000000e+02 -4.388370000000000104e+00 1.608971000000000018e+01 0.000000000000000000e+00
1.070000000000000000e+02 -3.947859999999999925e+00 1.812512999999999863e+01 0.000000000000000000e+00
1.080000000000000000e+02 -3.312660000000000160e+00 -1.766327000000000069e+01 0.000000000000000000e+00
1.090000000000000000e+02 -3.421089999999999964e+00 -1.560412999999999961e+01 0.000000000000000000e+00
1.100000000000000000e+02 -3.672849999999999948e+00 -1.339167999999999914e+01 0.000000000000000000e+00
1.110000000000000000e+02 -3.927610000000000046e+00 -1.120538999999999952e+01 0.000000000000000000e+00
1.120000000000000000e+02 -4.244419999999999860e+00 -9.123039999999999594e+00 0.000000000000000000e+00
1.130000000000000000e+02 -2.498979999999999979e+00 -7.905859999999999665e+00 0.000000000000000000e+00
1.140000000000000000e+02 -2.686269999999999936e+00 -5.785929999999999573e+00 0.000000000000000000e+00
1.150000000000000000e+02 -3.067969999999999864e+00 -3.696559999999999846e+00 0.000000000000000000e+00
1.160000000000000000e+02 -3.271469999999999878e+00 -1.559509999999999952e+00 0.000000000000000000e+00
1.170000000000000000e+02 -3.496119999999999894e+00 5.512700000000000378e-01 0.000000000000000000e+00
1.180000000000000000e+02 -4.860789999999999722e+00 4.277120000000000033e+00 0.000000000000000000e+00
1.190000000000000000e+02 -2.813639999999999919e+00 4.889420000000000321e+00 0.000000000000000000e+00
1.200000000000000000e+02 -4.291710000000000136e+00 6.407949999999999591e+00 0.000000000000000000e+00
1.210000000000000000e+02 -3.891820000000000057e+00 8.531190000000000495e+00 0.000000000000000000e+00
1.220000000000000000e+02 -3.602669999999999817e+00 1.065169999999999995e+01 0.000000000000000000e+00
1.230000000000000000e+02 -3.133160000000000167e+00 1.265612999999999921e+01 0.000000000000000000e+00
1.240000000000000000e+02 -2.842220000000000191e+00 1.470129999999999981e+01 0.000000000000000000e+00
1.250000000000000000e+02 -2.407059999999999977e+00 1.671723000000000070e+01 0.000000000000000000e+00
1.260000000000000000e+02 -1.452329999999999899e+00 -1.871500999999999948e+01 0.000000000000000000e+00
1.270000000000000000e+02 -1.530210000000000070e+00 -1.650088999999999828e+01 0.000000000000000000e+00
1.280000000000000000e+02 -1.703300000000000036e+00 -1.421676000000000073e+01 0.000000000000000000e+00
1.290000000000000000e+02 -2.018409999999999815e+00 -1.216970000000000063e+01 0.000000000000000000e+00
1.300000000000000000e+02 -2.198589999999999822e+00 -1.001162000000000063e+01 0.000000000000000000e+00
1.310000000000000000e+02 -7.541299999999999670e-01 -6.751219999999999999e+00 0.000000000000000000e+00
1.320000000000000000e+02 -9.719400000000000261e-01 -4.654130000000000322e+00 0.000000000000000000e+00
1.330000000000000000e+02 -1.205200000000000049e+00 -2.606180000000000163e+00 0.000000000000000000e+00
1.340000000000000000e+02 -1.454479999999999995e+00 -4.378099999999999770e-01 0.000000000000000000e+00
1.350000000000000000e+02 -3.431839999999999780e+00 2.698729999999999851e+00 0.000000000000000000e+00
1.360000000000000000e+02 -1.076549999999999896e+00 3.649589999999999890e+00 0.000000000000000000e+00
1.370000000000000000e+02 -6.571599999999999664e-01 5.703700000000000436e+00 0.000000000000000000e+00
1.380000000000000000e+02 -2.355350000000000055e+00 7.116690000000000182e+00 0.000000000000000000e+00
1.390000000000000000e+02 -1.930050000000000043e+00 9.244780000000000442e+00 0.000000000000000000e+00
1.400000000000000000e+02 -1.505060000000000064e+00 1.127417999999999942e+01 0.000000000000000000e+00
1.410000000000000000e+02 -1.106170000000000098e+00 1.330607000000000006e+01 0.000000000000000000e+00
1.420000000000000000e+02 -7.250400000000000178e-01 1.550000000000000000e+01 0.000000000000000000e+00
1.430000000000000000e+02 -1.961030000000000051e+00 1.891970999999999847e+01 0.000000000000000000e+00
1.440000000000000000e+02 4.392699999999999938e-01 -1.715419999999999945e+01 0.000000000000000000e+00
1.450000000000000000e+02 3.426899999999999946e-01 -1.506451999999999991e+01 0.000000000000000000e+00
1.460000000000000000e+02 6.165000000000000341e-02 -1.301210000000000022e+01 0.000000000000000000e+00
1.470000000000000000e+02 -3.148699999999999832e-01 -1.092793999999999954e+01 0.000000000000000000e+00
1.480000000000000000e+02 1.522159999999999958e+00 -9.620380000000000820e+00 0.000000000000000000e+00
1.490000000000000000e+02 -4.847400000000000042e-01 -8.845119999999999649e+00 0.000000000000000000e+00
1.500000000000000000e+02 9.548699999999999966e-01 -5.490899999999999892e+00 0.000000000000000000e+00
1.510000000000000000e+02 6.759600000000000053e-01 -3.428329999999999878e+00 0.000000000000000000e+00
1.520000000000000000e+02 4.802100000000000257e-01 -1.340170000000000083e+00 0.000000000000000000e+00
1.530000000000000000e+02 3.223199999999999954e-01 7.643799999999999484e-01 0.000000000000000000e+00
1.540000000000000000e+02 -1.651149999999999896e+00 1.644179999999999975e+00 0.000000000000000000e+00
1.550000000000000000e+02 1.290910000000000002e+00 4.864559999999999995e+00 0.000000000000000000e+00
1.560000000000000000e+02 -4.105199999999999960e-01 7.801350000000000229e+00 0.000000000000000000e+00
1.570000000000000000e+02 6.716999999999999360e-02 9.821680000000000632e+00 0.000000000000000000e+00
1.580000000000000000e+02 4.994500000000000051e-01 1.188734000000000002e+01 0.000000000000000000e+00
1.590000000000000000e+02 9.242700000000000360e-01 1.398537999999999926e+01 0.000000000000000000e+00
1.600000000000000000e+02 -6.028000000000000025e-02 1.757289000000000101e+01 0.000000000000000000e+00
1.610000000000000000e+02 -5.426000000000000267e-02 1.977368999999999843e+01 0.000000000000000000e+00
1.620000000000000000e+02 8.507799999999999807e-01 -1.931293000000000148e+01 0.000000000000000000e+00
1.630000000000000000e+02 2.536659999999999915e+00 -1.785612000000000066e+01 0.000000000000000000e+00
1.640000000000000000e+02 2.159800000000000164e+00 -1.375059000000000076e+01 0.000000000000000000e+00
1.650000000000000000e+02 1.711430000000000007e+00 -1.172513999999999967e+01 0.000000000000000000e+00
1.660000000000000000e+02 3.298249999999999904e+00 -8.356040000000000134e+00 0.000000000000000000e+00
1.670000000000000000e+02 1.374330000000000052e+00 -7.548339999999999606e+00 0.000000000000000000e+00
1.680000000000000000e+02 2.621980000000000199e+00 -4.259330000000000283e+00 0.000000000000000000e+00
1.690000000000000000e+02 3.117199999999999971e+00 -2.086590000000000167e+00 0.000000000000000000e+00
1.700000000000000000e+02 2.182090000000000085e+00 -1.575100000000000111e-01 0.000000000000000000e+00
1.710000000000000000e+02 2.726999999999999869e+00 1.855210000000000026e+00 0.000000000000000000e+00
1.720000000000000000e+02 8.497200000000000308e-01 2.763030000000000097e+00 0.000000000000000000e+00
1.730000000000000000e+02 3.213509999999999867e+00 3.907750000000000057e+00 0.000000000000000000e+00
1.740000000000000000e+02 2.507159999999999833e+00 6.551079999999999792e+00 0.000000000000000000e+00
1.750000000000000000e+02 1.604659999999999975e+00 8.451739999999999142e+00 0.000000000000000000e+00
1.760000000000000000e+02 2.027089999999999836e+00 1.048995000000000033e+01 0.000000000000000000e+00
1.770000000000000000e+02 2.478829999999999867e+00 1.254223999999999961e+01 0.000000000000000000e+00
1.780000000000000000e+02 1.427910000000000013e+00 1.614103000000000065e+01 0.000000000000000000e+00
1.790000000000000000e+02 4.325249999999999595e+00 1.881975999999999871e+01 0.000000000000000000e+00
1.800000000000000000e+02 2.921720000000000095e+00 -2.003275000000000006e+01 0.000000000000000000e+00
1.810000000000000000e+02 2.380660000000000220e+00 -1.580452000000000012e+01 0.000000000000000000e+00
1.820000000000000000e+02 3.909289999999999932e+00 -1.247568000000000055e+01 0.000000000000000000e+00
1.830000000000000000e+02 3.409839999999999982e+00 -1.047678999999999938e+01 0.000000000000000000e+00
1.840000000000000000e+02 5.044439999999999813e+00 -7.140810000000000102e+00 0.000000000000000000e+00
1.850000000000000000e+02 3.040179999999999882e+00 -6.276989999999999625e+00 0.000000000000000000e+00
1.860000000000000000e+02 5.823489999999999611e+00 -5.212089999999999890e+00 0.000000000000000000e+00
1.870000000000000000e+02 4.580639999999999823e+00 -3.532890000000000086e+00 0.000000000000000000e+00
1.880000000000000000e+02 5.463280000000000136e+00 -1.516359999999999930e+00 0.000000000000000000e+00
1.890000000000000000e+02 4.229169999999999874e+00 1.441600000000000104e-01 0.000000000000000000e+00
1.900000000000000000e+02 4.763639999999999652e+00 2.172159999999999869e+00 0.000000000000000000e+00
1.910000000000000000e+02 4.350509999999999877e+00 5.652669999999999639e+00 0.000000000000000000e+00
1.920000000000000000e+02 5.081170000000000186e+00 7.605940000000000367e+00 0.000000000000000000e+00
1.930000000000000000e+02 3.601789999999999825e+00 9.059559999999999391e+00 0.000000000000000000e+00
1.940000000000000000e+02 4.092159999999999798e+00 1.108146999999999949e+01 0.000000000000000000e+00
1.950000000000000000e+02 4.563410000000000188e+00 1.310284000000000049e+01 0.000000000000000000e+00
1.960000000000000000e+02 3.046129999999999782e+00 1.455458999999999925e+01 0.000000000000000000e+00
1.970000000000000000e+02 1.966720000000000024e+00 1.822192000000000078e+01 0.000000000000000000e+00
1.980000000000000000e+02 4.556359999999999744e+00 -1.869165999999999883e+01 0.000000000000000000e+00
1.990000000000000000e+02 4.403389999999999915e+00 -1.662008000000000152e+01 0.000000000000000000e+00
2.000000000000000000e+02 4.074639999999999596e+00 -1.454293000000000013e+01 0.000000000000000000e+00
2.010000000000000000e+02 5.437899999999999956e+00 -1.106054999999999922e+01 0.000000000000000000e+00
2.020000000000000000e+02 6.044080000000000119e+00 -9.019140000000000157e+00 0.000000000000000000e+00
2.030000000000000000e+02 7.097100000000000186e+00 -6.838890000000000136e+00 0.000000000000000000e+00
2.040000000000000000e+02 7.923090000000000188e+00 -4.852509999999999657e+00 0.000000000000000000e+00
2.050000000000000000e+02 6.664159999999999862e+00 -3.202379999999999782e+00 0.000000000000000000e+00
2.060000000000000000e+02 7.556560000000000166e+00 -1.179880000000000040e+00 0.000000000000000000e+00
2.070000000000000000e+02 6.292749999999999844e+00 4.900399999999999756e-01 0.000000000000000000e+00
2.080000000000000000e+02 7.000810000000000421e+00 2.445329999999999782e+00 0.000000000000000000e+00
2.090000000000000000e+02 5.686569999999999681e+00 4.050639999999999574e+00 0.000000000000000000e+00
2.100000000000000000e+02 6.397330000000000183e+00 5.996380000000000265e+00 0.000000000000000000e+00
2.110000000000000000e+02 5.589760000000000062e+00 9.659069999999999823e+00 0.000000000000000000e+00
2.120000000000000000e+02 6.127360000000000362e+00 1.167831999999999937e+01 0.000000000000000000e+00
2.130000000000000000e+02 6.754489999999999661e+00 1.371241000000000021e+01 0.000000000000000000e+00
2.140000000000000000e+02 5.052599999999999980e+00 1.524030999999999914e+01 0.000000000000000000e+00
2.150000000000000000e+02 3.541830000000000034e+00 1.672184000000000026e+01 0.000000000000000000e+00
2.160000000000000000e+02 6.575230000000000352e+00 -1.760377000000000081e+01 0.000000000000000000e+00
2.170000000000000000e+02 6.268270000000000231e+00 -1.544323999999999941e+01 0.000000000000000000e+00
2.180000000000000000e+02 5.905319999999999681e+00 -1.309986999999999924e+01 0.000000000000000000e+00
2.190000000000000000e+02 7.546479999999999855e+00 -1.056614000000000075e+01 0.000000000000000000e+00
2.200000000000000000e+02 8.244130000000000180e+00 -8.606519999999999726e+00 0.000000000000000000e+00
2.210000000000000000e+02 9.159399999999999764e+00 -6.510500000000000398e+00 0.000000000000000000e+00
2.220000000000000000e+02 9.992960000000000065e+00 -4.519910000000000316e+00 0.000000000000000000e+00
2.230000000000000000e+02 8.758129999999999526e+00 -2.852529999999999788e+00 0.000000000000000000e+00
2.240000000000000000e+02 9.609349999999999170e+00 -8.461499999999999577e-01 0.000000000000000000e+00
2.250000000000000000e+02 8.381289999999999907e+00 8.110100000000000087e-01 0.000000000000000000e+00
2.260000000000000000e+02 9.097269999999999968e+00 2.805369999999999919e+00 0.000000000000000000e+00
2.270000000000000000e+02 7.865540000000000198e+00 4.511639999999999873e+00 0.000000000000000000e+00
2.280000000000000000e+02 8.478820000000000690e+00 6.574659999999999727e+00 0.000000000000000000e+00
2.290000000000000000e+02 7.068730000000000402e+00 8.163019999999999499e+00 0.000000000000000000e+00
2.300000000000000000e+02 7.626640000000000086e+00 1.025170999999999921e+01 0.000000000000000000e+00
2.310000000000000000e+02 8.261530000000000484e+00 1.224849000000000032e+01 0.000000000000000000e+00
2.320000000000000000e+02 7.171240000000000059e+00 1.574884999999999913e+01 0.000000000000000000e+00
2.330000000000000000e+02 5.727800000000000225e+00 1.730134999999999934e+01 0.000000000000000000e+00
2.340000000000000000e+02 8.224309999999999121e+00 -1.631225999999999843e+01 0.000000000000000000e+00
2.350000000000000000e+02 7.894540000000000113e+00 -1.415010000000000012e+01 0.000000000000000000e+00
2.360000000000000000e+02 8.791050000000000253e+00 -1.224920000000000009e+01 0.000000000000000000e+00
2.370000000000000000e+02 9.642899999999999139e+00 -1.024075000000000024e+01 0.000000000000000000e+00
2.380000000000000000e+02 1.030061000000000071e+01 -8.246409999999999130e+00 0.000000000000000000e+00
2.390000000000000000e+02 1.120636000000000010e+01 -6.199460000000000193e+00 0.000000000000000000e+00
2.400000000000000000e+02 1.209127999999999936e+01 -4.228130000000000166e+00 0.000000000000000000e+00
2.410000000000000000e+02 1.088109000000000037e+01 -2.512290000000000134e+00 0.000000000000000000e+00
2.420000000000000000e+02 1.176341000000000037e+01 -5.445200000000000040e-01 0.000000000000000000e+00
2.430000000000000000e+02 1.043329999999999913e+01 1.115040000000000031e+00 0.000000000000000000e+00
2.440000000000000000e+02 1.132020999999999944e+01 3.086640000000000050e+00 0.000000000000000000e+00
2.450000000000000000e+02 9.943569999999999354e+00 4.696489999999999831e+00 0.000000000000000000e+00
2.460000000000000000e+02 1.066055000000000064e+01 6.695070000000000299e+00 0.000000000000000000e+00
2.470000000000000000e+02 9.055559999999999832e+00 8.679199999999999804e+00 0.000000000000000000e+00
2.480000000000000000e+02 9.689460000000000406e+00 1.068515000000000015e+01 0.000000000000000000e+00
2.490000000000000000e+02 1.029477999999999938e+01 1.282334999999999958e+01 0.000000000000000000e+00
2.500000000000000000e+02 8.768169999999999575e+00 1.439672000000000018e+01 0.000000000000000000e+00
2.510000000000000000e+02 7.767170000000000130e+00 1.804046999999999912e+01 0.000000000000000000e+00
2.520000000000000000e+02 1.113976000000000077e+01 -1.573095999999999961e+01 0.000000000000000000e+00
2.530000000000000000e+02 9.991519999999999513e+00 -1.392237000000000080e+01 0.000000000000000000e+00
2.540000000000000000e+02 1.092864999999999931e+01 -1.204095000000000049e+01 0.000000000000000000e+00
2.550000000000000000e+02 1.173653999999999975e+01 -9.961349999999999483e+00 0.000000000000000000e+00
2.560000000000000000e+02 1.244276999999999944e+01 -7.998099999999999987e+00 0.000000000000000000e+00
2.570000000000000000e+02 1.345678999999999981e+01 -5.889009999999999856e+00 0.000000000000000000e+00
2.580000000000000000e+02 1.422761999999999993e+01 -3.877740000000000187e+00 0.000000000000000000e+00
2.590000000000000000e+02 1.297152999999999956e+01 -2.242669999999999941e+00 0.000000000000000000e+00
2.600000000000000000e+02 1.381739999999999924e+01 -2.947500000000000120e-01 0.000000000000000000e+00
2.610000000000000000e+02 1.254367000000000054e+01 1.367869999999999919e+00 0.000000000000000000e+00
2.620000000000000000e+02 1.334584000000000081e+01 3.526909999999999989e+00 0.000000000000000000e+00
2.630000000000000000e+02 1.197968999999999973e+01 5.100179999999999936e+00 0.000000000000000000e+00
2.640000000000000000e+02 1.267436000000000007e+01 7.105000000000000426e+00 0.000000000000000000e+00
2.650000000000000000e+02 1.120814999999999984e+01 8.727899999999999991e+00 0.000000000000000000e+00
2.660000000000000000e+02 1.180115999999999943e+01 1.078902000000000072e+01 0.000000000000000000e+00
2.670000000000000000e+02 1.390455000000000041e+01 1.132638999999999996e+01 0.000000000000000000e+00
2.680000000000000000e+02 1.077445999999999948e+01 1.497796999999999912e+01 0.000000000000000000e+00
2.690000000000000000e+02 9.147959999999999425e+00 1.644394000000000133e+01 0.000000000000000000e+00
2.700000000000000000e+02 1.204945999999999984e+01 -1.384966999999999970e+01 0.000000000000000000e+00
2.710000000000000000e+02 1.298602999999999952e+01 -1.160914000000000001e+01 0.000000000000000000e+00
2.720000000000000000e+02 1.397666000000000075e+01 -9.614779999999999660e+00 0.000000000000000000e+00
2.730000000000000000e+02 1.616281999999999996e+01 -1.008967999999999954e+01 0.000000000000000000e+00
2.740000000000000000e+02 1.471448000000000000e+01 -7.637660000000000338e+00 0.000000000000000000e+00
2.750000000000000000e+02 1.554555000000000042e+01 -5.538120000000000154e+00 0.000000000000000000e+00
2.760000000000000000e+02 1.639217000000000013e+01 -3.553249999999999797e+00 0.000000000000000000e+00
2.770000000000000000e+02 1.504249000000000080e+01 -1.971919999999999895e+00 0.000000000000000000e+00
2.780000000000000000e+02 1.585871999999999993e+01 1.340399999999999925e-01 0.000000000000000000e+00
2.790000000000000000e+02 1.458648999999999951e+01 1.803569999999999895e+00 0.000000000000000000e+00
2.800000000000000000e+02 1.543905999999999956e+01 3.749229999999999841e+00 0.000000000000000000e+00
2.810000000000000000e+02 1.409137999999999913e+01 5.478580000000000005e+00 0.000000000000000000e+00
2.820000000000000000e+02 1.473629000000000033e+01 7.642299999999999649e+00 0.000000000000000000e+00
2.830000000000000000e+02 1.699706000000000117e+01 8.547750000000000625e+00 0.000000000000000000e+00
2.840000000000000000e+02 1.322325999999999979e+01 9.155310000000000059e+00 0.000000000000000000e+00
2.850000000000000000e+02 1.520783999999999914e+01 9.713020000000000209e+00 0.000000000000000000e+00
2.860000000000000000e+02 1.241395999999999944e+01 1.279275999999999947e+01 0.000000000000000000e+00
2.870000000000000000e+02 1.295753999999999984e+01 1.483544999999999980e+01 0.000000000000000000e+00
2.880000000000000000e+02 1.421293999999999969e+01 -1.370208000000000048e+01 0.000000000000000000e+00
2.890000000000000000e+02 1.544406999999999996e+01 -1.204607000000000028e+01 0.000000000000000000e+00
2.900000000000000000e+02 1.823735999999999891e+01 -9.636929999999999552e+00 0.000000000000000000e+00
2.910000000000000000e+02 1.784965000000000046e+01 -5.377749999999999808e+00 0.000000000000000000e+00
2.920000000000000000e+02 1.678907999999999845e+01 -7.182349999999999568e+00 0.000000000000000000e+00
2.930000000000000000e+02 1.905995000000000061e+01 -3.690739999999999910e+00 0.000000000000000000e+00
2.940000000000000000e+02 1.916790999999999912e+01 -1.579429999999999890e+00 0.000000000000000000e+00
2.950000000000000000e+02 1.711370000000000147e+01 -1.534820000000000073e+00 0.000000000000000000e+00
2.960000000000000000e+02 1.795085999999999871e+01 4.474799999999999889e-01 0.000000000000000000e+00
2.970000000000000000e+02 1.665120999999999896e+01 2.061179999999999790e+00 0.000000000000000000e+00
2.980000000000000000e+02 1.765909999999999869e+01 4.257679999999999687e+00 0.000000000000000000e+00
2.990000000000000000e+02 1.610669000000000040e+01 6.073850000000000193e+00 0.000000000000000000e+00
