0.000000000000000000e+00 -1.434914000000000023e+01 -1.416901999999999973e+01 0.000000000000000000e+00
1.000000000000000000e+00 -1.560117999999999938e+01 -1.217688000000000059e+01 0.000000000000000000e+00
2.000000000000000000e+00 -1.705339999999999989e+01 -1.065455000000000041e+01 0.000000000000000000e+00
3.000000000000000000e+00 -1.725075999999999965e+01 -7.009559999999999569e+00 0.000000000000000000e+00
4.000000000000000000e+00 -1.587589000000000006e+01 -8.558370000000000033e+00 0.000000000000000000e+00
5.000000000000000000e+00 -1.866279000000000110e+01 -5.418849999999999945e+00 0.000000000000000000e+00
6.000000000000000000e+00 -1.788972000000000051e+01 -3.260460000000000136e+00 0.000000000000000000e+00
7.000000000000000000e+00 -1.935069000000000017e+01 -1.704569999999999919e+00 0.000000000000000000e+00
8.000000000000000000e+00 -1.698562000000000083e+01 -1.190649999999999986e+00 0.000000000000000000e+00
9.000000000000000000e+00 -1.831228000000000122e+01 5.107300000000000173e-01 0.000000000000000000e+00
1.000000000000000000e+01 -1.749024000000000001e+01 2.580569999999999808e+00 0.000000000000000000e+00
1.100000000000000000e+01 -1.893254999999999910e+01 4.152599999999999625e+00 0.000000000000000000e+00
1.200000000000000000e+01 -1.794103000000000137e+01 6.296100000000000030e+00 0.000000000000000000e+00
1.300000000000000000e+01 -1.693001999999999896e+01 8.228249999999999176e+00 0.000000000000000000e+00
1.400000000000000000e+01 -1.495030999999999999e+01 8.894669999999999632e+00 0.000000000000000000e+00
1.500000000000000000e+01 -1.405582000000000065e+01 1.084628999999999976e+01 0.000000000000000000e+00
1.600000000000000000e+01 -1.320307000000000031e+01 1.273119999999999941e+01 0.000000000000000000e+00
1.700000000000000000e+01 -1.209351000000000020e+01 1.472043999999999997e+01 0.000000000000000000e+00
1.800000000000000000e+01 -1.201190000000000069e+01 -1.372818000000000005e+01 0.000000000000000000e+00
1.900000000000000000e+01 -1.340761999999999965e+01 -1.216338000000000008e+01 0.000000000000000000e+00
2.000000000000000000e+01 -1.458367999999999931e+01 -1.023245000000000005e+01 0.000000000000000000e+00
2.100000000000000000e+01 -1.368898000000000081e+01 -8.273659999999999570e+00 0.000000000000000000e+00
2.200000000000000000e+01 -1.499976999999999983e+01 -6.613190000000000346e+00 0.000000000000000000e+00
2.300000000000000000e+01 -1.647494999999999976e+01 -4.961839999999999584e+00 0.000000000000000000e+00
2.400000000000000000e+01 -1.419642999999999944e+01 -4.666850000000000165e+00 0.000000000000000000e+00
2.500000000000000000e+01 -1.571413000000000082e+01 -2.971389999999999976e+00 0.000000000000000000e+00
2.600000000000000000e+01 -1.492774999999999963e+01 -8.649599999999999511e-01 0.000000000000000000e+00
2.700000000000000000e+01 -1.611628999999999934e+01 9.078699999999999548e-01 0.000000000000000000e+00
2.800000000000000000e+01 -1.515437999999999974e+01 2.796069999999999833e+00 0.000000000000000000e+00
2.900000000000000000e+01 -1.666123999999999938e+01 4.530789999999999651e+00 0.000000000000000000e+00
3.000000000000000000e+01 -1.577866000000000035e+01 6.474179999999999602e+00 0.000000000000000000e+00
3.100000000000000000e+01 -1.363044999999999973e+01 6.678950000000000387e+00 0.000000000000000000e+00
3.200000000000000000e+01 -1.179355999999999938e+01 1.062927999999999962e+01 0.000000000000000000e+00
3.300000000000000000e+01 -1.096659000000000006e+01 1.258883999999999936e+01 0.000000000000000000e+00
3.400000000000000000e+01 -1.004073999999999955e+01 1.455341999999999913e+01 0.000000000000000000e+00
3.500000000000000000e+01 -9.178950000000000387e+00 1.657156000000000162e+01 0.000000000000000000e+00
3.600000000000000000e+01 -1.065371000000000024e+01 -1.556606000000000023e+01 0.000000000000000000e+00
3.700000000000000000e+01 -9.890439999999999898e+00 -1.348839000000000077e+01 0.000000000000000000e+00
3.800000000000000000e+01 -1.119684999999999953e+01 -1.176933000000000007e+01 0.000000000000000000e+00
3.900000000000000000e+01 -1.253358000000000061e+01 -1.016821000000000019e+01 0.000000000000000000e+00
4.000000000000000000e+01 -1.163256999999999941e+01 -8.048650000000000304e+00 0.000000000000000000e+00
4.100000000000000000e+01 -1.292801000000000045e+01 -6.326670000000000016e+00 0.000000000000000000e+00
4.200000000000000000e+01 -1.210242000000000040e+01 -4.401600000000000179e+00 0.000000000000000000e+00
4.300000000000000000e+01 -1.368004999999999960e+01 -2.519620000000000193e+00 0.000000000000000000e+00
4.400000000000000000e+01 -1.264974999999999916e+01 -6.702500000000000124e-01 0.000000000000000000e+00
4.500000000000000000e+01 -1.397566999999999915e+01 1.096759999999999957e+00 0.000000000000000000e+00
4.600000000000000000e+01 -1.302200999999999986e+01 3.024099999999999788e+00 0.000000000000000000e+00
4.700000000000000000e+01 -1.436503000000000085e+01 4.721560000000000201e+00 0.000000000000000000e+00
4.800000000000000000e+01 -1.229604999999999926e+01 4.966660000000000075e+00 0.000000000000000000e+00
4.900000000000000000e+01 -1.152769999999999939e+01 6.930880000000000152e+00 0.000000000000000000e+00
5.000000000000000000e+01 -1.288593999999999973e+01 8.659319999999999240e+00 0.000000000000000000e+00
5.100000000000000000e+01 -9.741369999999999862e+00 1.082707000000000086e+01 0.000000000000000000e+00
5.200000000000000000e+01 -8.830769999999999342e+00 1.281395000000000017e+01 0.000000000000000000e+00
5.300000000000000000e+01 -7.822919999999999874e+00 1.477678000000000047e+01 0.000000000000000000e+00
5.400000000000000000e+01 -7.629509999999999792e+00 -1.694406999999999996e+01 0.000000000000000000e+00
5.500000000000000000e+01 -8.636440000000000339e+00 -1.515288999999999930e+01 0.000000000000000000e+00
5.600000000000000000e+01 -9.117950000000000443e+00 -1.151501999999999981e+01 0.000000000000000000e+00
5.700000000000000000e+01 -1.032501000000000069e+01 -9.836650000000000560e+00 0.000000000000000000e+00
5.800000000000000000e+01 -9.590450000000000585e+00 -7.751789999999999736e+00 0.000000000000000000e+00
5.900000000000000000e+01 -1.080842999999999954e+01 -6.066200000000000259e+00 0.000000000000000000e+00
6.000000000000000000e+01 -1.005119999999999969e+01 -4.071519999999999584e+00 0.000000000000000000e+00
6.100000000000000000e+01 -1.143309999999999960e+01 -2.436620000000000008e+00 0.000000000000000000e+00
6.200000000000000000e+01 -1.056286000000000058e+01 -4.260499999999999843e-01 0.000000000000000000e+00
6.300000000000000000e+01 -1.180114000000000019e+01 1.311879999999999935e+00 0.000000000000000000e+00
6.400000000000000000e+01 -9.753610000000000113e+00 1.570009999999999906e+00 0.000000000000000000e+00
6.500000000000000000e+01 -1.096775000000000055e+01 3.263119999999999798e+00 0.000000000000000000e+00
6.600000000000000000e+01 -1.012119999999999997e+01 5.189149999999999707e+00 0.000000000000000000e+00
6.700000000000000000e+01 -9.330560000000000187e+00 7.224560000000000315e+00 0.000000000000000000e+00
6.800000000000000000e+01 -1.068969000000000058e+01 8.839510000000000645e+00 0.000000000000000000e+00
6.900000000000000000e+01 -7.557479999999999976e+00 1.106572000000000067e+01 0.000000000000000000e+00
7.000000000000000000e+01 -6.724149999999999849e+00 1.299770999999999965e+01 0.000000000000000000e+00
7.100000000000000000e+01 -6.894610000000000127e+00 1.692943999999999960e+01 0.000000000000000000e+00
7.200000000000000000e+01 -5.417250000000000121e+00 -1.674735000000000085e+01 0.000000000000000000e+00
7.300000000000000000e+01 -6.571200000000000152e+00 -1.495649000000000051e+01 0.000000000000000000e+00
7.400000000000000000e+01 -7.720769999999999911e+00 -1.314362000000000030e+01 0.000000000000000000e+00
7.500000000000000000e+01 -8.242179999999999396e+00 -9.388070000000000803e+00 0.000000000000000000e+00
7.600000000000000000e+01 -7.418709999999999916e+00 -7.446159999999999890e+00 0.000000000000000000e+00
7.700000000000000000e+01 -8.707839999999999137e+00 -5.747620000000000395e+00 0.000000000000000000e+00
7.800000000000000000e+01 -8.014440000000000452e+00 -3.744289999999999896e+00 0.000000000000000000e+00
7.900000000000000000e+01 -9.269470000000000098e+00 -2.097560000000000091e+00 0.000000000000000000e+00
8.000000000000000000e+01 -7.169270000000000032e+00 -1.838230000000000031e+00 0.000000000000000000e+00
8.100000000000000000e+01 -8.490230000000000388e+00 -1.464499999999999968e-01 0.000000000000000000e+00
8.200000000000000000e+01 -7.591260000000000119e+00 1.732920000000000016e+00 0.000000000000000000e+00
8.300000000000000000e+01 -8.901550000000000296e+00 3.511629999999999807e+00 0.000000000000000000e+00
8.400000000000000000e+01 -8.050169999999999604e+00 5.411690000000000111e+00 0.000000000000000000e+00
8.500000000000000000e+01 -7.217909999999999826e+00 7.450059999999999683e+00 0.000000000000000000e+00
8.600000000000000000e+01 -8.398379999999999512e+00 9.170600000000000307e+00 0.000000000000000000e+00
8.700000000000000000e+01 -5.454390000000000072e+00 1.126947000000000010e+01 0.000000000000000000e+00
8.800000000000000000e+01 -5.636499999999999844e+00 1.489955999999999925e+01 0.000000000000000000e+00
8.900000000000000000e+01 -4.471199999999999619e+00 1.677944000000000102e+01 0.000000000000000000e+00
9.000000000000000000e+01 -4.058650000000000091e+00 -1.837274000000000029e+01 0.000000000000000000e+00
9.100000000000000000e+01 -4.370989999999999931e+00 -1.452978000000000058e+01 0.000000000000000000e+00
9.200000000000000000e+01 -5.655109999999999637e+00 -1.285261000000000031e+01 0.000000000000000000e+00
9.300000000000000000e+01 -7.006590000000000096e+00 -1.119462000000000046e+01 0.000000000000000000e+00
9.400000000000000000e+01 -6.187990000000000101e+00 -9.210089999999999222e+00 0.000000000000000000e+00
9.500000000000000000e+01 -5.340410000000000323e+00 -7.269009999999999749e+00 0.000000000000000000e+00
9.600000000000000000e+01 -6.638849999999999696e+00 -5.494919999999999582e+00 0.000000000000000000e+00
9.700000000000000000e+01 -5.902370000000000339e+00 -3.554840000000000000e+00 0.000000000000000000e+00
9.800000000000000000e+01 -5.040239999999999831e+00 -1.638719999999999954e+00 0.000000000000000000e+00
9.900000000000000000e+01 -6.310529999999999973e+00 4.270000000000000184e-02 0.000000000000000000e+00
1.000000000000000000e+02 -5.531679999999999708e+00 2.033459999999999823e+00 0.000000000000000000e+00
1.010000000000000000e+02 -4.748240000000000016e+00 3.979740000000000055e+00 0.000000000000000000e+00
1.020000000000000000e+02 -6.794480000000000075e+00 3.715949999999999864e+00 0.000000000000000000e+00
1.030000000000000000e+02 -6.015069999999999695e+00 5.759050000000000225e+00 0.000000000000000000e+00
1.040000000000000000e+02 -6.325380000000000003e+00 9.314500000000000668e+00 0.000000000000000000e+00
1.050000000000000000e+02 -4.532309999999999839e+00 1.313729000000000013e+01 0.000000000000000000e+00
1.060000000000000000e+02 -3.429489999999999927e+00 1.497775999999999996e+01 0.000000000000000000e+00
1.070000000000000000e+02 -5.530640000000000001e+00 1.858436000000000021e+01 0.000000000000000000e+00
1.080000000000000000e+02 -3.093399999999999928e+00 -1.620837999999999823e+01 0.000000000000000000e+00
1.090000000000000000e+02 -2.274529999999999941e+00 -1.428280999999999956e+01 0.000000000000000000e+00
1.100000000000000000e+02 -3.535390000000000033e+00 -1.262893000000000043e+01 0.000000000000000000e+00
1.110000000000000000e+02 -4.869040000000000035e+00 -1.085542000000000051e+01 0.000000000000000000e+00
1.120000000000000000e+02 -4.105129999999999946e+00 -8.927149999999999253e+00 0.000000000000000000e+00
1.130000000000000000e+02 -3.254879999999999995e+00 -7.014070000000000249e+00 0.000000000000000000e+00
1.140000000000000000e+02 -4.550130000000000230e+00 -5.282210000000000072e+00 0.000000000000000000e+00
1.150000000000000000e+02 -3.792819999999999858e+00 -3.302639999999999798e+00 0.000000000000000000e+00
1.160000000000000000e+02 -2.975849999999999884e+00 -1.392589999999999995e+00 0.000000000000000000e+00
1.170000000000000000e+02 -4.262540000000000440e+00 3.119600000000000151e-01 0.000000000000000000e+00
1.180000000000000000e+02 -3.435939999999999994e+00 2.274700000000000166e+00 0.000000000000000000e+00
1.190000000000000000e+02 -2.655580000000000052e+00 4.211170000000000080e+00 0.000000000000000000e+00
1.200000000000000000e+02 -3.902140000000000164e+00 5.919710000000000250e+00 0.000000000000000000e+00
1.210000000000000000e+02 -5.103860000000000063e+00 7.611139999999999795e+00 0.000000000000000000e+00
1.220000000000000000e+02 -4.251050000000000217e+00 9.505240000000000578e+00 0.000000000000000000e+00
1.230000000000000000e+02 -3.381780000000000008e+00 1.141868999999999978e+01 0.000000000000000000e+00
1.240000000000000000e+02 -2.366159999999999819e+00 1.319558999999999926e+01 0.000000000000000000e+00
1.250000000000000000e+02 -1.855339999999999989e+00 1.657029999999999959e+01 0.000000000000000000e+00
1.260000000000000000e+02 -8.703499999999999570e-01 -1.977631999999999834e+01 0.000000000000000000e+00
1.270000000000000000e+02 -9.961900000000000199e-01 -1.600148000000000081e+01 0.000000000000000000e+00
1.280000000000000000e+02 -1.473549999999999915e+00 -1.237337999999999916e+01 0.000000000000000000e+00
1.290000000000000000e+02 -2.784339999999999815e+00 -1.069514999999999993e+01 0.000000000000000000e+00
1.300000000000000000e+02 -1.981549999999999923e+00 -8.786619999999999209e+00 0.000000000000000000e+00
1.310000000000000000e+02 -1.180290000000000061e+00 -6.797950000000000159e+00 0.000000000000000000e+00
1.320000000000000000e+02 -2.415589999999999904e+00 -5.013329999999999842e+00 0.000000000000000000e+00
1.330000000000000000e+02 -1.697559999999999958e+00 -3.042219999999999924e+00 0.000000000000000000e+00
1.340000000000000000e+02 -8.856600000000000028e-01 -1.121620000000000061e+00 0.000000000000000000e+00
1.350000000000000000e+02 -2.183949999999999836e+00 5.631199999999999539e-01 0.000000000000000000e+00
1.360000000000000000e+02 -1.373089999999999922e+00 2.496799999999999908e+00 0.000000000000000000e+00
1.370000000000000000e+02 -1.800939999999999985e+00 6.149560000000000137e+00 0.000000000000000000e+00
1.380000000000000000e+02 -3.039369999999999905e+00 7.811869999999999870e+00 0.000000000000000000e+00
1.390000000000000000e+02 -9.044200000000000017e-01 8.104879999999999640e+00 0.000000000000000000e+00
1.400000000000000000e+02 -2.098219999999999974e+00 9.795379999999999754e+00 0.000000000000000000e+00
1.410000000000000000e+02 -5.528399999999999981e-01 1.211006000000000071e+01 0.000000000000000000e+00
1.420000000000000000e+02 -8.856199999999999628e-01 1.471244000000000085e+01 0.000000000000000000e+00
1.430000000000000000e+02 -3.046710000000000029e+00 1.836834999999999951e+01 0.000000000000000000e+00
1.440000000000000000e+02 1.043609999999999927e+00 -1.569921000000000078e+01 0.000000000000000000e+00
1.450000000000000000e+02 -2.217999999999999972e-01 -1.405023000000000089e+01 0.000000000000000000e+00
1.460000000000000000e+02 6.655900000000000150e-01 -1.213005000000000067e+01 0.000000000000000000e+00
1.470000000000000000e+02 -6.570799999999999974e-01 -1.039742999999999995e+01 0.000000000000000000e+00
1.480000000000000000e+02 1.424499999999999933e-01 -8.486019999999999897e+00 0.000000000000000000e+00
1.490000000000000000e+02 8.828599999999999781e-01 -6.564390000000000391e+00 0.000000000000000000e+00
1.500000000000000000e+02 -3.616300000000000070e-01 -4.827810000000000379e+00 0.000000000000000000e+00
1.510000000000000000e+02 3.815100000000000158e-01 -2.788769999999999971e+00 0.000000000000000000e+00
1.520000000000000000e+02 1.191159999999999997e+00 -8.507299999999999862e-01 0.000000000000000000e+00
1.530000000000000000e+02 -8.339000000000000579e-02 7.915699999999999958e-01 0.000000000000000000e+00
1.540000000000000000e+02 -5.474099999999999522e-01 4.391110000000000291e+00 0.000000000000000000e+00
1.550000000000000000e+02 1.515260000000000051e+00 4.657689999999999664e+00 0.000000000000000000e+00
1.560000000000000000e+02 2.918000000000000038e-01 6.331889999999999574e+00 0.000000000000000000e+00
1.570000000000000000e+02 1.168309999999999960e+00 8.286369999999999791e+00 0.000000000000000000e+00
1.580000000000000000e+02 8.770000000000000018e-03 1.010418999999999912e+01 0.000000000000000000e+00
1.590000000000000000e+02 1.635010000000000074e+00 1.212538999999999945e+01 0.000000000000000000e+00
1.600000000000000000e+02 1.120749999999999913e+00 1.420942999999999934e+01 0.000000000000000000e+00
1.610000000000000000e+02 5.531500000000000306e-01 1.621211999999999875e+01 0.000000000000000000e+00
1.620000000000000000e+02 4.639000000000000068e-02 -1.786183000000000121e+01 0.000000000000000000e+00
1.630000000000000000e+02 3.204629999999999868e+00 -1.547841999999999985e+01 0.000000000000000000e+00
1.640000000000000000e+02 1.953349999999999920e+00 -1.384812999999999938e+01 0.000000000000000000e+00
1.650000000000000000e+02 1.493030000000000079e+00 -1.011382000000000048e+01 0.000000000000000000e+00
1.660000000000000000e+02 2.289550000000000196e+00 -8.218949999999999534e+00 0.000000000000000000e+00
1.670000000000000000e+02 2.987340000000000106e+00 -6.238389999999999880e+00 0.000000000000000000e+00
1.680000000000000000e+02 1.714169999999999972e+00 -4.468720000000000248e+00 0.000000000000000000e+00
1.690000000000000000e+02 2.548589999999999911e+00 -2.478409999999999780e+00 0.000000000000000000e+00
1.700000000000000000e+02 3.381250000000000089e+00 -5.026599999999999957e-01 0.000000000000000000e+00
1.710000000000000000e+02 1.993460000000000010e+00 1.069879999999999942e+00 0.000000000000000000e+00
1.720000000000000000e+02 7.263399999999999856e-01 2.715759999999999952e+00 0.000000000000000000e+00
1.730000000000000000e+02 2.800250000000000128e+00 2.989069999999999894e+00 0.000000000000000000e+00
1.740000000000000000e+02 3.596550000000000136e+00 4.898729999999999585e+00 0.000000000000000000e+00
1.750000000000000000e+02 2.390429999999999833e+00 6.601539999999999964e+00 0.000000000000000000e+00
1.760000000000000000e+02 2.129220000000000113e+00 1.011739000000000033e+01 0.000000000000000000e+00
1.770000000000000000e+02 3.184769999999999879e+00 1.366069000000000067e+01 0.000000000000000000e+00
1.780000000000000000e+02 2.738100000000000200e+00 1.574474999999999980e+01 0.000000000000000000e+00
1.790000000000000000e+02 -2.911400000000000099e-01 1.834040999999999855e+01 0.000000000000000000e+00
1.800000000000000000e+02 2.194189999999999863e+00 -1.749565000000000126e+01 0.000000000000000000e+00
1.810000000000000000e+02 4.041960000000000441e+00 -1.345975999999999928e+01 0.000000000000000000e+00
1.820000000000000000e+02 2.771430000000000060e+00 -1.178964999999999996e+01 0.000000000000000000e+00
1.830000000000000000e+02 3.560350000000000126e+00 -9.845110000000000028e+00 0.000000000000000000e+00
1.840000000000000000e+02 4.325009999999999799e+00 -7.854750000000000121e+00 0.000000000000000000e+00
1.850000000000000000e+02 5.042180000000000106e+00 -5.885690000000000310e+00 0.000000000000000000e+00
1.860000000000000000e+02 3.775380000000000180e+00 -4.149969999999999715e+00 0.000000000000000000e+00
1.870000000000000000e+02 4.652199999999999669e+00 -2.252139999999999809e+00 0.000000000000000000e+00
1.880000000000000000e+02 5.490099999999999980e+00 -2.155100000000000071e-01 0.000000000000000000e+00
1.890000000000000000e+02 4.205519999999999925e+00 1.464869999999999894e+00 0.000000000000000000e+00
1.900000000000000000e+02 5.010239999999999583e+00 3.409679999999999822e+00 0.000000000000000000e+00
1.910000000000000000e+02 5.593350000000000044e+00 5.440430000000000099e+00 0.000000000000000000e+00
1.920000000000000000e+02 4.352400000000000269e+00 7.436600000000000321e+00 0.000000000000000000e+00
1.930000000000000000e+02 4.153529999999999944e+00 9.502250000000000085e+00 0.000000000000000000e+00
1.940000000000000000e+02 3.708369999999999944e+00 1.153251999999999988e+01 0.000000000000000000e+00
1.950000000000000000e+02 5.170239999999999725e+00 1.308995999999999960e+01 0.000000000000000000e+00
1.960000000000000000e+02 4.759269999999999889e+00 1.523895000000000088e+01 0.000000000000000000e+00
1.970000000000000000e+02 1.981970000000000010e+00 1.778799000000000063e+01 0.000000000000000000e+00
1.980000000000000000e+02 4.558659999999999712e+00 -1.724690999999999974e+01 0.000000000000000000e+00
1.990000000000000000e+02 5.351740000000000386e+00 -1.522186999999999912e+01 0.000000000000000000e+00
2.000000000000000000e+02 4.922959999999999781e+00 -1.157583999999999946e+01 0.000000000000000000e+00
2.010000000000000000e+02 5.607300000000000395e+00 -9.520210000000000505e+00 0.000000000000000000e+00
2.020000000000000000e+02 6.377970000000000361e+00 -7.511470000000000091e+00 0.000000000000000000e+00
2.030000000000000000e+02 7.164889999999999759e+00 -5.572029999999999816e+00 0.000000000000000000e+00
2.040000000000000000e+02 5.831500000000000128e+00 -3.975940000000000030e+00 0.000000000000000000e+00
2.050000000000000000e+02 6.716280000000000250e+00 -2.008379999999999832e+00 0.000000000000000000e+00
2.060000000000000000e+02 8.131859999999999644e+00 7.666600000000000081e-01 0.000000000000000000e+00
2.070000000000000000e+02 6.290339999999999598e+00 1.784650000000000070e+00 0.000000000000000000e+00
2.080000000000000000e+02 8.075710000000000832e+00 2.831799999999999873e+00 0.000000000000000000e+00
2.090000000000000000e+02 7.570619999999999905e+00 4.850600000000000023e+00 0.000000000000000000e+00
2.100000000000000000e+02 6.985979999999999634e+00 6.957539999999999836e+00 0.000000000000000000e+00
2.110000000000000000e+02 6.129179999999999851e+00 8.895459999999999923e+00 0.000000000000000000e+00
2.120000000000000000e+02 5.711319999999999730e+00 1.100256000000000078e+01 0.000000000000000000e+00
2.130000000000000000e+02 6.711100000000000065e+00 1.458103000000000016e+01 0.000000000000000000e+00
2.140000000000000000e+02 6.291039999999999743e+00 1.676375000000000171e+01 0.000000000000000000e+00
2.150000000000000000e+02 4.089850000000000207e+00 1.730809999999999960e+01 0.000000000000000000e+00
2.160000000000000000e+02 6.761619999999999742e+00 -1.681636999999999915e+01 0.000000000000000000e+00
2.170000000000000000e+02 6.131579999999999586e+00 -1.326145999999999958e+01 0.000000000000000000e+00
2.180000000000000000e+02 6.962690000000000268e+00 -1.114789999999999992e+01 0.000000000000000000e+00
2.190000000000000000e+02 7.688970000000000304e+00 -9.223060000000000258e+00 0.000000000000000000e+00
2.200000000000000000e+02 8.443690000000000140e+00 -7.293160000000000309e+00 0.000000000000000000e+00
2.210000000000000000e+02 9.279149999999999565e+00 -5.391910000000000203e+00 0.000000000000000000e+00
2.220000000000000000e+02 8.452930000000000277e+00 -3.313839999999999897e+00 0.000000000000000000e+00
2.230000000000000000e+02 8.653539999999999566e+00 -1.262240000000000029e+00 0.000000000000000000e+00
2.240000000000000000e+02 1.014297000000000004e+01 1.661400000000000099e-01 0.000000000000000000e+00
2.250000000000000000e+02 1.008976000000000006e+01 2.255970000000000031e+00 0.000000000000000000e+00
2.260000000000000000e+02 9.575359999999999872e+00 4.338429999999999787e+00 0.000000000000000000e+00
2.270000000000000000e+02 8.989720000000000155e+00 6.433300000000000018e+00 0.000000000000000000e+00
2.280000000000000000e+02 8.472680000000000433e+00 8.431850000000000733e+00 0.000000000000000000e+00
2.290000000000000000e+02 7.703890000000000349e+00 1.044079999999999941e+01 0.000000000000000000e+00
2.300000000000000000e+02 7.175150000000000361e+00 1.245523000000000025e+01 0.000000000000000000e+00
2.310000000000000000e+02 9.278909999999999769e+00 1.199393000000000065e+01 0.000000000000000000e+00
2.320000000000000000e+02 8.710319999999999396e+00 1.402937999999999974e+01 0.000000000000000000e+00
2.330000000000000000e+02 3.525720000000000187e+00 1.942258999999999958e+01 0.000000000000000000e+00
2.340000000000000000e+02 1.963449999999999918e+00 -1.954961000000000126e+01 0.000000000000000000e+00
2.350000000000000000e+02 7.485170000000000101e+00 -1.484263999999999939e+01 0.000000000000000000e+00
2.360000000000000000e+02 8.259529999999999816e+00 -1.281886000000000081e+01 0.000000000000000000e+00
2.370000000000000000e+02 9.022869999999999280e+00 -1.082919000000000054e+01 0.000000000000000000e+00
2.380000000000000000e+02 9.771649999999999281e+00 -8.893299999999999983e+00 0.000000000000000000e+00
2.390000000000000000e+02 1.064048999999999978e+01 -6.961829999999999963e+00 0.000000000000000000e+00
2.400000000000000000e+02 1.083977999999999930e+01 -3.964999999999999858e+00 0.000000000000000000e+00
2.410000000000000000e+02 1.064188000000000045e+01 -1.904109999999999969e+00 0.000000000000000000e+00
2.420000000000000000e+02 1.218900999999999968e+01 -4.969100000000000183e-01 0.000000000000000000e+00
2.430000000000000000e+02 1.208127999999999957e+01 1.636530000000000040e+00 0.000000000000000000e+00
2.440000000000000000e+02 1.358867000000000047e+01 3.107530000000000125e+00 0.000000000000000000e+00
2.450000000000000000e+02 1.158215000000000039e+01 3.735590000000000188e+00 0.000000000000000000e+00
2.460000000000000000e+02 1.109839000000000020e+01 5.761840000000000295e+00 0.000000000000000000e+00
2.470000000000000000e+02 1.250331000000000081e+01 7.274919999999999831e+00 0.000000000000000000e+00
2.480000000000000000e+02 1.047643000000000058e+01 7.908540000000000347e+00 0.000000000000000000e+00
2.490000000000000000e+02 9.857060000000000599e+00 9.989520000000000621e+00 0.000000000000000000e+00
2.500000000000000000e+02 1.081653000000000020e+01 1.351298000000000066e+01 0.000000000000000000e+00
2.510000000000000000e+02 8.262669999999999959e+00 1.608352999999999966e+01 0.000000000000000000e+00
2.520000000000000000e+02 5.953839999999999577e+00 -1.895022000000000162e+01 0.000000000000000000e+00
2.530000000000000000e+02 9.570740000000000691e+00 -1.442334999999999923e+01 0.000000000000000000e+00
2.540000000000000000e+02 1.030587000000000053e+01 -1.247849000000000075e+01 0.000000000000000000e+00
2.550000000000000000e+02 1.106658000000000008e+01 -1.054775000000000063e+01 0.000000000000000000e+00
2.560000000000000000e+02 1.187172999999999945e+01 -8.640019999999999811e+00 0.000000000000000000e+00
2.570000000000000000e+02 1.272639999999999993e+01 -6.744419999999999860e+00 0.000000000000000000e+00
2.580000000000000000e+02 1.276971999999999952e+01 -4.658150000000000013e+00 0.000000000000000000e+00
2.590000000000000000e+02 1.261835999999999913e+01 -2.558549999999999880e+00 0.000000000000000000e+00
2.600000000000000000e+02 1.425887999999999955e+01 -1.296599999999999975e+00 0.000000000000000000e+00
2.610000000000000000e+02 1.395049000000000028e+01 7.723100000000000520e-01 0.000000000000000000e+00
2.620000000000000000e+02 1.555547999999999931e+01 2.321050000000000058e+00 0.000000000000000000e+00
2.630000000000000000e+02 1.513006000000000029e+01 4.548289999999999722e+00 0.000000000000000000e+00
2.640000000000000000e+02 1.307924000000000042e+01 5.168289999999999829e+00 0.000000000000000000e+00
2.650000000000000000e+02 1.462894000000000005e+01 6.572149999999999714e+00 0.000000000000000000e+00
2.660000000000000000e+02 1.193302000000000085e+01 9.378650000000000375e+00 0.000000000000000000e+00
2.670000000000000000e+02 1.360546000000000078e+01 1.093595999999999968e+01 0.000000000000000000e+00
2.680000000000000000e+02 1.139647000000000077e+01 1.144380999999999915e+01 0.000000000000000000e+00
2.690000000000000000e+02 1.091895000000000060e+01 1.560556000000000054e+01 0.000000000000000000e+00
2.700000000000000000e+02 8.981930000000000192e+00 -1.649768999999999863e+01 0.000000000000000000e+00
2.710000000000000000e+02 1.185778999999999961e+01 -1.423822999999999972e+01 0.000000000000000000e+00
2.720000000000000000e+02 1.257689000000000057e+01 -1.230410000000000004e+01 0.000000000000000000e+00
2.730000000000000000e+02 1.312163999999999930e+01 -1.031338000000000044e+01 0.000000000000000000e+00
2.740000000000000000e+02 1.412734999999999985e+01 -8.439890000000000114e+00 0.000000000000000000e+00
2.750000000000000000e+02 1.599254999999999960e+01 -7.448780000000000179e+00 0.000000000000000000e+00
2.760000000000000000e+02 1.454949000000000048e+01 -5.801479999999999748e+00 0.000000000000000000e+00
2.770000000000000000e+02 1.447818999999999967e+01 -3.516140000000000043e+00 0.000000000000000000e+00
2.780000000000000000e+02 1.612472999999999956e+01 -2.251700000000000035e+00 0.000000000000000000e+00
2.790000000000000000e+02 1.594508000000000081e+01 1.951499999999999901e-01 0.000000000000000000e+00
2.800000000000000000e+02 1.770774000000000115e+01 1.401799999999999935e+00 0.000000000000000000e+00
2.810000000000000000e+02 1.703942999999999941e+01 3.770690000000000097e+00 0.000000000000000000e+00
2.820000000000000000e+02 1.682769000000000048e+01 6.075120000000000076e+00 0.000000000000000000e+00
2.830000000000000000e+02 1.689247999999999905e+01 8.151180000000000092e+00 0.000000000000000000e+00
2.840000000000000000e+02 1.417814000000000085e+01 8.601229999999999265e+00 0.000000000000000000e+00
2.850000000000000000e+02 1.570077999999999996e+01 1.014967000000000041e+01 0.000000000000000000e+00
2.860000000000000000e+02 1.537520999999999916e+01 1.240935999999999950e+01 0.000000000000000000e+00
2.870000000000000000e+02 1.320537000000000027e+01 1.296302999999999983e+01 0.000000000000000000e+00
2.880000000000000000e+02 1.103154999999999930e+01 -1.620539000000000129e+01 0.000000000000000000e+00
2.890000000000000000e+02 1.465554000000000023e+01 -1.180500999999999934e+01 0.000000000000000000e+00
2.900000000000000000e+02 1.604816999999999894e+01 -1.002655999999999992e+01 0.000000000000000000e+00
2.910000000000000000e+02 1.771746999999999872e+01 -8.771399999999999864e+00 0.000000000000000000e+00
2.920000000000000000e+02 1.786961000000000155e+01 -6.228399999999999714e+00 0.000000000000000000e+00
2.930000000000000000e+02 1.993738000000000099e+01 -2.215619999999999923e+00 0.000000000000000000e+00
2.940000000000000000e+02 1.803333999999999904e+01 -3.115209999999999813e+00 0.000000000000000000e+00
2.950000000000000000e+02 1.631682999999999950e+01 -4.515550000000000175e+00 0.000000000000000000e+00
2.960000000000000000e+02 1.956407000000000096e+01 2.921400000000000108e-01 0.000000000000000000e+00
2.970000000000000000e+02 1.776679999999999993e+01 -9.972900000000000098e-01 0.000000000000000000e+00
2.980000000000000000e+02 1.908660000000000068e+01 3.047940000000000094e+00 0.000000000000000000e+00
2.990000000000000000e+02 1.865536000000000172e+01 5.061200000000000365e+00 0.000000000000000000e+00
