0.000000000000000000e+00 -1.413075000000000081e+01 -1.504208999999999996e+01 0.000000000000000000e+00
1.000000000000000000e+00 -1.483864999999999945e+01 -1.297889999999999944e+01 0.000000000000000000e+00
2.000000000000000000e+00 -1.571696000000000026e+01 -1.090550999999999959e+01 0.000000000000000000e+00
3.000000000000000000e+00 -1.629515999999999920e+01 -8.674149999999999139e+00 0.000000000000000000e+00
4.000000000000000000e+00 -1.713873999999999853e+01 -6.592299999999999827e+00 0.000000000000000000e+00
5.000000000000000000e+00 -1.783518000000000114e+01 -4.567309999999999981e+00 0.000000000000000000e+00
6.000000000000000000e+00 -1.655770000000000053e+01 -2.830649999999999888e+00 0.000000000000000000e+00
7.000000000000000000e+00 -1.875538999999999845e+01 -2.606879999999999864e+00 0.000000000000000000e+00
8.000000000000000000e+00 -1.690603000000000122e+01 -7.631299999999999750e-01 0.000000000000000000e+00
9.000000000000000000e+00 -1.898415999999999926e+01 -5.125499999999999501e-01 0.000000000000000000e+00
1.000000000000000000e+01 -1.734900999999999982e+01 3.603899999999999881e+00 0.000000000000000000e+00
1.100000000000000000e+01 -1.944097000000000008e+01 2.782509999999999817e+00 0.000000000000000000e+00
1.200000000000000000e+01 -1.481615000000000038e+01 6.740169999999999995e+00 0.000000000000000000e+00
1.300000000000000000e+01 -1.866253000000000029e+01 5.466669999999999696e+00 0.000000000000000000e+00
1.400000000000000000e+01 -1.830453999999999937e+01 7.616349999999999731e+00 0.000000000000000000e+00
1.500000000000000000e+01 -1.633348000000000155e+01 8.225630000000000663e+00 0.000000000000000000e+00
1.600000000000000000e+01 -1.594598000000000049e+01 1.039015999999999984e+01 0.000000000000000000e+00
1.700000000000000000e+01 -1.537969999999999970e+01 1.248250999999999955e+01 0.000000000000000000e+00
1.800000000000000000e+01 -1.214403000000000077e+01 -1.563437000000000054e+01 0.000000000000000000e+00
1.900000000000000000e+01 -1.279870999999999981e+01 -1.328288000000000046e+01 0.000000000000000000e+00
2.000000000000000000e+01 -1.356644000000000005e+01 -1.120251000000000019e+01 0.000000000000000000e+00
2.100000000000000000e+01 -1.431004000000000076e+01 -9.271290000000000475e+00 0.000000000000000000e+00
2.200000000000000000e+01 -1.500783999999999985e+01 -6.975500000000000256e+00 0.000000000000000000e+00
2.300000000000000000e+01 -1.570388999999999946e+01 -5.006219999999999892e+00 0.000000000000000000e+00
2.400000000000000000e+01 -1.433962000000000003e+01 -3.362109999999999932e+00 0.000000000000000000e+00
2.500000000000000000e+01 -1.483111000000000068e+01 -1.013619999999999965e+00 0.000000000000000000e+00
2.600000000000000000e+01 -1.547962000000000060e+01 1.302799999999999958e+00 0.000000000000000000e+00
2.700000000000000000e+01 -1.754313000000000144e+01 1.233179999999999943e+00 0.000000000000000000e+00
2.800000000000000000e+01 -1.531084000000000067e+01 3.970289999999999875e+00 0.000000000000000000e+00
2.900000000000000000e+01 -1.657573999999999970e+01 5.654480000000000395e+00 0.000000000000000000e+00
3.000000000000000000e+01 -1.351445000000000007e+01 5.107190000000000119e+00 0.000000000000000000e+00
3.100000000000000000e+01 -1.264982999999999969e+01 7.185599999999999987e+00 0.000000000000000000e+00
3.200000000000000000e+01 -1.426820000000000022e+01 8.810750000000000526e+00 0.000000000000000000e+00
3.300000000000000000e+01 -1.390784999999999982e+01 1.090379000000000076e+01 0.000000000000000000e+00
3.400000000000000000e+01 -1.334890000000000043e+01 1.290277000000000029e+01 0.000000000000000000e+00
3.500000000000000000e+01 -1.291225000000000023e+01 1.500446999999999953e+01 0.000000000000000000e+00
3.600000000000000000e+01 -1.002486000000000033e+01 -1.568656000000000006e+01 0.000000000000000000e+00
3.700000000000000000e+01 -1.078065999999999924e+01 -1.366432000000000002e+01 0.000000000000000000e+00
3.800000000000000000e+01 -1.149864999999999959e+01 -1.161464999999999925e+01 0.000000000000000000e+00
3.900000000000000000e+01 -1.221588000000000029e+01 -9.620079999999999742e+00 0.000000000000000000e+00
4.000000000000000000e+01 -1.291419999999999924e+01 -7.652120000000000033e+00 0.000000000000000000e+00
4.100000000000000000e+01 -1.341928000000000054e+01 -5.600719999999999921e+00 0.000000000000000000e+00
4.200000000000000000e+01 -1.215818999999999939e+01 -3.943229999999999791e+00 0.000000000000000000e+00
4.300000000000000000e+01 -1.280315000000000047e+01 -1.950309999999999988e+00 0.000000000000000000e+00
4.400000000000000000e+01 -1.338763999999999932e+01 4.483900000000000108e-01 0.000000000000000000e+00
4.500000000000000000e+01 -1.371819999999999951e+01 2.580239999999999867e+00 0.000000000000000000e+00
4.600000000000000000e+01 -1.168341000000000030e+01 1.690900000000000070e+00 0.000000000000000000e+00
4.700000000000000000e+01 -1.194890999999999970e+01 3.753769999999999829e+00 0.000000000000000000e+00
4.800000000000000000e+01 -1.119829000000000008e+01 5.698900000000000077e+00 0.000000000000000000e+00
4.900000000000000000e+01 -1.065709999999999980e+01 7.808349999999999902e+00 0.000000000000000000e+00
5.000000000000000000e+01 -1.219020000000000081e+01 9.380060000000000286e+00 0.000000000000000000e+00
5.100000000000000000e+01 -1.187978999999999985e+01 1.145612000000000030e+01 0.000000000000000000e+00
5.200000000000000000e+01 -1.125196000000000041e+01 1.363429999999999964e+01 0.000000000000000000e+00
5.300000000000000000e+01 -1.095518999999999998e+01 1.574058999999999919e+01 0.000000000000000000e+00
5.400000000000000000e+01 -7.984280000000000044e+00 -1.609283999999999892e+01 0.000000000000000000e+00
5.500000000000000000e+01 -8.625389999999999446e+00 -1.396216000000000079e+01 0.000000000000000000e+00
5.600000000000000000e+01 -9.403859999999999886e+00 -1.202233000000000018e+01 0.000000000000000000e+00
5.700000000000000000e+01 -1.004860000000000042e+01 -1.000413999999999959e+01 0.000000000000000000e+00
5.800000000000000000e+01 -1.072418000000000049e+01 -8.035199999999999676e+00 0.000000000000000000e+00
5.900000000000000000e+01 -1.139342000000000077e+01 -6.056670000000000442e+00 0.000000000000000000e+00
6.000000000000000000e+01 -1.008694999999999986e+01 -4.457429999999999559e+00 0.000000000000000000e+00
6.100000000000000000e+01 -1.070623999999999931e+01 -2.398489999999999789e+00 0.000000000000000000e+00
6.200000000000000000e+01 -1.123155000000000037e+01 -3.236200000000000188e-01 0.000000000000000000e+00
6.300000000000000000e+01 -9.613599999999999923e+00 1.509800000000000031e+00 0.000000000000000000e+00
6.400000000000000000e+01 -9.796649999999999636e+00 4.126269999999999882e+00 0.000000000000000000e+00
6.500000000000000000e+01 -7.803749999999999964e+00 4.797880000000000145e+00 0.000000000000000000e+00
6.600000000000000000e+01 -9.169700000000000628e+00 6.357260000000000133e+00 0.000000000000000000e+00
6.700000000000000000e+01 -8.651020000000000820e+00 8.348710000000000520e+00 0.000000000000000000e+00
6.800000000000000000e+01 -1.011595999999999940e+01 9.809649999999999537e+00 0.000000000000000000e+00
6.900000000000000000e+01 -9.862289999999999779e+00 1.194192999999999927e+01 0.000000000000000000e+00
7.000000000000000000e+01 -9.243320000000000647e+00 1.436186999999999969e+01 0.000000000000000000e+00
7.100000000000000000e+01 -8.960940000000000794e+00 1.640280999999999878e+01 0.000000000000000000e+00
7.200000000000000000e+01 -5.933950000000000280e+00 -1.658718000000000004e+01 0.000000000000000000e+00
7.300000000000000000e+01 -6.527160000000000295e+00 -1.459545999999999921e+01 0.000000000000000000e+00
7.400000000000000000e+01 -7.262330000000000396e+00 -1.237382000000000026e+01 0.000000000000000000e+00
7.500000000000000000e+01 -8.006629999999999470e+00 -1.040313000000000088e+01 0.000000000000000000e+00
7.600000000000000000e+01 -8.633139999999999148e+00 -8.379910000000000636e+00 0.000000000000000000e+00
7.700000000000000000e+01 -9.334699999999999775e+00 -6.418149999999999800e+00 0.000000000000000000e+00
7.800000000000000000e+01 -7.939110000000000333e+00 -4.828990000000000116e+00 0.000000000000000000e+00
7.900000000000000000e+01 -8.607779999999999987e+00 -2.883719999999999839e+00 0.000000000000000000e+00
8.000000000000000000e+01 -9.192180000000000462e+00 -7.767300000000000315e-01 0.000000000000000000e+00
8.100000000000000000e+01 -7.702469999999999928e+00 6.856999999999999762e-01 0.000000000000000000e+00
8.200000000000000000e+01 -7.870009999999999728e+00 2.747469999999999857e+00 0.000000000000000000e+00
8.300000000000000000e+01 -5.781710000000000349e+00 2.412570000000000103e+00 0.000000000000000000e+00
8.400000000000000000e+01 -6.914719999999999978e+00 6.789520000000000444e+00 0.000000000000000000e+00
8.500000000000000000e+01 -6.584360000000000213e+00 8.829510000000000858e+00 0.000000000000000000e+00
8.600000000000000000e+01 -8.111399999999999721e+00 1.043565000000000076e+01 0.000000000000000000e+00
8.700000000000000000e+01 -7.894050000000000011e+00 1.262689999999999912e+01 0.000000000000000000e+00
8.800000000000000000e+01 -7.139929999999999666e+00 1.496550000000000047e+01 0.000000000000000000e+00
8.900000000000000000e+01 -4.996800000000000352e+00 1.833247000000000071e+01 0.000000000000000000e+00
9.000000000000000000e+01 -5.831730000000000302e+00 -1.864159000000000077e+01 0.000000000000000000e+00
9.100000000000000000e+01 -4.456260000000000332e+00 -1.498077999999999932e+01 0.000000000000000000e+00
9.200000000000000000e+01 -5.172839999999999883e+00 -1.302031999999999989e+01 0.000000000000000000e+00
9.300000000000000000e+01 -5.833239999999999981e+00 -1.085186000000000028e+01 0.000000000000000000e+00
9.400000000000000000e+01 -6.523869999999999614e+00 -8.864459999999999340e+00 0.000000000000000000e+00
9.500000000000000000e+01 -7.246120000000000339e+00 -6.852549999999999919e+00 0.000000000000000000e+00
9.600000000000000000e+01 -5.903100000000000236e+00 -5.277169999999999916e+00 0.000000000000000000e+00
9.700000000000000000e+01 -6.539889999999999759e+00 -3.322740000000000027e+00 0.000000000000000000e+00
9.800000000000000000e+01 -7.194200000000000372e+00 -1.352009999999999934e+00 0.000000000000000000e+00
9.900000000000000000e+01 -5.634839999999999627e+00 3.446600000000000219e-01 0.000000000000000000e+00
1.000000000000000000e+02 -3.833270000000000177e+00 3.938590000000000035e+00 0.000000000000000000e+00
1.010000000000000000e+02 -5.669480000000000075e+00 5.138239999999999696e+00 0.000000000000000000e+00
1.020000000000000000e+02 -4.638189999999999813e+00 8.001939999999999387e+00 0.000000000000000000e+00
1.030000000000000000e+02 -4.285840000000000316e+00 1.002519999999999989e+01 0.000000000000000000e+00
1.040000000000000000e+02 -6.090589999999999726e+00 1.105470000000000041e+01 0.000000000000000000e+00
1.050000000000000000e+02 -5.888580000000000148e+00 1.319079999999999941e+01 0.000000000000000000e+00
1.060000000000000000e+02 -6.715609999999999857e+00 1.712423000000000073e+01 0.000000000000000000e+00
1.070000000000000000e+02 -3.268829999999999902e+00 1.958730999999999867e+01 0.000000000000000000e+00
1.080000000000000000e+02 -3.526940000000000186e+00 -1.684703000000000017e+01 0.000000000000000000e+00
1.090000000000000000e+02 -1.992620000000000058e+00 -1.542056000000000004e+01 0.000000000000000000e+00
1.100000000000000000e+02 -2.954369999999999941e+00 -1.337058000000000035e+01 0.000000000000000000e+00
1.110000000000000000e+02 -3.776949999999999807e+00 -1.135098999999999947e+01 0.000000000000000000e+00
1.120000000000000000e+02 -4.478290000000000326e+00 -9.267770000000000508e+00 0.000000000000000000e+00
1.130000000000000000e+02 -5.161389999999999922e+00 -7.310170000000000279e+00 0.000000000000000000e+00
1.140000000000000000e+02 -3.868840000000000057e+00 -5.704049999999999621e+00 0.000000000000000000e+00
1.150000000000000000e+02 -4.236950000000000216e+00 -3.661639999999999784e+00 0.000000000000000000e+00
1.160000000000000000e+02 -5.162840000000000096e+00 -1.730159999999999920e+00 0.000000000000000000e+00
1.170000000000000000e+02 -3.763549999999999951e+00 1.785039999999999960e+00 0.000000000000000000e+00
1.180000000000000000e+02 -1.913869999999999960e+00 2.907389999999999919e+00 0.000000000000000000e+00
1.190000000000000000e+02 -3.818950000000000067e+00 6.026959999999999873e+00 0.000000000000000000e+00
1.200000000000000000e+02 -1.999100000000000099e+00 7.045309999999999739e+00 0.000000000000000000e+00
1.210000000000000000e+02 -2.346290000000000209e+00 9.091839999999999478e+00 0.000000000000000000e+00
1.220000000000000000e+02 -4.075300000000000367e+00 1.215235999999999983e+01 0.000000000000000000e+00
1.230000000000000000e+02 -2.237610000000000099e+00 1.330901000000000067e+01 0.000000000000000000e+00
1.240000000000000000e+02 -4.068329999999999558e+00 1.425522999999999918e+01 0.000000000000000000e+00
1.250000000000000000e+02 -4.473499999999999588e+00 1.630151000000000039e+01 0.000000000000000000e+00
1.260000000000000000e+02 -2.571619999999999795e+00 -1.893592999999999904e+01 0.000000000000000000e+00
1.270000000000000000e+02 -1.174800000000000066e+00 -1.737470000000000070e+01 0.000000000000000000e+00
1.280000000000000000e+02 -1.636900000000000022e+00 -1.178651999999999944e+01 0.000000000000000000e+00
1.290000000000000000e+02 -2.437749999999999861e+00 -9.793990000000000862e+00 0.000000000000000000e+00
1.300000000000000000e+02 -3.041879999999999917e+00 -7.709220000000000184e+00 0.000000000000000000e+00
1.310000000000000000e+02 -1.811029999999999918e+00 -5.578350000000000364e+00 0.000000000000000000e+00
1.320000000000000000e+02 -1.933389999999999942e+00 -3.519350000000000200e+00 0.000000000000000000e+00
1.330000000000000000e+02 -1.860589999999999966e+00 -1.324600000000000000e+00 0.000000000000000000e+00
1.340000000000000000e+02 -3.948999999999999733e-02 -2.346350000000000158e+00 0.000000000000000000e+00
1.350000000000000000e+02 -3.641410000000000036e+00 -2.851199999999999846e-01 0.000000000000000000e+00
1.360000000000000000e+02 -1.863760000000000083e+00 7.853400000000000380e-01 0.000000000000000000e+00
1.370000000000000000e+02 -6.270000000000000573e-02 3.965619999999999923e+00 0.000000000000000000e+00
1.380000000000000000e+02 -2.026660000000000128e+00 4.958739999999999704e+00 0.000000000000000000e+00
1.390000000000000000e+02 -2.529000000000000137e-01 1.030824999999999925e+01 0.000000000000000000e+00
1.400000000000000000e+02 -2.180200000000000138e+00 1.116343999999999959e+01 0.000000000000000000e+00
1.410000000000000000e+02 -2.273859999999999992e+00 1.551451999999999920e+01 0.000000000000000000e+00
1.420000000000000000e+02 -3.227700000000000014e-01 1.691876999999999853e+01 0.000000000000000000e+00
1.430000000000000000e+02 -2.688159999999999883e+00 1.753145999999999916e+01 0.000000000000000000e+00
1.440000000000000000e+02 1.000699999999999923e+00 -1.771004999999999896e+01 0.000000000000000000e+00
1.450000000000000000e+02 1.406900000000000095e-01 -1.558344999999999914e+01 0.000000000000000000e+00
1.460000000000000000e+02 -8.319400000000000128e-01 -1.368604999999999983e+01 0.000000000000000000e+00
1.470000000000000000e+02 -2.615199999999999747e-01 -1.021503000000000050e+01 0.000000000000000000e+00
1.480000000000000000e+02 -1.008299999999999974e+00 -8.278969999999999274e+00 0.000000000000000000e+00
1.490000000000000000e+02 4.048000000000000209e-02 -6.485030000000000072e+00 0.000000000000000000e+00
1.500000000000000000e+02 -1.446000000000000063e-02 -4.423829999999999707e+00 0.000000000000000000e+00
1.510000000000000000e+02 1.872759999999999980e+00 -3.268650000000000055e+00 0.000000000000000000e+00
1.520000000000000000e+02 1.785039999999999960e+00 -1.198120000000000074e+00 0.000000000000000000e+00
1.530000000000000000e+02 -9.109000000000000430e-02 -2.674799999999999955e-01 0.000000000000000000e+00
1.540000000000000000e+02 -1.035399999999999932e-01 1.868849999999999900e+00 0.000000000000000000e+00
1.550000000000000000e+02 -1.237499999999999989e-01 6.025579999999999714e+00 0.000000000000000000e+00
1.560000000000000000e+02 -1.684799999999999909e-01 8.146990000000000620e+00 0.000000000000000000e+00
1.570000000000000000e+02 1.671810000000000018e+00 9.246330000000000382e+00 0.000000000000000000e+00
1.580000000000000000e+02 1.567229999999999901e+00 1.138822000000000045e+01 0.000000000000000000e+00
1.590000000000000000e+02 -3.133199999999999874e-01 1.236792999999999942e+01 0.000000000000000000e+00
1.600000000000000000e+02 -4.957500000000000240e-01 1.444647999999999932e+01 0.000000000000000000e+00
1.610000000000000000e+02 1.351890000000000036e+00 1.831518000000000157e+01 0.000000000000000000e+00
1.620000000000000000e+02 -3.819500000000000117e-01 -1.959540000000000148e+01 0.000000000000000000e+00
1.630000000000000000e+02 3.159969999999999946e+00 -1.732281000000000049e+01 0.000000000000000000e+00
1.640000000000000000e+02 1.366430000000000033e+00 -1.373451999999999984e+01 0.000000000000000000e+00
1.650000000000000000e+02 1.320049999999999946e+00 -1.164601000000000042e+01 0.000000000000000000e+00
1.660000000000000000e+02 1.714040000000000008e+00 -9.561959999999999127e+00 0.000000000000000000e+00
1.670000000000000000e+02 1.819469999999999921e+00 -5.361620000000000275e+00 0.000000000000000000e+00
1.680000000000000000e+02 3.654220000000000024e+00 -4.349660000000000082e+00 0.000000000000000000e+00
1.690000000000000000e+02 3.649379999999999846e+00 -2.231650000000000134e+00 0.000000000000000000e+00
1.700000000000000000e+02 3.639899999999999913e+00 -1.577500000000000013e-01 0.000000000000000000e+00
1.710000000000000000e+02 1.812459999999999960e+00 8.534100000000000019e-01 0.000000000000000000e+00
1.720000000000000000e+02 1.760510000000000019e+00 2.951290000000000191e+00 0.000000000000000000e+00
1.730000000000000000e+02 1.742359999999999909e+00 5.017500000000000071e+00 0.000000000000000000e+00
1.740000000000000000e+02 1.663450000000000095e+00 7.159620000000000317e+00 0.000000000000000000e+00
1.750000000000000000e+02 3.508900000000000130e+00 8.271979999999999222e+00 0.000000000000000000e+00
1.760000000000000000e+02 3.467109999999999914e+00 1.048817000000000021e+01 0.000000000000000000e+00
1.770000000000000000e+02 1.458259999999999890e+00 1.353233999999999959e+01 0.000000000000000000e+00
1.780000000000000000e+02 1.316640000000000033e+00 1.559590999999999994e+01 0.000000000000000000e+00
1.790000000000000000e+02 3.235790000000000166e+00 1.920084999999999908e+01 0.000000000000000000e+00
1.800000000000000000e+02 5.049450000000000216e+00 -1.870392000000000010e+01 0.000000000000000000e+00
1.810000000000000000e+02 2.763279999999999959e+00 -1.527050000000000018e+01 0.000000000000000000e+00
1.820000000000000000e+02 3.417330000000000201e+00 -1.288580999999999932e+01 0.000000000000000000e+00
1.830000000000000000e+02 3.428710000000000147e+00 -1.078758999999999979e+01 0.000000000000000000e+00
1.840000000000000000e+02 3.642860000000000209e+00 -8.739530000000000243e+00 0.000000000000000000e+00
1.850000000000000000e+02 1.827290000000000081e+00 -7.491399999999999615e+00 0.000000000000000000e+00
1.860000000000000000e+02 5.482169999999999987e+00 -5.433539999999999814e+00 0.000000000000000000e+00
1.870000000000000000e+02 5.497419999999999973e+00 -3.362010000000000165e+00 0.000000000000000000e+00
1.880000000000000000e+02 5.434190000000000076e+00 9.124799999999999578e-01 0.000000000000000000e+00
1.890000000000000000e+02 3.626450000000000173e+00 1.925079999999999902e+00 0.000000000000000000e+00
1.900000000000000000e+02 3.599880000000000191e+00 4.017940000000000289e+00 0.000000000000000000e+00
1.910000000000000000e+02 5.383670000000000400e+00 5.090779999999999639e+00 0.000000000000000000e+00
1.920000000000000000e+02 3.526419999999999888e+00 6.092509999999999870e+00 0.000000000000000000e+00
1.930000000000000000e+02 5.320409999999999862e+00 7.164699999999999847e+00 0.000000000000000000e+00
1.940000000000000000e+02 5.507609999999999673e+00 9.361029999999999518e+00 0.000000000000000000e+00
1.950000000000000000e+02 3.388749999999999929e+00 1.260665999999999976e+01 0.000000000000000000e+00
1.960000000000000000e+02 3.246690000000000076e+00 1.472131000000000078e+01 0.000000000000000000e+00
1.970000000000000000e+02 3.061059999999999892e+00 1.683256000000000085e+01 0.000000000000000000e+00
1.980000000000000000e+02 5.062140000000000306e+00 -1.636020999999999859e+01 0.000000000000000000e+00
1.990000000000000000e+02 5.150109999999999744e+00 -1.402139999999999986e+01 0.000000000000000000e+00
2.000000000000000000e+02 5.228010000000000268e+00 -1.181123000000000012e+01 0.000000000000000000e+00
2.010000000000000000e+02 5.504089999999999705e+00 -9.707969999999999544e+00 0.000000000000000000e+00
2.020000000000000000e+02 5.388219999999999565e+00 -7.563649999999999984e+00 0.000000000000000000e+00
2.030000000000000000e+02 3.598930000000000184e+00 -6.430850000000000399e+00 0.000000000000000000e+00
2.040000000000000000e+02 7.298359999999999737e+00 -4.447490000000000165e+00 0.000000000000000000e+00
2.050000000000000000e+02 5.434179999999999566e+00 -1.198439999999999950e+00 0.000000000000000000e+00
2.060000000000000000e+02 7.320380000000000109e+00 -2.973399999999999932e-01 0.000000000000000000e+00
2.070000000000000000e+02 7.234149999999999636e+00 1.947009999999999907e+00 0.000000000000000000e+00
2.080000000000000000e+02 5.454880000000000173e+00 3.006580000000000030e+00 0.000000000000000000e+00
2.090000000000000000e+02 7.302900000000000169e+00 4.011790000000000411e+00 0.000000000000000000e+00
2.100000000000000000e+02 7.301219999999999821e+00 6.132080000000000197e+00 0.000000000000000000e+00
2.110000000000000000e+02 7.259780000000000122e+00 8.213639999999999830e+00 0.000000000000000000e+00
2.120000000000000000e+02 5.389050000000000118e+00 1.142797000000000018e+01 0.000000000000000000e+00
2.130000000000000000e+02 5.249319999999999986e+00 1.352532000000000068e+01 0.000000000000000000e+00
2.140000000000000000e+02 5.186980000000000146e+00 1.558547000000000082e+01 0.000000000000000000e+00
2.150000000000000000e+02 5.056020000000000181e+00 1.765591999999999828e+01 0.000000000000000000e+00
2.160000000000000000e+02 7.104409999999999670e+00 -1.774595000000000056e+01 0.000000000000000000e+00
2.170000000000000000e+02 6.941720000000000113e+00 -1.523014000000000046e+01 0.000000000000000000e+00
2.180000000000000000e+02 6.964290000000000092e+00 -1.297400999999999982e+01 0.000000000000000000e+00
2.190000000000000000e+02 7.211350000000000371e+00 -1.088453999999999944e+01 0.000000000000000000e+00
2.200000000000000000e+02 7.324340000000000295e+00 -8.695740000000000691e+00 0.000000000000000000e+00
2.210000000000000000e+02 7.227820000000000356e+00 -6.545449999999999768e+00 0.000000000000000000e+00
2.220000000000000000e+02 9.054869999999999308e+00 -5.540899999999999714e+00 0.000000000000000000e+00
2.230000000000000000e+02 7.313889999999999780e+00 -2.369850000000000012e+00 0.000000000000000000e+00
2.240000000000000000e+02 9.106769999999999143e+00 -1.350179999999999936e+00 0.000000000000000000e+00
2.250000000000000000e+02 9.147520000000000095e+00 7.248599999999999488e-01 0.000000000000000000e+00
2.260000000000000000e+02 9.136329999999999174e+00 2.952690000000000037e+00 0.000000000000000000e+00
2.270000000000000000e+02 9.078870000000000218e+00 5.068480000000000096e+00 0.000000000000000000e+00
2.280000000000000000e+02 9.088480000000000558e+00 7.176389999999999603e+00 0.000000000000000000e+00
2.290000000000000000e+02 9.051370000000000360e+00 9.297159999999999869e+00 0.000000000000000000e+00
2.300000000000000000e+02 7.303099999999999703e+00 1.048531999999999975e+01 0.000000000000000000e+00
2.310000000000000000e+02 7.185679999999999623e+00 1.255034000000000027e+01 0.000000000000000000e+00
2.320000000000000000e+02 7.061169999999999725e+00 1.468712000000000018e+01 0.000000000000000000e+00
2.330000000000000000e+02 6.996710000000000207e+00 1.677965999999999980e+01 0.000000000000000000e+00
2.340000000000000000e+02 8.941839999999999122e+00 -1.675525999999999982e+01 0.000000000000000000e+00
2.350000000000000000e+02 8.767079999999999984e+00 -1.416122000000000014e+01 0.000000000000000000e+00
2.360000000000000000e+02 8.988479999999999137e+00 -1.197110999999999947e+01 0.000000000000000000e+00
2.370000000000000000e+02 9.109030000000000626e+00 -9.759320000000000661e+00 0.000000000000000000e+00
2.380000000000000000e+02 9.217760000000000176e+00 -7.643869999999999720e+00 0.000000000000000000e+00
2.390000000000000000e+02 1.106663999999999959e+01 -6.603139999999999787e+00 0.000000000000000000e+00
2.400000000000000000e+02 1.102585999999999977e+01 -4.453689999999999927e+00 0.000000000000000000e+00
2.410000000000000000e+02 9.141329999999999956e+00 -3.471169999999999867e+00 0.000000000000000000e+00
2.420000000000000000e+02 1.101374999999999993e+01 -1.837900000000000089e-01 0.000000000000000000e+00
2.430000000000000000e+02 1.090564000000000000e+01 1.906320000000000014e+00 0.000000000000000000e+00
2.440000000000000000e+02 1.092671999999999954e+01 4.064160000000000217e+00 0.000000000000000000e+00
2.450000000000000000e+02 1.090295000000000059e+01 6.156749999999999723e+00 0.000000000000000000e+00
2.460000000000000000e+02 1.085045000000000037e+01 8.272470000000000212e+00 0.000000000000000000e+00
2.470000000000000000e+02 1.091928000000000054e+01 1.035407999999999973e+01 0.000000000000000000e+00
2.480000000000000000e+02 9.134349999999999525e+00 1.155755000000000088e+01 0.000000000000000000e+00
2.490000000000000000e+02 8.935890000000000555e+00 1.368463000000000029e+01 0.000000000000000000e+00
2.500000000000000000e+02 8.904479999999999507e+00 1.592032000000000025e+01 0.000000000000000000e+00
2.510000000000000000e+02 6.926750000000000185e+00 1.897875000000000156e+01 0.000000000000000000e+00
2.520000000000000000e+02 1.053053000000000061e+01 -1.539411999999999914e+01 0.000000000000000000e+00
2.530000000000000000e+02 1.077627999999999986e+01 -1.309614000000000011e+01 0.000000000000000000e+00
2.540000000000000000e+02 1.083646000000000065e+01 -1.094173999999999936e+01 0.000000000000000000e+00
2.550000000000000000e+02 1.097730999999999923e+01 -8.844070000000000320e+00 0.000000000000000000e+00
2.560000000000000000e+02 1.284540999999999933e+01 -7.754940000000000389e+00 0.000000000000000000e+00
2.570000000000000000e+02 1.298873000000000033e+01 -5.649820000000000064e+00 0.000000000000000000e+00
2.580000000000000000e+02 1.287269000000000041e+01 -3.362540000000000084e+00 0.000000000000000000e+00
2.590000000000000000e+02 1.099211000000000027e+01 -2.284600000000000186e+00 0.000000000000000000e+00
2.600000000000000000e+02 1.288153999999999932e+01 8.798500000000000210e-01 0.000000000000000000e+00
2.610000000000000000e+02 1.473445000000000071e+01 2.063730000000000064e+00 0.000000000000000000e+00
2.620000000000000000e+02 1.274696999999999925e+01 2.966029999999999944e+00 0.000000000000000000e+00
2.630000000000000000e+02 1.274460999999999977e+01 5.109079999999999622e+00 0.000000000000000000e+00
2.640000000000000000e+02 1.269548999999999950e+01 7.218040000000000234e+00 0.000000000000000000e+00
2.650000000000000000e+02 1.271733000000000047e+01 9.329040000000000887e+00 0.000000000000000000e+00
2.660000000000000000e+02 1.265814999999999912e+01 1.157203999999999944e+01 0.000000000000000000e+00
2.670000000000000000e+02 1.089594999999999914e+01 1.273333000000000048e+01 0.000000000000000000e+00
2.680000000000000000e+02 1.078039000000000058e+01 1.493486000000000047e+01 0.000000000000000000e+00
2.690000000000000000e+02 1.260524999999999984e+01 1.395279000000000025e+01 0.000000000000000000e+00
2.700000000000000000e+02 1.242875000000000085e+01 -1.452264000000000088e+01 0.000000000000000000e+00
2.710000000000000000e+02 1.271901000000000082e+01 -1.235031000000000034e+01 0.000000000000000000e+00
2.720000000000000000e+02 1.280264000000000024e+01 -1.001788999999999952e+01 0.000000000000000000e+00
2.730000000000000000e+02 1.669724000000000075e+01 -7.766309999999999825e+00 0.000000000000000000e+00
2.740000000000000000e+02 1.466430000000000078e+01 -8.838329999999999131e+00 0.000000000000000000e+00
2.750000000000000000e+02 1.479599999999999937e+01 -6.731659999999999755e+00 0.000000000000000000e+00
2.760000000000000000e+02 1.489733999999999980e+01 -4.286979999999999791e+00 0.000000000000000000e+00
2.770000000000000000e+02 1.286475000000000080e+01 -1.190350000000000019e+00 0.000000000000000000e+00
2.780000000000000000e+02 1.480009000000000086e+01 -4.547999999999999959e-02 0.000000000000000000e+00
2.790000000000000000e+02 1.663218000000000174e+01 9.926199999999999468e-01 0.000000000000000000e+00
2.800000000000000000e+02 1.466757999999999917e+01 4.225389999999999979e+00 0.000000000000000000e+00
2.810000000000000000e+02 1.465287000000000006e+01 6.298949999999999605e+00 0.000000000000000000e+00
2.820000000000000000e+02 1.858828000000000102e+01 4.389350000000000307e+00 0.000000000000000000e+00
2.830000000000000000e+02 1.646724000000000032e+01 7.322300000000000253e+00 0.000000000000000000e+00
2.840000000000000000e+02 1.461159999999999926e+01 8.413779999999999148e+00 0.000000000000000000e+00
2.850000000000000000e+02 1.637299000000000149e+01 9.528249999999999886e+00 0.000000000000000000e+00
2.860000000000000000e+02 1.458053999999999917e+01 1.057321999999999917e+01 0.000000000000000000e+00
2.870000000000000000e+02 1.454692999999999969e+01 1.266564999999999941e+01 0.000000000000000000e+00
2.880000000000000000e+02 1.459826999999999941e+01 -1.129049000000000014e+01 0.000000000000000000e+00
2.890000000000000000e+02 1.653312999999999988e+01 -9.872320000000000206e+00 0.000000000000000000e+00
2.900000000000000000e+02 1.842945999999999884e+01 -6.641829999999999679e+00 0.000000000000000000e+00
2.910000000000000000e+02 1.877764000000000166e+01 -4.271029999999999660e+00 0.000000000000000000e+00
2.920000000000000000e+02 1.658446999999999960e+01 -5.637290000000000134e+00 0.000000000000000000e+00
2.930000000000000000e+02 1.859055000000000035e+01 -1.760680000000000023e+00 0.000000000000000000e+00
2.940000000000000000e+02 1.673641999999999896e+01 -3.210879999999999956e+00 0.000000000000000000e+00
2.950000000000000000e+02 1.483716000000000079e+01 -2.186599999999999877e+00 0.000000000000000000e+00
2.960000000000000000e+02 1.661477999999999966e+01 -1.085730000000000084e+00 0.000000000000000000e+00
2.970000000000000000e+02 1.851519000000000048e+01 2.231840000000000046e+00 0.000000000000000000e+00
2.980000000000000000e+02 1.657647000000000048e+01 3.190399999999999903e+00 0.000000000000000000e+00
2.990000000000000000e+02 1.668382000000000076e+01 5.268349999999999866e+00 0.000000000000000000e+00
