0.000000000000000000e+00 -1.321626999999999974e+01 -1.396870000000000012e+01 0.000000000000000000e+00
1.000000000000000000e+00 -1.524957000000000029e+01 -1.098282999999999987e+01 0.000000000000000000e+00
2.000000000000000000e+00 -1.492145999999999972e+01 -8.537530000000000285e+00 0.000000000000000000e+00
3.000000000000000000e+00 -1.693915000000000148e+01 -7.368829999999999991e+00 0.000000000000000000e+00
4.000000000000000000e+00 -1.892768999999999835e+01 -4.554750000000000298e+00 0.000000000000000000e+00
5.000000000000000000e+00 -1.864085999999999999e+01 -2.209560000000000191e+00 0.000000000000000000e+00
6.000000000000000000e+00 -1.679243999999999915e+01 -3.200660000000000061e+00 0.000000000000000000e+00
7.000000000000000000e+00 -1.681212999999999980e+01 -9.579999999999999627e-01 0.000000000000000000e+00
8.000000000000000000e+00 -1.498202999999999996e+01 5.376999999999999835e-02 0.000000000000000000e+00
9.000000000000000000e+00 -1.912771000000000043e+01 -1.608199999999999907e-01 0.000000000000000000e+00
1.000000000000000000e+01 -1.675035000000000096e+01 1.172930000000000028e+00 0.000000000000000000e+00
1.100000000000000000e+01 -1.664427999999999841e+01 3.311170000000000169e+00 0.000000000000000000e+00
1.200000000000000000e+01 -1.836112999999999928e+01 4.684520000000000017e+00 0.000000000000000000e+00
1.300000000000000000e+01 -1.860018000000000171e+01 2.345740000000000158e+00 0.000000000000000000e+00
1.400000000000000000e+01 -1.640140999999999849e+01 5.393539999999999779e+00 0.000000000000000000e+00
1.500000000000000000e+01 -1.461286999999999914e+01 8.637740000000000862e+00 0.000000000000000000e+00
1.600000000000000000e+01 -1.672268000000000043e+01 9.826650000000000773e+00 0.000000000000000000e+00
1.700000000000000000e+01 -1.484744000000000064e+01 1.083779000000000003e+01 0.000000000000000000e+00
1.800000000000000000e+01 -1.131595000000000084e+01 -1.496725999999999956e+01 0.000000000000000000e+00
1.900000000000000000e+01 -1.327854999999999919e+01 -1.187404000000000082e+01 0.000000000000000000e+00
2.000000000000000000e+01 -1.325375000000000014e+01 -9.761419999999999320e+00 0.000000000000000000e+00
2.100000000000000000e+01 -1.310820000000000007e+01 -7.498140000000000249e+00 0.000000000000000000e+00
2.200000000000000000e+01 -1.509265000000000079e+01 -6.478019999999999889e+00 0.000000000000000000e+00
2.300000000000000000e+01 -1.681689000000000078e+01 -5.280759999999999899e+00 0.000000000000000000e+00
2.400000000000000000e+01 -1.494186000000000014e+01 -4.229180000000000383e+00 0.000000000000000000e+00
2.500000000000000000e+01 -1.499900000000000055e+01 -2.131050000000000111e+00 0.000000000000000000e+00
2.600000000000000000e+01 -1.313423000000000052e+01 -1.035900000000000043e+00 0.000000000000000000e+00
2.700000000000000000e+01 -1.299226999999999954e+01 1.068910000000000027e+00 0.000000000000000000e+00
2.800000000000000000e+01 -1.480217999999999989e+01 2.128960000000000186e+00 0.000000000000000000e+00
2.900000000000000000e+01 -1.466273999999999944e+01 4.271320000000000228e+00 0.000000000000000000e+00
3.000000000000000000e+01 -1.468310999999999922e+01 6.547950000000000159e+00 0.000000000000000000e+00
3.100000000000000000e+01 -1.279198000000000057e+01 7.483679999999999666e+00 0.000000000000000000e+00
3.200000000000000000e+01 -1.649806999999999846e+01 7.750949999999999562e+00 0.000000000000000000e+00
3.300000000000000000e+01 -1.282553000000000054e+01 1.177571999999999974e+01 0.000000000000000000e+00
3.400000000000000000e+01 -1.282788000000000039e+01 1.390728999999999971e+01 0.000000000000000000e+00
3.500000000000000000e+01 -8.801399999999999224e+00 1.798588000000000164e+01 0.000000000000000000e+00
3.600000000000000000e+01 -1.003905999999999921e+01 -1.669897999999999882e+01 0.000000000000000000e+00
3.700000000000000000e+01 -1.144351999999999947e+01 -1.285979999999999990e+01 0.000000000000000000e+00
3.800000000000000000e+01 -1.133305999999999969e+01 -1.078537000000000035e+01 0.000000000000000000e+00
3.900000000000000000e+01 -1.122625000000000028e+01 -8.608389999999999986e+00 0.000000000000000000e+00
4.000000000000000000e+01 -1.130606000000000044e+01 -6.456109999999999793e+00 0.000000000000000000e+00
4.100000000000000000e+01 -1.309310999999999936e+01 -5.418759999999999799e+00 0.000000000000000000e+00
4.200000000000000000e+01 -1.139972999999999992e+01 -4.259430000000000049e+00 0.000000000000000000e+00
4.300000000000000000e+01 -1.313217999999999996e+01 -3.112220000000000208e+00 0.000000000000000000e+00
4.400000000000000000e+01 -1.118623000000000012e+01 -2.980000000000000010e-03 0.000000000000000000e+00
4.500000000000000000e+01 -1.112068999999999974e+01 2.084709999999999841e+00 0.000000000000000000e+00
4.600000000000000000e+01 -1.286566999999999972e+01 3.221870000000000012e+00 0.000000000000000000e+00
4.700000000000000000e+01 -1.286081000000000074e+01 5.367200000000000415e+00 0.000000000000000000e+00
4.800000000000000000e+01 -1.104712999999999923e+01 6.375020000000000131e+00 0.000000000000000000e+00
4.900000000000000000e+01 -1.105255000000000010e+01 8.598990000000000578e+00 0.000000000000000000e+00
5.000000000000000000e+01 -1.285097999999999985e+01 9.706089999999999662e+00 0.000000000000000000e+00
5.100000000000000000e+01 -1.103777000000000008e+01 1.281696999999999953e+01 0.000000000000000000e+00
5.200000000000000000e+01 -1.083630999999999922e+01 1.511008999999999958e+01 0.000000000000000000e+00
5.300000000000000000e+01 -7.021490000000000009e+00 1.910574000000000083e+01 0.000000000000000000e+00
5.400000000000000000e+01 -8.175010000000000332e+00 -1.569346999999999959e+01 0.000000000000000000e+00
5.500000000000000000e+01 -9.481859999999999289e+00 -1.402849999999999930e+01 0.000000000000000000e+00
5.600000000000000000e+01 -9.508050000000000779e+00 -1.186101999999999990e+01 0.000000000000000000e+00
5.700000000000000000e+01 -9.498020000000000351e+00 -9.763260000000000716e+00 0.000000000000000000e+00
5.800000000000000000e+01 -9.429980000000000473e+00 -7.524759999999999671e+00 0.000000000000000000e+00
5.900000000000000000e+01 -9.518819999999999837e+00 -5.389300000000000423e+00 0.000000000000000000e+00
6.000000000000000000e+01 -9.543710000000000804e+00 -3.232829999999999870e+00 0.000000000000000000e+00
6.100000000000000000e+01 -1.131663999999999959e+01 -2.096179999999999932e+00 0.000000000000000000e+00
6.200000000000000000e+01 -9.462379999999999569e+00 -1.162530000000000063e+00 0.000000000000000000e+00
6.300000000000000000e+01 -9.322599999999999554e+00 1.101410000000000000e+00 0.000000000000000000e+00
6.400000000000000000e+01 -1.105545000000000044e+01 4.230349999999999611e+00 0.000000000000000000e+00
6.500000000000000000e+01 -9.275249999999999773e+00 5.322980000000000267e+00 0.000000000000000000e+00
6.600000000000000000e+01 -9.281159999999999854e+00 7.496269999999999989e+00 0.000000000000000000e+00
6.700000000000000000e+01 -9.151279999999999859e+00 9.565480000000000871e+00 0.000000000000000000e+00
6.800000000000000000e+01 -1.090670000000000073e+01 1.067340000000000089e+01 0.000000000000000000e+00
6.900000000000000000e+01 -9.126920000000000144e+00 1.378049999999999997e+01 0.000000000000000000e+00
7.000000000000000000e+01 -8.900159999999999627e+00 1.584285000000000032e+01 0.000000000000000000e+00
7.100000000000000000e+01 -7.026110000000000078e+00 1.690989000000000075e+01 0.000000000000000000e+00
7.200000000000000000e+01 -4.615789999999999615e+00 -1.792381999999999920e+01 0.000000000000000000e+00
7.300000000000000000e+01 -6.356790000000000163e+00 -1.468792999999999971e+01 0.000000000000000000e+00
7.400000000000000000e+01 -7.704710000000000392e+00 -1.284828000000000081e+01 0.000000000000000000e+00
7.500000000000000000e+01 -7.577869999999999884e+00 -1.075308000000000064e+01 0.000000000000000000e+00
7.600000000000000000e+01 -7.675080000000000346e+00 -8.652449999999999974e+00 0.000000000000000000e+00
7.700000000000000000e+01 -7.670350000000000001e+00 -6.404209999999999958e+00 0.000000000000000000e+00
7.800000000000000000e+01 -7.661859999999999893e+00 -4.254769999999999719e+00 0.000000000000000000e+00
7.900000000000000000e+01 -7.634759999999999991e+00 -2.200279999999999792e+00 0.000000000000000000e+00
8.000000000000000000e+01 -7.636730000000000018e+00 -1.380200000000000038e-01 0.000000000000000000e+00
8.100000000000000000e+01 -7.482840000000000380e+00 2.096080000000000165e+00 0.000000000000000000e+00
8.200000000000000000e+01 -9.248469999999999303e+00 3.198409999999999975e+00 0.000000000000000000e+00
8.300000000000000000e+01 -7.447560000000000180e+00 4.201909999999999812e+00 0.000000000000000000e+00
8.400000000000000000e+01 -7.471320000000000405e+00 6.381599999999999717e+00 0.000000000000000000e+00
8.500000000000000000e+01 -7.253239999999999910e+00 1.058305999999999969e+01 0.000000000000000000e+00
8.600000000000000000e+01 -9.037069999999999936e+00 1.164437999999999995e+01 0.000000000000000000e+00
8.700000000000000000e+01 -7.202079999999999593e+00 1.265135000000000076e+01 0.000000000000000000e+00
8.800000000000000000e+01 -7.075809999999999711e+00 1.483799999999999919e+01 0.000000000000000000e+00
8.900000000000000000e+01 -5.072339999999999627e+00 1.792072999999999894e+01 0.000000000000000000e+00
9.000000000000000000e+01 -3.683399999999999785e+00 -1.983351000000000042e+01 0.000000000000000000e+00
9.100000000000000000e+01 -6.413070000000000270e+00 -1.677159999999999940e+01 0.000000000000000000e+00
9.200000000000000000e+01 -4.522380000000000067e+00 -1.349480999999999931e+01 0.000000000000000000e+00
9.300000000000000000e+01 -5.792200000000000237e+00 -1.181434999999999924e+01 0.000000000000000000e+00
9.400000000000000000e+01 -5.734729999999999883e+00 -9.617449999999999832e+00 0.000000000000000000e+00
9.500000000000000000e+01 -5.865120000000000111e+00 -7.521519999999999762e+00 0.000000000000000000e+00
9.600000000000000000e+01 -5.781100000000000350e+00 -3.280409999999999826e+00 0.000000000000000000e+00
9.700000000000000000e+01 -3.947290000000000187e+00 -2.299949999999999939e+00 0.000000000000000000e+00
9.800000000000000000e+01 -5.792019999999999946e+00 -1.139990000000000059e+00 0.000000000000000000e+00
9.900000000000000000e+01 -5.726560000000000095e+00 9.940099999999999492e-01 0.000000000000000000e+00
1.000000000000000000e+02 -5.658089999999999620e+00 3.090660000000000185e+00 0.000000000000000000e+00
1.010000000000000000e+02 -5.627360000000000362e+00 5.175530000000000186e+00 0.000000000000000000e+00
1.020000000000000000e+02 -7.397940000000000182e+00 8.439750000000000085e+00 0.000000000000000000e+00
1.030000000000000000e+02 -5.424439999999999706e+00 9.405039999999999623e+00 0.000000000000000000e+00
1.040000000000000000e+02 -5.438080000000000247e+00 1.156539000000000073e+01 0.000000000000000000e+00
1.050000000000000000e+02 -5.357960000000000278e+00 1.363815999999999917e+01 0.000000000000000000e+00
1.060000000000000000e+02 -5.162349999999999994e+00 1.584777000000000058e+01 0.000000000000000000e+00
1.070000000000000000e+02 -3.119139999999999802e+00 1.918406999999999840e+01 0.000000000000000000e+00
1.080000000000000000e+02 -4.124349999999999739e+00 -1.576661999999999964e+01 0.000000000000000000e+00
1.090000000000000000e+02 -2.257760000000000211e+00 -1.454674999999999940e+01 0.000000000000000000e+00
1.100000000000000000e+02 -2.707460000000000200e+00 -1.249362999999999957e+01 0.000000000000000000e+00
1.110000000000000000e+02 -3.932500000000000107e+00 -1.081256999999999913e+01 0.000000000000000000e+00
1.120000000000000000e+02 -3.906719999999999970e+00 -6.591619999999999813e+00 0.000000000000000000e+00
1.130000000000000000e+02 -5.843689999999999607e+00 -5.434230000000000338e+00 0.000000000000000000e+00
1.140000000000000000e+02 -3.989170000000000105e+00 -4.373910000000000409e+00 0.000000000000000000e+00
1.150000000000000000e+02 -2.173669999999999991e+00 -3.354290000000000216e+00 0.000000000000000000e+00
1.160000000000000000e+02 -3.976129999999999942e+00 -1.427799999999999903e-01 0.000000000000000000e+00
1.170000000000000000e+02 -3.915319999999999911e+00 1.976199999999999957e+00 0.000000000000000000e+00
1.180000000000000000e+02 -3.838970000000000216e+00 4.059510000000000396e+00 0.000000000000000000e+00
1.190000000000000000e+02 -3.793550000000000200e+00 6.153400000000000425e+00 0.000000000000000000e+00
1.200000000000000000e+02 -5.541710000000000136e+00 7.257699999999999818e+00 0.000000000000000000e+00
1.210000000000000000e+02 -3.668130000000000113e+00 8.247260000000000701e+00 0.000000000000000000e+00
1.220000000000000000e+02 -3.643769999999999953e+00 1.053154999999999930e+01 0.000000000000000000e+00
1.230000000000000000e+02 -3.515849999999999920e+00 1.263352000000000075e+01 0.000000000000000000e+00
1.240000000000000000e+02 -3.381299999999999972e+00 1.473273999999999972e+01 0.000000000000000000e+00
1.250000000000000000e+02 -3.141589999999999883e+00 1.696462999999999965e+01 0.000000000000000000e+00
1.260000000000000000e+02 -2.711200000000000276e-01 -1.829794000000000054e+01 0.000000000000000000e+00
1.270000000000000000e+02 -1.592479999999999896e+00 -1.670130999999999943e+01 0.000000000000000000e+00
1.280000000000000000e+02 -7.007799999999999585e-01 -1.305861999999999945e+01 0.000000000000000000e+00
1.290000000000000000e+02 -1.841569999999999929e+00 -1.041562000000000054e+01 0.000000000000000000e+00
1.300000000000000000e+02 -3.683800000000000185e+00 -8.677199999999999136e+00 0.000000000000000000e+00
1.310000000000000000e+02 -2.189810000000000034e+00 -5.417290000000000383e+00 0.000000000000000000e+00
1.320000000000000000e+02 -9.221999999999999642e-02 -5.268290000000000362e+00 0.000000000000000000e+00
1.330000000000000000e+02 -2.180159999999999876e+00 -1.244729999999999892e+00 0.000000000000000000e+00
1.340000000000000000e+02 -3.593199999999999728e-01 -2.313199999999999978e-01 0.000000000000000000e+00
1.350000000000000000e+02 -2.135949999999999793e+00 8.602600000000000247e-01 0.000000000000000000e+00
1.360000000000000000e+02 -2.030339999999999812e+00 2.975670000000000037e+00 0.000000000000000000e+00
1.370000000000000000e+02 -1.937030000000000030e+00 5.099409999999999776e+00 0.000000000000000000e+00
1.380000000000000000e+02 -1.821199999999999930e+00 7.222629999999999661e+00 0.000000000000000000e+00
1.390000000000000000e+02 -1.888069999999999915e+00 9.355850000000000222e+00 0.000000000000000000e+00
1.400000000000000000e+02 -1.741500000000000048e+00 1.147500999999999927e+01 0.000000000000000000e+00
1.410000000000000000e+02 -1.627799999999999914e+00 1.356118000000000023e+01 0.000000000000000000e+00
1.420000000000000000e+02 -1.537130000000000107e+00 1.564690000000000047e+01 0.000000000000000000e+00
1.430000000000000000e+02 -1.306999999999999940e+00 1.815429999999999922e+01 0.000000000000000000e+00
1.440000000000000000e+02 1.146369999999999889e+00 -1.671067999999999998e+01 0.000000000000000000e+00
1.450000000000000000e+02 -1.186399999999999955e-01 -1.506686000000000014e+01 0.000000000000000000e+00
1.460000000000000000e+02 1.360379999999999923e+00 -1.294205999999999968e+01 0.000000000000000000e+00
1.470000000000000000e+02 1.889000000000000123e-01 -1.109069000000000038e+01 0.000000000000000000e+00
1.480000000000000000e+02 -3.628100000000000214e-01 -8.969189999999999330e+00 0.000000000000000000e+00
1.490000000000000000e+02 -1.897129999999999983e+00 -7.535309999999999953e+00 0.000000000000000000e+00
1.500000000000000000e+02 2.169340000000000046e+00 -5.585609999999999964e+00 0.000000000000000000e+00
1.510000000000000000e+02 -3.761300000000000199e-01 -2.342360000000000220e+00 0.000000000000000000e+00
1.520000000000000000e+02 1.870179999999999954e+00 -1.554850000000000065e+00 0.000000000000000000e+00
1.530000000000000000e+02 -2.479899999999999882e-01 1.878649999999999931e+00 0.000000000000000000e+00
1.540000000000000000e+02 -2.047899999999999998e-01 3.947769999999999779e+00 0.000000000000000000e+00
1.550000000000000000e+02 -6.215999999999999998e-02 6.150140000000000384e+00 0.000000000000000000e+00
1.560000000000000000e+02 -3.815000000000000335e-02 8.247780000000000555e+00 0.000000000000000000e+00
1.570000000000000000e+02 1.371400000000000119e-01 1.036243999999999943e+01 0.000000000000000000e+00
1.580000000000000000e+02 2.116800000000000070e-01 1.248887999999999998e+01 0.000000000000000000e+00
1.590000000000000000e+02 2.854400000000000270e-01 1.463685000000000080e+01 0.000000000000000000e+00
1.600000000000000000e+02 3.426299999999999901e-01 1.684462999999999866e+01 0.000000000000000000e+00
1.610000000000000000e+02 2.312180000000000124e+00 1.766865999999999914e+01 0.000000000000000000e+00
1.620000000000000000e+02 2.061830000000000052e+00 -1.879054999999999964e+01 0.000000000000000000e+00
1.630000000000000000e+02 3.262420000000000098e+00 -1.680626000000000175e+01 0.000000000000000000e+00
1.640000000000000000e+02 2.278669999999999973e+00 -1.486899000000000015e+01 0.000000000000000000e+00
1.650000000000000000e+02 2.503330000000000055e+00 -1.114974999999999916e+01 0.000000000000000000e+00
1.660000000000000000e+02 1.697179999999999911e+00 -9.129619999999999180e+00 0.000000000000000000e+00
1.670000000000000000e+02 7.689899999999999514e-01 -7.153019999999999712e+00 0.000000000000000000e+00
1.680000000000000000e+02 3.289969999999999839e+00 -3.838109999999999911e+00 0.000000000000000000e+00
1.690000000000000000e+02 1.228329999999999922e+00 -3.660000000000000142e+00 0.000000000000000000e+00
1.700000000000000000e+02 3.406099999999999905e+00 -7.850000000000000033e-02 0.000000000000000000e+00
1.710000000000000000e+02 1.533460000000000045e+00 8.151500000000000412e-01 0.000000000000000000e+00
1.720000000000000000e+02 1.660800000000000054e+00 2.967020000000000213e+00 0.000000000000000000e+00
1.730000000000000000e+02 1.751670000000000060e+00 5.063290000000000290e+00 0.000000000000000000e+00
1.740000000000000000e+02 1.794180000000000108e+00 7.203380000000000116e+00 0.000000000000000000e+00
1.750000000000000000e+02 1.914749999999999952e+00 9.274150000000000560e+00 0.000000000000000000e+00
1.760000000000000000e+02 1.946460000000000079e+00 1.134153000000000056e+01 0.000000000000000000e+00
1.770000000000000000e+02 2.053770000000000095e+00 1.347939000000000043e+01 0.000000000000000000e+00
1.780000000000000000e+02 2.192169999999999952e+00 1.555701000000000001e+01 0.000000000000000000e+00
1.790000000000000000e+02 6.578600000000000003e-01 1.915148999999999901e+01 0.000000000000000000e+00
1.800000000000000000e+02 4.295480000000000409e+00 -1.871359999999999957e+01 0.000000000000000000e+00
1.810000000000000000e+02 4.376979999999999649e+00 -1.506206000000000067e+01 0.000000000000000000e+00
1.820000000000000000e+02 3.441440000000000055e+00 -1.312914999999999921e+01 0.000000000000000000e+00
1.830000000000000000e+02 3.762020000000000142e+00 -9.459450000000000358e+00 0.000000000000000000e+00
1.840000000000000000e+02 3.022390000000000132e+00 -7.482879999999999754e+00 0.000000000000000000e+00
1.850000000000000000e+02 4.251559999999999562e+00 -5.743290000000000006e+00 0.000000000000000000e+00
1.860000000000000000e+02 5.367549999999999599e+00 -3.946579999999999977e+00 0.000000000000000000e+00
1.870000000000000000e+02 4.348729999999999762e+00 -2.012989999999999835e+00 0.000000000000000000e+00
1.880000000000000000e+02 5.468939999999999912e+00 -2.874599999999999933e-01 0.000000000000000000e+00
1.890000000000000000e+02 4.321349999999999802e+00 1.793449999999999989e+00 0.000000000000000000e+00
1.900000000000000000e+02 3.537939999999999863e+00 3.878010000000000179e+00 0.000000000000000000e+00
1.910000000000000000e+02 3.676000000000000156e+00 6.015930000000000000e+00 0.000000000000000000e+00
1.920000000000000000e+02 3.700450000000000017e+00 8.108919999999999462e+00 0.000000000000000000e+00
1.930000000000000000e+02 5.636549999999999727e+00 8.991310000000000358e+00 0.000000000000000000e+00
1.940000000000000000e+02 3.821720000000000006e+00 1.024044999999999916e+01 0.000000000000000000e+00
1.950000000000000000e+02 4.067370000000000374e+00 1.231455000000000055e+01 0.000000000000000000e+00
1.960000000000000000e+02 3.947480000000000100e+00 1.440343000000000018e+01 0.000000000000000000e+00
1.970000000000000000e+02 4.056020000000000181e+00 1.649778999999999840e+01 0.000000000000000000e+00
1.980000000000000000e+02 5.446889999999999787e+00 -1.691327000000000069e+01 0.000000000000000000e+00
1.990000000000000000e+02 5.517389999999999795e+00 -1.328340000000000032e+01 0.000000000000000000e+00
2.000000000000000000e+02 4.576060000000000016e+00 -1.139109000000000016e+01 0.000000000000000000e+00
2.010000000000000000e+02 5.898789999999999978e+00 -9.520680000000000476e+00 0.000000000000000000e+00
2.020000000000000000e+02 5.126479999999999926e+00 -7.613550000000000040e+00 0.000000000000000000e+00
2.030000000000000000e+02 6.355540000000000411e+00 -5.792239999999999611e+00 0.000000000000000000e+00
2.040000000000000000e+02 7.460630000000000095e+00 -4.002320000000000100e+00 0.000000000000000000e+00
2.050000000000000000e+02 6.510139999999999816e+00 -2.125760000000000094e+00 0.000000000000000000e+00
2.060000000000000000e+02 7.583029999999999937e+00 -3.605400000000000271e-01 0.000000000000000000e+00
2.070000000000000000e+02 6.527890000000000192e+00 1.517649999999999944e+00 0.000000000000000000e+00
2.080000000000000000e+02 7.645369999999999777e+00 3.269089999999999829e+00 0.000000000000000000e+00
2.090000000000000000e+02 5.569689999999999586e+00 3.464379999999999793e+00 0.000000000000000000e+00
2.100000000000000000e+02 5.552410000000000068e+00 6.908039999999999736e+00 0.000000000000000000e+00
2.110000000000000000e+02 7.532079999999999664e+00 9.843600000000000350e+00 0.000000000000000000e+00
2.120000000000000000e+02 5.765220000000000233e+00 1.113340999999999958e+01 0.000000000000000000e+00
2.130000000000000000e+02 6.060520000000000351e+00 1.327042999999999928e+01 0.000000000000000000e+00
2.140000000000000000e+02 5.992930000000000312e+00 1.533306999999999931e+01 0.000000000000000000e+00
2.150000000000000000e+02 4.651580000000000048e+00 1.930340999999999951e+01 0.000000000000000000e+00
2.160000000000000000e+02 7.652160000000000295e+00 -1.687660999999999945e+01 0.000000000000000000e+00
2.170000000000000000e+02 6.584310000000000329e+00 -1.507586000000000048e+01 0.000000000000000000e+00
2.180000000000000000e+02 6.815669999999999895e+00 -1.143943999999999939e+01 0.000000000000000000e+00
2.190000000000000000e+02 8.013439999999999230e+00 -9.625809999999999533e+00 0.000000000000000000e+00
2.200000000000000000e+02 7.317009999999999792e+00 -7.663940000000000197e+00 0.000000000000000000e+00
2.210000000000000000e+02 8.435589999999999478e+00 -5.874060000000000059e+00 0.000000000000000000e+00
2.220000000000000000e+02 9.595309999999999562e+00 -4.136519999999999975e+00 0.000000000000000000e+00
2.230000000000000000e+02 8.564209999999999212e+00 -2.266900000000000137e+00 0.000000000000000000e+00
2.240000000000000000e+02 9.691250000000000142e+00 -4.133200000000000207e-01 0.000000000000000000e+00
2.250000000000000000e+02 8.684860000000000468e+00 1.397929999999999895e+00 0.000000000000000000e+00
2.260000000000000000e+02 9.750970000000000582e+00 3.196740000000000137e+00 0.000000000000000000e+00
2.270000000000000000e+02 6.699530000000000207e+00 5.187599999999999767e+00 0.000000000000000000e+00
2.280000000000000000e+02 7.783859999999999779e+00 7.388200000000000323e+00 0.000000000000000000e+00
2.290000000000000000e+02 9.435779999999999390e+00 8.929550000000000765e+00 0.000000000000000000e+00
2.300000000000000000e+02 9.553430000000000533e+00 1.099263000000000012e+01 0.000000000000000000e+00
2.310000000000000000e+02 7.733579999999999899e+00 1.207380999999999993e+01 0.000000000000000000e+00
2.320000000000000000e+02 7.931350000000000122e+00 1.419514000000000031e+01 0.000000000000000000e+00
2.330000000000000000e+02 5.861010000000000275e+00 1.753760000000000119e+01 0.000000000000000000e+00
2.340000000000000000e+02 8.848810000000000286e+00 -1.513818999999999981e+01 0.000000000000000000e+00
2.350000000000000000e+02 7.794979999999999798e+00 -1.330099000000000053e+01 0.000000000000000000e+00
2.360000000000000000e+02 8.926009999999999778e+00 -1.152477999999999980e+01 0.000000000000000000e+00
2.370000000000000000e+02 1.014143999999999934e+01 -9.754649999999999821e+00 0.000000000000000000e+00
2.380000000000000000e+02 9.376640000000000086e+00 -7.828570000000000029e+00 0.000000000000000000e+00
2.390000000000000000e+02 1.050927000000000078e+01 -6.107319999999999638e+00 0.000000000000000000e+00
2.400000000000000000e+02 1.164633000000000074e+01 -4.217939999999999579e+00 0.000000000000000000e+00
2.410000000000000000e+02 1.065009000000000050e+01 -2.275380000000000180e+00 0.000000000000000000e+00
2.420000000000000000e+02 1.175474999999999959e+01 -5.107599999999999918e-01 0.000000000000000000e+00
2.430000000000000000e+02 1.077407999999999966e+01 1.344200000000000061e+00 0.000000000000000000e+00
2.440000000000000000e+02 1.182249000000000017e+01 3.162259999999999849e+00 0.000000000000000000e+00
2.450000000000000000e+02 1.084863000000000000e+01 5.046870000000000189e+00 0.000000000000000000e+00
2.460000000000000000e+02 8.776180000000000092e+00 5.251299999999999635e+00 0.000000000000000000e+00
2.470000000000000000e+02 1.153523000000000032e+01 9.554790000000000560e+00 0.000000000000000000e+00
2.480000000000000000e+02 1.325006999999999913e+01 1.071645000000000003e+01 0.000000000000000000e+00
2.490000000000000000e+02 9.727220000000000866e+00 1.305865000000000009e+01 0.000000000000000000e+00
2.500000000000000000e+02 1.004149999999999920e+01 1.526051999999999964e+01 0.000000000000000000e+00
2.510000000000000000e+02 7.800250000000000128e+00 1.660594000000000037e+01 0.000000000000000000e+00
2.520000000000000000e+02 1.088001000000000040e+01 -1.565651000000000082e+01 0.000000000000000000e+00
2.530000000000000000e+02 9.902150000000000674e+00 -1.334529000000000032e+01 0.000000000000000000e+00
2.540000000000000000e+02 1.114709000000000039e+01 -1.165853000000000073e+01 0.000000000000000000e+00
2.550000000000000000e+02 1.225258000000000003e+01 -9.920090000000000074e+00 0.000000000000000000e+00
2.560000000000000000e+02 1.144025000000000070e+01 -7.978790000000000049e+00 0.000000000000000000e+00
2.570000000000000000e+02 1.261199000000000048e+01 -6.093829999999999636e+00 0.000000000000000000e+00
2.580000000000000000e+02 1.374009999999999998e+01 -4.337979999999999947e+00 0.000000000000000000e+00
2.590000000000000000e+02 1.275375999999999976e+01 -2.455229999999999801e+00 0.000000000000000000e+00
2.600000000000000000e+02 1.389533999999999914e+01 -7.222100000000000186e-01 0.000000000000000000e+00
2.610000000000000000e+02 1.285023999999999944e+01 1.253630000000000022e+00 0.000000000000000000e+00
2.620000000000000000e+02 1.390393000000000079e+01 3.118069999999999897e+00 0.000000000000000000e+00
2.630000000000000000e+02 1.290631999999999913e+01 5.073680000000000412e+00 0.000000000000000000e+00
2.640000000000000000e+02 9.982879999999999754e+00 6.931020000000000181e+00 0.000000000000000000e+00
2.650000000000000000e+02 1.208342999999999989e+01 6.991419999999999746e+00 0.000000000000000000e+00
2.660000000000000000e+02 1.338929000000000080e+01 8.622139999999999915e+00 0.000000000000000000e+00
2.670000000000000000e+02 1.522617999999999938e+01 1.151332999999999984e+01 0.000000000000000000e+00
2.680000000000000000e+02 1.147335999999999956e+01 1.179067000000000043e+01 0.000000000000000000e+00
2.690000000000000000e+02 1.164024999999999999e+01 1.392542000000000080e+01 0.000000000000000000e+00
2.700000000000000000e+02 1.297265999999999941e+01 -1.559775999999999918e+01 0.000000000000000000e+00
2.710000000000000000e+02 1.203528999999999982e+01 -1.372118000000000038e+01 0.000000000000000000e+00
2.720000000000000000e+02 1.321053999999999995e+01 -1.189555000000000007e+01 0.000000000000000000e+00
2.730000000000000000e+02 1.436726999999999954e+01 -1.007001999999999953e+01 0.000000000000000000e+00
2.740000000000000000e+02 1.354151000000000060e+01 -8.023070000000000590e+00 0.000000000000000000e+00
2.750000000000000000e+02 1.471190999999999960e+01 -6.228180000000000049e+00 0.000000000000000000e+00
2.760000000000000000e+02 1.588983999999999952e+01 -4.476329999999999920e+00 0.000000000000000000e+00
2.770000000000000000e+02 1.493662999999999919e+01 -2.597370000000000179e+00 0.000000000000000000e+00
2.780000000000000000e+02 1.597500999999999927e+01 -7.982000000000000206e-01 0.000000000000000000e+00
2.790000000000000000e+02 1.500985999999999976e+01 1.023460000000000036e+00 0.000000000000000000e+00
2.800000000000000000e+02 1.713894000000000162e+01 1.050070000000000059e+00 0.000000000000000000e+00
2.810000000000000000e+02 1.602405999999999864e+01 2.861310000000000020e+00 0.000000000000000000e+00
2.820000000000000000e+02 1.516423999999999950e+01 4.841820000000000235e+00 0.000000000000000000e+00
2.830000000000000000e+02 1.425397000000000070e+01 6.745180000000000398e+00 0.000000000000000000e+00
2.840000000000000000e+02 1.541685000000000016e+01 9.117309999999999803e+00 0.000000000000000000e+00
2.850000000000000000e+02 1.635707000000000022e+01 6.537309999999999732e+00 0.000000000000000000e+00
2.860000000000000000e+02 1.751096000000000075e+01 8.687219999999999942e+00 0.000000000000000000e+00
2.870000000000000000e+02 1.351604000000000028e+01 1.300375000000000014e+01 0.000000000000000000e+00
2.880000000000000000e+02 1.410008999999999979e+01 -1.385196999999999967e+01 0.000000000000000000e+00
2.890000000000000000e+02 1.532990000000000030e+01 -1.212057000000000073e+01 0.000000000000000000e+00
2.900000000000000000e+02 1.650271000000000043e+01 -1.027280000000000015e+01 0.000000000000000000e+00
2.910000000000000000e+02 1.780343999999999838e+01 -8.287660000000000693e+00 0.000000000000000000e+00
2.920000000000000000e+02 1.569476000000000049e+01 -8.225120000000000431e+00 0.000000000000000000e+00
2.930000000000000000e+02 1.684444999999999837e+01 -6.403310000000000279e+00 0.000000000000000000e+00
2.940000000000000000e+02 1.809572999999999965e+01 -4.648220000000000240e+00 0.000000000000000000e+00
2.950000000000000000e+02 1.714113000000000042e+01 -2.768530000000000157e+00 0.000000000000000000e+00
2.960000000000000000e+02 1.825244999999999962e+01 -1.025020000000000042e+00 0.000000000000000000e+00
2.970000000000000000e+02 1.926260999999999868e+01 9.229800000000000226e-01 0.000000000000000000e+00
2.980000000000000000e+02 1.831290999999999869e+01 2.786039999999999850e+00 0.000000000000000000e+00
2.990000000000000000e+02 1.730577999999999861e+01 4.596000000000000085e+00 0.000000000000000000e+00
