0.000000000000000000e+00 -1.283960000000000079e+01 -1.570504999999999995e+01 0.000000000000000000e+00
1.000000000000000000e+00 -1.417301999999999929e+01 -1.411392999999999986e+01 0.000000000000000000e+00
2.000000000000000000e+00 -1.541196000000000055e+01 -1.210866000000000042e+01 0.000000000000000000e+00
3.000000000000000000e+00 -1.645532000000000039e+01 -1.019359000000000037e+01 0.000000000000000000e+00
4.000000000000000000e+00 -1.751122000000000156e+01 -7.079839999999999911e+00 0.000000000000000000e+00
5.000000000000000000e+00 -1.835073999999999828e+01 -4.981810000000000294e+00 0.000000000000000000e+00
6.000000000000000000e+00 -1.665430999999999884e+01 -3.323360000000000092e+00 0.000000000000000000e+00
7.000000000000000000e+00 -1.863948999999999856e+01 -2.686280000000000001e+00 0.000000000000000000e+00
8.000000000000000000e+00 -1.698395999999999972e+01 -9.120599999999999818e-01 0.000000000000000000e+00
9.000000000000000000e+00 -1.901381999999999906e+01 -3.985099999999999754e-01 0.000000000000000000e+00
1.000000000000000000e+01 -1.754206999999999894e+01 3.294869999999999965e+00 0.000000000000000000e+00
1.100000000000000000e+01 -1.575463000000000058e+01 4.633560000000000123e+00 0.000000000000000000e+00
1.200000000000000000e+01 -1.790804999999999936e+01 5.356819999999999915e+00 0.000000000000000000e+00
1.300000000000000000e+01 -1.926796999999999827e+01 1.886810000000000098e+00 0.000000000000000000e+00
1.400000000000000000e+01 -1.833746000000000009e+01 7.430769999999999875e+00 0.000000000000000000e+00
1.500000000000000000e+01 -1.689930000000000021e+01 1.088612000000000002e+01 0.000000000000000000e+00
1.600000000000000000e+01 -1.497596000000000060e+01 1.008704000000000001e+01 0.000000000000000000e+00
1.700000000000000000e+01 -1.517889000000000088e+01 1.221875999999999962e+01 0.000000000000000000e+00
1.800000000000000000e+01 -1.068017000000000039e+01 -1.560036000000000023e+01 0.000000000000000000e+00
1.900000000000000000e+01 -1.196977000000000046e+01 -1.378960999999999970e+01 0.000000000000000000e+00
2.000000000000000000e+01 -1.327852000000000032e+01 -1.208666999999999980e+01 0.000000000000000000e+00
2.100000000000000000e+01 -1.440013000000000076e+01 -1.026638999999999946e+01 0.000000000000000000e+00
2.200000000000000000e+01 -1.558881000000000050e+01 -8.094569999999999155e+00 0.000000000000000000e+00
2.300000000000000000e+01 -1.627101000000000042e+01 -5.354639999999999844e+00 0.000000000000000000e+00
2.400000000000000000e+01 -1.465415999999999919e+01 -3.941110000000000113e+00 0.000000000000000000e+00
2.500000000000000000e+01 -1.505569000000000024e+01 -1.665149999999999908e+00 0.000000000000000000e+00
2.600000000000000000e+01 -1.520711999999999975e+01 4.525799999999999823e-01 0.000000000000000000e+00
2.700000000000000000e+01 -1.729767999999999972e+01 1.174250000000000016e+00 0.000000000000000000e+00
2.800000000000000000e+01 -1.545086000000000048e+01 2.528090000000000170e+00 0.000000000000000000e+00
2.900000000000000000e+01 -1.377525999999999939e+01 3.730750000000000011e+00 0.000000000000000000e+00
3.000000000000000000e+01 -1.630270000000000152e+01 6.715830000000000410e+00 0.000000000000000000e+00
3.100000000000000000e+01 -1.459281000000000006e+01 8.052080000000000126e+00 0.000000000000000000e+00
3.200000000000000000e+01 -1.677544999999999931e+01 8.789469999999999672e+00 0.000000000000000000e+00
3.300000000000000000e+01 -1.293707000000000029e+01 9.288190000000000168e+00 0.000000000000000000e+00
3.400000000000000000e+01 -1.304185000000000016e+01 1.139854000000000056e+01 0.000000000000000000e+00
3.500000000000000000e+01 -1.352117999999999931e+01 1.343380999999999936e+01 0.000000000000000000e+00
3.600000000000000000e+01 -9.489739999999999398e+00 -1.734403999999999968e+01 0.000000000000000000e+00
3.700000000000000000e+01 -9.868579999999999686e+00 -1.364812000000000047e+01 0.000000000000000000e+00
3.800000000000000000e+01 -1.093478999999999957e+01 -1.188439999999999941e+01 0.000000000000000000e+00
3.900000000000000000e+01 -1.230761000000000038e+01 -1.023023000000000060e+01 0.000000000000000000e+00
4.000000000000000000e+01 -1.350994999999999990e+01 -8.386269999999999669e+00 0.000000000000000000e+00
4.100000000000000000e+01 -1.431577000000000055e+01 -6.101729999999999876e+00 0.000000000000000000e+00
4.200000000000000000e+01 -1.260623999999999967e+01 -4.558250000000000135e+00 0.000000000000000000e+00
4.300000000000000000e+01 -1.298739999999999917e+01 -2.532550000000000079e+00 0.000000000000000000e+00
4.400000000000000000e+01 -1.330793000000000070e+01 -4.305999999999999828e-01 0.000000000000000000e+00
4.500000000000000000e+01 -1.347940999999999967e+01 1.672069999999999945e+00 0.000000000000000000e+00
4.600000000000000000e+01 -1.179297000000000040e+01 3.036830000000000140e+00 0.000000000000000000e+00
4.700000000000000000e+01 -1.207793000000000028e+01 5.168339999999999712e+00 0.000000000000000000e+00
4.800000000000000000e+01 -1.412078999999999951e+01 5.892710000000000115e+00 0.000000000000000000e+00
4.900000000000000000e+01 -1.240888999999999953e+01 7.221420000000000172e+00 0.000000000000000000e+00
5.000000000000000000e+01 -1.077088000000000001e+01 8.531069999999999709e+00 0.000000000000000000e+00
5.100000000000000000e+01 -1.105244000000000071e+01 1.058980000000000032e+01 0.000000000000000000e+00
5.200000000000000000e+01 -1.150637000000000043e+01 1.286586999999999925e+01 0.000000000000000000e+00
5.300000000000000000e+01 -1.208535000000000004e+01 1.494858999999999938e+01 0.000000000000000000e+00
5.400000000000000000e+01 -7.424199999999999910e+00 -1.704616000000000042e+01 0.000000000000000000e+00
5.500000000000000000e+01 -8.501899999999999125e+00 -1.524390999999999963e+01 0.000000000000000000e+00
5.600000000000000000e+01 -8.783739999999999881e+00 -1.172949999999999982e+01 0.000000000000000000e+00
5.700000000000000000e+01 -1.001632999999999996e+01 -1.003434999999999988e+01 0.000000000000000000e+00
5.800000000000000000e+01 -1.131473000000000084e+01 -8.407209999999999184e+00 0.000000000000000000e+00
5.900000000000000000e+01 -1.232313000000000081e+01 -6.604919999999999902e+00 0.000000000000000000e+00
6.000000000000000000e+01 -1.066046000000000049e+01 -5.308849999999999625e+00 0.000000000000000000e+00
6.100000000000000000e+01 -1.097807000000000066e+01 -3.236380000000000035e+00 0.000000000000000000e+00
6.200000000000000000e+01 -1.137537999999999982e+01 -1.138900000000000023e+00 0.000000000000000000e+00
6.300000000000000000e+01 -1.151298000000000066e+01 9.759900000000000242e-01 0.000000000000000000e+00
6.400000000000000000e+01 -9.858700000000000685e+00 2.276969999999999938e+00 0.000000000000000000e+00
6.500000000000000000e+01 -1.019466000000000072e+01 4.355540000000000411e+00 0.000000000000000000e+00
6.600000000000000000e+01 -1.046152000000000015e+01 6.436650000000000205e+00 0.000000000000000000e+00
6.700000000000000000e+01 -8.835699999999999221e+00 7.775400000000000311e+00 0.000000000000000000e+00
6.800000000000000000e+01 -9.091599999999999682e+00 9.878460000000000463e+00 0.000000000000000000e+00
6.900000000000000000e+01 -9.582969999999999544e+00 1.205948000000000064e+01 0.000000000000000000e+00
7.000000000000000000e+01 -9.865019999999999456e+00 1.419408999999999921e+01 0.000000000000000000e+00
7.100000000000000000e+01 -1.055052000000000056e+01 1.634786000000000072e+01 0.000000000000000000e+00
7.200000000000000000e+01 -5.285409999999999719e+00 -1.699887999999999977e+01 0.000000000000000000e+00
7.300000000000000000e+01 -6.413429999999999964e+00 -1.520264000000000060e+01 0.000000000000000000e+00
7.400000000000000000e+01 -7.542169999999999597e+00 -1.338579999999999970e+01 0.000000000000000000e+00
7.500000000000000000e+01 -7.962650000000000006e+00 -9.763640000000000541e+00 0.000000000000000000e+00
7.600000000000000000e+01 -9.210770000000000124e+00 -8.100740000000000052e+00 0.000000000000000000e+00
7.700000000000000000e+01 -8.551759999999999806e+00 -6.133200000000000429e+00 0.000000000000000000e+00
7.800000000000000000e+01 -8.921910000000000451e+00 -4.095480000000000231e+00 0.000000000000000000e+00
7.900000000000000000e+01 -9.249549999999999272e+00 -1.949109999999999898e+00 0.000000000000000000e+00
8.000000000000000000e+01 -9.547470000000000567e+00 1.117900000000000005e-01 0.000000000000000000e+00
8.100000000000000000e+01 -7.922930000000000028e+00 1.461279999999999912e+00 0.000000000000000000e+00
8.200000000000000000e+01 -8.191029999999999589e+00 3.521529999999999827e+00 0.000000000000000000e+00
8.300000000000000000e+01 -8.524919999999999831e+00 5.701310000000000322e+00 0.000000000000000000e+00
8.400000000000000000e+01 -6.898799999999999599e+00 7.013880000000000337e+00 0.000000000000000000e+00
8.500000000000000000e+01 -7.149759999999999671e+00 9.096159999999999357e+00 0.000000000000000000e+00
8.600000000000000000e+01 -7.529449999999999754e+00 1.126487999999999978e+01 0.000000000000000000e+00
8.700000000000000000e+01 -7.926429999999999865e+00 1.342094999999999949e+01 0.000000000000000000e+00
8.800000000000000000e+01 -8.420400000000000773e+00 1.569585000000000008e+01 0.000000000000000000e+00
8.900000000000000000e+01 -6.572390000000000398e+00 1.687665000000000148e+01 0.000000000000000000e+00
9.000000000000000000e+01 -4.046859999999999680e+00 -1.865544999999999831e+01 0.000000000000000000e+00
9.100000000000000000e+01 -4.315249999999999808e+00 -1.494255000000000067e+01 0.000000000000000000e+00
9.200000000000000000e+01 -5.479460000000000441e+00 -1.320595999999999925e+01 0.000000000000000000e+00
9.300000000000000000e+01 -6.678160000000000096e+00 -1.149297999999999931e+01 0.000000000000000000e+00
9.400000000000000000e+01 -5.868859999999999744e+00 -9.476850000000000662e+00 0.000000000000000000e+00
9.500000000000000000e+01 -7.175169999999999604e+00 -7.718770000000000131e+00 0.000000000000000000e+00
9.600000000000000000e+01 -6.402840000000000309e+00 -5.670709999999999695e+00 0.000000000000000000e+00
9.700000000000000000e+01 -7.346210000000000129e+00 -2.752959999999999852e+00 0.000000000000000000e+00
9.800000000000000000e+01 -7.599940000000000140e+00 -6.895799999999999708e-01 0.000000000000000000e+00
9.900000000000000000e+01 -5.910429999999999851e+00 5.738699999999999912e-01 0.000000000000000000e+00
1.000000000000000000e+02 -6.260749999999999815e+00 2.774540000000000006e+00 0.000000000000000000e+00
1.010000000000000000e+02 -6.602929999999999744e+00 4.884640000000000093e+00 0.000000000000000000e+00
1.020000000000000000e+02 -4.914369999999999905e+00 6.287130000000000329e+00 0.000000000000000000e+00
1.030000000000000000e+02 -5.191959999999999908e+00 8.355909999999999727e+00 0.000000000000000000e+00
1.040000000000000000e+02 -5.567479999999999762e+00 1.051404999999999923e+01 0.000000000000000000e+00
1.050000000000000000e+02 -5.912469999999999892e+00 1.258780999999999928e+01 0.000000000000000000e+00
1.060000000000000000e+02 -6.262660000000000338e+00 1.477524000000000015e+01 0.000000000000000000e+00
1.070000000000000000e+02 -5.055939999999999657e+00 1.829674999999999940e+01 0.000000000000000000e+00
1.080000000000000000e+02 -3.182319999999999816e+00 -1.669454999999999956e+01 0.000000000000000000e+00
1.090000000000000000e+02 -2.219829999999999970e+00 -1.469782000000000011e+01 0.000000000000000000e+00
1.100000000000000000e+02 -3.377949999999999786e+00 -1.283304000000000045e+01 0.000000000000000000e+00
1.110000000000000000e+02 -4.651989999999999625e+00 -1.115802000000000049e+01 0.000000000000000000e+00
1.120000000000000000e+02 -3.772749999999999826e+00 -9.231210000000000804e+00 0.000000000000000000e+00
1.130000000000000000e+02 -5.019289999999999807e+00 -7.547320000000000029e+00 0.000000000000000000e+00
1.140000000000000000e+02 -4.213070000000000093e+00 -5.618710000000000093e+00 0.000000000000000000e+00
1.150000000000000000e+02 -5.524119999999999919e+00 -3.761460000000000026e+00 0.000000000000000000e+00
1.160000000000000000e+02 -5.373450000000000060e+00 -1.570990000000000109e+00 0.000000000000000000e+00
1.170000000000000000e+02 -4.298219999999999708e+00 1.969030000000000058e+00 0.000000000000000000e+00
1.180000000000000000e+02 -4.671520000000000117e+00 4.154130000000000322e+00 0.000000000000000000e+00
1.190000000000000000e+02 -2.982409999999999783e+00 5.518600000000000172e+00 0.000000000000000000e+00
1.200000000000000000e+02 -3.232870000000000132e+00 7.623409999999999798e+00 0.000000000000000000e+00
1.210000000000000000e+02 -3.595779999999999976e+00 9.695959999999999468e+00 0.000000000000000000e+00
1.220000000000000000e+02 -3.879939999999999944e+00 1.175702000000000069e+01 0.000000000000000000e+00
1.230000000000000000e+02 -4.267470000000000319e+00 1.400825999999999993e+01 0.000000000000000000e+00
1.240000000000000000e+02 -4.575569999999999915e+00 1.614449000000000112e+01 0.000000000000000000e+00
1.250000000000000000e+02 -2.854810000000000070e+00 1.757978999999999914e+01 0.000000000000000000e+00
1.260000000000000000e+02 -1.804200000000000026e+00 -1.863522999999999996e+01 0.000000000000000000e+00
1.270000000000000000e+02 -1.009030000000000094e+00 -1.639102000000000103e+01 0.000000000000000000e+00
1.280000000000000000e+02 -1.233130000000000059e+00 -1.267206999999999972e+01 0.000000000000000000e+00
1.290000000000000000e+02 -2.525830000000000020e+00 -1.092789999999999928e+01 0.000000000000000000e+00
1.300000000000000000e+02 -1.672860000000000014e+00 -9.036300000000000665e+00 0.000000000000000000e+00
1.310000000000000000e+02 -2.956820000000000004e+00 -7.293309999999999960e+00 0.000000000000000000e+00
1.320000000000000000e+02 -2.133239999999999803e+00 -5.333820000000000228e+00 0.000000000000000000e+00
1.330000000000000000e+02 -3.524669999999999970e+00 -3.241260000000000030e+00 0.000000000000000000e+00
1.340000000000000000e+02 -2.450740000000000141e+00 -1.480879999999999974e+00 0.000000000000000000e+00
1.350000000000000000e+02 -3.947270000000000056e+00 -6.746000000000000607e-02 0.000000000000000000e+00
1.360000000000000000e+02 -2.759739999999999860e+00 3.359589999999999854e+00 0.000000000000000000e+00
1.370000000000000000e+02 -1.061909999999999910e+00 4.709179999999999922e+00 0.000000000000000000e+00
1.380000000000000000e+02 -1.324379999999999891e+00 6.830899999999999750e+00 0.000000000000000000e+00
1.390000000000000000e+02 -1.669229999999999992e+00 8.979860000000000397e+00 0.000000000000000000e+00
1.400000000000000000e+02 -1.906470000000000109e+00 1.106556999999999924e+01 0.000000000000000000e+00
1.410000000000000000e+02 -2.299589999999999801e+00 1.316698000000000057e+01 0.000000000000000000e+00
1.420000000000000000e+02 -2.592000000000000082e+00 1.524333000000000027e+01 0.000000000000000000e+00
1.430000000000000000e+02 -1.936390000000000056e+00 1.949140999999999835e+01 0.000000000000000000e+00
1.440000000000000000e+02 2.405500000000000138e-01 -1.812085000000000079e+01 0.000000000000000000e+00
1.450000000000000000e+02 -1.293900000000000050e-01 -1.440166999999999931e+01 0.000000000000000000e+00
1.460000000000000000e+02 8.468799999999999661e-01 -1.252230999999999916e+01 0.000000000000000000e+00
1.470000000000000000e+02 -4.139599999999999946e-01 -1.071523999999999965e+01 0.000000000000000000e+00
1.480000000000000000e+02 4.150499999999999745e-01 -8.793870000000000076e+00 0.000000000000000000e+00
1.490000000000000000e+02 -8.634399999999999853e-01 -7.022780000000000022e+00 0.000000000000000000e+00
1.500000000000000000e+02 -4.438999999999999890e-02 -5.106939999999999813e+00 0.000000000000000000e+00
1.510000000000000000e+02 -1.394679999999999920e+00 -3.351500000000000146e+00 0.000000000000000000e+00
1.520000000000000000e+02 -3.706800000000000095e-01 5.789400000000000102e-01 0.000000000000000000e+00
1.530000000000000000e+02 -2.335630000000000095e+00 1.316640000000000033e+00 0.000000000000000000e+00
1.540000000000000000e+02 -7.612100000000000533e-01 2.661960000000000104e+00 0.000000000000000000e+00
1.550000000000000000e+02 5.905899999999999483e-01 6.023010000000000197e+00 0.000000000000000000e+00
1.560000000000000000e+02 3.014899999999999802e-01 8.119469999999999743e+00 0.000000000000000000e+00
1.570000000000000000e+02 9.129999999999999227e-03 1.021138000000000012e+01 0.000000000000000000e+00
1.580000000000000000e+02 -3.172300000000000120e-01 1.244416999999999973e+01 0.000000000000000000e+00
1.590000000000000000e+02 -6.778399999999999981e-01 1.448484999999999978e+01 0.000000000000000000e+00
1.600000000000000000e+02 -1.013800000000000034e+00 1.656799000000000177e+01 0.000000000000000000e+00
1.610000000000000000e+02 6.846499999999999808e-01 1.802750999999999948e+01 0.000000000000000000e+00
1.620000000000000000e+02 1.041730000000000045e+00 -1.618506000000000000e+01 0.000000000000000000e+00
1.630000000000000000e+02 1.986150000000000082e+00 -1.434037999999999968e+01 0.000000000000000000e+00
1.640000000000000000e+02 2.885850000000000026e+00 -1.221171000000000006e+01 0.000000000000000000e+00
1.650000000000000000e+02 1.684539999999999926e+00 -1.050516999999999967e+01 0.000000000000000000e+00
1.660000000000000000e+02 2.559340000000000170e+00 -8.597260000000000346e+00 0.000000000000000000e+00
1.670000000000000000e+02 1.204649999999999999e+00 -6.842769999999999797e+00 0.000000000000000000e+00
1.680000000000000000e+02 8.356999999999999984e-01 -3.172860000000000014e+00 0.000000000000000000e+00
1.690000000000000000e+02 -3.833300000000000041e-01 -1.505649999999999933e+00 0.000000000000000000e+00
1.700000000000000000e+02 1.592850000000000099e+00 -2.423299999999999899e-01 0.000000000000000000e+00
1.710000000000000000e+02 1.205950000000000077e+00 1.897569999999999979e+00 0.000000000000000000e+00
1.720000000000000000e+02 8.824100000000000277e-01 3.953079999999999927e+00 0.000000000000000000e+00
1.730000000000000000e+02 2.499439999999999884e+00 5.248529999999999696e+00 0.000000000000000000e+00
1.740000000000000000e+02 2.316669999999999785e+00 7.377710000000000434e+00 0.000000000000000000e+00
1.750000000000000000e+02 1.933030000000000026e+00 9.399010000000000531e+00 0.000000000000000000e+00
1.760000000000000000e+02 1.644460000000000033e+00 1.162606000000000073e+01 0.000000000000000000e+00
1.770000000000000000e+02 1.343830000000000080e+00 1.367018000000000022e+01 0.000000000000000000e+00
1.780000000000000000e+02 9.489800000000000457e-01 1.581624000000000052e+01 0.000000000000000000e+00
1.790000000000000000e+02 2.503899999999999793e+00 1.952627999999999986e+01 0.000000000000000000e+00
1.800000000000000000e+02 2.466140000000000221e+00 -1.781499000000000166e+01 0.000000000000000000e+00
1.810000000000000000e+02 3.473399999999999821e+00 -1.602329999999999899e+01 0.000000000000000000e+00
1.820000000000000000e+02 4.155170000000000030e+00 -1.393054000000000059e+01 0.000000000000000000e+00
1.830000000000000000e+02 3.765150000000000219e+00 -1.029923999999999928e+01 0.000000000000000000e+00
1.840000000000000000e+02 4.662770000000000081e+00 -8.406240000000000379e+00 0.000000000000000000e+00
1.850000000000000000e+02 3.277559999999999807e+00 -6.609930000000000305e+00 0.000000000000000000e+00
1.860000000000000000e+02 2.044560000000000155e+00 -4.930419999999999803e+00 0.000000000000000000e+00
1.870000000000000000e+02 2.896830000000000016e+00 -3.024910000000000210e+00 0.000000000000000000e+00
1.880000000000000000e+02 3.502909999999999968e+00 -1.037830000000000030e+00 0.000000000000000000e+00
1.890000000000000000e+02 3.208499999999999908e+00 1.029079999999999995e+00 0.000000000000000000e+00
1.900000000000000000e+02 2.863140000000000018e+00 3.139260000000000161e+00 0.000000000000000000e+00
1.910000000000000000e+02 4.533129999999999882e+00 4.489740000000000286e+00 0.000000000000000000e+00
1.920000000000000000e+02 4.251759999999999984e+00 6.601359999999999673e+00 0.000000000000000000e+00
1.930000000000000000e+02 3.949870000000000214e+00 8.713039999999999452e+00 0.000000000000000000e+00
1.940000000000000000e+02 3.621780000000000221e+00 1.078954000000000057e+01 0.000000000000000000e+00
1.950000000000000000e+02 3.326519999999999921e+00 1.284713999999999956e+01 0.000000000000000000e+00
1.960000000000000000e+02 2.935490000000000155e+00 1.500423999999999936e+01 0.000000000000000000e+00
1.970000000000000000e+02 2.575499999999999901e+00 1.713663999999999987e+01 0.000000000000000000e+00
1.980000000000000000e+02 5.568319999999999936e+00 -1.579491999999999940e+01 0.000000000000000000e+00
1.990000000000000000e+02 6.255040000000000155e+00 -1.382573000000000008e+01 0.000000000000000000e+00
2.000000000000000000e+02 4.985820000000000363e+00 -1.202416999999999980e+01 0.000000000000000000e+00
2.010000000000000000e+02 5.829559999999999853e+00 -1.012445999999999913e+01 0.000000000000000000e+00
2.020000000000000000e+02 5.367890000000000050e+00 -6.391989999999999839e+00 0.000000000000000000e+00
2.030000000000000000e+02 4.097050000000000303e+00 -4.711500000000000021e+00 0.000000000000000000e+00
2.040000000000000000e+02 6.143600000000000172e+00 -4.471720000000000361e+00 0.000000000000000000e+00
2.050000000000000000e+02 4.967389999999999972e+00 -2.532840000000000202e+00 0.000000000000000000e+00
2.060000000000000000e+02 5.193389999999999951e+00 1.458299999999999874e-01 0.000000000000000000e+00
2.070000000000000000e+02 4.821839999999999904e+00 2.383129999999999971e+00 0.000000000000000000e+00
2.080000000000000000e+02 6.562870000000000203e+00 3.701330000000000009e+00 0.000000000000000000e+00
2.090000000000000000e+02 6.188069999999999737e+00 5.752720000000000056e+00 0.000000000000000000e+00
2.100000000000000000e+02 5.914500000000000313e+00 7.906609999999999694e+00 0.000000000000000000e+00
2.110000000000000000e+02 5.659639999999999560e+00 9.964650000000000674e+00 0.000000000000000000e+00
2.120000000000000000e+02 5.347279999999999589e+00 1.200580000000000069e+01 0.000000000000000000e+00
2.130000000000000000e+02 4.984390000000000320e+00 1.427064000000000021e+01 0.000000000000000000e+00
2.140000000000000000e+02 4.768869999999999720e+00 1.631935999999999964e+01 0.000000000000000000e+00
2.150000000000000000e+02 4.394140000000000157e+00 1.836869000000000085e+01 0.000000000000000000e+00
2.160000000000000000e+02 4.558600000000000207e+00 -1.787821999999999889e+01 0.000000000000000000e+00
2.170000000000000000e+02 7.668160000000000309e+00 -1.589372999999999969e+01 0.000000000000000000e+00
2.180000000000000000e+02 7.073660000000000281e+00 -1.177669999999999995e+01 0.000000000000000000e+00
2.190000000000000000e+02 7.927380000000000315e+00 -9.813549999999999329e+00 0.000000000000000000e+00
2.200000000000000000e+02 6.744080000000000297e+00 -8.055080000000000240e+00 0.000000000000000000e+00
2.210000000000000000e+02 7.424400000000000333e+00 -6.112099999999999866e+00 0.000000000000000000e+00
2.220000000000000000e+02 8.412160000000000082e+00 -4.185389999999999944e+00 0.000000000000000000e+00
2.230000000000000000e+02 7.029270000000000351e+00 -2.595190000000000108e+00 0.000000000000000000e+00
2.240000000000000000e+02 7.153959999999999653e+00 -5.433299999999999796e-01 0.000000000000000000e+00
2.250000000000000000e+02 6.752419999999999867e+00 1.606549999999999923e+00 0.000000000000000000e+00
2.260000000000000000e+02 8.486480000000000246e+00 2.839069999999999983e+00 0.000000000000000000e+00
2.270000000000000000e+02 8.231389999999999318e+00 4.988830000000000098e+00 0.000000000000000000e+00
2.280000000000000000e+02 7.905920000000000059e+00 7.031329999999999636e+00 0.000000000000000000e+00
2.290000000000000000e+02 7.659019999999999939e+00 9.097250000000000725e+00 0.000000000000000000e+00
2.300000000000000000e+02 7.321900000000000297e+00 1.119298999999999999e+01 0.000000000000000000e+00
2.310000000000000000e+02 6.994790000000000063e+00 1.325622000000000078e+01 0.000000000000000000e+00
2.320000000000000000e+02 6.792699999999999960e+00 1.541966000000000037e+01 0.000000000000000000e+00
2.330000000000000000e+02 6.609510000000000218e+00 1.751159000000000177e+01 0.000000000000000000e+00
2.340000000000000000e+02 6.614799999999999791e+00 -1.766651999999999845e+01 0.000000000000000000e+00
2.350000000000000000e+02 8.311619999999999564e+00 -1.354773999999999923e+01 0.000000000000000000e+00
2.360000000000000000e+02 9.227100000000000080e+00 -1.162889999999999979e+01 0.000000000000000000e+00
2.370000000000000000e+02 1.003378999999999976e+01 -9.571350000000000691e+00 0.000000000000000000e+00
2.380000000000000000e+02 8.796079999999999899e+00 -7.786349999999999660e+00 0.000000000000000000e+00
2.390000000000000000e+02 9.619379999999999598e+00 -5.884590000000000209e+00 0.000000000000000000e+00
2.400000000000000000e+02 1.050925999999999938e+01 -4.004240000000000244e+00 0.000000000000000000e+00
2.410000000000000000e+02 9.009449999999999292e+00 -1.895669999999999966e+00 0.000000000000000000e+00
2.420000000000000000e+02 1.068316000000000088e+01 -2.981999999999999929e-02 0.000000000000000000e+00
2.430000000000000000e+02 8.752549999999999386e+00 7.848800000000000221e-01 0.000000000000000000e+00
2.440000000000000000e+02 1.014864999999999995e+01 4.145599999999999952e+00 0.000000000000000000e+00
2.450000000000000000e+02 1.193922000000000061e+01 5.316869999999999763e+00 0.000000000000000000e+00
2.460000000000000000e+02 9.896789999999999310e+00 6.226619999999999600e+00 0.000000000000000000e+00
2.470000000000000000e+02 9.597550000000000026e+00 8.262340000000000018e+00 0.000000000000000000e+00
2.480000000000000000e+02 9.320220000000000837e+00 1.034998000000000040e+01 0.000000000000000000e+00
2.490000000000000000e+02 8.999340000000000117e+00 1.248468000000000089e+01 0.000000000000000000e+00
2.500000000000000000e+02 8.659459999999999269e+00 1.452110000000000056e+01 0.000000000000000000e+00
2.510000000000000000e+02 8.471980000000000288e+00 1.660833999999999833e+01 0.000000000000000000e+00
2.520000000000000000e+02 9.923099999999999810e+00 -1.531466999999999956e+01 0.000000000000000000e+00
2.530000000000000000e+02 1.068129000000000062e+01 -1.337134999999999962e+01 0.000000000000000000e+00
2.540000000000000000e+02 1.136942999999999948e+01 -1.140395999999999965e+01 0.000000000000000000e+00
2.550000000000000000e+02 1.218769999999999953e+01 -9.296099999999999142e+00 0.000000000000000000e+00
2.560000000000000000e+02 1.087922000000000011e+01 -7.676750000000000185e+00 0.000000000000000000e+00
2.570000000000000000e+02 1.179410000000000025e+01 -5.705169999999999852e+00 0.000000000000000000e+00
2.580000000000000000e+02 1.255164000000000080e+01 -3.737330000000000041e+00 0.000000000000000000e+00
2.590000000000000000e+02 1.128715000000000046e+01 -2.001389999999999780e+00 0.000000000000000000e+00
2.600000000000000000e+02 1.238552999999999926e+01 1.173450000000000104e+00 0.000000000000000000e+00
2.610000000000000000e+02 1.042713000000000001e+01 2.047229999999999883e+00 0.000000000000000000e+00
2.620000000000000000e+02 1.223210000000000086e+01 3.234220000000000095e+00 0.000000000000000000e+00
2.630000000000000000e+02 1.395885999999999960e+01 4.728150000000000297e+00 0.000000000000000000e+00
2.640000000000000000e+02 1.357152999999999921e+01 6.764590000000000103e+00 0.000000000000000000e+00
2.650000000000000000e+02 1.156531999999999982e+01 7.490619999999999834e+00 0.000000000000000000e+00
2.660000000000000000e+02 1.121582000000000079e+01 9.542749999999999844e+00 0.000000000000000000e+00
2.670000000000000000e+02 1.096081000000000039e+01 1.168115000000000059e+01 0.000000000000000000e+00
2.680000000000000000e+02 1.062097999999999942e+01 1.387049999999999983e+01 0.000000000000000000e+00
2.690000000000000000e+02 1.087060999999999922e+01 1.619243000000000166e+01 0.000000000000000000e+00
2.700000000000000000e+02 1.215546999999999933e+01 -1.520091000000000037e+01 0.000000000000000000e+00
2.710000000000000000e+02 1.272552999999999912e+01 -1.297799999999999976e+01 0.000000000000000000e+00
2.720000000000000000e+02 1.343404999999999916e+01 -1.103342999999999918e+01 0.000000000000000000e+00
2.730000000000000000e+02 1.425989000000000040e+01 -9.069190000000000751e+00 0.000000000000000000e+00
2.740000000000000000e+02 1.317323000000000022e+01 -7.307690000000000019e+00 0.000000000000000000e+00
2.750000000000000000e+02 1.396447000000000038e+01 -5.319069999999999965e+00 0.000000000000000000e+00
2.760000000000000000e+02 1.465512000000000015e+01 -3.334550000000000125e+00 0.000000000000000000e+00
2.770000000000000000e+02 1.340813999999999950e+01 -1.637969999999999926e+00 0.000000000000000000e+00
2.780000000000000000e+02 1.554883000000000060e+01 -1.363040000000000029e+00 0.000000000000000000e+00
2.790000000000000000e+02 1.428744999999999976e+01 3.592400000000000038e-01 0.000000000000000000e+00
2.800000000000000000e+02 1.414969999999999928e+01 2.448999999999999844e+00 0.000000000000000000e+00
2.810000000000000000e+02 1.599422000000000033e+01 3.656509999999999927e+00 0.000000000000000000e+00
2.820000000000000000e+02 1.561289999999999978e+01 6.324379999999999669e+00 0.000000000000000000e+00
2.830000000000000000e+02 1.547809999999999953e+01 8.479169999999999874e+00 0.000000000000000000e+00
2.840000000000000000e+02 1.320368999999999993e+01 8.975120000000000431e+00 0.000000000000000000e+00
2.850000000000000000e+02 1.434623999999999988e+01 1.084057999999999922e+01 0.000000000000000000e+00
2.860000000000000000e+02 1.296354999999999968e+01 1.260876999999999981e+01 0.000000000000000000e+00
2.870000000000000000e+02 1.265748999999999924e+01 1.499188999999999972e+01 0.000000000000000000e+00
2.880000000000000000e+02 1.421922999999999959e+01 -1.468294000000000032e+01 0.000000000000000000e+00
2.890000000000000000e+02 1.524385000000000012e+01 -1.256624000000000052e+01 0.000000000000000000e+00
2.900000000000000000e+02 1.583074000000000048e+01 -1.045542999999999978e+01 0.000000000000000000e+00
2.910000000000000000e+02 1.746265999999999963e+01 -6.728500000000000369e+00 0.000000000000000000e+00
2.920000000000000000e+02 1.523443999999999932e+01 -7.068270000000000053e+00 0.000000000000000000e+00
2.930000000000000000e+02 1.604051000000000116e+01 -5.020669999999999966e+00 0.000000000000000000e+00
2.940000000000000000e+02 1.904129000000000005e+01 -3.099120000000000097e+00 0.000000000000000000e+00
2.950000000000000000e+02 1.693768000000000029e+01 -3.046580000000000066e+00 0.000000000000000000e+00
2.960000000000000000e+02 1.756072999999999951e+01 -4.918299999999999894e-01 0.000000000000000000e+00
2.970000000000000000e+02 1.604247000000000156e+01 1.594139999999999890e+00 0.000000000000000000e+00
2.980000000000000000e+02 1.782645000000000124e+01 2.673529999999999962e+00 0.000000000000000000e+00
2.990000000000000000e+02 1.742090999999999923e+01 5.306779999999999831e+00 0.000000000000000000e+00
