0.000000000000000000e+00 -1.569983000000000040e+01 -1.581780999999999970e+01 0.000000000000000000e+00
1.000000000000000000e+00 -1.650131999999999977e+01 -1.391797000000000040e+01 0.000000000000000000e+00
2.000000000000000000e+00 -1.700647000000000020e+01 -1.180150000000000077e+01 0.000000000000000000e+00
3.000000000000000000e+00 -1.773902000000000001e+01 -9.870400000000000063e+00 0.000000000000000000e+00
4.000000000000000000e+00 -1.805442000000000036e+01 -7.614429999999999588e+00 0.000000000000000000e+00
5.000000000000000000e+00 -1.885114000000000090e+01 -5.504520000000000302e+00 0.000000000000000000e+00
6.000000000000000000e+00 -1.745136000000000109e+01 -3.824500000000000011e+00 0.000000000000000000e+00
7.000000000000000000e+00 -1.940183000000000035e+01 -3.036360000000000170e+00 0.000000000000000000e+00
8.000000000000000000e+00 -1.757937000000000083e+01 -1.743940000000000046e+00 0.000000000000000000e+00
9.000000000000000000e+00 -1.943907000000000096e+01 6.567000000000000615e-02 0.000000000000000000e+00
1.000000000000000000e+01 -1.888905000000000101e+01 2.689070000000000071e+00 0.000000000000000000e+00
1.100000000000000000e+01 -1.851013000000000019e+01 4.837620000000000253e+00 0.000000000000000000e+00
1.200000000000000000e+01 -1.783738999999999919e+01 6.867189999999999905e+00 0.000000000000000000e+00
1.300000000000000000e+01 -1.913804000000000016e+01 9.018499999999999517e+00 0.000000000000000000e+00
1.400000000000000000e+01 -1.660078999999999994e+01 8.539920000000000400e+00 0.000000000000000000e+00
1.500000000000000000e+01 -1.802203000000000088e+01 1.133871000000000073e+01 0.000000000000000000e+00
1.600000000000000000e+01 -1.700199999999999889e+01 1.374125000000000085e+01 0.000000000000000000e+00
1.700000000000000000e+01 -1.643581999999999965e+01 1.576732999999999940e+01 0.000000000000000000e+00
1.800000000000000000e+01 -1.367977999999999916e+01 -1.630855000000000032e+01 0.000000000000000000e+00
1.900000000000000000e+01 -1.431376999999999988e+01 -1.428082000000000029e+01 0.000000000000000000e+00
2.000000000000000000e+01 -1.492253999999999969e+01 -1.220321000000000033e+01 0.000000000000000000e+00
2.100000000000000000e+01 -1.555664999999999942e+01 -1.023063999999999929e+01 0.000000000000000000e+00
2.200000000000000000e+01 -1.604591999999999885e+01 -8.126709999999999212e+00 0.000000000000000000e+00
2.300000000000000000e+01 -1.672228000000000137e+01 -5.987849999999999895e+00 0.000000000000000000e+00
2.400000000000000000e+01 -1.508065999999999995e+01 -4.533109999999999751e+00 0.000000000000000000e+00
2.500000000000000000e+01 -1.552814000000000050e+01 -2.508410000000000029e+00 0.000000000000000000e+00
2.600000000000000000e+01 -1.569819999999999993e+01 -3.048000000000000154e-01 0.000000000000000000e+00
2.700000000000000000e+01 -1.739859999999999829e+01 8.875300000000000411e-01 0.000000000000000000e+00
2.800000000000000000e+01 -1.636496999999999957e+01 2.693519999999999914e+00 0.000000000000000000e+00
2.900000000000000000e+01 -1.617504999999999882e+01 4.978880000000000194e+00 0.000000000000000000e+00
3.000000000000000000e+01 -1.527332000000000001e+01 6.885080000000000311e+00 0.000000000000000000e+00
3.100000000000000000e+01 -1.451237000000000066e+01 9.036939999999999529e+00 0.000000000000000000e+00
3.200000000000000000e+01 -1.597269000000000005e+01 1.057836999999999961e+01 0.000000000000000000e+00
3.300000000000000000e+01 -1.509151999999999916e+01 1.245593000000000039e+01 0.000000000000000000e+00
3.400000000000000000e+01 -1.474817000000000000e+01 1.450343999999999944e+01 0.000000000000000000e+00
3.500000000000000000e+01 -1.436551000000000045e+01 1.664636000000000138e+01 0.000000000000000000e+00
3.600000000000000000e+01 -1.165760000000000041e+01 -1.695711000000000013e+01 0.000000000000000000e+00
3.700000000000000000e+01 -1.215675000000000061e+01 -1.480134999999999934e+01 0.000000000000000000e+00
3.800000000000000000e+01 -1.292556000000000083e+01 -1.273574999999999946e+01 0.000000000000000000e+00
3.900000000000000000e+01 -1.347874000000000017e+01 -1.064156000000000013e+01 0.000000000000000000e+00
4.000000000000000000e+01 -1.401547000000000054e+01 -8.614039999999999253e+00 0.000000000000000000e+00
4.100000000000000000e+01 -1.456309000000000076e+01 -6.545169999999999710e+00 0.000000000000000000e+00
4.200000000000000000e+01 -1.301789999999999914e+01 -5.154880000000000351e+00 0.000000000000000000e+00
4.300000000000000000e+01 -1.351168000000000013e+01 -3.046129999999999782e+00 0.000000000000000000e+00
4.400000000000000000e+01 -1.352607000000000070e+01 -9.105699999999999905e-01 0.000000000000000000e+00
4.500000000000000000e+01 -1.408483999999999980e+01 1.076799999999999979e+00 0.000000000000000000e+00
4.600000000000000000e+01 -1.433167000000000080e+01 3.121719999999999828e+00 0.000000000000000000e+00
4.700000000000000000e+01 -1.407424999999999926e+01 5.181280000000000108e+00 0.000000000000000000e+00
4.800000000000000000e+01 -1.322212000000000032e+01 7.177559999999999718e+00 0.000000000000000000e+00
4.900000000000000000e+01 -1.231119999999999948e+01 9.122590000000000643e+00 0.000000000000000000e+00
5.000000000000000000e+01 -1.360485000000000078e+01 1.096785000000000032e+01 0.000000000000000000e+00
5.100000000000000000e+01 -1.312101999999999968e+01 1.312016999999999989e+01 0.000000000000000000e+00
5.200000000000000000e+01 -1.280175000000000018e+01 1.525652999999999970e+01 0.000000000000000000e+00
5.300000000000000000e+01 -1.233468000000000053e+01 1.741418000000000177e+01 0.000000000000000000e+00
5.400000000000000000e+01 -9.458999999999999631e+00 -1.723965000000000103e+01 0.000000000000000000e+00
5.500000000000000000e+01 -1.007516000000000034e+01 -1.517294000000000054e+01 0.000000000000000000e+00
5.600000000000000000e+01 -1.083277000000000001e+01 -1.320490999999999993e+01 0.000000000000000000e+00
5.700000000000000000e+01 -1.145612999999999992e+01 -1.120254000000000083e+01 0.000000000000000000e+00
5.800000000000000000e+01 -1.168571999999999989e+01 -9.124180000000000845e+00 0.000000000000000000e+00
5.900000000000000000e+01 -1.235247000000000028e+01 -7.170130000000000337e+00 0.000000000000000000e+00
6.000000000000000000e+01 -1.099219000000000079e+01 -5.590670000000000250e+00 0.000000000000000000e+00
6.100000000000000000e+01 -1.145655000000000001e+01 -3.556810000000000027e+00 0.000000000000000000e+00
6.200000000000000000e+01 -1.129584999999999972e+01 -1.411810000000000009e+00 0.000000000000000000e+00
6.300000000000000000e+01 -1.207887000000000022e+01 5.556699999999999973e-01 0.000000000000000000e+00
6.400000000000000000e+01 -1.223427000000000042e+01 3.115790000000000060e+00 0.000000000000000000e+00
6.500000000000000000e+01 -1.200427000000000000e+01 5.269820000000000171e+00 0.000000000000000000e+00
6.600000000000000000e+01 -1.110281999999999947e+01 7.370779999999999887e+00 0.000000000000000000e+00
6.700000000000000000e+01 -1.027430999999999983e+01 9.641209999999999170e+00 0.000000000000000000e+00
6.800000000000000000e+01 -1.144970999999999961e+01 1.147099000000000046e+01 0.000000000000000000e+00
6.900000000000000000e+01 -1.109575000000000067e+01 1.371044999999999980e+01 0.000000000000000000e+00
7.000000000000000000e+01 -1.081535000000000046e+01 1.595573000000000086e+01 0.000000000000000000e+00
7.100000000000000000e+01 -1.139866999999999919e+01 1.924632000000000076e+01 0.000000000000000000e+00
7.200000000000000000e+01 -8.276960000000000761e+00 -1.925050999999999846e+01 0.000000000000000000e+00
7.300000000000000000e+01 -7.825859999999999594e+00 -1.537484000000000073e+01 0.000000000000000000e+00
7.400000000000000000e+01 -8.683529999999999305e+00 -1.342793999999999954e+01 0.000000000000000000e+00
7.500000000000000000e+01 -9.257339999999999236e+00 -1.138282000000000060e+01 0.000000000000000000e+00
7.600000000000000000e+01 -9.543519999999999115e+00 -9.346140000000000114e+00 0.000000000000000000e+00
7.700000000000000000e+01 -9.715350000000000819e+00 -7.205189999999999984e+00 0.000000000000000000e+00
7.800000000000000000e+01 -8.860290000000000887e+00 -5.273410000000000153e+00 0.000000000000000000e+00
7.900000000000000000e+01 -9.390370000000000772e+00 -3.272269999999999790e+00 0.000000000000000000e+00
8.000000000000000000e+01 -9.938819999999999766e+00 2.643400000000000194e-01 0.000000000000000000e+00
8.100000000000000000e+01 -1.013308999999999926e+01 2.318109999999999893e+00 0.000000000000000000e+00
8.200000000000000000e+01 -1.007065000000000055e+01 4.442739999999999689e+00 0.000000000000000000e+00
8.300000000000000000e+01 -8.004749999999999588e+00 4.733950000000000102e+00 0.000000000000000000e+00
8.400000000000000000e+01 -9.263659999999999783e+00 6.426309999999999967e+00 0.000000000000000000e+00
8.500000000000000000e+01 -8.312260000000000204e+00 8.536440000000000694e+00 0.000000000000000000e+00
8.600000000000000000e+01 -9.213179999999999481e+00 1.156614000000000075e+01 0.000000000000000000e+00
8.700000000000000000e+01 -8.922299999999999898e+00 1.362899999999999956e+01 0.000000000000000000e+00
8.800000000000000000e+01 -8.766189999999999927e+00 1.567942999999999998e+01 0.000000000000000000e+00
8.900000000000000000e+01 -9.503750000000000142e+00 1.762324999999999875e+01 0.000000000000000000e+00
9.000000000000000000e+01 -5.977190000000000225e+00 -1.955104000000000042e+01 0.000000000000000000e+00
9.100000000000000000e+01 -6.907180000000000319e+00 -1.723367999999999967e+01 0.000000000000000000e+00
9.200000000000000000e+01 -6.220500000000000362e+00 -1.396213999999999977e+01 0.000000000000000000e+00
9.300000000000000000e+01 -7.209060000000000024e+00 -1.193717999999999968e+01 0.000000000000000000e+00
9.400000000000000000e+01 -7.551179999999999559e+00 -9.891120000000000800e+00 0.000000000000000000e+00
9.500000000000000000e+01 -7.612320000000000420e+00 -7.825510000000000410e+00 0.000000000000000000e+00
9.600000000000000000e+01 -6.379019999999999690e+00 -5.854910000000000281e+00 0.000000000000000000e+00
9.700000000000000000e+01 -7.333540000000000170e+00 -3.839669999999999916e+00 0.000000000000000000e+00
9.800000000000000000e+01 -8.544660000000000366e+00 -1.307229999999999892e+00 0.000000000000000000e+00
9.900000000000000000e+01 -7.476060000000000372e+00 5.968799999999999661e-01 0.000000000000000000e+00
1.000000000000000000e+02 -8.050269999999999371e+00 2.636109999999999953e+00 0.000000000000000000e+00
1.010000000000000000e+02 -5.803670000000000329e+00 4.378059999999999619e+00 0.000000000000000000e+00
1.020000000000000000e+02 -7.190809999999999924e+00 6.646189999999999820e+00 0.000000000000000000e+00
1.030000000000000000e+02 -7.114429999999999588e+00 1.026492999999999967e+01 0.000000000000000000e+00
1.040000000000000000e+02 -7.260489999999999888e+00 1.236322999999999972e+01 0.000000000000000000e+00
1.050000000000000000e+02 -7.039179999999999993e+00 1.446420999999999957e+01 0.000000000000000000e+00
1.060000000000000000e+02 -7.173239999999999839e+00 1.702644000000000091e+01 0.000000000000000000e+00
1.070000000000000000e+02 -7.475649999999999906e+00 1.906664999999999921e+01 0.000000000000000000e+00
1.080000000000000000e+02 -4.870219999999999771e+00 -1.768019999999999925e+01 0.000000000000000000e+00
1.090000000000000000e+02 -4.715419999999999945e+00 -1.542614999999999981e+01 0.000000000000000000e+00
1.100000000000000000e+02 -3.896049999999999791e+00 -1.322949000000000019e+01 0.000000000000000000e+00
1.110000000000000000e+02 -5.150850000000000151e+00 -1.157365000000000066e+01 0.000000000000000000e+00
1.120000000000000000e+02 -5.375519999999999854e+00 -9.479589999999999961e+00 0.000000000000000000e+00
1.130000000000000000e+02 -4.971519999999999939e+00 -7.443310000000000315e+00 0.000000000000000000e+00
1.140000000000000000e+02 -4.223180000000000156e+00 -5.215709999999999624e+00 0.000000000000000000e+00
1.150000000000000000e+02 -5.274700000000000166e+00 -3.338169999999999860e+00 0.000000000000000000e+00
1.160000000000000000e+02 -6.508309999999999818e+00 -1.670379999999999976e+00 0.000000000000000000e+00
1.170000000000000000e+02 -5.419270000000000032e+00 1.675899999999999890e-01 0.000000000000000000e+00
1.180000000000000000e+02 -6.022400000000000198e+00 2.182809999999999917e+00 0.000000000000000000e+00
1.190000000000000000e+02 -5.034130000000000216e+00 6.292360000000000397e+00 0.000000000000000000e+00
1.200000000000000000e+02 -5.885110000000000063e+00 8.329909999999999926e+00 0.000000000000000000e+00
1.210000000000000000e+02 -4.243179999999999730e+00 9.629780000000000229e+00 0.000000000000000000e+00
1.220000000000000000e+02 -5.234320000000000306e+00 1.148699000000000048e+01 0.000000000000000000e+00
1.230000000000000000e+02 -5.134529999999999816e+00 1.360444000000000031e+01 0.000000000000000000e+00
1.240000000000000000e+02 -5.312429999999999986e+00 1.573887999999999998e+01 0.000000000000000000e+00
1.250000000000000000e+02 -5.285300000000000331e+00 1.801355999999999824e+01 0.000000000000000000e+00
1.260000000000000000e+02 -2.937969999999999970e+00 -1.882415999999999912e+01 0.000000000000000000e+00
1.270000000000000000e+02 -3.040270000000000028e+00 -1.661887000000000114e+01 0.000000000000000000e+00
1.280000000000000000e+02 -2.245569999999999844e+00 -1.463939000000000057e+01 0.000000000000000000e+00
1.290000000000000000e+02 -2.990250000000000075e+00 -1.115818999999999939e+01 0.000000000000000000e+00
1.300000000000000000e+02 -3.326140000000000096e+00 -8.941240000000000521e+00 0.000000000000000000e+00
1.310000000000000000e+02 -2.853050000000000086e+00 -6.851479999999999571e+00 0.000000000000000000e+00
1.320000000000000000e+02 -3.100000000000000089e+00 -3.258739999999999970e+00 0.000000000000000000e+00
1.330000000000000000e+02 -4.084139999999999660e+00 -1.420449999999999990e+00 0.000000000000000000e+00
1.340000000000000000e+02 -2.031509999999999927e+00 -1.208169999999999966e+00 0.000000000000000000e+00
1.350000000000000000e+02 -3.430540000000000145e+00 7.566000000000000503e-01 0.000000000000000000e+00
1.360000000000000000e+02 -4.067020000000000302e+00 3.255180000000000184e+00 0.000000000000000000e+00
1.370000000000000000e+02 -3.207570000000000032e+00 5.196810000000000151e+00 0.000000000000000000e+00
1.380000000000000000e+02 -3.470499999999999918e+00 7.670139999999999958e+00 0.000000000000000000e+00
1.390000000000000000e+02 -2.270150000000000112e+00 1.028049000000000035e+01 0.000000000000000000e+00
1.400000000000000000e+02 -3.319479999999999986e+00 1.245132000000000083e+01 0.000000000000000000e+00
1.410000000000000000e+02 -3.278109999999999857e+00 1.454383999999999943e+01 0.000000000000000000e+00
1.420000000000000000e+02 -3.577500000000000124e+00 1.684143999999999863e+01 0.000000000000000000e+00
1.430000000000000000e+02 -2.700210000000000221e+00 1.884175000000000111e+01 0.000000000000000000e+00
1.440000000000000000e+02 -9.395000000000000018e-01 -1.823896999999999835e+01 0.000000000000000000e+00
1.450000000000000000e+02 -8.326000000000000068e-01 -1.616885999999999868e+01 0.000000000000000000e+00
1.460000000000000000e+02 -1.500539999999999985e+00 -1.270720999999999989e+01 0.000000000000000000e+00
1.470000000000000000e+02 6.092999999999999805e-02 -1.131268000000000029e+01 0.000000000000000000e+00
1.480000000000000000e+02 -1.366300000000000070e+00 -9.609450000000000713e+00 0.000000000000000000e+00
1.490000000000000000e+02 -8.358400000000000274e-01 -7.514109999999999623e+00 0.000000000000000000e+00
1.500000000000000000e+02 -1.831150000000000055e+00 -4.898209999999999731e+00 0.000000000000000000e+00
1.510000000000000000e+02 -5.051200000000000134e-01 -2.607240000000000002e+00 0.000000000000000000e+00
1.520000000000000000e+02 1.512499999999999956e-01 -6.167899999999999494e-01 0.000000000000000000e+00
1.530000000000000000e+02 -1.549870000000000081e+00 2.004739999999999966e+00 0.000000000000000000e+00
1.540000000000000000e+02 -1.201540000000000052e+00 4.138309999999999711e+00 0.000000000000000000e+00
1.550000000000000000e+02 -1.191850000000000076e+00 6.209389999999999965e+00 0.000000000000000000e+00
1.560000000000000000e+02 -1.481079999999999952e+00 8.251129999999999853e+00 0.000000000000000000e+00
1.570000000000000000e+02 -1.936499999999999888e-01 9.908129999999999882e+00 0.000000000000000000e+00
1.580000000000000000e+02 -1.045309999999999961e+00 1.193778000000000006e+01 0.000000000000000000e+00
1.590000000000000000e+02 -1.154069999999999929e+00 1.402097999999999978e+01 0.000000000000000000e+00
1.600000000000000000e+02 -1.634020000000000028e+00 1.604521000000000086e+01 0.000000000000000000e+00
1.610000000000000000e+02 1.745899999999999952e-01 1.777336999999999989e+01 0.000000000000000000e+00
1.620000000000000000e+02 2.539899999999999936e-01 -1.994841999999999871e+01 0.000000000000000000e+00
1.630000000000000000e+02 9.259300000000000308e-01 -1.730838999999999928e+01 0.000000000000000000e+00
1.640000000000000000e+02 1.036869999999999958e+00 -1.517833000000000077e+01 0.000000000000000000e+00
1.650000000000000000e+02 1.340889999999999915e+00 -1.310158999999999985e+01 0.000000000000000000e+00
1.660000000000000000e+02 7.775300000000000544e-01 -9.369650000000000034e+00 0.000000000000000000e+00
1.670000000000000000e+02 1.290750000000000064e+00 -7.294959999999999667e+00 0.000000000000000000e+00
1.680000000000000000e+02 2.127400000000000124e-01 -5.281970000000000276e+00 0.000000000000000000e+00
1.690000000000000000e+02 1.765810000000000102e+00 -2.973949999999999871e+00 0.000000000000000000e+00
1.700000000000000000e+02 2.088109999999999911e+00 1.189599999999999963e-01 0.000000000000000000e+00
1.710000000000000000e+02 4.804700000000000082e-01 1.469149999999999956e+00 0.000000000000000000e+00
1.720000000000000000e+02 8.147499999999999742e-01 3.558310000000000084e+00 0.000000000000000000e+00
1.730000000000000000e+02 2.318569999999999798e+00 5.152870000000000061e+00 0.000000000000000000e+00
1.740000000000000000e+02 4.674800000000000066e-01 7.506809999999999761e+00 0.000000000000000000e+00
1.750000000000000000e+02 1.841569999999999929e+00 9.412290000000000489e+00 0.000000000000000000e+00
1.760000000000000000e+02 1.379750000000000032e+00 1.144003000000000014e+01 0.000000000000000000e+00
1.770000000000000000e+02 8.852999999999999758e-01 1.343590000000000018e+01 0.000000000000000000e+00
1.780000000000000000e+02 3.968900000000000206e-01 1.544838000000000022e+01 0.000000000000000000e+00
1.790000000000000000e+02 7.688700000000000534e-01 1.977616000000000085e+01 0.000000000000000000e+00
1.800000000000000000e+02 2.227669999999999817e+00 -1.901669000000000054e+01 0.000000000000000000e+00
1.810000000000000000e+02 2.799630000000000063e+00 -1.647118000000000038e+01 0.000000000000000000e+00
1.820000000000000000e+02 3.126939999999999831e+00 -1.432883999999999958e+01 0.000000000000000000e+00
1.830000000000000000e+02 2.521329999999999849e+00 -1.137064999999999948e+01 0.000000000000000000e+00
1.840000000000000000e+02 2.873540000000000205e+00 -9.318170000000000286e+00 0.000000000000000000e+00
1.850000000000000000e+02 3.366490000000000204e+00 -7.300200000000000244e+00 0.000000000000000000e+00
1.860000000000000000e+02 2.287430000000000074e+00 -5.038120000000000154e+00 0.000000000000000000e+00
1.870000000000000000e+02 3.833239999999999981e+00 -3.581430000000000113e+00 0.000000000000000000e+00
1.880000000000000000e+02 3.780370000000000008e+00 -1.398039999999999949e+00 0.000000000000000000e+00
1.890000000000000000e+02 3.977840000000000042e+00 1.109250000000000069e+00 0.000000000000000000e+00
1.900000000000000000e+02 2.908339999999999925e+00 2.947010000000000129e+00 0.000000000000000000e+00
1.910000000000000000e+02 4.274189999999999934e+00 5.896700000000000053e+00 0.000000000000000000e+00
1.920000000000000000e+02 2.543680000000000163e+00 7.268589999999999662e+00 0.000000000000000000e+00
1.930000000000000000e+02 3.850229999999999819e+00 8.863310000000000244e+00 0.000000000000000000e+00
1.940000000000000000e+02 3.399439999999999795e+00 1.099451000000000001e+01 0.000000000000000000e+00
1.950000000000000000e+02 2.964850000000000207e+00 1.306803999999999988e+01 0.000000000000000000e+00
1.960000000000000000e+02 2.485149999999999970e+00 1.514119999999999955e+01 0.000000000000000000e+00
1.970000000000000000e+02 2.180109999999999992e+00 1.723796000000000106e+01 0.000000000000000000e+00
1.980000000000000000e+02 4.246349999999999625e+00 -1.820231000000000066e+01 0.000000000000000000e+00
1.990000000000000000e+02 4.907060000000000421e+00 -1.613027999999999906e+01 0.000000000000000000e+00
2.000000000000000000e+02 5.182380000000000209e+00 -1.408038999999999952e+01 0.000000000000000000e+00
2.010000000000000000e+02 5.105559999999999654e+00 -1.200642999999999994e+01 0.000000000000000000e+00
2.020000000000000000e+02 5.035339999999999705e+00 -9.889860000000000539e+00 0.000000000000000000e+00
2.030000000000000000e+02 5.424299999999999677e+00 -7.837390000000000079e+00 0.000000000000000000e+00
2.040000000000000000e+02 5.002270000000000216e+00 -5.363900000000000112e+00 0.000000000000000000e+00
2.050000000000000000e+02 5.616200000000000081e+00 -2.431449999999999889e+00 0.000000000000000000e+00
2.060000000000000000e+02 6.402490000000000236e+00 -4.204800000000000204e-01 0.000000000000000000e+00
2.070000000000000000e+02 6.510600000000000165e+00 1.740920000000000023e+00 0.000000000000000000e+00
2.080000000000000000e+02 5.912939999999999863e+00 3.818210000000000104e+00 0.000000000000000000e+00
2.090000000000000000e+02 6.690450000000000230e+00 5.843099999999999739e+00 0.000000000000000000e+00
2.100000000000000000e+02 5.671369999999999578e+00 7.753639999999999866e+00 0.000000000000000000e+00
2.110000000000000000e+02 5.516099999999999781e+00 1.008465999999999951e+01 0.000000000000000000e+00
2.120000000000000000e+02 5.079609999999999737e+00 1.221566999999999936e+01 0.000000000000000000e+00
2.130000000000000000e+02 4.665289999999999715e+00 1.444487999999999950e+01 0.000000000000000000e+00
2.140000000000000000e+02 4.484950000000000436e+00 1.680274000000000001e+01 0.000000000000000000e+00
2.150000000000000000e+02 4.103989999999999583e+00 1.889958000000000027e+01 0.000000000000000000e+00
2.160000000000000000e+02 6.376640000000000086e+00 -1.761562999999999946e+01 0.000000000000000000e+00
2.170000000000000000e+02 6.875720000000000276e+00 -1.536938999999999922e+01 0.000000000000000000e+00
2.180000000000000000e+02 7.033540000000000347e+00 -1.311696000000000062e+01 0.000000000000000000e+00
2.190000000000000000e+02 7.090119999999999756e+00 -1.100418999999999947e+01 0.000000000000000000e+00
2.200000000000000000e+02 7.241010000000000169e+00 -8.931990000000000762e+00 0.000000000000000000e+00
2.210000000000000000e+02 7.233340000000000103e+00 -6.679800000000000182e+00 0.000000000000000000e+00
2.220000000000000000e+02 9.049149999999999139e+00 -5.641259999999999941e+00 0.000000000000000000e+00
2.230000000000000000e+02 7.141829999999999679e+00 -4.595900000000000318e+00 0.000000000000000000e+00
2.240000000000000000e+02 7.690279999999999561e+00 -2.168590000000000018e+00 0.000000000000000000e+00
2.250000000000000000e+02 8.265760000000000218e+00 5.599499999999999478e-01 0.000000000000000000e+00
2.260000000000000000e+02 8.408450000000000202e+00 2.617780000000000218e+00 0.000000000000000000e+00
2.270000000000000000e+02 8.536699999999999733e+00 4.889800000000000146e+00 0.000000000000000000e+00
2.280000000000000000e+02 8.426069999999999283e+00 7.150710000000000122e+00 0.000000000000000000e+00
2.290000000000000000e+02 7.558609999999999829e+00 9.148649999999999949e+00 0.000000000000000000e+00
2.300000000000000000e+02 7.097669999999999924e+00 1.140640999999999927e+01 0.000000000000000000e+00
2.310000000000000000e+02 6.776150000000000340e+00 1.344546000000000063e+01 0.000000000000000000e+00
2.320000000000000000e+02 6.524329999999999963e+00 1.549220000000000041e+01 0.000000000000000000e+00
2.330000000000000000e+02 6.435870000000000424e+00 1.772757000000000005e+01 0.000000000000000000e+00
2.340000000000000000e+02 8.408070000000000377e+00 -1.847814999999999941e+01 0.000000000000000000e+00
2.350000000000000000e+02 8.833119999999999195e+00 -1.644306999999999874e+01 0.000000000000000000e+00
2.360000000000000000e+02 8.820949999999999847e+00 -1.419542000000000037e+01 0.000000000000000000e+00
2.370000000000000000e+02 8.908480000000000842e+00 -1.212406000000000006e+01 0.000000000000000000e+00
2.380000000000000000e+02 9.147159999999999513e+00 -9.804069999999999396e+00 0.000000000000000000e+00
2.390000000000000000e+02 9.011029999999999873e+00 -7.736040000000000028e+00 0.000000000000000000e+00
2.400000000000000000e+02 1.120923999999999943e+01 -5.427369999999999806e+00 0.000000000000000000e+00
2.410000000000000000e+02 9.509690000000000865e+00 -3.208279999999999799e+00 0.000000000000000000e+00
2.420000000000000000e+02 9.598319999999999297e+00 -1.114330000000000043e+00 0.000000000000000000e+00
2.430000000000000000e+02 1.053093999999999930e+01 1.693130000000000024e+00 0.000000000000000000e+00
2.440000000000000000e+02 1.031433999999999962e+01 3.827920000000000211e+00 0.000000000000000000e+00
2.450000000000000000e+02 1.039178000000000068e+01 5.918000000000000149e+00 0.000000000000000000e+00
2.460000000000000000e+02 1.030349000000000004e+01 8.078820000000000334e+00 0.000000000000000000e+00
2.470000000000000000e+02 9.819889999999999119e+00 1.021720000000000006e+01 0.000000000000000000e+00
2.480000000000000000e+02 8.965370000000000061e+00 1.229533999999999949e+01 0.000000000000000000e+00
2.490000000000000000e+02 8.608249999999999957e+00 1.465661000000000058e+01 0.000000000000000000e+00
2.500000000000000000e+02 8.330870000000000886e+00 1.682838999999999885e+01 0.000000000000000000e+00
2.510000000000000000e+02 8.507300000000000750e+00 1.895078000000000173e+01 0.000000000000000000e+00
2.520000000000000000e+02 1.067641000000000062e+01 -1.748903999999999925e+01 0.000000000000000000e+00
2.530000000000000000e+02 1.065013000000000076e+01 -1.541675000000000040e+01 0.000000000000000000e+00
2.540000000000000000e+02 1.076127999999999929e+01 -1.312588000000000044e+01 0.000000000000000000e+00
2.550000000000000000e+02 1.134942000000000029e+01 -1.053145999999999916e+01 0.000000000000000000e+00
2.560000000000000000e+02 1.095031999999999961e+01 -8.504300000000000637e+00 0.000000000000000000e+00
2.570000000000000000e+02 1.261045999999999978e+01 -7.058530000000000193e+00 0.000000000000000000e+00
2.580000000000000000e+02 1.334165999999999919e+01 -4.999950000000000117e+00 0.000000000000000000e+00
2.590000000000000000e+02 1.221714000000000055e+01 -2.868650000000000144e+00 0.000000000000000000e+00
2.600000000000000000e+02 1.156492000000000075e+01 -5.146500000000000519e-01 0.000000000000000000e+00
2.610000000000000000e+02 1.300886000000000031e+01 1.074549999999999894e+00 0.000000000000000000e+00
2.620000000000000000e+02 1.224729999999999919e+01 2.989889999999999937e+00 0.000000000000000000e+00
2.630000000000000000e+02 1.241474999999999973e+01 5.113109999999999822e+00 0.000000000000000000e+00
2.640000000000000000e+02 1.231101999999999919e+01 7.385769999999999946e+00 0.000000000000000000e+00
2.650000000000000000e+02 1.180399000000000065e+01 9.533839999999999648e+00 0.000000000000000000e+00
2.660000000000000000e+02 1.143332000000000015e+01 1.173156999999999961e+01 0.000000000000000000e+00
2.670000000000000000e+02 1.066940999999999917e+01 1.368224999999999980e+01 0.000000000000000000e+00
2.680000000000000000e+02 1.078885999999999967e+01 1.577604999999999968e+01 0.000000000000000000e+00
2.690000000000000000e+02 1.047202000000000055e+01 1.786432999999999893e+01 0.000000000000000000e+00
2.700000000000000000e+02 1.255813999999999986e+01 -1.655627000000000137e+01 0.000000000000000000e+00
2.710000000000000000e+02 1.245761000000000074e+01 -1.433203999999999922e+01 0.000000000000000000e+00
2.720000000000000000e+02 1.268727999999999945e+01 -1.225929000000000002e+01 0.000000000000000000e+00
2.730000000000000000e+02 1.420541000000000054e+01 -1.082840999999999987e+01 0.000000000000000000e+00
2.740000000000000000e+02 1.295876999999999946e+01 -9.130489999999999995e+00 0.000000000000000000e+00
2.750000000000000000e+02 1.459352999999999945e+01 -7.732339999999999769e+00 0.000000000000000000e+00
2.760000000000000000e+02 1.546519999999999939e+01 -5.780949999999999811e+00 0.000000000000000000e+00
2.770000000000000000e+02 1.499483999999999995e+01 -3.627650000000000041e+00 0.000000000000000000e+00
2.780000000000000000e+02 1.441220000000000034e+01 -1.358349999999999946e+00 0.000000000000000000e+00
2.790000000000000000e+02 1.527056999999999931e+01 9.364599999999999591e-01 0.000000000000000000e+00
2.800000000000000000e+02 1.483069000000000059e+01 3.039280000000000204e+00 0.000000000000000000e+00
2.810000000000000000e+02 1.424488999999999983e+01 6.159239999999999604e+00 0.000000000000000000e+00
2.820000000000000000e+02 1.584023000000000003e+01 7.689449999999999896e+00 0.000000000000000000e+00
2.830000000000000000e+02 1.389563000000000059e+01 8.827450000000000685e+00 0.000000000000000000e+00
2.840000000000000000e+02 1.349379000000000062e+01 1.106511000000000067e+01 0.000000000000000000e+00
2.850000000000000000e+02 1.562644000000000055e+01 1.193101000000000056e+01 0.000000000000000000e+00
2.860000000000000000e+02 1.424962999999999980e+01 1.351473999999999975e+01 0.000000000000000000e+00
2.870000000000000000e+02 1.256220000000000070e+01 1.470941999999999972e+01 0.000000000000000000e+00
2.880000000000000000e+02 1.426040000000000063e+01 -1.538116999999999912e+01 0.000000000000000000e+00
2.890000000000000000e+02 1.461762000000000050e+01 -1.313228999999999935e+01 0.000000000000000000e+00
2.900000000000000000e+02 1.618716999999999828e+01 -1.178411000000000008e+01 0.000000000000000000e+00
2.910000000000000000e+02 1.803198000000000079e+01 -9.956110000000000682e+00 0.000000000000000000e+00
2.920000000000000000e+02 1.579983999999999966e+01 -9.540250000000000341e+00 0.000000000000000000e+00
2.930000000000000000e+02 1.680595999999999890e+01 -7.707959999999999923e+00 0.000000000000000000e+00
2.940000000000000000e+02 1.717471000000000103e+01 -4.418580000000000396e+00 0.000000000000000000e+00
2.950000000000000000e+02 1.878869999999999862e+01 -2.321499999999999897e+00 0.000000000000000000e+00
2.960000000000000000e+02 1.637597999999999843e+01 -2.002990000000000048e+00 0.000000000000000000e+00
2.970000000000000000e+02 1.770825999999999922e+01 -5.861000000000000237e-02 0.000000000000000000e+00
2.980000000000000000e+02 1.745794000000000068e+01 2.290690000000000115e+00 0.000000000000000000e+00
2.990000000000000000e+02 1.615539000000000058e+01 5.235299999999999621e+00 0.000000000000000000e+00
