0.000000000000000000e+00 -1.232441000000000031e+01 -1.509329999999999927e+01 0.000000000000000000e+00
1.000000000000000000e+00 -1.304800999999999966e+01 -1.312443999999999988e+01 0.000000000000000000e+00
2.000000000000000000e+00 -1.630771000000000015e+01 -1.070087999999999973e+01 0.000000000000000000e+00
3.000000000000000000e+00 -1.674190000000000111e+01 -8.457959999999999923e+00 0.000000000000000000e+00
4.000000000000000000e+00 -1.747736000000000089e+01 -6.372090000000000032e+00 0.000000000000000000e+00
5.000000000000000000e+00 -1.814565999999999946e+01 -4.255939999999999834e+00 0.000000000000000000e+00
6.000000000000000000e+00 -1.683977000000000146e+01 -2.386509999999999909e+00 0.000000000000000000e+00
7.000000000000000000e+00 -1.954654000000000025e+01 -1.764100000000000112e-01 0.000000000000000000e+00
8.000000000000000000e+00 -1.734722000000000008e+01 -2.910800000000000054e-01 0.000000000000000000e+00
9.000000000000000000e+00 -1.790305000000000035e+01 1.758110000000000062e+00 0.000000000000000000e+00
1.000000000000000000e+01 -1.646321000000000012e+01 3.229820000000000135e+00 0.000000000000000000e+00
1.100000000000000000e+01 -1.885906999999999911e+01 3.771770000000000067e+00 0.000000000000000000e+00
1.200000000000000000e+01 -1.722043999999999997e+01 5.210130000000000372e+00 0.000000000000000000e+00
1.300000000000000000e+01 -1.798498000000000019e+01 7.378000000000000114e+00 0.000000000000000000e+00
1.400000000000000000e+01 -1.573419999999999952e+01 6.669979999999999798e+00 0.000000000000000000e+00
1.500000000000000000e+01 -1.656229000000000084e+01 8.967370000000000729e+00 0.000000000000000000e+00
1.600000000000000000e+01 -1.619742000000000104e+01 1.229068999999999967e+01 0.000000000000000000e+00
1.700000000000000000e+01 -1.474114999999999931e+01 1.415845000000000020e+01 0.000000000000000000e+00
1.800000000000000000e+01 -9.928770000000000095e+00 -1.531361000000000061e+01 0.000000000000000000e+00
1.900000000000000000e+01 -1.091230999999999973e+01 -1.321279999999999966e+01 0.000000000000000000e+00
2.000000000000000000e+01 -1.401614999999999966e+01 -1.115916999999999959e+01 0.000000000000000000e+00
2.100000000000000000e+01 -1.469476000000000049e+01 -8.751879999999999882e+00 0.000000000000000000e+00
2.200000000000000000e+01 -1.541477000000000075e+01 -6.661319999999999908e+00 0.000000000000000000e+00
2.300000000000000000e+01 -1.607964000000000127e+01 -4.632520000000000415e+00 0.000000000000000000e+00
2.400000000000000000e+01 -1.471801999999999921e+01 -2.926050000000000040e+00 0.000000000000000000e+00
2.500000000000000000e+01 -1.530835000000000079e+01 -8.986600000000000144e-01 0.000000000000000000e+00
2.600000000000000000e+01 -1.383927000000000085e+01 6.861099999999999977e-01 0.000000000000000000e+00
2.700000000000000000e+01 -1.589907000000000004e+01 1.182930000000000037e+00 0.000000000000000000e+00
2.800000000000000000e+01 -1.447030999999999956e+01 2.682459999999999845e+00 0.000000000000000000e+00
2.900000000000000000e+01 -1.501361999999999952e+01 4.718880000000000408e+00 0.000000000000000000e+00
3.000000000000000000e+01 -1.360247999999999990e+01 6.254400000000000404e+00 0.000000000000000000e+00
3.100000000000000000e+01 -1.435366999999999926e+01 8.244839999999999947e+00 0.000000000000000000e+00
3.200000000000000000e+01 -1.497016999999999953e+01 1.034928000000000026e+01 0.000000000000000000e+00
3.300000000000000000e+01 -1.344655999999999985e+01 1.185858999999999952e+01 0.000000000000000000e+00
3.400000000000000000e+01 -1.294584000000000046e+01 1.534483999999999959e+01 0.000000000000000000e+00
3.500000000000000000e+01 -1.146335999999999977e+01 1.698751999999999995e+01 0.000000000000000000e+00
3.600000000000000000e+01 -8.359510000000000218e+00 -1.694741000000000142e+01 0.000000000000000000e+00
3.700000000000000000e+01 -8.761630000000000251e+00 -1.336611000000000082e+01 0.000000000000000000e+00
3.800000000000000000e+01 -1.177561000000000035e+01 -1.129269000000000034e+01 0.000000000000000000e+00
3.900000000000000000e+01 -1.255219999999999914e+01 -9.183880000000000265e+00 0.000000000000000000e+00
4.000000000000000000e+01 -1.327425999999999995e+01 -7.167080000000000339e+00 0.000000000000000000e+00
4.100000000000000000e+01 -1.402732999999999919e+01 -5.110039999999999694e+00 0.000000000000000000e+00
4.200000000000000000e+01 -1.254424000000000028e+01 -3.489689999999999959e+00 0.000000000000000000e+00
4.300000000000000000e+01 -1.331123999999999974e+01 -1.393219999999999903e+00 0.000000000000000000e+00
4.400000000000000000e+01 -1.180184999999999995e+01 1.829399999999999915e-01 0.000000000000000000e+00
4.500000000000000000e+01 -1.235795000000000066e+01 2.193509999999999849e+00 0.000000000000000000e+00
4.600000000000000000e+01 -1.095531000000000077e+01 3.732240000000000002e+00 0.000000000000000000e+00
4.700000000000000000e+01 -1.299607999999999919e+01 4.162880000000000358e+00 0.000000000000000000e+00
4.800000000000000000e+01 -1.211622000000000021e+01 7.733579999999999899e+00 0.000000000000000000e+00
4.900000000000000000e+01 -1.075408000000000008e+01 9.287570000000000547e+00 0.000000000000000000e+00
5.000000000000000000e+01 -1.296654999999999980e+01 9.769849999999999923e+00 0.000000000000000000e+00
5.100000000000000000e+01 -1.205633000000000088e+01 1.338502000000000081e+01 0.000000000000000000e+00
5.200000000000000000e+01 -1.074535999999999980e+01 1.499854000000000021e+01 0.000000000000000000e+00
5.300000000000000000e+01 -9.191359999999999530e+00 1.642762000000000100e+01 0.000000000000000000e+00
5.400000000000000000e+01 -5.606080000000000396e+00 -1.644061999999999912e+01 0.000000000000000000e+00
5.500000000000000000e+01 -7.229910000000000281e+00 -1.485380999999999929e+01 0.000000000000000000e+00
5.600000000000000000e+01 -9.721880000000000521e+00 -1.151224999999999987e+01 0.000000000000000000e+00
5.700000000000000000e+01 -1.039607999999999954e+01 -9.554719999999999658e+00 0.000000000000000000e+00
5.800000000000000000e+01 -1.116750000000000043e+01 -7.619539999999999758e+00 0.000000000000000000e+00
5.900000000000000000e+01 -1.187054999999999971e+01 -5.618719999999999715e+00 0.000000000000000000e+00
6.000000000000000000e+01 -1.051055000000000028e+01 -3.977090000000000014e+00 0.000000000000000000e+00
6.100000000000000000e+01 -1.119467999999999996e+01 -1.824030000000000040e+00 0.000000000000000000e+00
6.200000000000000000e+01 -9.777279999999999305e+00 -3.244299999999999962e-01 0.000000000000000000e+00
6.300000000000000000e+01 -1.033267999999999986e+01 1.663419999999999899e+00 0.000000000000000000e+00
6.400000000000000000e+01 -8.915369999999999351e+00 3.158560000000000034e+00 0.000000000000000000e+00
6.500000000000000000e+01 -1.154405999999999999e+01 5.715189999999999770e+00 0.000000000000000000e+00
6.600000000000000000e+01 -1.007710999999999935e+01 7.262470000000000425e+00 0.000000000000000000e+00
6.700000000000000000e+01 -8.653159999999999741e+00 8.828039999999999665e+00 0.000000000000000000e+00
6.800000000000000000e+01 -1.134720000000000084e+01 1.131475999999999971e+01 0.000000000000000000e+00
6.900000000000000000e+01 -9.925300000000000011e+00 1.289148999999999923e+01 0.000000000000000000e+00
7.000000000000000000e+01 -8.551190000000000069e+00 1.447077999999999953e+01 0.000000000000000000e+00
7.100000000000000000e+01 -7.785840000000000316e+00 1.797887000000000057e+01 0.000000000000000000e+00
7.200000000000000000e+01 -4.519790000000000418e+00 -1.821874000000000038e+01 0.000000000000000000e+00
7.300000000000000000e+01 -5.050300000000000011e+00 -1.441391999999999918e+01 0.000000000000000000e+00
7.400000000000000000e+01 -6.479090000000000238e+00 -1.282781999999999911e+01 0.000000000000000000e+00
7.500000000000000000e+01 -8.043079999999999785e+00 -1.013589999999999947e+01 0.000000000000000000e+00
7.600000000000000000e+01 -9.108579999999999899e+00 -7.887739999999999974e+00 0.000000000000000000e+00
7.700000000000000000e+01 -9.823290000000000077e+00 -5.922909999999999897e+00 0.000000000000000000e+00
7.800000000000000000e+01 -8.405789999999999651e+00 -4.325289999999999857e+00 0.000000000000000000e+00
7.900000000000000000e+01 -9.082169999999999632e+00 -2.294810000000000016e+00 0.000000000000000000e+00
8.000000000000000000e+01 -7.632600000000000051e+00 -8.249199999999999866e-01 0.000000000000000000e+00
8.100000000000000000e+01 -8.314989999999999881e+00 1.136770000000000058e+00 0.000000000000000000e+00
8.200000000000000000e+01 -6.852829999999999977e+00 2.653109999999999857e+00 0.000000000000000000e+00
8.300000000000000000e+01 -9.515240000000000364e+00 5.267389999999999795e+00 0.000000000000000000e+00
8.400000000000000000e+01 -8.063269999999999271e+00 6.794800000000000395e+00 0.000000000000000000e+00
8.500000000000000000e+01 -6.573520000000000252e+00 8.365790000000000504e+00 0.000000000000000000e+00
8.600000000000000000e+01 -9.191530000000000200e+00 1.086546000000000056e+01 0.000000000000000000e+00
8.700000000000000000e+01 -7.830090000000000217e+00 1.250179999999999936e+01 0.000000000000000000e+00
8.800000000000000000e+01 -7.132909999999999862e+00 1.598807000000000045e+01 0.000000000000000000e+00
8.900000000000000000e+01 -5.501470000000000304e+00 1.772926000000000002e+01 0.000000000000000000e+00
9.000000000000000000e+01 -3.020640000000000214e+00 -1.965531999999999968e+01 0.000000000000000000e+00
9.100000000000000000e+01 -3.372360000000000024e+00 -1.611480999999999852e+01 0.000000000000000000e+00
9.200000000000000000e+01 -4.329979999999999940e+00 -1.228383999999999965e+01 0.000000000000000000e+00
9.300000000000000000e+01 -5.806960000000000122e+00 -1.079819999999999958e+01 0.000000000000000000e+00
9.400000000000000000e+01 -7.075199999999999712e+00 -8.289659999999999584e+00 0.000000000000000000e+00
9.500000000000000000e+01 -7.768099999999999561e+00 -6.303230000000000111e+00 0.000000000000000000e+00
9.600000000000000000e+01 -6.326710000000000278e+00 -4.770760000000000112e+00 0.000000000000000000e+00
9.700000000000000000e+01 -6.991410000000000124e+00 -2.793320000000000025e+00 0.000000000000000000e+00
9.800000000000000000e+01 -5.515699999999999825e+00 -1.263710000000000111e+00 0.000000000000000000e+00
9.900000000000000000e+01 -6.155269999999999797e+00 6.893599999999999728e-01 0.000000000000000000e+00
1.000000000000000000e+02 -4.782339999999999591e+00 2.278599999999999959e+00 0.000000000000000000e+00
1.010000000000000000e+02 -5.478729999999999656e+00 4.220290000000000319e+00 0.000000000000000000e+00
1.020000000000000000e+02 -7.490149999999999864e+00 4.756179999999999630e+00 0.000000000000000000e+00
1.030000000000000000e+02 -6.035330000000000084e+00 6.294159999999999755e+00 0.000000000000000000e+00
1.040000000000000000e+02 -7.134750000000000369e+00 1.041379000000000055e+01 0.000000000000000000e+00
1.050000000000000000e+02 -6.404029999999999667e+00 1.400665000000000049e+01 0.000000000000000000e+00
1.060000000000000000e+02 -4.892339999999999911e+00 1.562233999999999945e+01 0.000000000000000000e+00
1.070000000000000000e+02 -2.143489999999999895e+00 1.895483000000000118e+01 0.000000000000000000e+00
1.080000000000000000e+02 -2.034079999999999888e+00 -1.774447999999999936e+01 0.000000000000000000e+00
1.090000000000000000e+02 -2.836749999999999883e+00 -1.403801999999999950e+01 0.000000000000000000e+00
1.100000000000000000e+02 -3.657900000000000151e+00 -1.028715000000000046e+01 0.000000000000000000e+00
1.110000000000000000e+02 -5.080530000000000435e+00 -8.766460000000000363e+00 0.000000000000000000e+00
1.120000000000000000e+02 -3.062850000000000072e+00 -8.150930000000000675e+00 0.000000000000000000e+00
1.130000000000000000e+02 -5.689169999999999838e+00 -6.763790000000000191e+00 0.000000000000000000e+00
1.140000000000000000e+02 -4.259999999999999787e+00 -5.200140000000000207e+00 0.000000000000000000e+00
1.150000000000000000e+02 -4.906570000000000320e+00 -3.244629999999999903e+00 0.000000000000000000e+00
1.160000000000000000e+02 -3.488690000000000069e+00 -1.686280000000000001e+00 0.000000000000000000e+00
1.170000000000000000e+02 -4.127550000000000274e+00 3.115499999999999936e-01 0.000000000000000000e+00
1.180000000000000000e+02 -2.720569999999999933e+00 1.855460000000000109e+00 0.000000000000000000e+00
1.190000000000000000e+02 -3.376079999999999970e+00 3.854280000000000150e+00 0.000000000000000000e+00
1.200000000000000000e+02 -4.033509999999999707e+00 5.797480000000000189e+00 0.000000000000000000e+00
1.210000000000000000e+02 -4.531170000000000364e+00 7.884590000000000209e+00 0.000000000000000000e+00
1.220000000000000000e+02 -5.104540000000000077e+00 9.874980000000000757e+00 0.000000000000000000e+00
1.230000000000000000e+02 -5.767780000000000129e+00 1.198226999999999975e+01 0.000000000000000000e+00
1.240000000000000000e+02 -4.249240000000000350e+00 1.351037999999999961e+01 0.000000000000000000e+00
1.250000000000000000e+02 -3.389400000000000190e+00 1.724410999999999916e+01 0.000000000000000000e+00
1.260000000000000000e+02 -5.271200000000000330e-01 -1.934669999999999845e+01 0.000000000000000000e+00
1.270000000000000000e+02 -1.344929999999999959e+00 -1.553758000000000017e+01 0.000000000000000000e+00
1.280000000000000000e+02 -2.201169999999999849e+00 -1.180621000000000009e+01 0.000000000000000000e+00
1.290000000000000000e+02 -1.571329999999999893e+00 -9.733760000000000190e+00 0.000000000000000000e+00
1.300000000000000000e+02 -9.633500000000000396e-01 -7.764219999999999899e+00 0.000000000000000000e+00
1.310000000000000000e+02 -2.430229999999999890e+00 -6.163630000000000386e+00 0.000000000000000000e+00
1.320000000000000000e+02 -2.142469999999999875e+00 -4.078630000000000422e+00 0.000000000000000000e+00
1.330000000000000000e+02 -1.446499999999999897e+00 -2.131810000000000205e+00 0.000000000000000000e+00
1.340000000000000000e+02 -2.023229999999999862e+00 -1.242199999999999971e-01 0.000000000000000000e+00
1.350000000000000000e+02 -6.556600000000000206e-01 1.486210000000000031e+00 0.000000000000000000e+00
1.360000000000000000e+02 -1.318780000000000063e+00 3.443820000000000103e+00 0.000000000000000000e+00
1.370000000000000000e+02 -1.879000000000000004e+00 5.442099999999999937e+00 0.000000000000000000e+00
1.380000000000000000e+02 -2.477609999999999868e+00 7.420340000000000380e+00 0.000000000000000000e+00
1.390000000000000000e+02 -3.069679999999999964e+00 9.394040000000000390e+00 0.000000000000000000e+00
1.400000000000000000e+02 -3.618390000000000217e+00 1.147555000000000014e+01 0.000000000000000000e+00
1.410000000000000000e+02 -2.131489999999999885e+00 1.301547000000000054e+01 0.000000000000000000e+00
1.420000000000000000e+02 -2.798259999999999970e+00 1.508022000000000062e+01 0.000000000000000000e+00
1.430000000000000000e+02 -1.288759999999999906e+00 1.650658999999999921e+01 0.000000000000000000e+00
1.440000000000000000e+02 8.971999999999999420e-02 -1.700882999999999967e+01 0.000000000000000000e+00
1.450000000000000000e+02 7.103199999999999514e-01 -1.489026999999999923e+01 0.000000000000000000e+00
1.460000000000000000e+02 -7.683100000000000485e-01 -1.333827999999999925e+01 0.000000000000000000e+00
1.470000000000000000e+02 -1.717400000000000038e-01 -1.128378999999999976e+01 0.000000000000000000e+00
1.480000000000000000e+02 4.767799999999999816e-01 -9.261659999999999116e+00 0.000000000000000000e+00
1.490000000000000000e+02 1.044429999999999970e+00 -7.249749999999999694e+00 0.000000000000000000e+00
1.500000000000000000e+02 -4.154300000000000215e-01 -5.728500000000000369e+00 0.000000000000000000e+00
1.510000000000000000e+02 1.077999999999999965e-02 -3.697309999999999874e+00 0.000000000000000000e+00
1.520000000000000000e+02 5.426100000000000367e-01 -1.631359999999999921e+00 0.000000000000000000e+00
1.530000000000000000e+02 1.131389999999999896e+00 4.307500000000000218e-01 0.000000000000000000e+00
1.540000000000000000e+02 1.068780000000000063e+00 2.658640000000000114e+00 0.000000000000000000e+00
1.550000000000000000e+02 2.313900000000000123e-01 4.894160000000000288e+00 0.000000000000000000e+00
1.560000000000000000e+02 -4.323100000000000276e-01 6.945549999999999891e+00 0.000000000000000000e+00
1.570000000000000000e+02 -1.006920000000000037e+00 8.941810000000000258e+00 0.000000000000000000e+00
1.580000000000000000e+02 -1.597869999999999902e+00 1.099869999999999948e+01 0.000000000000000000e+00
1.590000000000000000e+02 2.454999999999999891e-02 1.254945999999999984e+01 0.000000000000000000e+00
1.600000000000000000e+02 -6.827199999999999935e-01 1.448836999999999975e+01 0.000000000000000000e+00
1.610000000000000000e+02 2.631520000000000081e+00 1.773960999999999899e+01 0.000000000000000000e+00
1.620000000000000000e+02 1.625550000000000050e+00 -1.845318999999999932e+01 0.000000000000000000e+00
1.630000000000000000e+02 2.232749999999999790e+00 -1.638456000000000046e+01 0.000000000000000000e+00
1.640000000000000000e+02 1.232390000000000096e+00 -1.280746000000000073e+01 0.000000000000000000e+00
1.650000000000000000e+02 1.855709999999999971e+00 -1.082121000000000066e+01 0.000000000000000000e+00
1.660000000000000000e+02 2.530920000000000059e+00 -8.710610000000000852e+00 0.000000000000000000e+00
1.670000000000000000e+02 3.023740000000000094e+00 -6.646239999999999704e+00 0.000000000000000000e+00
1.680000000000000000e+02 1.584870000000000001e+00 -5.166479999999999961e+00 0.000000000000000000e+00
1.690000000000000000e+02 2.070419999999999927e+00 -3.126170000000000115e+00 0.000000000000000000e+00
1.700000000000000000e+02 2.614419999999999966e+00 -1.078929999999999945e+00 0.000000000000000000e+00
1.710000000000000000e+02 3.132620000000000182e+00 9.599400000000000155e-01 0.000000000000000000e+00
1.720000000000000000e+02 2.260200000000000209e+00 4.416430000000000078e+00 0.000000000000000000e+00
1.730000000000000000e+02 1.635990000000000055e+00 6.483319999999999972e+00 0.000000000000000000e+00
1.740000000000000000e+02 3.134819999999999940e+00 7.932940000000000325e+00 0.000000000000000000e+00
1.750000000000000000e+02 1.019179999999999975e+00 8.463200000000000500e+00 0.000000000000000000e+00
1.760000000000000000e+02 4.252600000000000269e-01 1.047730999999999923e+01 0.000000000000000000e+00
1.770000000000000000e+02 1.492299999999999960e+00 1.401595999999999975e+01 0.000000000000000000e+00
1.780000000000000000e+02 7.446599999999999886e-01 1.602966999999999942e+01 0.000000000000000000e+00
1.790000000000000000e+02 1.791200000000000014e-01 1.804146000000000072e+01 0.000000000000000000e+00
1.800000000000000000e+02 3.726339999999999986e+00 -1.796562000000000126e+01 0.000000000000000000e+00
1.810000000000000000e+02 2.840629999999999988e+00 -1.432333000000000034e+01 0.000000000000000000e+00
1.820000000000000000e+02 3.467200000000000060e+00 -1.226699999999999946e+01 0.000000000000000000e+00
1.830000000000000000e+02 3.978320000000000078e+00 -1.026512999999999920e+01 0.000000000000000000e+00
1.840000000000000000e+02 4.537119999999999820e+00 -8.141460000000000363e+00 0.000000000000000000e+00
1.850000000000000000e+02 5.074729999999999741e+00 -6.080269999999999619e+00 0.000000000000000000e+00
1.860000000000000000e+02 3.555829999999999824e+00 -4.586509999999999643e+00 0.000000000000000000e+00
1.870000000000000000e+02 4.117300000000000182e+00 -2.597319999999999851e+00 0.000000000000000000e+00
1.880000000000000000e+02 4.640930000000000000e+00 -5.278399999999999759e-01 0.000000000000000000e+00
1.890000000000000000e+02 3.714770000000000127e+00 2.958819999999999784e+00 0.000000000000000000e+00
1.900000000000000000e+02 5.725760000000000183e+00 3.572490000000000165e+00 0.000000000000000000e+00
1.910000000000000000e+02 3.984539999999999971e+00 5.596720000000000361e+00 0.000000000000000000e+00
1.920000000000000000e+02 5.123719999999999608e+00 7.377909999999999968e+00 0.000000000000000000e+00
1.930000000000000000e+02 2.593300000000000161e+00 9.911780000000000257e+00 0.000000000000000000e+00
1.940000000000000000e+02 2.034219999999999917e+00 1.195071000000000083e+01 0.000000000000000000e+00
1.950000000000000000e+02 3.497189999999999799e+00 1.348442000000000007e+01 0.000000000000000000e+00
1.960000000000000000e+02 2.910600000000000076e+00 1.553492999999999924e+01 0.000000000000000000e+00
1.970000000000000000e+02 1.551639999999999908e+00 1.965166999999999931e+01 0.000000000000000000e+00
1.980000000000000000e+02 4.226090000000000124e+00 -1.587518000000000029e+01 0.000000000000000000e+00
1.990000000000000000e+02 4.896799999999999820e+00 -1.381549000000000049e+01 0.000000000000000000e+00
2.000000000000000000e+02 5.499769999999999825e+00 -1.181051000000000073e+01 0.000000000000000000e+00
2.010000000000000000e+02 6.006660000000000110e+00 -9.686030000000000584e+00 0.000000000000000000e+00
2.020000000000000000e+02 6.554100000000000037e+00 -7.643690000000000317e+00 0.000000000000000000e+00
2.030000000000000000e+02 7.088160000000000238e+00 -5.605620000000000047e+00 0.000000000000000000e+00
2.040000000000000000e+02 5.669220000000000148e+00 -4.102660000000000196e+00 0.000000000000000000e+00
2.050000000000000000e+02 6.177889999999999660e+00 -1.956450000000000022e+00 0.000000000000000000e+00
2.060000000000000000e+02 6.698179999999999801e+00 3.814000000000000029e-02 0.000000000000000000e+00
2.070000000000000000e+02 5.201030000000000264e+00 1.468229999999999924e+00 0.000000000000000000e+00
2.080000000000000000e+02 7.705479999999999663e+00 4.216149999999999842e+00 0.000000000000000000e+00
2.090000000000000000e+02 6.200149999999999828e+00 5.613649999999999807e+00 0.000000000000000000e+00
2.100000000000000000e+02 8.167419999999999902e+00 6.361970000000000347e+00 0.000000000000000000e+00
2.110000000000000000e+02 4.745309999999999917e+00 9.408810000000000784e+00 0.000000000000000000e+00
2.120000000000000000e+02 4.126789999999999736e+00 1.141178999999999988e+01 0.000000000000000000e+00
2.130000000000000000e+02 5.620390000000000441e+00 1.298291000000000039e+01 0.000000000000000000e+00
2.140000000000000000e+02 4.957329999999999792e+00 1.503830999999999918e+01 0.000000000000000000e+00
2.150000000000000000e+02 4.631459999999999688e+00 1.715197999999999823e+01 0.000000000000000000e+00
2.160000000000000000e+02 6.288700000000000401e+00 -1.536730000000000018e+01 0.000000000000000000e+00
2.170000000000000000e+02 6.986309999999999576e+00 -1.327945000000000064e+01 0.000000000000000000e+00
2.180000000000000000e+02 7.549760000000000026e+00 -1.126604999999999990e+01 0.000000000000000000e+00
2.190000000000000000e+02 8.008350000000000080e+00 -9.153370000000000672e+00 0.000000000000000000e+00
2.200000000000000000e+02 8.599990000000000023e+00 -7.149759999999999671e+00 0.000000000000000000e+00
2.210000000000000000e+02 9.146399999999999864e+00 -5.007430000000000270e+00 0.000000000000000000e+00
2.220000000000000000e+02 7.670910000000000117e+00 -3.527019999999999822e+00 0.000000000000000000e+00
2.230000000000000000e+02 8.210010000000000474e+00 -1.459789999999999921e+00 0.000000000000000000e+00
2.240000000000000000e+02 8.784399999999999764e+00 5.995200000000000529e-01 0.000000000000000000e+00
2.250000000000000000e+02 7.190649999999999764e+00 2.079590000000000050e+00 0.000000000000000000e+00
2.260000000000000000e+02 9.214190000000000325e+00 2.652169999999999916e+00 0.000000000000000000e+00
2.270000000000000000e+02 9.872590000000000643e+00 4.719380000000000130e+00 0.000000000000000000e+00
2.280000000000000000e+02 1.033651000000000053e+01 6.783820000000000405e+00 0.000000000000000000e+00
2.290000000000000000e+02 6.893510000000000026e+00 8.875109999999999388e+00 0.000000000000000000e+00
2.300000000000000000e+02 6.254859999999999864e+00 1.084510000000000041e+01 0.000000000000000000e+00
2.310000000000000000e+02 7.650199999999999889e+00 1.240554000000000023e+01 0.000000000000000000e+00
2.320000000000000000e+02 7.115249999999999631e+00 1.449433999999999934e+01 0.000000000000000000e+00
2.330000000000000000e+02 6.603259999999999685e+00 1.650629999999999953e+01 0.000000000000000000e+00
2.340000000000000000e+02 6.087970000000000326e+00 -1.766804000000000130e+01 0.000000000000000000e+00
2.350000000000000000e+02 8.347630000000000550e+00 -1.482648000000000010e+01 0.000000000000000000e+00
2.360000000000000000e+02 9.088440000000000296e+00 -1.278890999999999956e+01 0.000000000000000000e+00
2.370000000000000000e+02 9.571809999999999263e+00 -1.069097999999999971e+01 0.000000000000000000e+00
2.380000000000000000e+02 1.012848999999999933e+01 -8.675060000000000215e+00 0.000000000000000000e+00
2.390000000000000000e+02 1.066150000000000020e+01 -6.540219999999999700e+00 0.000000000000000000e+00
2.400000000000000000e+02 1.123141999999999996e+01 -4.444110000000000227e+00 0.000000000000000000e+00
2.410000000000000000e+02 9.799110000000000653e+00 -2.779279999999999973e+00 0.000000000000000000e+00
2.420000000000000000e+02 1.237393999999999927e+01 -3.911000000000000032e-01 0.000000000000000000e+00
2.430000000000000000e+02 1.078744000000000014e+01 1.296790000000000109e+00 0.000000000000000000e+00
2.440000000000000000e+02 1.139494999999999969e+01 3.278939999999999966e+00 0.000000000000000000e+00
2.450000000000000000e+02 1.187667000000000073e+01 5.396279999999999966e+00 0.000000000000000000e+00
2.460000000000000000e+02 1.241778000000000048e+01 7.399700000000000166e+00 0.000000000000000000e+00
2.470000000000000000e+02 8.915269999999999584e+00 8.310529999999999973e+00 0.000000000000000000e+00
2.480000000000000000e+02 8.285519999999999996e+00 1.042948999999999948e+01 0.000000000000000000e+00
2.490000000000000000e+02 9.708690000000000708e+00 1.225140999999999991e+01 0.000000000000000000e+00
2.500000000000000000e+02 9.193960000000000576e+00 1.428869000000000078e+01 0.000000000000000000e+00
2.510000000000000000e+02 8.732160000000000366e+00 1.632419000000000153e+01 0.000000000000000000e+00
2.520000000000000000e+02 7.982520000000000060e+00 -1.686764000000000152e+01 0.000000000000000000e+00
2.530000000000000000e+02 1.047413000000000061e+01 -1.431916999999999973e+01 0.000000000000000000e+00
2.540000000000000000e+02 1.109360000000000035e+01 -1.227621000000000073e+01 0.000000000000000000e+00
2.550000000000000000e+02 1.159535999999999945e+01 -1.017033999999999949e+01 0.000000000000000000e+00
2.560000000000000000e+02 1.225481000000000087e+01 -8.022589999999999222e+00 0.000000000000000000e+00
2.570000000000000000e+02 1.276445000000000007e+01 -5.955809999999999604e+00 0.000000000000000000e+00
2.580000000000000000e+02 1.182154000000000060e+01 -2.365499999999999936e+00 0.000000000000000000e+00
2.590000000000000000e+02 1.033216999999999963e+01 -7.761400000000000521e-01 0.000000000000000000e+00
2.600000000000000000e+02 1.390695999999999977e+01 -1.881750000000000034e+00 0.000000000000000000e+00
2.610000000000000000e+02 1.433841999999999928e+01 2.879900000000000237e-01 0.000000000000000000e+00
2.620000000000000000e+02 1.283464999999999989e+01 1.724800000000000111e+00 0.000000000000000000e+00
2.630000000000000000e+02 1.344818000000000069e+01 3.849219999999999864e+00 0.000000000000000000e+00
2.640000000000000000e+02 1.396959000000000017e+01 5.881980000000000430e+00 0.000000000000000000e+00
2.650000000000000000e+02 1.451299999999999990e+01 7.932859999999999800e+00 0.000000000000000000e+00
2.660000000000000000e+02 1.092507999999999946e+01 8.843759999999999621e+00 0.000000000000000000e+00
2.670000000000000000e+02 1.139348999999999990e+01 1.090658999999999956e+01 0.000000000000000000e+00
2.680000000000000000e+02 1.189987999999999957e+01 1.308778000000000041e+01 0.000000000000000000e+00
2.690000000000000000e+02 1.128331999999999979e+01 1.523930999999999969e+01 0.000000000000000000e+00
2.700000000000000000e+02 1.006143999999999927e+01 -1.634741999999999962e+01 0.000000000000000000e+00
2.710000000000000000e+02 1.264606999999999992e+01 -1.370697000000000010e+01 0.000000000000000000e+00
2.720000000000000000e+02 1.311910999999999916e+01 -1.168571000000000026e+01 0.000000000000000000e+00
2.730000000000000000e+02 1.372884999999999955e+01 -9.639210000000000278e+00 0.000000000000000000e+00
2.740000000000000000e+02 1.431902000000000008e+01 -7.505980000000000096e+00 0.000000000000000000e+00
2.750000000000000000e+02 1.479226000000000063e+01 -5.477809999999999846e+00 0.000000000000000000e+00
2.760000000000000000e+02 1.329832999999999998e+01 -3.910320000000000018e+00 0.000000000000000000e+00
2.770000000000000000e+02 1.534624999999999950e+01 -3.430649999999999977e+00 0.000000000000000000e+00
2.780000000000000000e+02 1.595123000000000069e+01 -1.365569999999999951e+00 0.000000000000000000e+00
2.790000000000000000e+02 1.646379999999999910e+01 7.374100000000000099e-01 0.000000000000000000e+00
2.800000000000000000e+02 1.498868000000000045e+01 2.442260000000000097e+00 0.000000000000000000e+00
2.810000000000000000e+02 1.549815000000000076e+01 4.473910000000000053e+00 0.000000000000000000e+00
2.820000000000000000e+02 1.604107000000000127e+01 6.524339999999999584e+00 0.000000000000000000e+00
2.830000000000000000e+02 1.812703000000000131e+01 7.141020000000000145e+00 0.000000000000000000e+00
2.840000000000000000e+02 1.290157999999999916e+01 9.484719999999999374e+00 0.000000000000000000e+00
2.850000000000000000e+02 1.652749000000000024e+01 8.546519999999999229e+00 0.000000000000000000e+00
2.860000000000000000e+02 1.504902000000000051e+01 1.032633000000000045e+01 0.000000000000000000e+00
2.870000000000000000e+02 1.354627999999999943e+01 1.177594999999999992e+01 0.000000000000000000e+00
2.880000000000000000e+02 1.223066000000000031e+01 -1.583231999999999928e+01 0.000000000000000000e+00
2.890000000000000000e+02 1.479130999999999929e+01 -1.327401000000000053e+01 0.000000000000000000e+00
2.900000000000000000e+02 1.514260999999999946e+01 -1.123061000000000043e+01 0.000000000000000000e+00
2.910000000000000000e+02 1.583501000000000047e+01 -9.223229999999999151e+00 0.000000000000000000e+00
2.920000000000000000e+02 1.641266999999999854e+01 -7.203669999999999796e+00 0.000000000000000000e+00
2.930000000000000000e+02 1.683107000000000042e+01 -4.961280000000000356e+00 0.000000000000000000e+00
2.940000000000000000e+02 1.886503000000000085e+01 -4.534440000000000026e+00 0.000000000000000000e+00
2.950000000000000000e+02 1.773416999999999888e+01 -2.534130000000000216e+00 0.000000000000000000e+00
2.960000000000000000e+02 1.839548999999999879e+01 -4.568999999999999728e-01 0.000000000000000000e+00
2.970000000000000000e+02 1.931182000000000087e+01 3.518470000000000208e+00 0.000000000000000000e+00
2.980000000000000000e+02 1.700796000000000063e+01 2.973100000000000076e+00 0.000000000000000000e+00
2.990000000000000000e+02 1.761304000000000158e+01 5.013720000000000176e+00 0.000000000000000000e+00
