0.000000000000000000e+00 -1.473597999999999963e+01 -1.233905000000000030e+01 0.000000000000000000e+00
1.000000000000000000e+00 -1.500079999999999991e+01 -1.024966000000000044e+01 0.000000000000000000e+00
2.000000000000000000e+00 -1.633821999999999974e+01 -8.492760000000000531e+00 0.000000000000000000e+00
3.000000000000000000e+00 -1.776053999999999888e+01 -7.000530000000000364e+00 0.000000000000000000e+00
4.000000000000000000e+00 -1.694588999999999857e+01 -4.607470000000000176e+00 0.000000000000000000e+00
5.000000000000000000e+00 -1.844861999999999824e+01 -3.114469999999999850e+00 0.000000000000000000e+00
6.000000000000000000e+00 -1.629761999999999844e+01 -2.438079999999999803e+00 0.000000000000000000e+00
7.000000000000000000e+00 -1.993790999999999869e+01 -1.052550000000000097e+00 0.000000000000000000e+00
8.000000000000000000e+00 -1.787114000000000047e+01 -6.579500000000000348e-01 0.000000000000000000e+00
9.000000000000000000e+00 -1.903349000000000046e+01 1.040380000000000082e+00 0.000000000000000000e+00
1.000000000000000000e+01 -1.697399000000000058e+01 1.351900000000000102e+00 0.000000000000000000e+00
1.100000000000000000e+01 -1.832659999999999911e+01 3.063670000000000115e+00 0.000000000000000000e+00
1.200000000000000000e+01 -1.754563999999999879e+01 5.079620000000000246e+00 0.000000000000000000e+00
1.300000000000000000e+01 -1.989019000000000048e+01 4.509240000000000137e+00 0.000000000000000000e+00
1.400000000000000000e+01 -1.667818000000000112e+01 7.034099999999999575e+00 0.000000000000000000e+00
1.500000000000000000e+01 -1.584098999999999968e+01 9.129239999999999355e+00 0.000000000000000000e+00
1.600000000000000000e+01 -1.503794000000000075e+01 1.108043999999999940e+01 0.000000000000000000e+00
1.700000000000000000e+01 -1.422244000000000064e+01 1.303152000000000044e+01 0.000000000000000000e+00
1.800000000000000000e+01 -1.341620999999999952e+01 -1.454282000000000075e+01 0.000000000000000000e+00
1.900000000000000000e+01 -1.272874000000000017e+01 -1.186447000000000074e+01 0.000000000000000000e+00
2.000000000000000000e+01 -1.297803000000000040e+01 -9.727420000000000400e+00 0.000000000000000000e+00
2.100000000000000000e+01 -1.420847000000000016e+01 -8.076599999999999113e+00 0.000000000000000000e+00
2.200000000000000000e+01 -1.566343999999999959e+01 -6.475530000000000008e+00 0.000000000000000000e+00
2.300000000000000000e+01 -1.492902999999999913e+01 -4.038669999999999760e+00 0.000000000000000000e+00
2.400000000000000000e+01 -1.291681999999999952e+01 -3.576039999999999885e+00 0.000000000000000000e+00
2.500000000000000000e+01 -1.428133000000000052e+01 -1.950139999999999985e+00 0.000000000000000000e+00
2.600000000000000000e+01 -1.346031999999999940e+01 1.226099999999999968e-01 0.000000000000000000e+00
2.700000000000000000e+01 -1.566000000000000014e+01 -3.621699999999999919e-01 0.000000000000000000e+00
2.800000000000000000e+01 -1.487839999999999918e+01 1.666740000000000110e+00 0.000000000000000000e+00
2.900000000000000000e+01 -1.624799000000000149e+01 3.384539999999999882e+00 0.000000000000000000e+00
3.000000000000000000e+01 -1.546174000000000071e+01 5.341149999999999842e+00 0.000000000000000000e+00
3.100000000000000000e+01 -1.452140999999999948e+01 7.248490000000000322e+00 0.000000000000000000e+00
3.200000000000000000e+01 -1.376529000000000025e+01 9.255649999999999267e+00 0.000000000000000000e+00
3.300000000000000000e+01 -1.295370999999999917e+01 1.135322999999999993e+01 0.000000000000000000e+00
3.400000000000000000e+01 -1.203871000000000002e+01 1.324268999999999963e+01 0.000000000000000000e+00
3.500000000000000000e+01 -1.132348999999999961e+01 1.516896999999999984e+01 0.000000000000000000e+00
3.600000000000000000e+01 -1.084352999999999945e+01 -1.546407999999999916e+01 0.000000000000000000e+00
3.700000000000000000e+01 -1.103769999999999918e+01 -1.314216000000000051e+01 0.000000000000000000e+00
3.800000000000000000e+01 -1.083061999999999969e+01 -1.103137000000000079e+01 0.000000000000000000e+00
3.900000000000000000e+01 -1.108304000000000045e+01 -8.889680000000000248e+00 0.000000000000000000e+00
4.000000000000000000e+01 -1.230768999999999913e+01 -7.225539999999999630e+00 0.000000000000000000e+00
4.100000000000000000e+01 -1.370571999999999946e+01 -5.711199999999999832e+00 0.000000000000000000e+00
4.200000000000000000e+01 -1.077791000000000032e+01 -3.271049999999999791e+00 0.000000000000000000e+00
4.300000000000000000e+01 -1.217872000000000021e+01 -1.583029999999999937e+00 0.000000000000000000e+00
4.400000000000000000e+01 -1.000642000000000031e+01 -1.281120000000000037e+00 0.000000000000000000e+00
4.500000000000000000e+01 -1.136215999999999937e+01 3.727199999999999958e-01 0.000000000000000000e+00
4.600000000000000000e+01 -1.275461999999999918e+01 2.086749999999999883e+00 0.000000000000000000e+00
4.700000000000000000e+01 -1.418017000000000039e+01 3.604179999999999939e+00 0.000000000000000000e+00
4.800000000000000000e+01 -1.324127999999999972e+01 5.489440000000000097e+00 0.000000000000000000e+00
4.900000000000000000e+01 -1.246054999999999957e+01 7.548449999999999882e+00 0.000000000000000000e+00
5.000000000000000000e+01 -1.167087000000000074e+01 9.470720000000000027e+00 0.000000000000000000e+00
5.100000000000000000e+01 -1.086942999999999948e+01 1.146354000000000006e+01 0.000000000000000000e+00
5.200000000000000000e+01 -9.963779999999999859e+00 1.334345000000000070e+01 0.000000000000000000e+00
5.300000000000000000e+01 -8.371290000000000120e+00 1.731522999999999968e+01 0.000000000000000000e+00
5.400000000000000000e+01 -8.819039999999999324e+00 -1.616760999999999981e+01 0.000000000000000000e+00
5.500000000000000000e+01 -9.039279999999999760e+00 -1.411007999999999996e+01 0.000000000000000000e+00
5.600000000000000000e+01 -8.973300000000000054e+00 -1.204024000000000072e+01 0.000000000000000000e+00
5.700000000000000000e+01 -9.163600000000000634e+00 -9.763500000000000512e+00 0.000000000000000000e+00
5.800000000000000000e+01 -1.024525000000000041e+01 -6.955849999999999866e+00 0.000000000000000000e+00
5.900000000000000000e+01 -1.167402000000000051e+01 -5.247180000000000177e+00 0.000000000000000000e+00
6.000000000000000000e+01 -9.615560000000000329e+00 -4.981349999999999945e+00 0.000000000000000000e+00
6.100000000000000000e+01 -8.735379999999999256e+00 -2.968069999999999986e+00 0.000000000000000000e+00
6.200000000000000000e+01 -7.968130000000000379e+00 -1.037979999999999903e+00 0.000000000000000000e+00
6.300000000000000000e+01 -9.263239999999999696e+00 6.538500000000000423e-01 0.000000000000000000e+00
6.400000000000000000e+01 -1.057985000000000042e+01 2.338459999999999983e+00 0.000000000000000000e+00
6.500000000000000000e+01 -1.184923999999999999e+01 3.964510000000000201e+00 0.000000000000000000e+00
6.600000000000000000e+01 -1.110086000000000084e+01 5.943839999999999790e+00 0.000000000000000000e+00
6.700000000000000000e+01 -1.027327999999999975e+01 7.895279999999999632e+00 0.000000000000000000e+00
6.800000000000000000e+01 -9.472310000000000230e+00 9.827460000000000306e+00 0.000000000000000000e+00
6.900000000000000000e+01 -8.523749999999999716e+00 1.171948000000000079e+01 0.000000000000000000e+00
7.000000000000000000e+01 -9.195520000000000138e+00 1.540005999999999986e+01 0.000000000000000000e+00
7.100000000000000000e+01 -4.882579999999999920e+00 1.821549999999999869e+01 0.000000000000000000e+00
7.200000000000000000e+01 -6.882819999999999716e+00 -1.709825999999999979e+01 0.000000000000000000e+00
7.300000000000000000e+01 -6.900719999999999743e+00 -1.495832000000000050e+01 0.000000000000000000e+00
7.400000000000000000e+01 -7.091980000000000395e+00 -1.286103999999999914e+01 0.000000000000000000e+00
7.500000000000000000e+01 -7.319659999999999833e+00 -1.077589000000000041e+01 0.000000000000000000e+00
7.600000000000000000e+01 -7.465320000000000178e+00 -8.558070000000000732e+00 0.000000000000000000e+00
7.700000000000000000e+01 -8.203319999999999723e+00 -6.569460000000000299e+00 0.000000000000000000e+00
7.800000000000000000e+01 -7.489359999999999573e+00 -4.635229999999999961e+00 0.000000000000000000e+00
7.900000000000000000e+01 -6.649070000000000036e+00 -2.745319999999999983e+00 0.000000000000000000e+00
8.000000000000000000e+01 -5.866839999999999833e+00 -6.551700000000000301e-01 0.000000000000000000e+00
8.100000000000000000e+01 -8.485970000000000013e+00 2.582710000000000061e+00 0.000000000000000000e+00
8.200000000000000000e+01 -9.763659999999999783e+00 4.256949999999999790e+00 0.000000000000000000e+00
8.300000000000000000e+01 -7.688550000000000217e+00 4.581369999999999720e+00 0.000000000000000000e+00
8.400000000000000000e+01 -8.953559999999999519e+00 6.276659999999999684e+00 0.000000000000000000e+00
8.500000000000000000e+01 -8.070940000000000225e+00 8.151370000000000005e+00 0.000000000000000000e+00
8.600000000000000000e+01 -7.237049999999999983e+00 1.009191000000000038e+01 0.000000000000000000e+00
8.700000000000000000e+01 -7.926680000000000170e+00 1.373728000000000016e+01 0.000000000000000000e+00
8.800000000000000000e+01 -7.115429999999999922e+00 1.568759999999999977e+01 0.000000000000000000e+00
8.900000000000000000e+01 -2.621140000000000025e+00 1.846404000000000067e+01 0.000000000000000000e+00
9.000000000000000000e+01 -4.930259999999999643e+00 -1.791060999999999837e+01 0.000000000000000000e+00
9.100000000000000000e+01 -4.985280000000000378e+00 -1.571435999999999922e+01 0.000000000000000000e+00
9.200000000000000000e+01 -5.067520000000000024e+00 -1.365423000000000009e+01 0.000000000000000000e+00
9.300000000000000000e+01 -5.327160000000000117e+00 -1.161378000000000021e+01 0.000000000000000000e+00
9.400000000000000000e+01 -5.654289999999999594e+00 -9.555580000000000851e+00 0.000000000000000000e+00
9.500000000000000000e+01 -6.079819999999999780e+00 -6.915060000000000429e+00 0.000000000000000000e+00
9.600000000000000000e+01 -4.139050000000000118e+00 -6.137430000000000163e+00 0.000000000000000000e+00
9.700000000000000000e+01 -5.383650000000000269e+00 -4.433500000000000441e+00 0.000000000000000000e+00
9.800000000000000000e+01 -4.619229999999999947e+00 -2.334929999999999950e+00 0.000000000000000000e+00
9.900000000000000000e+01 -7.186270000000000380e+00 9.426600000000000534e-01 0.000000000000000000e+00
1.000000000000000000e+02 -6.364049999999999763e+00 2.903449999999999864e+00 0.000000000000000000e+00
1.010000000000000000e+02 -5.542749999999999844e+00 4.847610000000000419e+00 0.000000000000000000e+00
1.020000000000000000e+02 -6.822470000000000034e+00 6.487110000000000376e+00 0.000000000000000000e+00
1.030000000000000000e+02 -6.009809999999999874e+00 8.417059999999999320e+00 0.000000000000000000e+00
1.040000000000000000e+02 -6.461890000000000356e+00 1.201744000000000057e+01 0.000000000000000000e+00
1.050000000000000000e+02 -5.761759999999999771e+00 1.399713000000000029e+01 0.000000000000000000e+00
1.060000000000000000e+02 -5.065249999999999808e+00 1.608963999999999928e+01 0.000000000000000000e+00
1.070000000000000000e+02 -5.329199999999999493e-01 1.897230000000000061e+01 0.000000000000000000e+00
1.080000000000000000e+02 -3.059520000000000017e+00 -1.688245999999999825e+01 0.000000000000000000e+00
1.090000000000000000e+02 -3.205569999999999808e+00 -1.465926999999999936e+01 0.000000000000000000e+00
1.100000000000000000e+02 -1.437950000000000061e+00 -1.336128000000000071e+01 0.000000000000000000e+00
1.110000000000000000e+02 -3.350290000000000212e+00 -1.238890999999999920e+01 0.000000000000000000e+00
1.120000000000000000e+02 -3.726669999999999927e+00 -1.028886999999999929e+01 0.000000000000000000e+00
1.130000000000000000e+02 -3.900910000000000100e+00 -8.226419999999999177e+00 0.000000000000000000e+00
1.140000000000000000e+02 -2.099829999999999863e+00 -5.649469999999999992e+00 0.000000000000000000e+00
1.150000000000000000e+02 -3.369369999999999976e+00 -3.982800000000000118e+00 0.000000000000000000e+00
1.160000000000000000e+02 -3.820580000000000087e+00 -4.278500000000000081e-01 0.000000000000000000e+00
1.170000000000000000e+02 -5.027499999999999858e+00 1.267940000000000067e+00 0.000000000000000000e+00
1.180000000000000000e+02 -4.260159999999999947e+00 3.198869999999999880e+00 0.000000000000000000e+00
1.190000000000000000e+02 -3.438559999999999839e+00 5.142689999999999984e+00 0.000000000000000000e+00
1.200000000000000000e+02 -4.725039999999999907e+00 6.786459999999999937e+00 0.000000000000000000e+00
1.210000000000000000e+02 -3.884009999999999962e+00 8.667070000000000718e+00 0.000000000000000000e+00
1.220000000000000000e+02 -5.154399999999999871e+00 1.037373999999999974e+01 0.000000000000000000e+00
1.230000000000000000e+02 -4.422939999999999650e+00 1.237316000000000038e+01 0.000000000000000000e+00
1.240000000000000000e+02 -3.596060000000000034e+00 1.439382999999999946e+01 0.000000000000000000e+00
1.250000000000000000e+02 -2.949230000000000018e+00 1.641066999999999965e+01 0.000000000000000000e+00
1.260000000000000000e+02 -3.086310000000000109e+00 -1.917370000000000019e+01 0.000000000000000000e+00
1.270000000000000000e+02 -1.038010000000000099e+00 -1.757548999999999850e+01 0.000000000000000000e+00
1.280000000000000000e+02 -1.287500000000000089e+00 -1.542032000000000025e+01 0.000000000000000000e+00
1.290000000000000000e+02 -1.521309999999999940e+00 -1.128726999999999947e+01 0.000000000000000000e+00
1.300000000000000000e+02 -2.013389999999999791e+00 -9.087189999999999657e+00 0.000000000000000000e+00
1.310000000000000000e+02 -7.493400000000000061e-01 -7.390939999999999621e+00 0.000000000000000000e+00
1.320000000000000000e+02 -1.266140000000000043e+00 -3.748899999999999899e+00 0.000000000000000000e+00
1.330000000000000000e+02 -2.515940000000000065e+00 -2.079050000000000065e+00 0.000000000000000000e+00
1.340000000000000000e+02 -1.691489999999999938e+00 -1.760599999999999943e-01 0.000000000000000000e+00
1.350000000000000000e+02 -2.937899999999999956e+00 1.521670000000000078e+00 0.000000000000000000e+00
1.360000000000000000e+02 -2.194780000000000175e+00 3.479620000000000157e+00 0.000000000000000000e+00
1.370000000000000000e+02 -1.327020000000000088e+00 5.373079999999999856e+00 0.000000000000000000e+00
1.380000000000000000e+02 -2.580869999999999997e+00 7.039369999999999905e+00 0.000000000000000000e+00
1.390000000000000000e+02 -1.842959999999999932e+00 9.000519999999999854e+00 0.000000000000000000e+00
1.400000000000000000e+02 -3.111749999999999794e+00 1.070656999999999925e+01 0.000000000000000000e+00
1.410000000000000000e+02 -2.354159999999999808e+00 1.268915999999999933e+01 0.000000000000000000e+00
1.420000000000000000e+02 -1.526200000000000001e+00 1.480044000000000004e+01 0.000000000000000000e+00
1.430000000000000000e+02 -8.003299999999999859e-01 1.680273000000000039e+01 0.000000000000000000e+00
1.440000000000000000e+02 2.146329999999999849e+00 -1.811584999999999823e+01 0.000000000000000000e+00
1.450000000000000000e+02 9.902199999999999891e-01 -1.641252000000000066e+01 0.000000000000000000e+00
1.460000000000000000e+02 4.398400000000000087e-01 -1.429039999999999999e+01 0.000000000000000000e+00
1.470000000000000000e+02 3.450199999999999934e-01 -1.222289999999999921e+01 0.000000000000000000e+00
1.480000000000000000e+02 1.170699999999999935e-01 -9.454019999999999868e+00 0.000000000000000000e+00
1.490000000000000000e+02 1.294489999999999919e+00 -7.140489999999999782e+00 0.000000000000000000e+00
1.500000000000000000e+02 2.447999999999999829e-02 -5.473959999999999937e+00 0.000000000000000000e+00
1.510000000000000000e+02 -4.077299999999999813e-01 -1.851760000000000073e+00 0.000000000000000000e+00
1.520000000000000000e+02 3.728799999999999892e-01 1.134099999999999969e-01 0.000000000000000000e+00
1.530000000000000000e+02 -8.932200000000000140e-01 1.767549999999999955e+00 0.000000000000000000e+00
1.540000000000000000e+02 -1.087400000000000033e-01 3.678949999999999942e+00 0.000000000000000000e+00
1.550000000000000000e+02 7.602799999999999558e-01 5.616389999999999993e+00 0.000000000000000000e+00
1.560000000000000000e+02 -5.107699999999999463e-01 7.404420000000000002e+00 0.000000000000000000e+00
1.570000000000000000e+02 2.384600000000000053e-01 9.354710000000000747e+00 0.000000000000000000e+00
1.580000000000000000e+02 -1.070990000000000109e+00 1.097775000000000034e+01 0.000000000000000000e+00
1.590000000000000000e+02 -2.701100000000000168e-01 1.302168999999999954e+01 0.000000000000000000e+00
1.600000000000000000e+02 5.352599999999999580e-01 1.499141000000000012e+01 0.000000000000000000e+00
1.610000000000000000e+02 2.022019999999999929e+00 1.901466999999999885e+01 0.000000000000000000e+00
1.620000000000000000e+02 2.636299999999999755e-01 -1.932037000000000049e+01 0.000000000000000000e+00
1.630000000000000000e+02 3.805919999999999970e+00 -1.671736999999999895e+01 0.000000000000000000e+00
1.640000000000000000e+02 2.444459999999999855e+00 -1.483512999999999948e+01 0.000000000000000000e+00
1.650000000000000000e+02 2.990349999999999842e+00 -1.253811999999999927e+01 0.000000000000000000e+00
1.660000000000000000e+02 1.871830000000000105e+00 -1.079302999999999990e+01 0.000000000000000000e+00
1.670000000000000000e+02 2.098110000000000142e+00 -5.213739999999999597e+00 0.000000000000000000e+00
1.680000000000000000e+02 8.616500000000000270e-01 -3.537220000000000031e+00 0.000000000000000000e+00
1.690000000000000000e+02 1.652979999999999894e+00 -1.609459999999999891e+00 0.000000000000000000e+00
1.700000000000000000e+02 2.449260000000000215e+00 3.649999999999999911e-01 0.000000000000000000e+00
1.710000000000000000e+02 1.219819999999999904e+00 2.024649999999999839e+00 0.000000000000000000e+00
1.720000000000000000e+02 1.990250000000000075e+00 3.972220000000000084e+00 0.000000000000000000e+00
1.730000000000000000e+02 2.820110000000000117e+00 5.931420000000000137e+00 0.000000000000000000e+00
1.740000000000000000e+02 1.556140000000000079e+00 7.728240000000000443e+00 0.000000000000000000e+00
1.750000000000000000e+02 2.363070000000000004e+00 9.683230000000000004e+00 0.000000000000000000e+00
1.760000000000000000e+02 3.065300000000000136e+00 1.164250000000000007e+01 0.000000000000000000e+00
1.770000000000000000e+02 9.913100000000000245e-01 1.130127000000000059e+01 0.000000000000000000e+00
1.780000000000000000e+02 1.844400000000000039e+00 1.331033000000000044e+01 0.000000000000000000e+00
1.790000000000000000e+02 3.331090000000000106e+00 1.737783999999999907e+01 0.000000000000000000e+00
1.800000000000000000e+02 4.814659999999999940e+00 -1.869675000000000153e+01 0.000000000000000000e+00
1.810000000000000000e+02 4.525640000000000107e+00 -1.435202999999999918e+01 0.000000000000000000e+00
1.820000000000000000e+02 5.147380000000000067e+00 -1.232016999999999918e+01 0.000000000000000000e+00
1.830000000000000000e+02 3.929860000000000131e+00 -1.059444000000000052e+01 0.000000000000000000e+00
1.840000000000000000e+02 2.605360000000000120e+00 -8.815820000000000434e+00 0.000000000000000000e+00
1.850000000000000000e+02 3.432139999999999969e+00 -6.918580000000000396e+00 0.000000000000000000e+00
1.860000000000000000e+02 4.197580000000000311e+00 -4.908680000000000376e+00 0.000000000000000000e+00
1.870000000000000000e+02 2.951130000000000031e+00 -3.268419999999999881e+00 0.000000000000000000e+00
1.880000000000000000e+02 3.710020000000000095e+00 -1.352540000000000076e+00 0.000000000000000000e+00
1.890000000000000000e+02 3.325880000000000170e+00 2.317600000000000104e+00 0.000000000000000000e+00
1.900000000000000000e+02 4.075669999999999682e+00 4.279349999999999987e+00 0.000000000000000000e+00
1.910000000000000000e+02 4.937059999999999782e+00 6.245879999999999654e+00 0.000000000000000000e+00
1.920000000000000000e+02 3.597830000000000084e+00 7.972480000000000011e+00 0.000000000000000000e+00
1.930000000000000000e+02 4.462369999999999948e+00 9.944279999999999120e+00 0.000000000000000000e+00
1.940000000000000000e+02 5.280319999999999681e+00 1.189042000000000066e+01 0.000000000000000000e+00
1.950000000000000000e+02 3.982479999999999798e+00 1.363278999999999996e+01 0.000000000000000000e+00
1.960000000000000000e+02 2.775539999999999896e+00 1.538317999999999941e+01 0.000000000000000000e+00
1.970000000000000000e+02 1.294569999999999999e+00 1.702000999999999920e+01 0.000000000000000000e+00
1.980000000000000000e+02 5.754340000000000011e+00 -1.600152999999999892e+01 0.000000000000000000e+00
1.990000000000000000e+02 6.557809999999999917e+00 -1.389691000000000010e+01 0.000000000000000000e+00
2.000000000000000000e+02 5.986699999999999910e+00 -1.024277999999999977e+01 0.000000000000000000e+00
2.010000000000000000e+02 6.758119999999999905e+00 -8.280329999999999302e+00 0.000000000000000000e+00
2.020000000000000000e+02 4.695509999999999629e+00 -8.613289999999999225e+00 0.000000000000000000e+00
2.030000000000000000e+02 5.605620000000000047e+00 -6.534189999999999721e+00 0.000000000000000000e+00
2.040000000000000000e+02 5.030710000000000015e+00 -2.981949999999999878e+00 0.000000000000000000e+00
2.050000000000000000e+02 5.763939999999999841e+00 -1.037369999999999903e+00 0.000000000000000000e+00
2.060000000000000000e+02 6.590370000000000061e+00 9.446200000000000152e-01 0.000000000000000000e+00
2.070000000000000000e+02 4.539290000000000269e+00 6.526699999999999724e-01 0.000000000000000000e+00
2.080000000000000000e+02 5.414460000000000051e+00 2.649500000000000188e+00 0.000000000000000000e+00
2.090000000000000000e+02 6.246269999999999989e+00 4.611889999999999823e+00 0.000000000000000000e+00
2.100000000000000000e+02 5.695260000000000211e+00 8.204840000000000799e+00 0.000000000000000000e+00
2.110000000000000000e+02 6.535999999999999588e+00 1.018943999999999939e+01 0.000000000000000000e+00
2.120000000000000000e+02 7.331850000000000200e+00 1.221860999999999997e+01 0.000000000000000000e+00
2.130000000000000000e+02 6.042040000000000077e+00 1.392611999999999917e+01 0.000000000000000000e+00
2.140000000000000000e+02 7.092100000000000293e+00 1.590930000000000000e+01 0.000000000000000000e+00
2.150000000000000000e+02 4.828500000000000014e+00 1.584587999999999930e+01 0.000000000000000000e+00
2.160000000000000000e+02 6.921979999999999578e+00 -1.779814999999999969e+01 0.000000000000000000e+00
2.170000000000000000e+02 7.865359999999999907e+00 -1.568425000000000047e+01 0.000000000000000000e+00
2.180000000000000000e+02 7.291500000000000092e+00 -1.194712999999999958e+01 0.000000000000000000e+00
2.190000000000000000e+02 8.079879999999999285e+00 -9.898699999999999832e+00 0.000000000000000000e+00
2.200000000000000000e+02 7.655470000000000219e+00 -6.222019999999999662e+00 0.000000000000000000e+00
2.210000000000000000e+02 6.302609999999999602e+00 -4.603480000000000238e+00 0.000000000000000000e+00
2.220000000000000000e+02 8.374029999999999418e+00 -4.275640000000000107e+00 0.000000000000000000e+00
2.230000000000000000e+02 7.117230000000000167e+00 -2.633300000000000196e+00 0.000000000000000000e+00
2.240000000000000000e+02 7.855489999999999640e+00 -6.954099999999999726e-01 0.000000000000000000e+00
2.250000000000000000e+02 8.799730000000000274e+00 1.170770000000000088e+00 0.000000000000000000e+00
2.260000000000000000e+02 7.486340000000000217e+00 2.823890000000000011e+00 0.000000000000000000e+00
2.270000000000000000e+02 8.324239999999999640e+00 4.816300000000000026e+00 0.000000000000000000e+00
2.280000000000000000e+02 6.998929999999999652e+00 6.529639999999999667e+00 0.000000000000000000e+00
2.290000000000000000e+02 7.750670000000000393e+00 8.480320000000000746e+00 0.000000000000000000e+00
2.300000000000000000e+02 8.616160000000000707e+00 1.046542999999999957e+01 0.000000000000000000e+00
2.310000000000000000e+02 9.461690000000000822e+00 1.244998000000000005e+01 0.000000000000000000e+00
2.320000000000000000e+02 8.173220000000000596e+00 1.412557999999999936e+01 0.000000000000000000e+00
2.330000000000000000e+02 9.302310000000000301e+00 1.625420000000000087e+01 0.000000000000000000e+00
2.340000000000000000e+02 9.043879999999999697e+00 -1.738948999999999856e+01 0.000000000000000000e+00
2.350000000000000000e+02 8.642899999999999139e+00 -1.363170000000000037e+01 0.000000000000000000e+00
2.360000000000000000e+02 9.369579999999999131e+00 -1.162121999999999922e+01 0.000000000000000000e+00
2.370000000000000000e+02 1.017340000000000089e+01 -9.674160000000000537e+00 0.000000000000000000e+00
2.380000000000000000e+02 8.839779999999999305e+00 -7.967389999999999972e+00 0.000000000000000000e+00
2.390000000000000000e+02 9.707570000000000476e+00 -5.963860000000000383e+00 0.000000000000000000e+00
2.400000000000000000e+02 1.043744000000000050e+01 -4.047749999999999737e+00 0.000000000000000000e+00
2.410000000000000000e+02 9.211759999999999948e+00 -2.352479999999999905e+00 0.000000000000000000e+00
2.420000000000000000e+02 1.009464000000000006e+01 -4.931599999999999873e-01 0.000000000000000000e+00
2.430000000000000000e+02 1.095179000000000080e+01 1.421950000000000047e+00 0.000000000000000000e+00
2.440000000000000000e+02 9.672480000000000189e+00 3.057770000000000099e+00 0.000000000000000000e+00
2.450000000000000000e+02 1.041718000000000011e+01 5.155999999999999694e+00 0.000000000000000000e+00
2.460000000000000000e+02 9.118990000000000151e+00 6.811989999999999768e+00 0.000000000000000000e+00
2.470000000000000000e+02 9.902020000000000266e+00 8.748879999999999768e+00 0.000000000000000000e+00
2.480000000000000000e+02 1.081264000000000003e+01 1.064868000000000059e+01 0.000000000000000000e+00
2.490000000000000000e+02 1.172819999999999929e+01 1.285501999999999967e+01 0.000000000000000000e+00
2.500000000000000000e+02 1.032848000000000077e+01 1.440404000000000018e+01 0.000000000000000000e+00
2.510000000000000000e+02 5.470989999999999576e+00 1.781677000000000177e+01 0.000000000000000000e+00
2.520000000000000000e+02 9.968560000000000088e+00 -1.545425000000000004e+01 0.000000000000000000e+00
2.530000000000000000e+02 1.078814000000000028e+01 -1.352755999999999936e+01 0.000000000000000000e+00
2.540000000000000000e+02 1.143044000000000082e+01 -1.147250000000000014e+01 0.000000000000000000e+00
2.550000000000000000e+02 1.221194000000000024e+01 -9.349610000000000198e+00 0.000000000000000000e+00
2.560000000000000000e+02 1.094954000000000072e+01 -7.686379999999999768e+00 0.000000000000000000e+00
2.570000000000000000e+02 1.180207000000000050e+01 -5.763569999999999638e+00 0.000000000000000000e+00
2.580000000000000000e+02 1.269758999999999993e+01 -3.883300000000000196e+00 0.000000000000000000e+00
2.590000000000000000e+02 1.143317000000000050e+01 -2.229800000000000004e+00 0.000000000000000000e+00
2.600000000000000000e+02 1.221932999999999936e+01 -2.799699999999999966e-01 0.000000000000000000e+00
2.610000000000000000e+02 1.317501999999999995e+01 1.738339999999999996e+00 0.000000000000000000e+00
2.620000000000000000e+02 1.186142000000000074e+01 3.331599999999999895e+00 0.000000000000000000e+00
2.630000000000000000e+02 1.257971000000000039e+01 5.349300000000000388e+00 0.000000000000000000e+00
2.640000000000000000e+02 1.343046000000000006e+01 7.230389999999999873e+00 0.000000000000000000e+00
2.650000000000000000e+02 1.125860999999999912e+01 7.053560000000000052e+00 0.000000000000000000e+00
2.660000000000000000e+02 1.212683999999999962e+01 9.004879999999999995e+00 0.000000000000000000e+00
2.670000000000000000e+02 1.287642999999999915e+01 1.097203000000000017e+01 0.000000000000000000e+00
2.680000000000000000e+02 1.273686999999999969e+01 1.465034999999999954e+01 0.000000000000000000e+00
2.690000000000000000e+02 1.141588999999999920e+01 1.623644000000000176e+01 0.000000000000000000e+00
2.700000000000000000e+02 1.216316999999999915e+01 -1.534825000000000017e+01 0.000000000000000000e+00
2.710000000000000000e+02 1.286133000000000060e+01 -1.339270999999999923e+01 0.000000000000000000e+00
2.720000000000000000e+02 1.348859000000000030e+01 -1.097430999999999912e+01 0.000000000000000000e+00
2.730000000000000000e+02 1.430635999999999974e+01 -9.073639999999999262e+00 0.000000000000000000e+00
2.740000000000000000e+02 1.308691999999999922e+01 -7.408079999999999998e+00 0.000000000000000000e+00
2.750000000000000000e+02 1.398541999999999952e+01 -5.524829999999999686e+00 0.000000000000000000e+00
2.760000000000000000e+02 1.477557999999999971e+01 -3.616899999999999782e+00 0.000000000000000000e+00
2.770000000000000000e+02 1.564535000000000053e+01 -1.725400000000000045e+00 0.000000000000000000e+00
2.780000000000000000e+02 1.349820000000000064e+01 -1.963470000000000049e+00 0.000000000000000000e+00
2.790000000000000000e+02 1.442544999999999966e+01 -5.172999999999999821e-02 0.000000000000000000e+00
2.800000000000000000e+02 1.397316000000000003e+01 3.660449999999999982e+00 0.000000000000000000e+00
2.810000000000000000e+02 1.468525999999999954e+01 5.590530000000000221e+00 0.000000000000000000e+00
2.820000000000000000e+02 1.602852000000000032e+01 3.893460000000000143e+00 0.000000000000000000e+00
2.830000000000000000e+02 1.743497999999999948e+01 6.281089999999999840e+00 0.000000000000000000e+00
2.840000000000000000e+02 1.572727000000000075e+01 7.506439999999999557e+00 0.000000000000000000e+00
2.850000000000000000e+02 1.418257999999999974e+01 9.160550000000000637e+00 0.000000000000000000e+00
2.860000000000000000e+02 1.497704000000000057e+01 1.109002000000000088e+01 0.000000000000000000e+00
2.870000000000000000e+02 1.392445999999999984e+01 1.291681999999999952e+01 0.000000000000000000e+00
2.880000000000000000e+02 1.478304999999999936e+01 -1.258188999999999957e+01 0.000000000000000000e+00
2.890000000000000000e+02 1.562027999999999928e+01 -1.067389000000000010e+01 0.000000000000000000e+00
2.900000000000000000e+02 1.688961000000000112e+01 -8.880770000000000053e+00 0.000000000000000000e+00
2.910000000000000000e+02 1.777884999999999849e+01 -6.973889999999999922e+00 0.000000000000000000e+00
2.920000000000000000e+02 1.536137000000000086e+01 -7.258060000000000400e+00 0.000000000000000000e+00
2.930000000000000000e+02 1.606205999999999889e+01 -5.261289999999999800e+00 0.000000000000000000e+00
2.940000000000000000e+02 1.894097999999999971e+01 -2.791389999999999816e+00 0.000000000000000000e+00
2.950000000000000000e+02 1.694900000000000162e+01 -3.358670000000000044e+00 0.000000000000000000e+00
2.960000000000000000e+02 1.666853000000000051e+01 3.255500000000000060e-01 0.000000000000000000e+00
2.970000000000000000e+02 1.874719999999999942e+01 -9.726999999999999535e-02 0.000000000000000000e+00
2.980000000000000000e+02 1.529425999999999952e+01 1.930979999999999919e+00 0.000000000000000000e+00
2.990000000000000000e+02 1.741745999999999839e+01 2.261359999999999815e+00 0.000000000000000000e+00
