0.000000000000000000e+00 -1.129926000000000030e+01 -1.414756999999999998e+01 0.000000000000000000e+00
1.000000000000000000e+00 -1.475628000000000029e+01 -1.258252000000000059e+01 0.000000000000000000e+00
2.000000000000000000e+00 -1.614799000000000007e+01 -1.080845000000000056e+01 0.000000000000000000e+00
3.000000000000000000e+00 -1.774042999999999992e+01 -9.336800000000000210e+00 0.000000000000000000e+00
4.000000000000000000e+00 -1.683598999999999890e+01 -6.780269999999999797e+00 0.000000000000000000e+00
5.000000000000000000e+00 -1.811346999999999952e+01 -5.177439999999999820e+00 0.000000000000000000e+00
6.000000000000000000e+00 -1.924783000000000044e+01 -3.099670000000000147e+00 0.000000000000000000e+00
7.000000000000000000e+00 -1.717630000000000123e+01 -3.044929999999999914e+00 0.000000000000000000e+00
8.000000000000000000e+00 -1.934357999999999933e+01 5.607199999999999962e-01 0.000000000000000000e+00
9.000000000000000000e+00 -1.729072000000000031e+01 8.530999999999999694e-01 0.000000000000000000e+00
1.000000000000000000e+01 -1.610638000000000147e+01 2.623079999999999856e+00 0.000000000000000000e+00
1.100000000000000000e+01 -1.831112999999999857e+01 2.702980000000000160e+00 0.000000000000000000e+00
1.200000000000000000e+01 -1.719022000000000006e+01 4.449259999999999771e+00 0.000000000000000000e+00
1.300000000000000000e+01 -1.620230000000000103e+01 6.309870000000000090e+00 0.000000000000000000e+00
1.400000000000000000e+01 -1.883171000000000106e+01 6.346799999999999997e+00 0.000000000000000000e+00
1.500000000000000000e+01 -1.748855999999999966e+01 8.378809999999999647e+00 0.000000000000000000e+00
1.600000000000000000e+01 -1.632748000000000133e+01 1.028406999999999982e+01 0.000000000000000000e+00
1.700000000000000000e+01 -1.469777000000000022e+01 1.361429000000000045e+01 0.000000000000000000e+00
1.800000000000000000e+01 -9.975099999999999412e+00 -1.581052999999999997e+01 0.000000000000000000e+00
1.900000000000000000e+01 -1.265466999999999942e+01 -1.251763000000000048e+01 0.000000000000000000e+00
2.000000000000000000e+01 -1.401975999999999978e+01 -1.044754000000000005e+01 0.000000000000000000e+00
2.100000000000000000e+01 -1.354471999999999987e+01 -8.437829999999999941e+00 0.000000000000000000e+00
2.200000000000000000e+01 -1.559529999999999994e+01 -8.707779999999999632e+00 0.000000000000000000e+00
2.300000000000000000e+01 -1.475383000000000067e+01 -6.549439999999999706e+00 0.000000000000000000e+00
2.400000000000000000e+01 -1.597776999999999958e+01 -4.881249999999999645e+00 0.000000000000000000e+00
2.500000000000000000e+01 -1.499808999999999948e+01 -2.727640000000000065e+00 0.000000000000000000e+00
2.600000000000000000e+01 -1.607753999999999905e+01 -9.359499999999999487e-01 0.000000000000000000e+00
2.700000000000000000e+01 -1.497064999999999912e+01 8.537799999999999834e-01 0.000000000000000000e+00
2.800000000000000000e+01 -1.394389999999999930e+01 2.738360000000000127e+00 0.000000000000000000e+00
2.900000000000000000e+01 -1.509013000000000027e+01 4.462080000000000268e+00 0.000000000000000000e+00
3.000000000000000000e+01 -1.412892000000000081e+01 6.304809999999999803e+00 0.000000000000000000e+00
3.100000000000000000e+01 -1.529714000000000063e+01 8.192809999999999704e+00 0.000000000000000000e+00
3.200000000000000000e+01 -1.422334999999999994e+01 1.017633000000000010e+01 0.000000000000000000e+00
3.300000000000000000e+01 -1.319974999999999987e+01 1.205569000000000024e+01 0.000000000000000000e+00
3.400000000000000000e+01 -1.268180000000000085e+01 1.415841999999999956e+01 0.000000000000000000e+00
3.500000000000000000e+01 -1.130671000000000070e+01 1.576079000000000008e+01 0.000000000000000000e+00
3.600000000000000000e+01 -7.007489999999999775e+00 -1.736709000000000103e+01 0.000000000000000000e+00
3.700000000000000000e+01 -9.106640000000000512e+00 -1.389930000000000021e+01 0.000000000000000000e+00
3.800000000000000000e+01 -1.044040999999999997e+01 -1.215335999999999927e+01 0.000000000000000000e+00
3.900000000000000000e+01 -1.184609999999999985e+01 -1.049417000000000044e+01 0.000000000000000000e+00
4.000000000000000000e+01 -1.138194000000000017e+01 -8.474990000000000023e+00 0.000000000000000000e+00
4.100000000000000000e+01 -1.258916999999999931e+01 -6.453039999999999665e+00 0.000000000000000000e+00
4.200000000000000000e+01 -1.382657000000000025e+01 -4.659270000000000245e+00 0.000000000000000000e+00
4.300000000000000000e+01 -1.281836999999999982e+01 -2.783889999999999976e+00 0.000000000000000000e+00
4.400000000000000000e+01 -1.390488000000000035e+01 -9.298699999999999743e-01 0.000000000000000000e+00
4.500000000000000000e+01 -1.286017000000000010e+01 8.889899999999999469e-01 0.000000000000000000e+00
4.600000000000000000e+01 -1.188484000000000052e+01 2.752650000000000041e+00 0.000000000000000000e+00
4.700000000000000000e+01 -1.280190999999999946e+01 4.622910000000000075e+00 0.000000000000000000e+00
4.800000000000000000e+01 -1.197668999999999961e+01 6.536959999999999660e+00 0.000000000000000000e+00
4.900000000000000000e+01 -1.311520999999999937e+01 8.309950000000000614e+00 0.000000000000000000e+00
5.000000000000000000e+01 -1.216009000000000029e+01 1.027950000000000053e+01 0.000000000000000000e+00
5.100000000000000000e+01 -1.112866999999999962e+01 1.220984999999999943e+01 0.000000000000000000e+00
5.200000000000000000e+01 -1.000506999999999991e+01 1.395312000000000019e+01 0.000000000000000000e+00
5.300000000000000000e+01 -8.875209999999999155e+00 1.604729999999999990e+01 0.000000000000000000e+00
5.400000000000000000e+01 -5.311810000000000365e+00 -1.870235999999999876e+01 0.000000000000000000e+00
5.500000000000000000e+01 -7.056309999999999860e+00 -1.524995999999999974e+01 0.000000000000000000e+00
5.600000000000000000e+01 -8.372749999999999915e+00 -1.185970999999999975e+01 0.000000000000000000e+00
5.700000000000000000e+01 -9.584179999999999922e+00 -1.015128999999999948e+01 0.000000000000000000e+00
5.800000000000000000e+01 -9.298249999999999460e+00 -8.106590000000000629e+00 0.000000000000000000e+00
5.900000000000000000e+01 -1.042831999999999937e+01 -6.370129999999999626e+00 0.000000000000000000e+00
6.000000000000000000e+01 -1.166958999999999946e+01 -4.589450000000000252e+00 0.000000000000000000e+00
6.100000000000000000e+01 -1.060915999999999926e+01 -2.600750000000000117e+00 0.000000000000000000e+00
6.200000000000000000e+01 -1.176220999999999961e+01 -8.903499999999999748e-01 0.000000000000000000e+00
6.300000000000000000e+01 -1.071902000000000044e+01 1.001290000000000013e+00 0.000000000000000000e+00
6.400000000000000000e+01 -9.742630000000000123e+00 2.872170000000000112e+00 0.000000000000000000e+00
6.500000000000000000e+01 -1.074860999999999933e+01 4.745820000000000149e+00 0.000000000000000000e+00
6.600000000000000000e+01 -9.715960000000000818e+00 6.565159999999999663e+00 0.000000000000000000e+00
6.700000000000000000e+01 -1.097972999999999999e+01 8.467660000000000409e+00 0.000000000000000000e+00
6.800000000000000000e+01 -9.914550000000000196e+00 1.031671000000000049e+01 0.000000000000000000e+00
6.900000000000000000e+01 -8.755150000000000432e+00 1.203555000000000064e+01 0.000000000000000000e+00
7.000000000000000000e+01 -7.709600000000000009e+00 1.389893999999999963e+01 0.000000000000000000e+00
7.100000000000000000e+01 -8.288619999999999877e+00 1.805008000000000123e+01 0.000000000000000000e+00
7.200000000000000000e+01 -2.644909999999999872e+00 -1.966178000000000026e+01 0.000000000000000000e+00
7.300000000000000000e+01 -5.065909999999999691e+00 -1.644378999999999991e+01 0.000000000000000000e+00
7.400000000000000000e+01 -6.787300000000000111e+00 -1.319046999999999947e+01 0.000000000000000000e+00
7.500000000000000000e+01 -7.217290000000000205e+00 -1.015089000000000041e+01 0.000000000000000000e+00
7.600000000000000000e+01 -7.203219999999999956e+00 -8.023569999999999425e+00 0.000000000000000000e+00
7.700000000000000000e+01 -8.288579999999999615e+00 -6.242639999999999745e+00 0.000000000000000000e+00
7.800000000000000000e+01 -9.529030000000000555e+00 -4.454419999999999824e+00 0.000000000000000000e+00
7.900000000000000000e+01 -8.538270000000000692e+00 -2.521999999999999797e+00 0.000000000000000000e+00
8.000000000000000000e+01 -9.629939999999999500e+00 -7.471799999999999553e-01 0.000000000000000000e+00
8.100000000000000000e+01 -8.660519999999999996e+00 1.085639999999999938e+00 0.000000000000000000e+00
8.200000000000000000e+01 -7.604300000000000281e+00 3.013160000000000061e+00 0.000000000000000000e+00
8.300000000000000000e+01 -8.660080000000000666e+00 4.779969999999999608e+00 0.000000000000000000e+00
8.400000000000000000e+01 -7.654399999999999871e+00 6.573529999999999873e+00 0.000000000000000000e+00
8.500000000000000000e+01 -8.861169999999999547e+00 8.446749999999999758e+00 0.000000000000000000e+00
8.600000000000000000e+01 -7.768110000000000070e+00 1.022502000000000066e+01 0.000000000000000000e+00
8.700000000000000000e+01 -6.667729999999999713e+00 1.201146999999999920e+01 0.000000000000000000e+00
8.800000000000000000e+01 -5.632679999999999687e+00 1.388725999999999949e+01 0.000000000000000000e+00
8.900000000000000000e+01 -6.799269999999999925e+00 1.577110000000000056e+01 0.000000000000000000e+00
9.000000000000000000e+01 -2.809120000000000061e+00 -1.746582000000000079e+01 0.000000000000000000e+00
9.100000000000000000e+01 -5.031159999999999854e+00 -1.430882000000000076e+01 0.000000000000000000e+00
9.200000000000000000e+01 -4.990289999999999893e+00 -1.216292999999999935e+01 0.000000000000000000e+00
9.300000000000000000e+01 -5.085420000000000051e+00 -1.009613000000000049e+01 0.000000000000000000e+00
9.400000000000000000e+01 -5.096140000000000114e+00 -7.921260000000000190e+00 0.000000000000000000e+00
9.500000000000000000e+01 -6.164189999999999614e+00 -6.160709999999999908e+00 0.000000000000000000e+00
9.600000000000000000e+01 -7.419979999999999798e+00 -4.349999999999999645e+00 0.000000000000000000e+00
9.700000000000000000e+01 -6.416009999999999991e+00 -2.433809999999999807e+00 0.000000000000000000e+00
9.800000000000000000e+01 -7.545519999999999783e+00 -6.958800000000000541e-01 0.000000000000000000e+00
9.900000000000000000e+01 -6.511610000000000120e+00 1.210639999999999938e+00 0.000000000000000000e+00
1.000000000000000000e+02 -5.476300000000000168e+00 3.022949999999999804e+00 0.000000000000000000e+00
1.010000000000000000e+02 -6.507909999999999862e+00 4.823299999999999699e+00 0.000000000000000000e+00
1.020000000000000000e+02 -5.459069999999999645e+00 6.624109999999999943e+00 0.000000000000000000e+00
1.030000000000000000e+02 -6.684249999999999581e+00 8.434659999999999158e+00 0.000000000000000000e+00
1.040000000000000000e+02 -5.561160000000000103e+00 1.027763000000000027e+01 0.000000000000000000e+00
1.050000000000000000e+02 -4.573089999999999655e+00 1.209092000000000056e+01 0.000000000000000000e+00
1.060000000000000000e+02 -4.668330000000000091e+00 1.572094000000000058e+01 0.000000000000000000e+00
1.070000000000000000e+02 -5.705210000000000115e+00 1.751331000000000060e+01 0.000000000000000000e+00
1.080000000000000000e+02 -9.238300000000000400e-01 -1.836637999999999948e+01 0.000000000000000000e+00
1.090000000000000000e+02 -3.096429999999999794e+00 -1.532846999999999937e+01 0.000000000000000000e+00
1.100000000000000000e+02 -3.204730000000000079e+00 -1.322267000000000081e+01 0.000000000000000000e+00
1.110000000000000000e+02 -3.200670000000000126e+00 -1.105341999999999913e+01 0.000000000000000000e+00
1.120000000000000000e+02 -3.289350000000000218e+00 -8.893230000000000857e+00 0.000000000000000000e+00
1.130000000000000000e+02 -3.814459999999999962e+00 -6.296339999999999826e+00 0.000000000000000000e+00
1.140000000000000000e+02 -5.344660000000000188e+00 -4.229020000000000223e+00 0.000000000000000000e+00
1.150000000000000000e+02 -4.332399999999999807e+00 -2.407389999999999919e+00 0.000000000000000000e+00
1.160000000000000000e+02 -5.416800000000000281e+00 -6.145300000000000207e-01 0.000000000000000000e+00
1.170000000000000000e+02 -4.417959999999999887e+00 1.206709999999999949e+00 0.000000000000000000e+00
1.180000000000000000e+02 -3.321979999999999933e+00 3.090450000000000141e+00 0.000000000000000000e+00
1.190000000000000000e+02 -4.434820000000000206e+00 4.842220000000000191e+00 0.000000000000000000e+00
1.200000000000000000e+02 -3.361839999999999939e+00 6.606270000000000309e+00 0.000000000000000000e+00
1.210000000000000000e+02 -4.534580000000000055e+00 8.479499999999999815e+00 0.000000000000000000e+00
1.220000000000000000e+02 -3.449640000000000040e+00 1.030066000000000059e+01 0.000000000000000000e+00
1.230000000000000000e+02 -3.470870000000000122e+00 1.388222000000000023e+01 0.000000000000000000e+00
1.240000000000000000e+02 -3.507340000000000124e+00 1.752114999999999867e+01 0.000000000000000000e+00
1.250000000000000000e+02 -4.767719999999999736e+00 1.941529999999999845e+01 0.000000000000000000e+00
1.260000000000000000e+02 9.972299999999999498e-01 -1.968730000000000047e+01 0.000000000000000000e+00
1.270000000000000000e+02 -1.189840000000000009e+00 -1.403003999999999962e+01 0.000000000000000000e+00
1.280000000000000000e+02 -1.324680000000000080e+00 -1.197359999999999935e+01 0.000000000000000000e+00
1.290000000000000000e+02 -1.367669999999999941e+00 -9.841620000000000701e+00 0.000000000000000000e+00
1.300000000000000000e+02 -1.507849999999999913e+00 -7.726020000000000110e+00 0.000000000000000000e+00
1.310000000000000000e+02 -1.680549999999999988e+00 -5.651530000000000165e+00 0.000000000000000000e+00
1.320000000000000000e+02 -3.247529999999999806e+00 -4.259920000000000151e+00 0.000000000000000000e+00
1.330000000000000000e+02 -2.226750000000000007e+00 -2.360090000000000021e+00 0.000000000000000000e+00
1.340000000000000000e+02 -3.351140000000000008e+00 -5.890999999999999570e-01 0.000000000000000000e+00
1.350000000000000000e+02 -2.330480000000000107e+00 1.243600000000000039e+00 0.000000000000000000e+00
1.360000000000000000e+02 -1.093350000000000044e+00 3.090759999999999952e+00 0.000000000000000000e+00
1.370000000000000000e+02 -2.245130000000000070e+00 4.866060000000000052e+00 0.000000000000000000e+00
1.380000000000000000e+02 -1.158689999999999998e+00 6.625700000000000145e+00 0.000000000000000000e+00
1.390000000000000000e+02 -2.397370000000000001e+00 8.507009999999999295e+00 0.000000000000000000e+00
1.400000000000000000e+02 -1.315029999999999921e+00 1.030880999999999936e+01 0.000000000000000000e+00
1.410000000000000000e+02 -2.407979999999999787e+00 1.210638999999999932e+01 0.000000000000000000e+00
1.420000000000000000e+02 -2.493980000000000086e+00 1.568608000000000047e+01 0.000000000000000000e+00
1.430000000000000000e+02 -1.427890000000000104e+00 1.745797999999999917e+01 0.000000000000000000e+00
1.440000000000000000e+02 -1.130020000000000024e+00 -1.610437999999999903e+01 0.000000000000000000e+00
1.450000000000000000e+02 9.826500000000000234e-01 -1.486870000000000047e+01 0.000000000000000000e+00
1.460000000000000000e+02 7.175000000000000266e-01 -1.275977999999999923e+01 0.000000000000000000e+00
1.470000000000000000e+02 5.203699999999999992e-01 -1.067425000000000068e+01 0.000000000000000000e+00
1.480000000000000000e+02 3.824699999999999767e-01 -8.613849999999999341e+00 0.000000000000000000e+00
1.490000000000000000e+02 2.680699999999999750e-01 -6.494640000000000413e+00 0.000000000000000000e+00
1.500000000000000000e+02 -3.600000000000000227e-04 -4.375429999999999708e+00 0.000000000000000000e+00
1.510000000000000000e+02 -8.124000000000000665e-02 -2.288089999999999957e+00 0.000000000000000000e+00
1.520000000000000000e+02 -1.258829999999999893e+00 -5.428899999999999837e-01 0.000000000000000000e+00
1.530000000000000000e+02 -1.813000000000000028e-02 1.218900000000000095e+00 0.000000000000000000e+00
1.540000000000000000e+02 1.009999999999999960e-02 4.878429999999999822e+00 0.000000000000000000e+00
1.550000000000000000e+02 9.964199999999999724e-01 6.705350000000000144e+00 0.000000000000000000e+00
1.560000000000000000e+02 -2.106899999999999884e-01 8.503239999999999910e+00 0.000000000000000000e+00
1.570000000000000000e+02 8.083599999999999675e-01 1.031939000000000028e+01 0.000000000000000000e+00
1.580000000000000000e+02 -2.883100000000000107e-01 1.214827000000000012e+01 0.000000000000000000e+00
1.590000000000000000e+02 -1.348260000000000014e+00 1.394674999999999976e+01 0.000000000000000000e+00
1.600000000000000000e+02 -1.689299999999999968e-01 1.577927000000000035e+01 0.000000000000000000e+00
1.610000000000000000e+02 -6.751099999999999879e-01 1.938463000000000136e+01 0.000000000000000000e+00
1.620000000000000000e+02 4.703780000000000072e+00 -1.891922999999999888e+01 0.000000000000000000e+00
1.630000000000000000e+02 9.000200000000000422e-01 -1.700329999999999941e+01 0.000000000000000000e+00
1.640000000000000000e+02 2.642430000000000057e+00 -1.363256999999999941e+01 0.000000000000000000e+00
1.650000000000000000e+02 2.489339999999999886e+00 -1.156292999999999971e+01 0.000000000000000000e+00
1.660000000000000000e+02 2.327430000000000110e+00 -9.500220000000000553e+00 0.000000000000000000e+00
1.670000000000000000e+02 2.217089999999999783e+00 -7.430329999999999657e+00 0.000000000000000000e+00
1.680000000000000000e+02 2.015080000000000204e+00 -5.330700000000000216e+00 0.000000000000000000e+00
1.690000000000000000e+02 1.770729999999999915e+00 -3.196410000000000196e+00 0.000000000000000000e+00
1.700000000000000000e+02 1.422260000000000080e+00 -7.734600000000000364e-01 0.000000000000000000e+00
1.710000000000000000e+02 2.987330000000000041e+00 2.313880000000000159e+00 0.000000000000000000e+00
1.720000000000000000e+02 1.004920000000000035e+00 3.047899999999999832e+00 0.000000000000000000e+00
1.730000000000000000e+02 2.815960000000000019e+00 4.706990000000000229e+00 0.000000000000000000e+00
1.740000000000000000e+02 1.946909999999999918e+00 8.572549999999999670e+00 0.000000000000000000e+00
1.750000000000000000e+02 2.922439999999999927e+00 1.043385999999999925e+01 0.000000000000000000e+00
1.760000000000000000e+02 1.820189999999999975e+00 1.217667999999999928e+01 0.000000000000000000e+00
1.770000000000000000e+02 7.487099999999999866e-01 1.394473999999999947e+01 0.000000000000000000e+00
1.780000000000000000e+02 6.866100000000000536e-01 1.767664999999999864e+01 0.000000000000000000e+00
1.790000000000000000e+02 2.340329999999999799e+00 1.958201999999999998e+01 0.000000000000000000e+00
1.800000000000000000e+02 2.608480000000000132e+00 -1.819670999999999950e+01 0.000000000000000000e+00
1.810000000000000000e+02 2.801320000000000032e+00 -1.598958999999999975e+01 0.000000000000000000e+00
1.820000000000000000e+02 4.472649999999999793e+00 -1.247991000000000028e+01 0.000000000000000000e+00
1.830000000000000000e+02 4.207679999999999865e+00 -1.041839000000000048e+01 0.000000000000000000e+00
1.840000000000000000e+02 4.088350000000000151e+00 -8.355130000000000834e+00 0.000000000000000000e+00
1.850000000000000000e+02 3.917650000000000077e+00 -6.169830000000000148e+00 0.000000000000000000e+00
1.860000000000000000e+02 3.689039999999999875e+00 -4.064580000000000304e+00 0.000000000000000000e+00
1.870000000000000000e+02 3.352069999999999883e+00 -1.819450000000000012e+00 0.000000000000000000e+00
1.880000000000000000e+02 3.216650000000000009e+00 2.387900000000000023e-01 0.000000000000000000e+00
1.890000000000000000e+02 4.960580000000000211e+00 1.449070000000000080e+00 0.000000000000000000e+00
1.900000000000000000e+02 4.865400000000000169e+00 3.510139999999999816e+00 0.000000000000000000e+00
1.910000000000000000e+02 3.072290000000000187e+00 6.839380000000000237e+00 0.000000000000000000e+00
1.920000000000000000e+02 6.457399999999999807e+00 6.705919999999999881e+00 0.000000000000000000e+00
1.930000000000000000e+02 4.312570000000000014e+00 8.581680000000000419e+00 0.000000000000000000e+00
1.940000000000000000e+02 4.026810000000000223e+00 1.219979000000000013e+01 0.000000000000000000e+00
1.950000000000000000e+02 3.015470000000000095e+00 1.399884999999999913e+01 0.000000000000000000e+00
1.960000000000000000e+02 1.994729999999999892e+00 1.584713999999999956e+01 0.000000000000000000e+00
1.970000000000000000e+02 3.061409999999999965e+00 1.764976000000000056e+01 0.000000000000000000e+00
1.980000000000000000e+02 4.806530000000000413e+00 -1.680694000000000088e+01 0.000000000000000000e+00
1.990000000000000000e+02 4.544340000000000046e+00 -1.453412999999999933e+01 0.000000000000000000e+00
2.000000000000000000e+02 6.123160000000000380e+00 -1.123962000000000039e+01 0.000000000000000000e+00
2.010000000000000000e+02 6.038730000000000153e+00 -9.065950000000000841e+00 0.000000000000000000e+00
2.020000000000000000e+02 7.746389999999999887e+00 -7.862870000000000026e+00 0.000000000000000000e+00
2.030000000000000000e+02 5.881260000000000154e+00 -6.973069999999999879e+00 0.000000000000000000e+00
2.040000000000000000e+02 5.686969999999999636e+00 -4.888869999999999827e+00 0.000000000000000000e+00
2.050000000000000000e+02 5.437899999999999956e+00 -2.698700000000000099e+00 0.000000000000000000e+00
2.060000000000000000e+02 5.186410000000000409e+00 -6.270999999999999908e-01 0.000000000000000000e+00
2.070000000000000000e+02 6.723709999999999631e+00 2.548379999999999868e+00 0.000000000000000000e+00
2.080000000000000000e+02 6.628470000000000084e+00 4.650520000000000209e+00 0.000000000000000000e+00
2.090000000000000000e+02 4.733850000000000335e+00 5.560979999999999812e+00 0.000000000000000000e+00
2.100000000000000000e+02 8.322960000000000136e+00 8.015319999999999112e+00 0.000000000000000000e+00
2.110000000000000000e+02 6.399479999999999613e+00 8.778549999999999187e+00 0.000000000000000000e+00
2.120000000000000000e+02 5.195820000000000327e+00 1.046672000000000047e+01 0.000000000000000000e+00
2.130000000000000000e+02 5.258740000000000414e+00 1.401732999999999940e+01 0.000000000000000000e+00
2.140000000000000000e+02 4.376979999999999649e+00 1.598856999999999928e+01 0.000000000000000000e+00
2.150000000000000000e+02 6.648039999999999949e+00 1.591558000000000028e+01 0.000000000000000000e+00
2.160000000000000000e+02 6.736110000000000042e+00 -1.755836000000000041e+01 0.000000000000000000e+00
2.170000000000000000e+02 6.409970000000000390e+00 -1.340713000000000044e+01 0.000000000000000000e+00
2.180000000000000000e+02 8.091580000000000439e+00 -1.219815999999999967e+01 0.000000000000000000e+00
2.190000000000000000e+02 7.852310000000000123e+00 -1.004344000000000037e+01 0.000000000000000000e+00
2.200000000000000000e+02 9.626939999999999387e+00 -8.785909999999999442e+00 0.000000000000000000e+00
2.210000000000000000e+02 7.591499999999999915e+00 -5.780509999999999593e+00 0.000000000000000000e+00
2.220000000000000000e+02 7.401620000000000310e+00 -3.705099999999999838e+00 0.000000000000000000e+00
2.230000000000000000e+02 7.154399999999999871e+00 -1.542470000000000008e+00 0.000000000000000000e+00
2.240000000000000000e+02 6.919740000000000002e+00 4.998900000000000010e-01 0.000000000000000000e+00
2.250000000000000000e+02 8.621809999999999974e+00 1.688930000000000042e+00 0.000000000000000000e+00
2.260000000000000000e+02 8.520949999999999136e+00 3.777719999999999967e+00 0.000000000000000000e+00
2.270000000000000000e+02 8.400219999999999132e+00 5.933360000000000412e+00 0.000000000000000000e+00
2.280000000000000000e+02 1.028546000000000049e+01 7.289850000000000385e+00 0.000000000000000000e+00
2.290000000000000000e+02 9.915549999999999642e+00 9.368949999999999889e+00 0.000000000000000000e+00
2.300000000000000000e+02 7.697049999999999947e+00 1.045114000000000054e+01 0.000000000000000000e+00
2.310000000000000000e+02 6.378009999999999735e+00 1.214733999999999980e+01 0.000000000000000000e+00
2.320000000000000000e+02 7.433440000000000047e+00 1.396829999999999927e+01 0.000000000000000000e+00
2.330000000000000000e+02 5.786439999999999806e+00 1.782632999999999868e+01 0.000000000000000000e+00
2.340000000000000000e+02 6.479490000000000194e+00 -1.548592000000000013e+01 0.000000000000000000e+00
2.350000000000000000e+02 8.372019999999999129e+00 -1.428195999999999977e+01 0.000000000000000000e+00
2.360000000000000000e+02 9.803060000000000329e+00 -1.092170999999999914e+01 0.000000000000000000e+00
2.370000000000000000e+02 1.158633000000000024e+01 -9.715299999999999159e+00 0.000000000000000000e+00
2.380000000000000000e+02 9.466530000000000555e+00 -6.621830000000000105e+00 0.000000000000000000e+00
2.390000000000000000e+02 9.303350000000000009e+00 -4.555959999999999788e+00 0.000000000000000000e+00
2.400000000000000000e+02 9.065070000000000405e+00 -2.471490000000000187e+00 0.000000000000000000e+00
2.410000000000000000e+02 1.100423999999999936e+01 -3.373180000000000067e+00 0.000000000000000000e+00
2.420000000000000000e+02 8.878000000000000114e+00 -4.205599999999999894e-01 0.000000000000000000e+00
2.430000000000000000e+02 1.055823999999999963e+01 8.145499999999999963e-01 0.000000000000000000e+00
2.440000000000000000e+02 1.040254999999999974e+01 2.922390000000000043e+00 0.000000000000000000e+00
2.450000000000000000e+02 1.030841999999999992e+01 5.114589999999999748e+00 0.000000000000000000e+00
2.460000000000000000e+02 1.213194999999999979e+01 6.378610000000000113e+00 0.000000000000000000e+00
2.470000000000000000e+02 1.187490999999999985e+01 8.606849999999999667e+00 0.000000000000000000e+00
2.480000000000000000e+02 1.156171999999999933e+01 1.069580999999999982e+01 0.000000000000000000e+00
2.490000000000000000e+02 9.576790000000000802e+00 1.146470000000000056e+01 0.000000000000000000e+00
2.500000000000000000e+02 9.449780000000000513e+00 1.354631999999999969e+01 0.000000000000000000e+00
2.510000000000000000e+02 8.099000000000000199e+00 1.756340000000000146e+01 0.000000000000000000e+00
2.520000000000000000e+02 8.788479999999999848e+00 -1.636017999999999972e+01 0.000000000000000000e+00
2.530000000000000000e+02 1.061883000000000088e+01 -1.527276999999999951e+01 0.000000000000000000e+00
2.540000000000000000e+02 1.189624000000000059e+01 -1.177488999999999919e+01 0.000000000000000000e+00
2.550000000000000000e+02 1.337124000000000024e+01 -8.537039999999999296e+00 0.000000000000000000e+00
2.560000000000000000e+02 1.142253999999999969e+01 -7.562789999999999679e+00 0.000000000000000000e+00
2.570000000000000000e+02 1.125219000000000058e+01 -5.492329999999999934e+00 0.000000000000000000e+00
2.580000000000000000e+02 1.295223000000000013e+01 -4.194350000000000023e+00 0.000000000000000000e+00
2.590000000000000000e+02 1.281601000000000035e+01 -2.119889999999999830e+00 0.000000000000000000e+00
2.600000000000000000e+02 1.086855000000000082e+01 -1.228849999999999998e+00 0.000000000000000000e+00
2.610000000000000000e+02 1.248470999999999975e+01 5.258000000000000174e-02 0.000000000000000000e+00
2.620000000000000000e+02 1.238277000000000072e+01 2.213569999999999816e+00 0.000000000000000000e+00
2.630000000000000000e+02 1.222519999999999918e+01 4.290370000000000239e+00 0.000000000000000000e+00
2.640000000000000000e+02 1.404552999999999940e+01 5.627200000000000202e+00 0.000000000000000000e+00
2.650000000000000000e+02 1.383234000000000030e+01 7.829229999999999912e+00 0.000000000000000000e+00
2.660000000000000000e+02 1.356382999999999939e+01 9.947079999999999700e+00 0.000000000000000000e+00
2.670000000000000000e+02 1.346784000000000070e+01 1.209399999999999942e+01 0.000000000000000000e+00
2.680000000000000000e+02 1.140676000000000023e+01 1.277270000000000039e+01 0.000000000000000000e+00
2.690000000000000000e+02 8.841710000000000846e+00 1.560417999999999950e+01 0.000000000000000000e+00
2.700000000000000000e+02 1.215569999999999951e+01 -1.385483999999999938e+01 0.000000000000000000e+00
2.710000000000000000e+02 1.018233000000000033e+01 -1.312270999999999965e+01 0.000000000000000000e+00
2.720000000000000000e+02 1.375872999999999990e+01 -1.057663999999999938e+01 0.000000000000000000e+00
2.730000000000000000e+02 1.540217999999999954e+01 -9.326439999999999841e+00 0.000000000000000000e+00
2.740000000000000000e+02 1.505178000000000083e+01 -7.289089999999999847e+00 0.000000000000000000e+00
2.750000000000000000e+02 1.319575999999999993e+01 -6.310690000000000133e+00 0.000000000000000000e+00
2.760000000000000000e+02 1.484182999999999986e+01 -2.745810000000000084e+00 0.000000000000000000e+00
2.770000000000000000e+02 1.671681999999999846e+01 -1.566279999999999895e+00 0.000000000000000000e+00
2.780000000000000000e+02 1.454382999999999981e+01 -6.586199999999999832e-01 0.000000000000000000e+00
2.790000000000000000e+02 1.436351999999999940e+01 1.416290000000000049e+00 0.000000000000000000e+00
2.800000000000000000e+02 1.619734000000000052e+01 2.596830000000000194e+00 0.000000000000000000e+00
2.810000000000000000e+02 1.413748000000000005e+01 3.482650000000000023e+00 0.000000000000000000e+00
2.820000000000000000e+02 1.596255000000000024e+01 4.725159999999999805e+00 0.000000000000000000e+00
2.830000000000000000e+02 1.579412999999999911e+01 6.901139999999999830e+00 0.000000000000000000e+00
2.840000000000000000e+02 1.560981999999999914e+01 8.988939999999999486e+00 0.000000000000000000e+00
2.850000000000000000e+02 1.531193000000000026e+01 1.112678000000000011e+01 0.000000000000000000e+00
2.860000000000000000e+02 1.324497999999999998e+01 1.420654000000000039e+01 0.000000000000000000e+00
2.870000000000000000e+02 1.119726999999999961e+01 1.492417999999999978e+01 0.000000000000000000e+00
2.880000000000000000e+02 1.397348999999999997e+01 -1.282423000000000002e+01 0.000000000000000000e+00
2.890000000000000000e+02 1.561815999999999960e+01 -1.150948999999999955e+01 0.000000000000000000e+00
2.900000000000000000e+02 1.727877000000000152e+01 -1.021795000000000009e+01 0.000000000000000000e+00
2.910000000000000000e+02 1.719539999999999935e+01 -8.015480000000000160e+00 0.000000000000000000e+00
2.920000000000000000e+02 1.486126999999999931e+01 -5.079570000000000363e+00 0.000000000000000000e+00
2.930000000000000000e+02 1.691961999999999833e+01 -5.762710000000000221e+00 0.000000000000000000e+00
2.940000000000000000e+02 1.667612000000000094e+01 -3.711019999999999985e+00 0.000000000000000000e+00
2.950000000000000000e+02 1.856056999999999846e+01 -2.724019999999999886e+00 0.000000000000000000e+00
2.960000000000000000e+02 1.628629000000000104e+01 4.772500000000000075e-01 0.000000000000000000e+00
2.970000000000000000e+02 1.861214999999999975e+01 -3.893599999999999839e-01 0.000000000000000000e+00
2.980000000000000000e+02 1.803348000000000084e+01 1.626430000000000042e+00 0.000000000000000000e+00
2.990000000000000000e+02 1.766003999999999863e+01 6.006330000000000169e+00 0.000000000000000000e+00
