0.000000000000000000e+00 -1.459479999999999933e+01 -1.429527999999999999e+01 0.000000000000000000e+00
1.000000000000000000e+00 -1.544361999999999924e+01 -1.071282000000000068e+01 0.000000000000000000e+00
2.000000000000000000e+00 -1.704476000000000013e+01 -9.394159999999999400e+00 0.000000000000000000e+00
3.000000000000000000e+00 -1.850077999999999889e+01 -6.557959999999999567e+00 0.000000000000000000e+00
4.000000000000000000e+00 -1.649556000000000111e+01 -7.070800000000000196e+00 0.000000000000000000e+00
5.000000000000000000e+00 -1.913850000000000051e+01 -1.237340000000000106e+00 0.000000000000000000e+00
6.000000000000000000e+00 -1.750967999999999947e+01 -3.606599999999999806e+00 0.000000000000000000e+00
7.000000000000000000e+00 -1.707505000000000095e+01 -1.545320000000000027e+00 0.000000000000000000e+00
8.000000000000000000e+00 -1.655646000000000129e+01 4.718800000000000217e-01 0.000000000000000000e+00
9.000000000000000000e+00 -1.807945000000000135e+01 1.864710000000000090e+00 0.000000000000000000e+00
1.000000000000000000e+01 -1.585960999999999999e+01 2.479509999999999881e+00 0.000000000000000000e+00
1.100000000000000000e+01 -1.751131000000000171e+01 3.889909999999999979e+00 0.000000000000000000e+00
1.200000000000000000e+01 -1.475599000000000061e+01 6.589620000000000033e+00 0.000000000000000000e+00
1.300000000000000000e+01 -1.694127999999999901e+01 5.997270000000000323e+00 0.000000000000000000e+00
1.400000000000000000e+01 -1.634104999999999919e+01 8.010139999999999816e+00 0.000000000000000000e+00
1.500000000000000000e+01 -1.600535999999999959e+01 1.009896999999999956e+01 0.000000000000000000e+00
1.600000000000000000e+01 -1.515300000000000047e+01 1.222247999999999912e+01 0.000000000000000000e+00
1.700000000000000000e+01 -1.442523000000000089e+01 1.424831000000000003e+01 0.000000000000000000e+00
1.800000000000000000e+01 -1.238854000000000077e+01 -1.363136000000000081e+01 0.000000000000000000e+00
1.900000000000000000e+01 -1.383308000000000071e+01 -1.212409000000000070e+01 0.000000000000000000e+00
2.000000000000000000e+01 -1.340216999999999992e+01 -9.937979999999999592e+00 0.000000000000000000e+00
2.100000000000000000e+01 -1.499597999999999942e+01 -8.599040000000000461e+00 0.000000000000000000e+00
2.200000000000000000e+01 -1.435710000000000086e+01 -6.464389999999999858e+00 0.000000000000000000e+00
2.300000000000000000e+01 -1.587523000000000017e+01 -5.029420000000000002e+00 0.000000000000000000e+00
2.400000000000000000e+01 -1.389799999999999969e+01 -4.440750000000000419e+00 0.000000000000000000e+00
2.500000000000000000e+01 -1.546860999999999997e+01 -2.990839999999999943e+00 0.000000000000000000e+00
2.600000000000000000e+01 -1.492683000000000071e+01 -9.498999999999999666e-01 0.000000000000000000e+00
2.700000000000000000e+01 -1.435121000000000002e+01 1.071460000000000079e+00 0.000000000000000000e+00
2.800000000000000000e+01 -1.381868000000000052e+01 3.089669999999999916e+00 0.000000000000000000e+00
2.900000000000000000e+01 -1.537320000000000064e+01 4.508939999999999948e+00 0.000000000000000000e+00
3.000000000000000000e+01 -1.319040000000000035e+01 5.090550000000000352e+00 0.000000000000000000e+00
3.100000000000000000e+01 -1.276800000000000068e+01 7.175399999999999778e+00 0.000000000000000000e+00
3.200000000000000000e+01 -1.430050999999999917e+01 8.659050000000000580e+00 0.000000000000000000e+00
3.300000000000000000e+01 -1.371775000000000055e+01 1.063223999999999947e+01 0.000000000000000000e+00
3.400000000000000000e+01 -1.309627000000000052e+01 1.264723000000000042e+01 0.000000000000000000e+00
3.500000000000000000e+01 -1.240041000000000082e+01 1.510233999999999988e+01 0.000000000000000000e+00
3.600000000000000000e+01 -1.086952999999999925e+01 -1.508864999999999945e+01 0.000000000000000000e+00
3.700000000000000000e+01 -1.032998000000000083e+01 -1.303814000000000028e+01 0.000000000000000000e+00
3.800000000000000000e+01 -1.177610999999999919e+01 -1.153856999999999999e+01 0.000000000000000000e+00
3.900000000000000000e+01 -1.131293999999999933e+01 -9.493909999999999627e+00 0.000000000000000000e+00
4.000000000000000000e+01 -1.284168000000000021e+01 -7.876350000000000406e+00 0.000000000000000000e+00
4.100000000000000000e+01 -1.233048999999999928e+01 -5.866620000000000168e+00 0.000000000000000000e+00
4.200000000000000000e+01 -1.175439000000000078e+01 -3.874130000000000074e+00 0.000000000000000000e+00
4.300000000000000000e+01 -1.327989999999999959e+01 -2.422000000000000153e+00 0.000000000000000000e+00
4.400000000000000000e+01 -1.120054000000000016e+01 -1.838440000000000074e+00 0.000000000000000000e+00
4.500000000000000000e+01 -1.280588000000000015e+01 -3.826300000000000257e-01 0.000000000000000000e+00
4.600000000000000000e+01 -1.227674000000000021e+01 1.614770000000000039e+00 0.000000000000000000e+00
4.700000000000000000e+01 -1.175324999999999953e+01 3.614170000000000105e+00 0.000000000000000000e+00
4.800000000000000000e+01 -1.122350999999999921e+01 5.701299999999999812e+00 0.000000000000000000e+00
4.900000000000000000e+01 -1.062865000000000038e+01 7.735890000000000377e+00 0.000000000000000000e+00
5.000000000000000000e+01 -1.210060000000000002e+01 9.191110000000000113e+00 0.000000000000000000e+00
5.100000000000000000e+01 -1.161683999999999983e+01 1.121449999999999925e+01 0.000000000000000000e+00
5.200000000000000000e+01 -1.095315000000000083e+01 1.354438999999999993e+01 0.000000000000000000e+00
5.300000000000000000e+01 -1.022883000000000031e+01 1.563748999999999967e+01 0.000000000000000000e+00
5.400000000000000000e+01 -9.572079999999999700e+00 -1.670870999999999995e+01 0.000000000000000000e+00
5.500000000000000000e+01 -8.818550000000000111e+00 -1.461646000000000001e+01 0.000000000000000000e+00
5.600000000000000000e+01 -8.302690000000000126e+00 -1.244533999999999985e+01 0.000000000000000000e+00
5.700000000000000000e+01 -9.760979999999999990e+00 -1.098504999999999932e+01 0.000000000000000000e+00
5.800000000000000000e+01 -9.231400000000000716e+00 -8.937670000000000670e+00 0.000000000000000000e+00
5.900000000000000000e+01 -1.075841999999999921e+01 -7.369119999999999671e+00 0.000000000000000000e+00
6.000000000000000000e+01 -1.030780999999999992e+01 -5.360549999999999926e+00 0.000000000000000000e+00
6.100000000000000000e+01 -9.689640000000000697e+00 -3.361870000000000136e+00 0.000000000000000000e+00
6.200000000000000000e+01 -9.120910000000000295e+00 -1.304820000000000091e+00 0.000000000000000000e+00
6.300000000000000000e+01 -1.061875999999999998e+01 1.458599999999999897e-01 0.000000000000000000e+00
6.400000000000000000e+01 -1.015300000000000047e+01 2.200089999999999879e+00 0.000000000000000000e+00
6.500000000000000000e+01 -9.748810000000000642e+00 4.219030000000000058e+00 0.000000000000000000e+00
6.600000000000000000e+01 -9.180110000000000881e+00 6.226140000000000008e+00 0.000000000000000000e+00
6.700000000000000000e+01 -8.623689999999999856e+00 8.271620000000000417e+00 0.000000000000000000e+00
6.800000000000000000e+01 -1.012805000000000000e+01 9.751509999999999678e+00 0.000000000000000000e+00
6.900000000000000000e+01 -9.614900000000000446e+00 1.179162999999999961e+01 0.000000000000000000e+00
7.000000000000000000e+01 -8.874280000000000612e+00 1.390141000000000027e+01 0.000000000000000000e+00
7.100000000000000000e+01 -8.659150000000000347e+00 1.702263999999999911e+01 0.000000000000000000e+00
7.200000000000000000e+01 -8.171620000000000772e+00 -1.823576999999999870e+01 0.000000000000000000e+00
7.300000000000000000e+01 -7.399130000000000429e+00 -1.630365000000000109e+01 0.000000000000000000e+00
7.400000000000000000e+01 -6.874710000000000321e+00 -1.392523000000000089e+01 0.000000000000000000e+00
7.500000000000000000e+01 -6.241679999999999673e+00 -1.188963999999999999e+01 0.000000000000000000e+00
7.600000000000000000e+01 -7.710130000000000372e+00 -1.041093000000000046e+01 0.000000000000000000e+00
7.700000000000000000e+01 -8.738749999999999574e+00 -6.895789999999999864e+00 0.000000000000000000e+00
7.800000000000000000e+01 -8.247120000000000672e+00 -4.849350000000000271e+00 0.000000000000000000e+00
7.900000000000000000e+01 -7.676949999999999719e+00 -2.795720000000000205e+00 0.000000000000000000e+00
8.000000000000000000e+01 -7.051429999999999865e+00 -7.538200000000000456e-01 0.000000000000000000e+00
8.100000000000000000e+01 -8.609120000000000772e+00 7.324699999999999545e-01 0.000000000000000000e+00
8.200000000000000000e+01 -8.123340000000000671e+00 2.785829999999999806e+00 0.000000000000000000e+00
8.300000000000000000e+01 -7.564759999999999707e+00 4.807610000000000383e+00 0.000000000000000000e+00
8.400000000000000000e+01 -7.057229999999999670e+00 6.890909999999999869e+00 0.000000000000000000e+00
8.500000000000000000e+01 -6.563189999999999635e+00 8.897209999999999397e+00 0.000000000000000000e+00
8.600000000000000000e+01 -8.107390000000000541e+00 1.029526000000000074e+01 0.000000000000000000e+00
8.700000000000000000e+01 -7.520940000000000403e+00 1.235313999999999979e+01 0.000000000000000000e+00
8.800000000000000000e+01 -6.981679999999999886e+00 1.492482000000000042e+01 0.000000000000000000e+00
8.900000000000000000e+01 -6.135539999999999772e+00 1.691678999999999888e+01 0.000000000000000000e+00
9.000000000000000000e+01 -2.822490000000000165e+00 -1.882357999999999976e+01 0.000000000000000000e+00
9.100000000000000000e+01 -5.725970000000000226e+00 -1.780385000000000062e+01 0.000000000000000000e+00
9.200000000000000000e+01 -5.360619999999999941e+00 -1.539333000000000062e+01 0.000000000000000000e+00
9.300000000000000000e+01 -4.756590000000000096e+00 -1.333599000000000068e+01 0.000000000000000000e+00
9.400000000000000000e+01 -5.727430000000000021e+00 -9.824249999999999261e+00 0.000000000000000000e+00
9.500000000000000000e+01 -7.226810000000000400e+00 -8.351129999999999498e+00 0.000000000000000000e+00
9.600000000000000000e+01 -6.706999999999999851e+00 -6.311810000000000365e+00 0.000000000000000000e+00
9.700000000000000000e+01 -6.145349999999999646e+00 -4.274650000000000283e+00 0.000000000000000000e+00
9.800000000000000000e+01 -5.592089999999999783e+00 -2.233789999999999942e+00 0.000000000000000000e+00
9.900000000000000000e+01 -6.624719999999999942e+00 1.315150000000000041e+00 0.000000000000000000e+00
1.000000000000000000e+02 -6.048829999999999707e+00 3.368459999999999788e+00 0.000000000000000000e+00
1.010000000000000000e+02 -4.052419999999999689e+00 3.928459999999999841e+00 0.000000000000000000e+00
1.020000000000000000e+02 -5.572589999999999932e+00 5.399219999999999686e+00 0.000000000000000000e+00
1.030000000000000000e+02 -5.042019999999999946e+00 7.409349999999999881e+00 0.000000000000000000e+00
1.040000000000000000e+02 -6.028059999999999974e+00 1.093562000000000012e+01 0.000000000000000000e+00
1.050000000000000000e+02 -5.577950000000000408e+00 1.313724000000000025e+01 0.000000000000000000e+00
1.060000000000000000e+02 -4.897549999999999848e+00 1.522020999999999979e+01 0.000000000000000000e+00
1.070000000000000000e+02 -5.035940000000000083e+00 1.889114000000000004e+01 0.000000000000000000e+00
1.080000000000000000e+02 -3.747489999999999988e+00 -1.689525000000000077e+01 0.000000000000000000e+00
1.090000000000000000e+02 -3.252619999999999845e+00 -1.485416000000000025e+01 0.000000000000000000e+00
1.100000000000000000e+02 -2.667879999999999807e+00 -1.276961000000000013e+01 0.000000000000000000e+00
1.110000000000000000e+02 -4.197949999999999626e+00 -1.122147000000000006e+01 0.000000000000000000e+00
1.120000000000000000e+02 -3.576509999999999856e+00 -9.190659999999999386e+00 0.000000000000000000e+00
1.130000000000000000e+02 -5.224569999999999936e+00 -7.746039999999999814e+00 0.000000000000000000e+00
1.140000000000000000e+02 -4.618520000000000181e+00 -5.766840000000000188e+00 0.000000000000000000e+00
1.150000000000000000e+02 -4.114259999999999806e+00 -3.741909999999999847e+00 0.000000000000000000e+00
1.160000000000000000e+02 -3.594840000000000035e+00 -1.646919999999999940e+00 0.000000000000000000e+00
1.170000000000000000e+02 -5.062689999999999912e+00 -1.957599999999999896e-01 0.000000000000000000e+00
1.180000000000000000e+02 -4.575809999999999711e+00 1.869119999999999893e+00 0.000000000000000000e+00
1.190000000000000000e+02 -2.038419999999999899e+00 4.440120000000000289e+00 0.000000000000000000e+00
1.200000000000000000e+02 -3.556799999999999962e+00 5.928009999999999557e+00 0.000000000000000000e+00
1.210000000000000000e+02 -3.032669999999999977e+00 7.908249999999999780e+00 0.000000000000000000e+00
1.220000000000000000e+02 -4.555310000000000414e+00 9.424720000000000653e+00 0.000000000000000000e+00
1.230000000000000000e+02 -3.874750000000000139e+00 1.149241999999999919e+01 0.000000000000000000e+00
1.240000000000000000e+02 -3.560529999999999973e+00 1.362743000000000038e+01 0.000000000000000000e+00
1.250000000000000000e+02 -3.610430000000000028e+00 1.737695000000000078e+01 0.000000000000000000e+00
1.260000000000000000e+02 -1.852900000000000102e-01 -1.773442999999999969e+01 0.000000000000000000e+00
1.270000000000000000e+02 -1.705959999999999921e+00 -1.631331000000000131e+01 0.000000000000000000e+00
1.280000000000000000e+02 -1.222860000000000058e+00 -1.427801999999999971e+01 0.000000000000000000e+00
1.290000000000000000e+02 -2.069640000000000146e+00 -1.068085999999999913e+01 0.000000000000000000e+00
1.300000000000000000e+02 -1.570629999999999971e+00 -8.664640000000000342e+00 0.000000000000000000e+00
1.310000000000000000e+02 -3.099489999999999856e+00 -7.161059999999999981e+00 0.000000000000000000e+00
1.320000000000000000e+02 -2.619949999999999779e+00 -5.166419999999999568e+00 0.000000000000000000e+00
1.330000000000000000e+02 -2.017030000000000101e+00 -3.092189999999999994e+00 0.000000000000000000e+00
1.340000000000000000e+02 -1.567919999999999980e+00 -1.038980000000000015e+00 0.000000000000000000e+00
1.350000000000000000e+02 -3.075410000000000199e+00 4.396700000000000053e-01 0.000000000000000000e+00
1.360000000000000000e+02 -2.550940000000000207e+00 2.442390000000000061e+00 0.000000000000000000e+00
1.370000000000000000e+02 9.737999999999999434e-02 5.119390000000000107e+00 0.000000000000000000e+00
1.380000000000000000e+02 -1.445659999999999945e+00 6.490099999999999980e+00 0.000000000000000000e+00
1.390000000000000000e+02 -3.772699999999999942e-01 9.278579999999999828e+00 0.000000000000000000e+00
1.400000000000000000e+02 -2.385829999999999895e+00 9.875619999999999621e+00 0.000000000000000000e+00
1.410000000000000000e+02 -1.497999999999999998e+00 1.329989999999999917e+01 0.000000000000000000e+00
1.420000000000000000e+02 -2.532410000000000050e+00 1.549381999999999948e+01 0.000000000000000000e+00
1.430000000000000000e+02 -1.764799999999999924e+00 1.862400999999999840e+01 0.000000000000000000e+00
1.440000000000000000e+02 -7.783799999999999608e-01 -1.982655000000000101e+01 0.000000000000000000e+00
1.450000000000000000e+02 3.700600000000000001e-01 -1.570097999999999949e+01 0.000000000000000000e+00
1.460000000000000000e+02 8.125400000000000400e-01 -1.366943999999999981e+01 0.000000000000000000e+00
1.470000000000000000e+02 -5.945899999999999519e-01 -1.214215000000000089e+01 0.000000000000000000e+00
1.480000000000000000e+02 -3.490999999999999659e-02 -1.014994000000000085e+01 0.000000000000000000e+00
1.490000000000000000e+02 4.964500000000000024e-01 -8.143909999999999982e+00 0.000000000000000000e+00
1.500000000000000000e+02 -1.051549999999999985e+00 -6.576489999999999725e+00 0.000000000000000000e+00
1.510000000000000000e+02 -5.104400000000000048e-01 -4.572580000000000311e+00 0.000000000000000000e+00
1.520000000000000000e+02 2.926000000000000129e-02 -2.483950000000000102e+00 0.000000000000000000e+00
1.530000000000000000e+02 -1.008359999999999923e+00 9.641800000000000370e-01 0.000000000000000000e+00
1.540000000000000000e+02 -5.157100000000000017e-01 3.022170000000000023e+00 0.000000000000000000e+00
1.550000000000000000e+02 3.100299999999999834e+00 4.756999999999999673e+00 0.000000000000000000e+00
1.560000000000000000e+02 5.459699999999999553e-01 7.200210000000000221e+00 0.000000000000000000e+00
1.570000000000000000e+02 1.212120000000000086e+00 1.086707999999999963e+01 0.000000000000000000e+00
1.580000000000000000e+02 -9.106899999999999995e-01 1.130824999999999925e+01 0.000000000000000000e+00
1.590000000000000000e+02 -3.171000000000000207e-02 1.481765000000000043e+01 0.000000000000000000e+00
1.600000000000000000e+02 -7.250499999999999723e-01 1.677074999999999960e+01 0.000000000000000000e+00
1.610000000000000000e+02 7.158299999999999663e-01 1.852724999999999866e+01 0.000000000000000000e+00
1.620000000000000000e+02 2.233589999999999964e+00 -1.924917999999999907e+01 0.000000000000000000e+00
1.630000000000000000e+02 1.810580000000000078e+00 -1.719893000000000072e+01 0.000000000000000000e+00
1.640000000000000000e+02 3.130199999999999871e+00 -1.537288999999999994e+01 0.000000000000000000e+00
1.650000000000000000e+02 1.452970000000000095e+00 -1.168375999999999948e+01 0.000000000000000000e+00
1.660000000000000000e+02 2.014200000000000212e+00 -9.672240000000000393e+00 0.000000000000000000e+00
1.670000000000000000e+02 2.474460000000000104e+00 -7.536240000000000272e+00 0.000000000000000000e+00
1.680000000000000000e+02 1.002110000000000056e+00 -6.105699999999999683e+00 0.000000000000000000e+00
1.690000000000000000e+02 1.504399999999999959e+00 -3.978340000000000209e+00 0.000000000000000000e+00
1.700000000000000000e+02 2.645239999999999814e+00 -8.677200000000000468e-01 0.000000000000000000e+00
1.710000000000000000e+02 5.832100000000000062e-01 -4.684900000000000175e-01 0.000000000000000000e+00
1.720000000000000000e+02 1.567779999999999951e+00 3.306430000000000202e+00 0.000000000000000000e+00
1.730000000000000000e+02 3.602990000000000137e+00 2.655909999999999993e+00 0.000000000000000000e+00
1.740000000000000000e+02 2.564960000000000129e+00 6.772059999999999746e+00 0.000000000000000000e+00
1.750000000000000000e+02 1.878670000000000062e+00 8.795899999999999608e+00 0.000000000000000000e+00
1.760000000000000000e+02 5.986099999999999755e-01 1.285232000000000063e+01 0.000000000000000000e+00
1.770000000000000000e+02 2.031620000000000203e+00 1.439710000000000001e+01 0.000000000000000000e+00
1.780000000000000000e+02 1.378160000000000052e+00 1.636595000000000155e+01 0.000000000000000000e+00
1.790000000000000000e+02 -4.924299999999999788e-01 2.038054999999999950e+01 0.000000000000000000e+00
1.800000000000000000e+02 3.769099999999999895e+00 -1.782880000000000109e+01 0.000000000000000000e+00
1.810000000000000000e+02 5.212040000000000006e+00 -1.483543000000000056e+01 0.000000000000000000e+00
1.820000000000000000e+02 2.882120000000000015e+00 -1.330840000000000067e+01 0.000000000000000000e+00
1.830000000000000000e+02 3.722010000000000041e+00 -1.106226000000000020e+01 0.000000000000000000e+00
1.840000000000000000e+02 4.085779999999999745e+00 -9.007319999999999993e+00 0.000000000000000000e+00
1.850000000000000000e+02 4.473700000000000010e+00 -6.971210000000000129e+00 0.000000000000000000e+00
1.860000000000000000e+02 3.371140000000000025e+00 -5.091840000000000366e+00 0.000000000000000000e+00
1.870000000000000000e+02 3.282560000000000144e+00 -2.912440000000000140e+00 0.000000000000000000e+00
1.880000000000000000e+02 4.078120000000000189e+00 6.443799999999999528e-01 0.000000000000000000e+00
1.890000000000000000e+02 2.011390000000000011e+00 1.153820000000000068e+00 0.000000000000000000e+00
1.900000000000000000e+02 5.169889999999999652e+00 4.201260000000000439e+00 0.000000000000000000e+00
1.910000000000000000e+02 4.596689999999999721e+00 6.250370000000000203e+00 0.000000000000000000e+00
1.920000000000000000e+02 3.993059999999999832e+00 8.290279999999999205e+00 0.000000000000000000e+00
1.930000000000000000e+02 3.305359999999999854e+00 1.043178999999999945e+01 0.000000000000000000e+00
1.940000000000000000e+02 2.630840000000000067e+00 1.240028000000000041e+01 0.000000000000000000e+00
1.950000000000000000e+02 4.059280000000000221e+00 1.403007000000000026e+01 0.000000000000000000e+00
1.960000000000000000e+02 3.420630000000000059e+00 1.600180999999999898e+01 0.000000000000000000e+00
1.970000000000000000e+02 2.951290000000000191e+00 1.818277000000000143e+01 0.000000000000000000e+00
1.980000000000000000e+02 5.586190000000000211e+00 -1.687099999999999866e+01 0.000000000000000000e+00
1.990000000000000000e+02 7.305880000000000152e+00 -1.569902000000000086e+01 0.000000000000000000e+00
2.000000000000000000e+02 4.883230000000000182e+00 -1.280366000000000071e+01 0.000000000000000000e+00
2.010000000000000000e+02 6.065940000000000332e+00 -9.594569999999999155e+00 0.000000000000000000e+00
2.020000000000000000e+02 6.521550000000000402e+00 -7.557859999999999800e+00 0.000000000000000000e+00
2.030000000000000000e+02 5.871109999999999829e+00 -5.437909999999999577e+00 0.000000000000000000e+00
2.040000000000000000e+02 5.324440000000000062e+00 -3.449580000000000091e+00 0.000000000000000000e+00
2.050000000000000000e+02 4.725030000000000285e+00 -1.390570000000000084e+00 0.000000000000000000e+00
2.060000000000000000e+02 6.169620000000000104e+00 1.258199999999999874e-01 0.000000000000000000e+00
2.070000000000000000e+02 5.599350000000000271e+00 2.154119999999999813e+00 0.000000000000000000e+00
2.080000000000000000e+02 7.186799999999999855e+00 3.670059999999999878e+00 0.000000000000000000e+00
2.090000000000000000e+02 6.667589999999999684e+00 5.875740000000000407e+00 0.000000000000000000e+00
2.100000000000000000e+02 6.012380000000000280e+00 7.910459999999999603e+00 0.000000000000000000e+00
2.110000000000000000e+02 5.428960000000000008e+00 9.880240000000000578e+00 0.000000000000000000e+00
2.120000000000000000e+02 4.717489999999999739e+00 1.204794000000000054e+01 0.000000000000000000e+00
2.130000000000000000e+02 6.118120000000000225e+00 1.363747000000000043e+01 0.000000000000000000e+00
2.140000000000000000e+02 5.471400000000000041e+00 1.562944000000000067e+01 0.000000000000000000e+00
2.150000000000000000e+02 5.054179999999999673e+00 1.790100999999999942e+01 0.000000000000000000e+00
2.160000000000000000e+02 7.604989999999999917e+00 -1.806174000000000035e+01 0.000000000000000000e+00
2.170000000000000000e+02 6.955849999999999866e+00 -1.366001999999999938e+01 0.000000000000000000e+00
2.180000000000000000e+02 6.609359999999999680e+00 -1.161015000000000086e+01 0.000000000000000000e+00
2.190000000000000000e+02 8.593009999999999593e+00 -8.153539999999999566e+00 0.000000000000000000e+00
2.200000000000000000e+02 7.934389999999999610e+00 -5.994760000000000311e+00 0.000000000000000000e+00
2.210000000000000000e+02 9.504599999999999937e+00 -4.496229999999999727e+00 0.000000000000000000e+00
2.220000000000000000e+02 7.336240000000000094e+00 -3.940949999999999953e+00 0.000000000000000000e+00
2.230000000000000000e+02 6.777790000000000425e+00 -1.947079999999999922e+00 0.000000000000000000e+00
2.240000000000000000e+02 8.312290000000000845e+00 -4.253000000000000114e-01 0.000000000000000000e+00
2.250000000000000000e+02 7.621559999999999668e+00 1.621289999999999898e+00 0.000000000000000000e+00
2.260000000000000000e+02 9.242000000000000881e+00 3.180740000000000123e+00 0.000000000000000000e+00
2.270000000000000000e+02 8.658390000000000697e+00 5.165809999999999569e+00 0.000000000000000000e+00
2.280000000000000000e+02 8.108819999999999695e+00 7.350209999999999688e+00 0.000000000000000000e+00
2.290000000000000000e+02 7.486539999999999750e+00 9.399340000000000472e+00 0.000000000000000000e+00
2.300000000000000000e+02 6.821130000000000138e+00 1.164621999999999957e+01 0.000000000000000000e+00
2.310000000000000000e+02 8.232229999999999492e+00 1.316830000000000034e+01 0.000000000000000000e+00
2.320000000000000000e+02 7.685609999999999609e+00 1.521956999999999915e+01 0.000000000000000000e+00
2.330000000000000000e+02 7.519940000000000069e+00 1.728674000000000177e+01 0.000000000000000000e+00
2.340000000000000000e+02 5.588770000000000238e+00 -1.905037000000000091e+01 0.000000000000000000e+00
2.350000000000000000e+02 8.995380000000000820e+00 -1.440527999999999942e+01 0.000000000000000000e+00
2.360000000000000000e+02 8.173389999999999489e+00 -1.018641000000000041e+01 0.000000000000000000e+00
2.370000000000000000e+02 1.064103000000000065e+01 -8.628709999999999880e+00 0.000000000000000000e+00
2.380000000000000000e+02 9.933460000000000178e+00 -6.591709999999999958e+00 0.000000000000000000e+00
2.390000000000000000e+02 1.156990000000000052e+01 -5.035239999999999938e+00 0.000000000000000000e+00
2.400000000000000000e+02 1.090995000000000026e+01 -2.929530000000000189e+00 0.000000000000000000e+00
2.410000000000000000e+02 8.807980000000000587e+00 -2.447179999999999911e+00 0.000000000000000000e+00
2.420000000000000000e+02 1.035441999999999929e+01 -8.967899999999999761e-01 0.000000000000000000e+00
2.430000000000000000e+02 9.756740000000000634e+00 1.092959999999999932e+00 0.000000000000000000e+00
2.440000000000000000e+02 1.132931999999999917e+01 2.740019999999999900e+00 0.000000000000000000e+00
2.450000000000000000e+02 1.068263999999999925e+01 4.729700000000000237e+00 0.000000000000000000e+00
2.460000000000000000e+02 1.011814000000000036e+01 6.913129999999999775e+00 0.000000000000000000e+00
2.470000000000000000e+02 9.499119999999999564e+00 8.927089999999999748e+00 0.000000000000000000e+00
2.480000000000000000e+02 8.835940000000000794e+00 1.103337999999999930e+01 0.000000000000000000e+00
2.490000000000000000e+02 1.022718000000000060e+01 1.257827999999999946e+01 0.000000000000000000e+00
2.500000000000000000e+02 9.732060000000000599e+00 1.461879000000000062e+01 0.000000000000000000e+00
2.510000000000000000e+02 9.585879999999999512e+00 1.675781999999999883e+01 0.000000000000000000e+00
2.520000000000000000e+02 9.453250000000000597e+00 -1.642932000000000059e+01 0.000000000000000000e+00
2.530000000000000000e+02 8.565469999999999473e+00 -1.226773999999999987e+01 0.000000000000000000e+00
2.540000000000000000e+02 1.019525999999999932e+01 -1.083525999999999989e+01 0.000000000000000000e+00
2.550000000000000000e+02 1.255616000000000021e+01 -9.492240000000000677e+00 0.000000000000000000e+00
2.560000000000000000e+02 1.208852000000000082e+01 -7.097809999999999953e+00 0.000000000000000000e+00
2.570000000000000000e+02 1.359186000000000050e+01 -5.632290000000000241e+00 0.000000000000000000e+00
2.580000000000000000e+02 1.298939000000000021e+01 -3.519930000000000003e+00 0.000000000000000000e+00
2.590000000000000000e+02 1.235792000000000002e+01 -1.393690000000000095e+00 0.000000000000000000e+00
2.600000000000000000e+02 1.389514999999999922e+01 7.961000000000000021e-02 0.000000000000000000e+00
2.610000000000000000e+02 1.180148999999999937e+01 6.323600000000000332e-01 0.000000000000000000e+00
2.620000000000000000e+02 1.337613999999999947e+01 2.217909999999999826e+00 0.000000000000000000e+00
2.630000000000000000e+02 1.279011999999999993e+01 4.398380000000000400e+00 0.000000000000000000e+00
2.640000000000000000e+02 1.216685999999999979e+01 6.438310000000000421e+00 0.000000000000000000e+00
2.650000000000000000e+02 1.153097999999999956e+01 8.475099999999999412e+00 0.000000000000000000e+00
2.660000000000000000e+02 1.088252999999999915e+01 1.045705000000000062e+01 0.000000000000000000e+00
2.670000000000000000e+02 1.310914999999999964e+01 9.978519999999999612e+00 0.000000000000000000e+00
2.680000000000000000e+02 1.230865000000000009e+01 1.206291000000000047e+01 0.000000000000000000e+00
2.690000000000000000e+02 1.177778999999999954e+01 1.421105000000000018e+01 0.000000000000000000e+00
2.700000000000000000e+02 1.099268000000000001e+01 -1.503461000000000070e+01 0.000000000000000000e+00
2.710000000000000000e+02 1.056727000000000061e+01 -1.293776000000000082e+01 0.000000000000000000e+00
2.720000000000000000e+02 1.229828000000000010e+01 -1.162795000000000023e+01 0.000000000000000000e+00
2.730000000000000000e+02 1.411166000000000054e+01 -7.655800000000000161e+00 0.000000000000000000e+00
2.740000000000000000e+02 1.561180000000000057e+01 -6.186209999999999987e+00 0.000000000000000000e+00
2.750000000000000000e+02 1.743541000000000096e+01 -4.847879999999999967e+00 0.000000000000000000e+00
2.760000000000000000e+02 1.526939999999999920e+01 -4.031789999999999985e+00 0.000000000000000000e+00
2.770000000000000000e+02 1.445944000000000074e+01 -1.897380000000000067e+00 0.000000000000000000e+00
2.780000000000000000e+02 1.595439999999999969e+01 -3.809699999999999753e-01 0.000000000000000000e+00
2.790000000000000000e+02 1.539474000000000053e+01 1.787889999999999979e+00 0.000000000000000000e+00
2.800000000000000000e+02 1.480841999999999992e+01 3.865409999999999791e+00 0.000000000000000000e+00
2.810000000000000000e+02 1.419597000000000087e+01 5.934899999999999842e+00 0.000000000000000000e+00
2.820000000000000000e+02 1.566830000000000034e+01 7.413140000000000285e+00 0.000000000000000000e+00
2.830000000000000000e+02 1.847447999999999979e+01 4.876619999999999955e+00 0.000000000000000000e+00
2.840000000000000000e+02 1.359318000000000026e+01 7.966689999999999827e+00 0.000000000000000000e+00
2.850000000000000000e+02 1.508909000000000056e+01 9.411839999999999762e+00 0.000000000000000000e+00
2.860000000000000000e+02 1.460237000000000052e+01 1.153923999999999950e+01 0.000000000000000000e+00
2.870000000000000000e+02 1.386386000000000074e+01 1.352603000000000044e+01 0.000000000000000000e+00
2.880000000000000000e+02 1.271457000000000015e+01 -1.377749000000000024e+01 0.000000000000000000e+00
2.890000000000000000e+02 1.434009999999999962e+01 -1.233012000000000086e+01 0.000000000000000000e+00
2.900000000000000000e+02 1.461036000000000001e+01 -1.018833000000000055e+01 0.000000000000000000e+00
2.910000000000000000e+02 1.599540000000000006e+01 -8.517189999999999372e+00 0.000000000000000000e+00
2.920000000000000000e+02 1.755922999999999945e+01 -6.944350000000000023e+00 0.000000000000000000e+00
2.930000000000000000e+02 1.864939000000000036e+01 -2.954779999999999962e+00 0.000000000000000000e+00
2.940000000000000000e+02 1.822862999999999900e+01 -8.369499999999999718e-01 0.000000000000000000e+00
2.950000000000000000e+02 1.663587000000000060e+01 -2.450079999999999814e+00 0.000000000000000000e+00
2.960000000000000000e+02 1.742996000000000123e+01 1.232369999999999965e+00 0.000000000000000000e+00
2.970000000000000000e+02 1.683567999999999998e+01 3.380349999999999966e+00 0.000000000000000000e+00
2.980000000000000000e+02 1.902268000000000114e+01 2.693210000000000104e+00 0.000000000000000000e+00
2.990000000000000000e+02 1.642299999999999827e+01 5.410510000000000375e+00 0.000000000000000000e+00
