0.000000000000000000e+00 -1.437581999999999915e+01 -1.283057999999999943e+01 0.000000000000000000e+00
1.000000000000000000e+00 -1.485726000000000013e+01 -1.072025000000000006e+01 0.000000000000000000e+00
2.000000000000000000e+00 -1.689149000000000100e+01 -1.018509000000000064e+01 0.000000000000000000e+00
3.000000000000000000e+00 -1.537238999999999933e+01 -8.686799999999999855e+00 0.000000000000000000e+00
4.000000000000000000e+00 -1.740680000000000049e+01 -8.064379999999999882e+00 0.000000000000000000e+00
5.000000000000000000e+00 -1.800731999999999999e+01 -5.787359999999999616e+00 0.000000000000000000e+00
6.000000000000000000e+00 -1.635406000000000049e+01 -4.224400000000000155e+00 0.000000000000000000e+00
7.000000000000000000e+00 -1.833417999999999992e+01 -3.502120000000000122e+00 0.000000000000000000e+00
8.000000000000000000e+00 -1.681882999999999839e+01 -1.963479999999999892e+00 0.000000000000000000e+00
9.000000000000000000e+00 -1.821846999999999994e+01 -4.080799999999999983e-01 0.000000000000000000e+00
1.000000000000000000e+01 -1.873966000000000065e+01 2.085859999999999825e+00 0.000000000000000000e+00
1.100000000000000000e+01 -2.026100999999999885e+01 1.897000000000000075e-01 0.000000000000000000e+00
1.200000000000000000e+01 -1.486433000000000071e+01 7.209329999999999572e+00 0.000000000000000000e+00
1.300000000000000000e+01 -1.847847000000000151e+01 4.435590000000000366e+00 0.000000000000000000e+00
1.400000000000000000e+01 -1.706385999999999825e+01 6.716820000000000235e+00 0.000000000000000000e+00
1.500000000000000000e+01 -1.641226999999999947e+01 8.698959999999999582e+00 0.000000000000000000e+00
1.600000000000000000e+01 -1.575618000000000052e+01 1.108877000000000024e+01 0.000000000000000000e+00
1.700000000000000000e+01 -1.220856000000000030e+01 1.551130000000000031e+01 0.000000000000000000e+00
1.800000000000000000e+01 -1.160946999999999996e+01 -1.555941999999999936e+01 0.000000000000000000e+00
1.900000000000000000e+01 -1.219787999999999961e+01 -1.338992000000000004e+01 0.000000000000000000e+00
2.000000000000000000e+01 -1.285178999999999938e+01 -1.140944000000000003e+01 0.000000000000000000e+00
2.100000000000000000e+01 -1.329579999999999984e+01 -9.295180000000000220e+00 0.000000000000000000e+00
2.200000000000000000e+01 -1.397746000000000066e+01 -7.128070000000000128e+00 0.000000000000000000e+00
2.300000000000000000e+01 -1.593177000000000021e+01 -6.471650000000000347e+00 0.000000000000000000e+00
2.400000000000000000e+01 -1.440070000000000050e+01 -4.911780000000000257e+00 0.000000000000000000e+00
2.500000000000000000e+01 -1.489508000000000010e+01 -2.775609999999999911e+00 0.000000000000000000e+00
2.600000000000000000e+01 -1.522785999999999973e+01 -5.717299999999999605e-01 0.000000000000000000e+00
2.700000000000000000e+01 -1.676171000000000078e+01 1.116109999999999935e+00 0.000000000000000000e+00
2.800000000000000000e+01 -1.668990000000000151e+01 3.295300000000000118e+00 0.000000000000000000e+00
2.900000000000000000e+01 -1.550704999999999956e+01 5.245029999999999859e+00 0.000000000000000000e+00
3.000000000000000000e+01 -1.318178999999999945e+01 6.004540000000000433e+00 0.000000000000000000e+00
3.100000000000000000e+01 -1.269844999999999935e+01 8.070249999999999702e+00 0.000000000000000000e+00
3.200000000000000000e+01 -1.445293000000000028e+01 9.353880000000000194e+00 0.000000000000000000e+00
3.300000000000000000e+01 -1.355575999999999937e+01 1.150599000000000061e+01 0.000000000000000000e+00
3.400000000000000000e+01 -1.281561999999999912e+01 1.349896999999999991e+01 0.000000000000000000e+00
3.500000000000000000e+01 -1.022180000000000000e+01 1.626541999999999888e+01 0.000000000000000000e+00
3.600000000000000000e+01 -9.572119999999999962e+00 -1.612510999999999939e+01 0.000000000000000000e+00
3.700000000000000000e+01 -1.021325000000000038e+01 -1.398849000000000053e+01 0.000000000000000000e+00
3.800000000000000000e+01 -1.074091999999999913e+01 -1.191690999999999967e+01 0.000000000000000000e+00
3.900000000000000000e+01 -1.131780000000000008e+01 -9.933410000000000295e+00 0.000000000000000000e+00
4.000000000000000000e+01 -1.192872000000000021e+01 -7.721490000000000187e+00 0.000000000000000000e+00
4.100000000000000000e+01 -1.244612000000000052e+01 -5.615260000000000140e+00 0.000000000000000000e+00
4.200000000000000000e+01 -1.289987999999999957e+01 -3.469489999999999963e+00 0.000000000000000000e+00
4.300000000000000000e+01 -1.323780999999999963e+01 -1.395289999999999919e+00 0.000000000000000000e+00
4.400000000000000000e+01 -1.356766000000000005e+01 6.726900000000000102e-01 0.000000000000000000e+00
4.500000000000000000e+01 -1.491219000000000072e+01 2.219899999999999984e+00 0.000000000000000000e+00
4.600000000000000000e+01 -1.379142000000000046e+01 4.022120000000000140e+00 0.000000000000000000e+00
4.700000000000000000e+01 -1.174757999999999925e+01 4.412569999999999659e+00 0.000000000000000000e+00
4.800000000000000000e+01 -1.110274000000000072e+01 6.392890000000000406e+00 0.000000000000000000e+00
4.900000000000000000e+01 -1.056727000000000061e+01 8.474050000000000082e+00 0.000000000000000000e+00
5.000000000000000000e+01 -1.203068999999999988e+01 1.008372999999999919e+01 0.000000000000000000e+00
5.100000000000000000e+01 -1.134076999999999913e+01 1.202843999999999980e+01 0.000000000000000000e+00
5.200000000000000000e+01 -1.074930999999999948e+01 1.401526999999999923e+01 0.000000000000000000e+00
5.300000000000000000e+01 -8.156420000000000670e+00 1.647687000000000168e+01 0.000000000000000000e+00
5.400000000000000000e+01 -7.561049999999999827e+00 -1.682797000000000054e+01 0.000000000000000000e+00
5.500000000000000000e+01 -8.114779999999999660e+00 -1.465882000000000041e+01 0.000000000000000000e+00
5.600000000000000000e+01 -8.567529999999999646e+00 -1.259506999999999977e+01 0.000000000000000000e+00
5.700000000000000000e+01 -9.246320000000000761e+00 -1.031066000000000038e+01 0.000000000000000000e+00
5.800000000000000000e+01 -9.915749999999999176e+00 -8.265670000000000073e+00 0.000000000000000000e+00
5.900000000000000000e+01 -1.038865999999999978e+01 -6.201550000000000118e+00 0.000000000000000000e+00
6.000000000000000000e+01 -1.079194000000000031e+01 -4.063780000000000392e+00 0.000000000000000000e+00
6.100000000000000000e+01 -1.127426999999999957e+01 -2.052470000000000017e+00 0.000000000000000000e+00
6.200000000000000000e+01 -9.728519999999999612e+00 -6.602000000000000091e-01 0.000000000000000000e+00
6.300000000000000000e+01 -1.150165999999999933e+01 5.241599999999999593e-01 0.000000000000000000e+00
6.400000000000000000e+01 -1.243889000000000067e+01 2.427290000000000170e+00 0.000000000000000000e+00
6.500000000000000000e+01 -9.676500000000000767e+00 4.743280000000000385e+00 0.000000000000000000e+00
6.600000000000000000e+01 -9.036039999999999850e+00 6.774650000000000283e+00 0.000000000000000000e+00
6.700000000000000000e+01 -8.362600000000000477e+00 8.903420000000000556e+00 0.000000000000000000e+00
6.800000000000000000e+01 -9.986309999999999576e+00 1.047170000000000023e+01 0.000000000000000000e+00
6.900000000000000000e+01 -9.204599999999999227e+00 1.241572999999999993e+01 0.000000000000000000e+00
7.000000000000000000e+01 -8.715429999999999566e+00 1.442285000000000039e+01 0.000000000000000000e+00
7.100000000000000000e+01 -6.171789999999999665e+00 1.701577999999999946e+01 0.000000000000000000e+00
7.200000000000000000e+01 -5.186670000000000336e+00 -1.729300999999999888e+01 0.000000000000000000e+00
7.300000000000000000e+01 -5.891689999999999650e+00 -1.532600000000000051e+01 0.000000000000000000e+00
7.400000000000000000e+01 -6.502180000000000071e+00 -1.311936999999999998e+01 0.000000000000000000e+00
7.500000000000000000e+01 -7.212299999999999933e+00 -1.089302999999999955e+01 0.000000000000000000e+00
7.600000000000000000e+01 -7.766869999999999941e+00 -8.854129999999999612e+00 0.000000000000000000e+00
7.700000000000000000e+01 -8.414559999999999818e+00 -6.800589999999999691e+00 0.000000000000000000e+00
7.800000000000000000e+01 -8.800760000000000360e+00 -4.721210000000000129e+00 0.000000000000000000e+00
7.900000000000000000e+01 -9.249430000000000263e+00 -2.682830000000000048e+00 0.000000000000000000e+00
8.000000000000000000e+01 -7.497340000000000337e+00 -6.430200000000000360e-01 0.000000000000000000e+00
8.100000000000000000e+01 -8.840370000000000061e+00 1.193990000000000107e+00 0.000000000000000000e+00
8.200000000000000000e+01 -1.036054000000000030e+01 2.694949999999999957e+00 0.000000000000000000e+00
8.300000000000000000e+01 -7.638099999999999667e+00 5.216770000000000351e+00 0.000000000000000000e+00
8.400000000000000000e+01 -6.966829999999999856e+00 7.256820000000000270e+00 0.000000000000000000e+00
8.500000000000000000e+01 -6.343860000000000277e+00 9.324270000000000280e+00 0.000000000000000000e+00
8.600000000000000000e+01 -7.769899999999999807e+00 1.089265999999999934e+01 0.000000000000000000e+00
8.700000000000000000e+01 -7.104639999999999844e+00 1.285384999999999955e+01 0.000000000000000000e+00
8.800000000000000000e+01 -6.630659999999999776e+00 1.492645000000000088e+01 0.000000000000000000e+00
8.900000000000000000e+01 -3.919570000000000221e+00 1.747240000000000038e+01 0.000000000000000000e+00
9.000000000000000000e+01 -2.585560000000000080e+00 -1.956787999999999883e+01 0.000000000000000000e+00
9.100000000000000000e+01 -3.783490000000000020e+00 -1.559055999999999997e+01 0.000000000000000000e+00
9.200000000000000000e+01 -4.356639999999999624e+00 -1.359301999999999921e+01 0.000000000000000000e+00
9.300000000000000000e+01 -5.058250000000000135e+00 -1.155855000000000032e+01 0.000000000000000000e+00
9.400000000000000000e+01 -5.618109999999999715e+00 -9.512620000000000076e+00 0.000000000000000000e+00
9.500000000000000000e+01 -6.269519999999999982e+00 -7.385740000000000194e+00 0.000000000000000000e+00
9.600000000000000000e+01 -6.799409999999999954e+00 -5.345570000000000377e+00 0.000000000000000000e+00
9.700000000000000000e+01 -7.275789999999999758e+00 -3.314259999999999984e+00 0.000000000000000000e+00
9.800000000000000000e+01 -5.766110000000000291e+00 -1.850610000000000088e+00 0.000000000000000000e+00
9.900000000000000000e+01 -6.834419999999999717e+00 1.696469999999999922e+00 0.000000000000000000e+00
1.000000000000000000e+02 -8.290589999999999904e+00 3.195969999999999978e+00 0.000000000000000000e+00
1.010000000000000000e+02 -6.191690000000000360e+00 3.686040000000000205e+00 0.000000000000000000e+00
1.020000000000000000e+02 -5.583179999999999588e+00 5.670449999999999768e+00 0.000000000000000000e+00
1.030000000000000000e+02 -4.870870000000000033e+00 7.742600000000000371e+00 0.000000000000000000e+00
1.040000000000000000e+02 -5.702510000000000190e+00 1.127988999999999997e+01 0.000000000000000000e+00
1.050000000000000000e+02 -5.092299999999999827e+00 1.338535000000000075e+01 0.000000000000000000e+00
1.060000000000000000e+02 -4.453090000000000437e+00 1.536683999999999983e+01 0.000000000000000000e+00
1.070000000000000000e+02 -3.398289999999999811e+00 1.946104000000000056e+01 0.000000000000000000e+00
1.080000000000000000e+02 -3.117570000000000174e+00 -1.757102000000000075e+01 0.000000000000000000e+00
1.090000000000000000e+02 -2.281660000000000021e+00 -1.399916999999999945e+01 0.000000000000000000e+00
1.100000000000000000e+02 -2.966709999999999958e+00 -1.203975999999999935e+01 0.000000000000000000e+00
1.110000000000000000e+02 -3.558640000000000025e+00 -9.915119999999999933e+00 0.000000000000000000e+00
1.120000000000000000e+02 -4.187990000000000101e+00 -7.945330000000000226e+00 0.000000000000000000e+00
1.130000000000000000e+02 -4.780879999999999797e+00 -5.852050000000000196e+00 0.000000000000000000e+00
1.140000000000000000e+02 -3.277149999999999785e+00 -4.405079999999999885e+00 0.000000000000000000e+00
1.150000000000000000e+02 -5.270690000000000097e+00 -3.853489999999999860e+00 0.000000000000000000e+00
1.160000000000000000e+02 -3.696540000000000159e+00 -1.907810000000000006e+00 0.000000000000000000e+00
1.170000000000000000e+02 -5.386619999999999742e+00 1.925800000000000012e-01 0.000000000000000000e+00
1.180000000000000000e+02 -4.706710000000000171e+00 2.167670000000000208e+00 0.000000000000000000e+00
1.190000000000000000e+02 -4.151769999999999960e+00 4.166319999999999801e+00 0.000000000000000000e+00
1.200000000000000000e+02 -3.432259999999999867e+00 6.199399999999999800e+00 0.000000000000000000e+00
1.210000000000000000e+02 -2.850130000000000052e+00 8.253989999999999938e+00 0.000000000000000000e+00
1.220000000000000000e+02 -4.312850000000000072e+00 9.728429999999999467e+00 0.000000000000000000e+00
1.230000000000000000e+02 -3.669070000000000054e+00 1.168576999999999977e+01 0.000000000000000000e+00
1.240000000000000000e+02 -3.044550000000000090e+00 1.374568999999999974e+01 0.000000000000000000e+00
1.250000000000000000e+02 -2.427960000000000118e+00 1.584962999999999944e+01 0.000000000000000000e+00
1.260000000000000000e+02 -4.828399999999999914e-01 -2.031704999999999828e+01 0.000000000000000000e+00
1.270000000000000000e+02 -1.684260000000000090e+00 -1.598523999999999923e+01 0.000000000000000000e+00
1.280000000000000000e+02 -8.928099999999999925e-01 -1.243786000000000058e+01 0.000000000000000000e+00
1.290000000000000000e+02 -1.570440000000000058e+00 -1.048329000000000022e+01 0.000000000000000000e+00
1.300000000000000000e+02 -2.125059999999999949e+00 -8.425610000000000710e+00 0.000000000000000000e+00
1.310000000000000000e+02 -2.768699999999999939e+00 -6.403470000000000439e+00 0.000000000000000000e+00
1.320000000000000000e+02 -1.267640000000000100e+00 -4.917760000000000353e+00 0.000000000000000000e+00
1.330000000000000000e+02 -1.849169999999999980e+00 -2.921539999999999804e+00 0.000000000000000000e+00
1.340000000000000000e+02 -1.846030000000000060e+00 -8.284299999999999997e-01 0.000000000000000000e+00
1.350000000000000000e+02 -3.315329999999999888e+00 6.151299999999999546e-01 0.000000000000000000e+00
1.360000000000000000e+02 -2.632150000000000212e+00 2.734700000000000131e+00 0.000000000000000000e+00
1.370000000000000000e+02 -1.967600000000000016e+00 4.706839999999999691e+00 0.000000000000000000e+00
1.380000000000000000e+02 -1.401929999999999898e+00 6.745429999999999815e+00 0.000000000000000000e+00
1.390000000000000000e+02 -7.265599999999999836e-01 8.708140000000000214e+00 0.000000000000000000e+00
1.400000000000000000e+02 -2.136229999999999851e+00 1.019872999999999941e+01 0.000000000000000000e+00
1.410000000000000000e+02 -1.425010000000000110e+00 1.228824000000000005e+01 0.000000000000000000e+00
1.420000000000000000e+02 -9.618200000000000083e-01 1.440015000000000001e+01 0.000000000000000000e+00
1.430000000000000000e+02 -1.885099999999999998e+00 1.791645000000000110e+01 0.000000000000000000e+00
1.440000000000000000e+02 4.822000000000000175e-01 -1.661412999999999940e+01 0.000000000000000000e+00
1.450000000000000000e+02 -6.879000000000000392e-02 -1.450918000000000063e+01 0.000000000000000000e+00
1.460000000000000000e+02 1.264499999999999957e+00 -1.292608000000000068e+01 0.000000000000000000e+00
1.470000000000000000e+02 5.357699999999999685e-01 -1.092365999999999993e+01 0.000000000000000000e+00
1.480000000000000000e+02 -8.512000000000000122e-02 -8.934960000000000235e+00 0.000000000000000000e+00
1.490000000000000000e+02 -6.877400000000000180e-01 -6.944729999999999848e+00 0.000000000000000000e+00
1.500000000000000000e+02 7.326599999999999779e-01 -5.410809999999999675e+00 0.000000000000000000e+00
1.510000000000000000e+02 1.723699999999999954e-01 -3.410629999999999828e+00 0.000000000000000000e+00
1.520000000000000000e+02 2.748200000000000087e-01 -2.795300000000000007e-01 0.000000000000000000e+00
1.530000000000000000e+02 -1.214199999999999946e+00 1.203140000000000098e+00 0.000000000000000000e+00
1.540000000000000000e+02 -6.092699999999999783e-01 3.170059999999999878e+00 0.000000000000000000e+00
1.550000000000000000e+02 4.599999999999999922e-02 5.176829999999999821e+00 0.000000000000000000e+00
1.560000000000000000e+02 6.506300000000000416e-01 7.148480000000000167e+00 0.000000000000000000e+00
1.570000000000000000e+02 -6.648999999999999355e-02 1.070123000000000069e+01 0.000000000000000000e+00
1.580000000000000000e+02 6.109200000000000186e-01 1.279991000000000057e+01 0.000000000000000000e+00
1.590000000000000000e+02 1.756799999999999917e+00 1.685807000000000144e+01 0.000000000000000000e+00
1.600000000000000000e+02 -4.141900000000000026e-01 1.638930999999999827e+01 0.000000000000000000e+00
1.610000000000000000e+02 3.117699999999999916e-01 1.834690000000000154e+01 0.000000000000000000e+00
1.620000000000000000e+02 -1.034890000000000088e+00 -1.802609999999999957e+01 0.000000000000000000e+00
1.630000000000000000e+02 1.918879999999999919e+00 -1.506212999999999980e+01 0.000000000000000000e+00
1.640000000000000000e+02 4.106980000000000075e+00 -1.571043000000000056e+01 0.000000000000000000e+00
1.650000000000000000e+02 2.694160000000000110e+00 -1.142295999999999978e+01 0.000000000000000000e+00
1.660000000000000000e+02 1.997109999999999941e+00 -9.414229999999999876e+00 0.000000000000000000e+00
1.670000000000000000e+02 1.361019999999999897e+00 -7.446150000000000269e+00 0.000000000000000000e+00
1.680000000000000000e+02 2.207809999999999828e+00 -3.874649999999999928e+00 0.000000000000000000e+00
1.690000000000000000e+02 1.588700000000000001e+00 -1.904139999999999944e+00 0.000000000000000000e+00
1.700000000000000000e+02 2.455159999999999787e+00 -1.906000000000000055e-02 0.000000000000000000e+00
1.710000000000000000e+02 8.412699999999999623e-01 1.693389999999999951e+00 0.000000000000000000e+00
1.720000000000000000e+02 1.505449999999999955e+00 3.641620000000000079e+00 0.000000000000000000e+00
1.730000000000000000e+02 2.069970000000000088e+00 5.648460000000000036e+00 0.000000000000000000e+00
1.740000000000000000e+02 2.775360000000000049e+00 7.636949999999999683e+00 0.000000000000000000e+00
1.750000000000000000e+02 1.285020000000000051e+00 9.139950000000000685e+00 0.000000000000000000e+00
1.760000000000000000e+02 1.936190000000000078e+00 1.119992000000000054e+01 0.000000000000000000e+00
1.770000000000000000e+02 1.229149999999999965e+00 1.484820000000000029e+01 0.000000000000000000e+00
1.780000000000000000e+02 3.915070000000000050e+00 1.717351000000000028e+01 0.000000000000000000e+00
1.790000000000000000e+02 -1.034450000000000092e+00 1.990480000000000160e+01 0.000000000000000000e+00
1.800000000000000000e+02 1.291909999999999892e+00 -1.882291999999999987e+01 0.000000000000000000e+00
1.810000000000000000e+02 2.517720000000000180e+00 -1.706007999999999925e+01 0.000000000000000000e+00
1.820000000000000000e+02 3.435970000000000191e+00 -1.368017000000000039e+01 0.000000000000000000e+00
1.830000000000000000e+02 4.120510000000000339e+00 -9.878690000000000637e+00 0.000000000000000000e+00
1.840000000000000000e+02 3.424729999999999830e+00 -7.919389999999999930e+00 0.000000000000000000e+00
1.850000000000000000e+02 2.748359999999999914e+00 -5.909229999999999983e+00 0.000000000000000000e+00
1.860000000000000000e+02 4.247230000000000061e+00 -4.191230000000000011e+00 0.000000000000000000e+00
1.870000000000000000e+02 3.677169999999999828e+00 -1.996709999999999985e+00 0.000000000000000000e+00
1.880000000000000000e+02 4.545440000000000147e+00 -5.430999999999999717e-02 0.000000000000000000e+00
1.890000000000000000e+02 2.880050000000000221e+00 1.991349999999999953e+00 0.000000000000000000e+00
1.900000000000000000e+02 4.960230000000000139e+00 2.420040000000000191e+00 0.000000000000000000e+00
1.910000000000000000e+02 3.543649999999999967e+00 4.043099999999999916e+00 0.000000000000000000e+00
1.920000000000000000e+02 4.170560000000000045e+00 6.077490000000000059e+00 0.000000000000000000e+00
1.930000000000000000e+02 4.973169999999999646e+00 8.064149999999999707e+00 0.000000000000000000e+00
1.940000000000000000e+02 3.423989999999999867e+00 9.589790000000000703e+00 0.000000000000000000e+00
1.950000000000000000e+02 2.697769999999999779e+00 1.319488999999999912e+01 0.000000000000000000e+00
1.960000000000000000e+02 3.312920000000000087e+00 1.521011999999999986e+01 0.000000000000000000e+00
1.970000000000000000e+02 2.434079999999999799e+00 1.886389000000000138e+01 0.000000000000000000e+00
1.980000000000000000e+02 6.179599999999999760e+00 -1.607589000000000112e+01 0.000000000000000000e+00
1.990000000000000000e+02 5.446550000000000225e+00 -1.413523999999999958e+01 0.000000000000000000e+00
2.000000000000000000e+02 4.704670000000000130e+00 -1.201831999999999923e+01 0.000000000000000000e+00
2.010000000000000000e+02 5.510119999999999685e+00 -8.252019999999999911e+00 0.000000000000000000e+00
2.020000000000000000e+02 6.929499999999999993e+00 -6.741530000000000022e+00 0.000000000000000000e+00
2.030000000000000000e+02 4.859659999999999869e+00 -6.269459999999999589e+00 0.000000000000000000e+00
2.040000000000000000e+02 6.305299999999999905e+00 -4.443159999999999776e+00 0.000000000000000000e+00
2.050000000000000000e+02 5.869019999999999904e+00 -1.747880000000000100e+00 0.000000000000000000e+00
2.060000000000000000e+02 7.706470000000000375e+00 -6.833500000000000130e-01 0.000000000000000000e+00
2.070000000000000000e+02 6.382249999999999979e+00 9.346299999999999608e-01 0.000000000000000000e+00
2.080000000000000000e+02 7.028380000000000294e+00 2.978530000000000122e+00 0.000000000000000000e+00
2.090000000000000000e+02 5.551859999999999573e+00 4.550110000000000099e+00 0.000000000000000000e+00
2.100000000000000000e+02 6.299900000000000055e+00 6.486150000000000304e+00 0.000000000000000000e+00
2.110000000000000000e+02 5.426669999999999661e+00 1.009778999999999982e+01 0.000000000000000000e+00
2.120000000000000000e+02 4.016750000000000043e+00 1.160627000000000031e+01 0.000000000000000000e+00
2.130000000000000000e+02 4.737659999999999982e+00 1.359857000000000049e+01 0.000000000000000000e+00
2.140000000000000000e+02 5.396980000000000111e+00 1.569394999999999918e+01 0.000000000000000000e+00
2.150000000000000000e+02 6.223860000000000170e+00 1.797097000000000122e+01 0.000000000000000000e+00
2.160000000000000000e+02 4.833770000000000344e+00 -1.764827000000000012e+01 0.000000000000000000e+00
2.170000000000000000e+02 7.561460000000000292e+00 -1.449699000000000026e+01 0.000000000000000000e+00
2.180000000000000000e+02 6.854759999999999742e+00 -1.234500000000000064e+01 0.000000000000000000e+00
2.190000000000000000e+02 6.180889999999999773e+00 -1.020768999999999949e+01 0.000000000000000000e+00
2.200000000000000000e+02 7.672539999999999694e+00 -8.747139999999999915e+00 0.000000000000000000e+00
2.210000000000000000e+02 8.313489999999999824e+00 -5.123000000000000220e+00 0.000000000000000000e+00
2.220000000000000000e+02 9.783179999999999765e+00 -3.535860000000000003e+00 0.000000000000000000e+00
2.230000000000000000e+02 7.768440000000000012e+00 -2.901069999999999816e+00 0.000000000000000000e+00
2.240000000000000000e+02 9.721569999999999823e+00 -2.210600000000000065e-01 0.000000000000000000e+00
2.250000000000000000e+02 8.435219999999999274e+00 1.431059999999999999e+00 0.000000000000000000e+00
2.260000000000000000e+02 9.074360000000000426e+00 3.413879999999999804e+00 0.000000000000000000e+00
2.270000000000000000e+02 7.702950000000000408e+00 4.974140000000000228e+00 0.000000000000000000e+00
2.280000000000000000e+02 8.428660000000000707e+00 6.971210000000000129e+00 0.000000000000000000e+00
2.290000000000000000e+02 7.010620000000000296e+00 8.494070000000000675e+00 0.000000000000000000e+00
2.300000000000000000e+02 7.550399999999999778e+00 1.048559000000000019e+01 0.000000000000000000e+00
2.310000000000000000e+02 6.118599999999999817e+00 1.208453000000000088e+01 0.000000000000000000e+00
2.320000000000000000e+02 6.745709999999999873e+00 1.410074999999999967e+01 0.000000000000000000e+00
2.330000000000000000e+02 7.460589999999999833e+00 1.618392000000000053e+01 0.000000000000000000e+00
2.340000000000000000e+02 7.045849999999999724e+00 -1.823656000000000077e+01 0.000000000000000000e+00
2.350000000000000000e+02 8.861750000000000682e+00 -1.280010000000000048e+01 0.000000000000000000e+00
2.360000000000000000e+02 8.252729999999999677e+00 -1.074464000000000041e+01 0.000000000000000000e+00
2.370000000000000000e+02 9.790509999999999380e+00 -9.191159999999999997e+00 0.000000000000000000e+00
2.380000000000000000e+02 9.048209999999999198e+00 -7.109560000000000102e+00 0.000000000000000000e+00
2.390000000000000000e+02 1.050158000000000058e+01 -5.515460000000000029e+00 0.000000000000000000e+00
2.400000000000000000e+02 1.209465999999999930e+01 -3.892319999999999780e+00 0.000000000000000000e+00
2.410000000000000000e+02 1.102365999999999957e+01 -1.837499999999999911e+00 0.000000000000000000e+00
2.420000000000000000e+02 1.176613000000000042e+01 1.615399999999999892e-01 0.000000000000000000e+00
2.430000000000000000e+02 1.050048999999999921e+01 1.795139999999999958e+00 0.000000000000000000e+00
2.440000000000000000e+02 1.132850999999999964e+01 3.696400000000000130e+00 0.000000000000000000e+00
2.450000000000000000e+02 9.759090000000000487e+00 5.402849999999999930e+00 0.000000000000000000e+00
2.460000000000000000e+02 1.182438999999999929e+01 5.693819999999999659e+00 0.000000000000000000e+00
2.470000000000000000e+02 9.048379999999999868e+00 8.944750000000000867e+00 0.000000000000000000e+00
2.480000000000000000e+02 9.604319999999999524e+00 1.095581999999999923e+01 0.000000000000000000e+00
2.490000000000000000e+02 8.152659999999999130e+00 1.253766000000000069e+01 0.000000000000000000e+00
2.500000000000000000e+02 8.834910000000000707e+00 1.459975000000000023e+01 0.000000000000000000e+00
2.510000000000000000e+02 8.374390000000000001e+00 1.836482000000000170e+01 0.000000000000000000e+00
2.520000000000000000e+02 8.369030000000000413e+00 -1.663140999999999892e+01 0.000000000000000000e+00
2.530000000000000000e+02 1.103888000000000069e+01 -1.316442999999999941e+01 0.000000000000000000e+00
2.540000000000000000e+02 1.029649999999999999e+01 -1.119908000000000037e+01 0.000000000000000000e+00
2.550000000000000000e+02 1.189638000000000062e+01 -9.517590000000000217e+00 0.000000000000000000e+00
2.560000000000000000e+02 1.114892000000000039e+01 -7.528500000000000192e+00 0.000000000000000000e+00
2.570000000000000000e+02 1.258952999999999989e+01 -5.911559999999999704e+00 0.000000000000000000e+00
2.580000000000000000e+02 1.418139000000000038e+01 -3.977329999999999810e+00 0.000000000000000000e+00
2.590000000000000000e+02 1.308844999999999992e+01 -2.019989999999999952e+00 0.000000000000000000e+00
2.600000000000000000e+02 1.406586000000000070e+01 5.275800000000000489e-01 0.000000000000000000e+00
2.610000000000000000e+02 1.270146000000000086e+01 2.115250000000000075e+00 0.000000000000000000e+00
2.620000000000000000e+02 1.331563000000000052e+01 4.236710000000000420e+00 0.000000000000000000e+00
2.630000000000000000e+02 1.409322000000000052e+01 6.168940000000000090e+00 0.000000000000000000e+00
2.640000000000000000e+02 1.263795999999999964e+01 7.667349999999999888e+00 0.000000000000000000e+00
2.650000000000000000e+02 1.051872999999999969e+01 7.377480000000000260e+00 0.000000000000000000e+00
2.660000000000000000e+02 1.107348999999999961e+01 9.420019999999999172e+00 0.000000000000000000e+00
2.670000000000000000e+02 1.174569999999999936e+01 1.148389000000000060e+01 0.000000000000000000e+00
2.680000000000000000e+02 1.028733000000000075e+01 1.297958000000000034e+01 0.000000000000000000e+00
2.690000000000000000e+02 9.581260000000000332e+00 1.657289000000000101e+01 0.000000000000000000e+00
2.700000000000000000e+02 9.826700000000000657e+00 -1.490206000000000053e+01 0.000000000000000000e+00
2.710000000000000000e+02 1.239228999999999914e+01 -1.160158999999999985e+01 0.000000000000000000e+00
2.720000000000000000e+02 1.403349000000000046e+01 -9.850400000000000489e+00 0.000000000000000000e+00
2.730000000000000000e+02 1.556864999999999988e+01 -8.300890000000000768e+00 0.000000000000000000e+00
2.740000000000000000e+02 1.327801999999999971e+01 -7.894750000000000156e+00 0.000000000000000000e+00
2.750000000000000000e+02 1.467226999999999926e+01 -6.285590000000000011e+00 0.000000000000000000e+00
2.760000000000000000e+02 1.613652000000000086e+01 -3.054359999999999964e+00 0.000000000000000000e+00
2.770000000000000000e+02 1.504373999999999967e+01 -1.307450000000000001e+00 0.000000000000000000e+00
2.780000000000000000e+02 1.613342000000000098e+01 6.856299999999999617e-01 0.000000000000000000e+00
2.790000000000000000e+02 1.481718000000000046e+01 2.479519999999999946e+00 0.000000000000000000e+00
2.800000000000000000e+02 1.545630000000000059e+01 4.509559999999999569e+00 0.000000000000000000e+00
2.810000000000000000e+02 1.611443999999999832e+01 6.722620000000000040e+00 0.000000000000000000e+00
2.820000000000000000e+02 1.462790000000000035e+01 8.235849999999999227e+00 0.000000000000000000e+00
2.830000000000000000e+02 1.312166000000000032e+01 9.758800000000000807e+00 0.000000000000000000e+00
2.840000000000000000e+02 1.398075000000000045e+01 1.207211000000000034e+01 0.000000000000000000e+00
2.850000000000000000e+02 1.552763999999999989e+01 1.061443000000000048e+01 0.000000000000000000e+00
2.860000000000000000e+02 1.239265999999999934e+01 1.345368000000000031e+01 0.000000000000000000e+00
2.870000000000000000e+02 1.101398000000000010e+01 1.499471999999999916e+01 0.000000000000000000e+00
2.880000000000000000e+02 1.312393999999999927e+01 -1.358416000000000068e+01 0.000000000000000000e+00
2.890000000000000000e+02 1.444286999999999921e+01 -1.193098999999999954e+01 0.000000000000000000e+00
2.900000000000000000e+02 1.605799000000000021e+01 -1.050545999999999935e+01 0.000000000000000000e+00
2.910000000000000000e+02 1.727586000000000155e+01 -7.053069999999999951e+00 0.000000000000000000e+00
2.920000000000000000e+02 1.640799000000000163e+01 -5.136779999999999902e+00 0.000000000000000000e+00
2.930000000000000000e+02 1.816085999999999956e+01 -4.070260000000000211e+00 0.000000000000000000e+00
2.940000000000000000e+02 1.958952999999999989e+01 -2.340539999999999843e+00 0.000000000000000000e+00
2.950000000000000000e+02 1.738760999999999868e+01 -1.362849999999999895e+00 0.000000000000000000e+00
2.960000000000000000e+02 1.816376999999999953e+01 1.086600000000000010e+00 0.000000000000000000e+00
2.970000000000000000e+02 1.905960999999999927e+01 3.361499999999999932e+00 0.000000000000000000e+00
2.980000000000000000e+02 1.696944999999999837e+01 2.846369999999999845e+00 0.000000000000000000e+00
2.990000000000000000e+02 1.744429999999999836e+01 5.054599999999999760e+00 0.000000000000000000e+00
