0.000000000000000000e+00 -1.344593000000000060e+01 -1.480846999999999980e+01 0.000000000000000000e+00
1.000000000000000000e+00 -1.572034000000000020e+01 -1.193713999999999942e+01 0.000000000000000000e+00
2.000000000000000000e+00 -1.607017000000000095e+01 -9.788380000000000081e+00 0.000000000000000000e+00
3.000000000000000000e+00 -1.629326000000000008e+01 -7.685179999999999900e+00 0.000000000000000000e+00
4.000000000000000000e+00 -1.815453000000000117e+01 -6.734820000000000029e+00 0.000000000000000000e+00
5.000000000000000000e+00 -1.842296999999999940e+01 -4.315540000000000376e+00 0.000000000000000000e+00
6.000000000000000000e+00 -1.675724999999999909e+01 -3.105170000000000208e+00 0.000000000000000000e+00
7.000000000000000000e+00 -1.980256999999999934e+01 -3.575300000000000145e-01 0.000000000000000000e+00
8.000000000000000000e+00 -1.791390000000000171e+01 -1.372400000000000064e+00 0.000000000000000000e+00
9.000000000000000000e+00 -1.802380000000000138e+01 7.870800000000000018e-01 0.000000000000000000e+00
1.000000000000000000e+01 -1.825500999999999863e+01 2.966959999999999820e+00 0.000000000000000000e+00
1.100000000000000000e+01 -1.665123000000000175e+01 6.543129999999999669e+00 0.000000000000000000e+00
1.200000000000000000e+01 -1.500512999999999941e+01 7.808169999999999611e+00 0.000000000000000000e+00
1.300000000000000000e+01 -1.842119999999999891e+01 5.360739999999999839e+00 0.000000000000000000e+00
1.400000000000000000e+01 -1.691478000000000037e+01 8.881190000000000140e+00 0.000000000000000000e+00
1.500000000000000000e+01 -1.695197999999999894e+01 1.100549999999999962e+01 0.000000000000000000e+00
1.600000000000000000e+01 -1.515770000000000017e+01 1.206666000000000061e+01 0.000000000000000000e+00
1.700000000000000000e+01 -1.354704000000000086e+01 1.335340000000000060e+01 0.000000000000000000e+00
1.800000000000000000e+01 -1.146969999999999956e+01 -1.546660999999999930e+01 0.000000000000000000e+00
1.900000000000000000e+01 -1.362725000000000009e+01 -1.270313999999999943e+01 0.000000000000000000e+00
2.000000000000000000e+01 -1.403664999999999985e+01 -1.063498000000000054e+01 0.000000000000000000e+00
2.100000000000000000e+01 -1.432596999999999987e+01 -8.544409999999999172e+00 0.000000000000000000e+00
2.200000000000000000e+01 -1.451970000000000027e+01 -6.342670000000000030e+00 0.000000000000000000e+00
2.300000000000000000e+01 -1.638681000000000054e+01 -5.372499999999999609e+00 0.000000000000000000e+00
2.400000000000000000e+01 -1.467557000000000045e+01 -4.102570000000000050e+00 0.000000000000000000e+00
2.500000000000000000e+01 -1.496556999999999960e+01 -1.948579999999999979e+00 0.000000000000000000e+00
2.600000000000000000e+01 -1.611493000000000109e+01 -1.152600000000000013e-01 0.000000000000000000e+00
2.700000000000000000e+01 -1.624958000000000169e+01 2.001759999999999984e+00 0.000000000000000000e+00
2.800000000000000000e+01 -1.654902999999999835e+01 4.132620000000000182e+00 0.000000000000000000e+00
2.900000000000000000e+01 -1.488565999999999967e+01 5.416739999999999888e+00 0.000000000000000000e+00
3.000000000000000000e+01 -1.320360999999999940e+01 6.753449999999999953e+00 0.000000000000000000e+00
3.100000000000000000e+01 -1.320745999999999931e+01 8.965640000000000498e+00 0.000000000000000000e+00
3.200000000000000000e+01 -1.513245000000000040e+01 9.975619999999999266e+00 0.000000000000000000e+00
3.300000000000000000e+01 -1.326402000000000037e+01 1.106645999999999930e+01 0.000000000000000000e+00
3.400000000000000000e+01 -1.160341000000000022e+01 1.433444000000000074e+01 0.000000000000000000e+00
3.500000000000000000e+01 -9.887100000000000222e+00 1.554212000000000060e+01 0.000000000000000000e+00
3.600000000000000000e+01 -9.329629999999999868e+00 -1.647368000000000166e+01 0.000000000000000000e+00
3.700000000000000000e+01 -1.165232999999999919e+01 -1.334445999999999977e+01 0.000000000000000000e+00
3.800000000000000000e+01 -1.201881000000000022e+01 -1.120472999999999963e+01 0.000000000000000000e+00
3.900000000000000000e+01 -1.218483999999999945e+01 -9.150800000000000267e+00 0.000000000000000000e+00
4.000000000000000000e+01 -1.257380999999999993e+01 -7.110780000000000101e+00 0.000000000000000000e+00
4.100000000000000000e+01 -1.279129000000000005e+01 -4.974660000000000082e+00 0.000000000000000000e+00
4.200000000000000000e+01 -1.113949999999999996e+01 -3.612839999999999829e+00 0.000000000000000000e+00
4.300000000000000000e+01 -1.305016999999999960e+01 -2.814249999999999918e+00 0.000000000000000000e+00
4.400000000000000000e+01 -1.330044999999999966e+01 -7.007700000000000040e-01 0.000000000000000000e+00
4.500000000000000000e+01 -1.433897999999999939e+01 1.199289999999999967e+00 0.000000000000000000e+00
4.600000000000000000e+01 -1.463334000000000046e+01 3.356489999999999974e+00 0.000000000000000000e+00
4.700000000000000000e+01 -1.296824999999999939e+01 4.603430000000000355e+00 0.000000000000000000e+00
4.800000000000000000e+01 -1.120928999999999931e+01 5.832569999999999588e+00 0.000000000000000000e+00
4.900000000000000000e+01 -1.134641000000000055e+01 7.911830000000000140e+00 0.000000000000000000e+00
5.000000000000000000e+01 -1.143487000000000009e+01 1.002725000000000044e+01 0.000000000000000000e+00
5.100000000000000000e+01 -1.145039000000000051e+01 1.213847999999999949e+01 0.000000000000000000e+00
5.200000000000000000e+01 -9.608769999999999811e+00 1.346214999999999939e+01 0.000000000000000000e+00
5.300000000000000000e+01 -7.733749999999999680e+00 1.453561000000000014e+01 0.000000000000000000e+00
5.400000000000000000e+01 -7.332150000000000389e+00 -1.741207999999999956e+01 0.000000000000000000e+00
5.500000000000000000e+01 -9.640140000000000597e+00 -1.419323999999999941e+01 0.000000000000000000e+00
5.600000000000000000e+01 -9.918620000000000658e+00 -1.211941000000000024e+01 0.000000000000000000e+00
5.700000000000000000e+01 -1.031405999999999956e+01 -1.003129999999999988e+01 0.000000000000000000e+00
5.800000000000000000e+01 -1.062027999999999928e+01 -7.784069999999999823e+00 0.000000000000000000e+00
5.900000000000000000e+01 -1.084445999999999977e+01 -5.676840000000000330e+00 0.000000000000000000e+00
6.000000000000000000e+01 -9.195639999999999148e+00 -4.421230000000000437e+00 0.000000000000000000e+00
6.100000000000000000e+01 -9.370480000000000587e+00 -2.328230000000000022e+00 0.000000000000000000e+00
6.200000000000000000e+01 -1.138327999999999918e+01 -1.531020000000000048e+00 0.000000000000000000e+00
6.300000000000000000e+01 -1.169147000000000070e+01 6.526999999999999469e-01 0.000000000000000000e+00
6.400000000000000000e+01 -1.269290999999999947e+01 2.539270000000000138e+00 0.000000000000000000e+00
6.500000000000000000e+01 -1.102440999999999960e+01 3.761550000000000171e+00 0.000000000000000000e+00
6.600000000000000000e+01 -9.292559999999999931e+00 4.920440000000000147e+00 0.000000000000000000e+00
6.700000000000000000e+01 -9.439489999999999270e+00 7.011440000000000339e+00 0.000000000000000000e+00
6.800000000000000000e+01 -9.498079999999999856e+00 9.183680000000000732e+00 0.000000000000000000e+00
6.900000000000000000e+01 -9.506040000000000489e+00 1.129795999999999978e+01 0.000000000000000000e+00
7.000000000000000000e+01 -7.732529999999999681e+00 1.239903999999999940e+01 0.000000000000000000e+00
7.100000000000000000e+01 -5.925600000000000200e+00 1.570911000000000080e+01 0.000000000000000000e+00
7.200000000000000000e+01 -5.028749999999999609e+00 -1.826150000000000162e+01 0.000000000000000000e+00
7.300000000000000000e+01 -7.732409999999999783e+00 -1.513310000000000066e+01 0.000000000000000000e+00
7.400000000000000000e+01 -7.975629999999999775e+00 -1.295838999999999963e+01 0.000000000000000000e+00
7.500000000000000000e+01 -8.350759999999999295e+00 -1.072742000000000040e+01 0.000000000000000000e+00
7.600000000000000000e+01 -8.707480000000000331e+00 -8.559509999999999508e+00 0.000000000000000000e+00
7.700000000000000000e+01 -8.919069999999999609e+00 -6.495689999999999742e+00 0.000000000000000000e+00
7.800000000000000000e+01 -7.249019999999999797e+00 -5.213330000000000020e+00 0.000000000000000000e+00
7.900000000000000000e+01 -7.404530000000000278e+00 -3.122879999999999878e+00 0.000000000000000000e+00
8.000000000000000000e+01 -9.755489999999999995e+00 -1.625000000000000056e-01 0.000000000000000000e+00
8.100000000000000000e+01 -7.979479999999999684e+00 1.077509999999999968e+00 0.000000000000000000e+00
8.200000000000000000e+01 -1.004537999999999975e+01 1.918639999999999901e+00 0.000000000000000000e+00
8.300000000000000000e+01 -8.273820000000000618e+00 3.117449999999999832e+00 0.000000000000000000e+00
8.400000000000000000e+01 -6.290770000000000195e+00 4.437549999999999883e+00 0.000000000000000000e+00
8.500000000000000000e+01 -7.554669999999999774e+00 8.257770000000000721e+00 0.000000000000000000e+00
8.600000000000000000e+01 -7.683360000000000412e+00 1.033089999999999975e+01 0.000000000000000000e+00
8.700000000000000000e+01 -5.811709999999999710e+00 1.151762000000000086e+01 0.000000000000000000e+00
8.800000000000000000e+01 -5.867420000000000080e+00 1.360975000000000001e+01 0.000000000000000000e+00
8.900000000000000000e+01 -7.940000000000000391e+00 1.664895999999999887e+01 0.000000000000000000e+00
9.000000000000000000e+01 -5.981800000000000450e-01 -1.978887999999999892e+01 0.000000000000000000e+00
9.100000000000000000e+01 -5.782729999999999926e+00 -1.591768000000000072e+01 0.000000000000000000e+00
9.200000000000000000e+01 -6.079950000000000188e+00 -1.389171999999999940e+01 0.000000000000000000e+00
9.300000000000000000e+01 -6.205589999999999939e+00 -1.180485999999999969e+01 0.000000000000000000e+00
9.400000000000000000e+01 -6.658459999999999823e+00 -9.439790000000000347e+00 0.000000000000000000e+00
9.500000000000000000e+01 -6.996340000000000003e+00 -7.369410000000000238e+00 0.000000000000000000e+00
9.600000000000000000e+01 -5.487809999999999633e+00 -3.948469999999999924e+00 0.000000000000000000e+00
9.700000000000000000e+01 -5.784950000000000259e+00 -1.783509999999999929e+00 0.000000000000000000e+00
9.800000000000000000e+01 -7.719560000000000421e+00 -1.055609999999999937e+00 0.000000000000000000e+00
9.900000000000000000e+01 -6.047900000000000276e+00 2.813399999999999790e-01 0.000000000000000000e+00
1.000000000000000000e+02 -6.312450000000000117e+00 2.325499999999999901e+00 0.000000000000000000e+00
1.010000000000000000e+02 -4.245490000000000208e+00 3.827599999999999891e+00 0.000000000000000000e+00
1.020000000000000000e+02 -7.509190000000000254e+00 6.121109999999999829e+00 0.000000000000000000e+00
1.030000000000000000e+02 -5.709979999999999833e+00 7.252399999999999736e+00 0.000000000000000000e+00
1.040000000000000000e+02 -5.847999999999999865e+00 9.396689999999999543e+00 0.000000000000000000e+00
1.050000000000000000e+02 -3.984449999999999825e+00 1.047478000000000087e+01 0.000000000000000000e+00
1.060000000000000000e+02 -6.593420000000000059e+00 1.819998000000000005e+01 0.000000000000000000e+00
1.070000000000000000e+02 -3.896049999999999791e+00 1.906269999999999953e+01 0.000000000000000000e+00
1.080000000000000000e+02 -3.546879999999999811e+00 -1.683237000000000094e+01 0.000000000000000000e+00
1.090000000000000000e+02 -3.960319999999999840e+00 -1.460399999999999920e+01 0.000000000000000000e+00
1.100000000000000000e+02 -4.227339999999999876e+00 -1.249909000000000070e+01 0.000000000000000000e+00
1.110000000000000000e+02 -4.727800000000000225e+00 -1.031319000000000052e+01 0.000000000000000000e+00
1.120000000000000000e+02 -5.002939999999999721e+00 -8.218249999999999389e+00 0.000000000000000000e+00
1.130000000000000000e+02 -5.259490000000000443e+00 -6.008250000000000313e+00 0.000000000000000000e+00
1.140000000000000000e+02 -3.530450000000000088e+00 -4.788840000000000430e+00 0.000000000000000000e+00
1.150000000000000000e+02 -3.854089999999999794e+00 -2.648979999999999890e+00 0.000000000000000000e+00
1.160000000000000000e+02 -4.112589999999999968e+00 -4.613099999999999978e-01 0.000000000000000000e+00
1.170000000000000000e+02 -2.382080000000000197e+00 7.002300000000000191e-01 0.000000000000000000e+00
1.180000000000000000e+02 -4.337909999999999933e+00 1.736939999999999928e+00 0.000000000000000000e+00
1.190000000000000000e+02 -2.303150000000000031e+00 2.961170000000000080e+00 0.000000000000000000e+00
1.200000000000000000e+02 -4.147599999999999731e+00 5.899379999999999846e+00 0.000000000000000000e+00
1.210000000000000000e+02 -2.238910000000000178e+00 7.247259999999999813e+00 0.000000000000000000e+00
1.220000000000000000e+02 -3.989209999999999923e+00 8.384199999999999875e+00 0.000000000000000000e+00
1.230000000000000000e+02 -3.937460000000000182e+00 1.252623999999999960e+01 0.000000000000000000e+00
1.240000000000000000e+02 -3.950340000000000185e+00 1.461320000000000086e+01 0.000000000000000000e+00
1.250000000000000000e+02 -4.049240000000000173e+00 1.680648000000000053e+01 0.000000000000000000e+00
1.260000000000000000e+02 -1.502879999999999994e+00 -1.784498999999999924e+01 0.000000000000000000e+00
1.270000000000000000e+02 -1.964480000000000004e+00 -1.549267000000000039e+01 0.000000000000000000e+00
1.280000000000000000e+02 -2.260629999999999917e+00 -1.323240999999999978e+01 0.000000000000000000e+00
1.290000000000000000e+02 -2.544360000000000177e+00 -1.115332000000000079e+01 0.000000000000000000e+00
1.300000000000000000e+02 -3.065570000000000128e+00 -9.021309999999999718e+00 0.000000000000000000e+00
1.310000000000000000e+02 -3.343659999999999854e+00 -6.943660000000000387e+00 0.000000000000000000e+00
1.320000000000000000e+02 -1.918900000000000050e+00 -3.454099999999999948e+00 0.000000000000000000e+00
1.330000000000000000e+02 -2.213810000000000056e+00 -1.360409999999999897e+00 0.000000000000000000e+00
1.340000000000000000e+02 -2.371000000000000052e-01 -2.228549999999999809e+00 0.000000000000000000e+00
1.350000000000000000e+02 -4.353000000000000203e-01 -1.282699999999999951e-01 0.000000000000000000e+00
1.360000000000000000e+02 -4.088499999999999912e-01 1.973440000000000083e+00 0.000000000000000000e+00
1.370000000000000000e+02 -3.647500000000000187e-01 4.091440000000000410e+00 0.000000000000000000e+00
1.380000000000000000e+02 -2.245099999999999874e+00 5.033730000000000260e+00 0.000000000000000000e+00
1.390000000000000000e+02 -2.176449999999999996e+00 9.373730000000000118e+00 0.000000000000000000e+00
1.400000000000000000e+02 -2.119610000000000216e+00 1.145580999999999960e+01 0.000000000000000000e+00
1.410000000000000000e+02 -2.088159999999999794e+00 1.352541000000000082e+01 0.000000000000000000e+00
1.420000000000000000e+02 -2.176219999999999821e+00 1.570903999999999989e+01 0.000000000000000000e+00
1.430000000000000000e+02 -2.168390000000000040e+00 1.783690999999999960e+01 0.000000000000000000e+00
1.440000000000000000e+02 7.442000000000000004e-02 -1.611259000000000086e+01 0.000000000000000000e+00
1.450000000000000000e+02 -2.643099999999999894e-01 -1.405058999999999969e+01 0.000000000000000000e+00
1.460000000000000000e+02 -6.093300000000000383e-01 -1.189819999999999922e+01 0.000000000000000000e+00
1.470000000000000000e+02 -9.261700000000000488e-01 -9.837509999999999977e+00 0.000000000000000000e+00
1.480000000000000000e+02 -1.437729999999999952e+00 -7.744390000000000107e+00 0.000000000000000000e+00
1.490000000000000000e+02 2.387400000000000078e-01 -6.455020000000000202e+00 0.000000000000000000e+00
1.500000000000000000e+02 -1.672390000000000043e+00 -5.671140000000000292e+00 0.000000000000000000e+00
1.510000000000000000e+02 -2.200999999999999832e-02 -4.294539999999999580e+00 0.000000000000000000e+00
1.520000000000000000e+02 1.451799999999999979e+00 -1.043409999999999949e+00 0.000000000000000000e+00
1.530000000000000000e+02 1.456199999999999939e+00 1.034820000000000073e+00 0.000000000000000000e+00
1.540000000000000000e+02 1.492839999999999945e+00 3.086910000000000043e+00 0.000000000000000000e+00
1.550000000000000000e+02 -5.014300000000000423e-01 6.146989999999999732e+00 0.000000000000000000e+00
1.560000000000000000e+02 -3.539499999999999869e-01 8.319440000000000168e+00 0.000000000000000000e+00
1.570000000000000000e+02 -3.095700000000000118e-01 1.037950000000000017e+01 0.000000000000000000e+00
1.580000000000000000e+02 -3.088199999999999834e-01 1.248502000000000045e+01 0.000000000000000000e+00
1.590000000000000000e+02 -2.907500000000000084e-01 1.455669999999999931e+01 0.000000000000000000e+00
1.600000000000000000e+02 -3.667099999999999804e-01 1.672802000000000078e+01 0.000000000000000000e+00
1.610000000000000000e+02 -4.747500000000000053e-01 1.903478000000000137e+01 0.000000000000000000e+00
1.620000000000000000e+02 8.055600000000000538e-01 -1.807497000000000043e+01 0.000000000000000000e+00
1.630000000000000000e+02 2.458979999999999944e+00 -1.669582000000000122e+01 0.000000000000000000e+00
1.640000000000000000e+02 1.792629999999999946e+00 -1.468398000000000003e+01 0.000000000000000000e+00
1.650000000000000000e+02 1.384800000000000031e+00 -1.263465000000000060e+01 0.000000000000000000e+00
1.660000000000000000e+02 1.030690000000000106e+00 -1.051548999999999978e+01 0.000000000000000000e+00
1.670000000000000000e+02 2.253839999999999844e+00 -7.172159999999999869e+00 0.000000000000000000e+00
1.680000000000000000e+02 1.850039999999999907e+00 -5.150220000000000020e+00 0.000000000000000000e+00
1.690000000000000000e+02 1.670830000000000037e+00 -3.091060000000000141e+00 0.000000000000000000e+00
1.700000000000000000e+02 3.329969999999999875e+00 -1.296599999999999975e-01 0.000000000000000000e+00
1.710000000000000000e+02 3.290220000000000145e+00 1.965359999999999996e+00 0.000000000000000000e+00
1.720000000000000000e+02 3.369549999999999823e+00 4.081959999999999589e+00 0.000000000000000000e+00
1.730000000000000000e+02 1.450069999999999970e+00 5.188159999999999883e+00 0.000000000000000000e+00
1.740000000000000000e+02 1.514450000000000074e+00 7.305640000000000356e+00 0.000000000000000000e+00
1.750000000000000000e+02 1.561979999999999924e+00 9.410610000000000142e+00 0.000000000000000000e+00
1.760000000000000000e+02 1.509889999999999954e+00 1.146795000000000009e+01 0.000000000000000000e+00
1.770000000000000000e+02 1.562980000000000036e+00 1.359019999999999939e+01 0.000000000000000000e+00
1.780000000000000000e+02 1.472050000000000081e+00 1.566768000000000072e+01 0.000000000000000000e+00
1.790000000000000000e+02 1.765600000000000058e+00 1.988525999999999883e+01 0.000000000000000000e+00
1.800000000000000000e+02 2.808139999999999858e+00 -1.882750000000000057e+01 0.000000000000000000e+00
1.810000000000000000e+02 4.067919999999999980e+00 -1.539877000000000073e+01 0.000000000000000000e+00
1.820000000000000000e+02 3.634900000000000020e+00 -1.333220000000000027e+01 0.000000000000000000e+00
1.830000000000000000e+02 3.197700000000000209e+00 -1.126759000000000022e+01 0.000000000000000000e+00
1.840000000000000000e+02 6.531900000000000484e-01 -8.485580000000000567e+00 0.000000000000000000e+00
1.850000000000000000e+02 4.245910000000000295e+00 -7.751280000000000392e+00 0.000000000000000000e+00
1.860000000000000000e+02 3.858019999999999783e+00 -5.683950000000000280e+00 0.000000000000000000e+00
1.870000000000000000e+02 3.714529999999999887e+00 -2.820590000000000153e+00 0.000000000000000000e+00
1.880000000000000000e+02 5.194919999999999760e+00 -1.344910000000000050e+00 0.000000000000000000e+00
1.890000000000000000e+02 5.115370000000000417e+00 9.009300000000000086e-01 0.000000000000000000e+00
1.900000000000000000e+02 5.108889999999999709e+00 2.958110000000000017e+00 0.000000000000000000e+00
1.910000000000000000e+02 5.207049999999999734e+00 5.025599999999999845e+00 0.000000000000000000e+00
1.920000000000000000e+02 3.264219999999999899e+00 6.199589999999999712e+00 0.000000000000000000e+00
1.930000000000000000e+02 3.324489999999999945e+00 8.326599999999999113e+00 0.000000000000000000e+00
1.940000000000000000e+02 3.433600000000000207e+00 1.048220000000000063e+01 0.000000000000000000e+00
1.950000000000000000e+02 3.477110000000000145e+00 1.254462000000000010e+01 0.000000000000000000e+00
1.960000000000000000e+02 3.409740000000000215e+00 1.463028000000000084e+01 0.000000000000000000e+00
1.970000000000000000e+02 1.677810000000000024e+00 1.781861999999999924e+01 0.000000000000000000e+00
1.980000000000000000e+02 4.388530000000000264e+00 -1.747964999999999947e+01 0.000000000000000000e+00
1.990000000000000000e+02 5.787090000000000067e+00 -1.396466000000000030e+01 0.000000000000000000e+00
2.000000000000000000e+02 5.183589999999999698e+00 -1.185069999999999979e+01 0.000000000000000000e+00
2.010000000000000000e+02 4.777669999999999639e+00 -9.822490000000000165e+00 0.000000000000000000e+00
2.020000000000000000e+02 2.747199999999999864e+00 -9.200350000000000250e+00 0.000000000000000000e+00
2.030000000000000000e+02 5.883429999999999715e+00 -6.301239999999999952e+00 0.000000000000000000e+00
2.040000000000000000e+02 5.395190000000000374e+00 -4.216879999999999740e+00 0.000000000000000000e+00
2.050000000000000000e+02 7.083590000000000053e+00 -2.623909999999999965e+00 0.000000000000000000e+00
2.060000000000000000e+02 7.005700000000000038e+00 -3.696200000000000041e-01 0.000000000000000000e+00
2.070000000000000000e+02 7.058139999999999858e+00 1.785740000000000105e+00 0.000000000000000000e+00
2.080000000000000000e+02 6.954790000000000028e+00 3.907399999999999984e+00 0.000000000000000000e+00
2.090000000000000000e+02 7.025970000000000049e+00 6.030479999999999841e+00 0.000000000000000000e+00
2.100000000000000000e+02 5.123199999999999754e+00 7.157750000000000057e+00 0.000000000000000000e+00
2.110000000000000000e+02 5.244600000000000151e+00 9.254849999999999355e+00 0.000000000000000000e+00
2.120000000000000000e+02 5.269079999999999764e+00 1.145190999999999981e+01 0.000000000000000000e+00
2.130000000000000000e+02 5.337489999999999846e+00 1.351318999999999981e+01 0.000000000000000000e+00
2.140000000000000000e+02 3.461279999999999912e+00 1.670101999999999975e+01 0.000000000000000000e+00
2.150000000000000000e+02 3.782480000000000064e+00 1.891116999999999848e+01 0.000000000000000000e+00
2.160000000000000000e+02 6.148979999999999890e+00 -1.607340999999999909e+01 0.000000000000000000e+00
2.170000000000000000e+02 7.800819999999999865e+00 -1.452438000000000073e+01 0.000000000000000000e+00
2.180000000000000000e+02 7.305010000000000225e+00 -1.250070000000000014e+01 0.000000000000000000e+00
2.190000000000000000e+02 6.836470000000000269e+00 -1.042010999999999932e+01 0.000000000000000000e+00
2.200000000000000000e+02 6.263679999999999914e+00 -8.388210000000000832e+00 0.000000000000000000e+00
2.210000000000000000e+02 7.849840000000000373e+00 -6.947860000000000369e+00 0.000000000000000000e+00
2.220000000000000000e+02 9.387689999999999202e+00 -5.492070000000000007e+00 0.000000000000000000e+00
2.230000000000000000e+02 7.397940000000000182e+00 -4.694020000000000081e+00 0.000000000000000000e+00
2.240000000000000000e+02 8.795820000000000860e+00 -1.415750000000000064e+00 0.000000000000000000e+00
2.250000000000000000e+02 8.928649999999999309e+00 6.686699999999999866e-01 0.000000000000000000e+00
2.260000000000000000e+02 8.904980000000000118e+00 2.930670000000000108e+00 0.000000000000000000e+00
2.270000000000000000e+02 8.832190000000000651e+00 4.995980000000000310e+00 0.000000000000000000e+00
2.280000000000000000e+02 6.968460000000000321e+00 8.118570000000000064e+00 0.000000000000000000e+00
2.290000000000000000e+02 7.075540000000000163e+00 1.028313999999999950e+01 0.000000000000000000e+00
2.300000000000000000e+02 7.165560000000000151e+00 1.235853999999999964e+01 0.000000000000000000e+00
2.310000000000000000e+02 7.205230000000000246e+00 1.443473999999999968e+01 0.000000000000000000e+00
2.320000000000000000e+02 5.242659999999999876e+00 1.564059999999999917e+01 0.000000000000000000e+00
2.330000000000000000e+02 5.639050000000000118e+00 1.769917999999999836e+01 0.000000000000000000e+00
2.340000000000000000e+02 6.802170000000000272e+00 -1.806373999999999924e+01 0.000000000000000000e+00
2.350000000000000000e+02 9.816679999999999851e+00 -1.505118000000000045e+01 0.000000000000000000e+00
2.360000000000000000e+02 9.300010000000000332e+00 -1.304152000000000022e+01 0.000000000000000000e+00
2.370000000000000000e+02 8.816560000000000841e+00 -1.101797999999999966e+01 0.000000000000000000e+00
2.380000000000000000e+02 8.372730000000000672e+00 -8.985860000000000625e+00 0.000000000000000000e+00
2.390000000000000000e+02 1.159590000000000032e+01 -5.891469999999999985e+00 0.000000000000000000e+00
2.400000000000000000e+02 1.113296000000000063e+01 -3.538679999999999826e+00 0.000000000000000000e+00
2.410000000000000000e+02 9.044579999999999842e+00 -3.463049999999999962e+00 0.000000000000000000e+00
2.420000000000000000e+02 1.075558999999999976e+01 -5.366699999999999804e-01 0.000000000000000000e+00
2.430000000000000000e+02 1.078997999999999990e+01 1.663650000000000073e+00 0.000000000000000000e+00
2.440000000000000000e+02 1.077955000000000041e+01 3.872700000000000031e+00 0.000000000000000000e+00
2.450000000000000000e+02 1.080978999999999957e+01 5.952110000000000234e+00 0.000000000000000000e+00
2.460000000000000000e+02 8.961869999999999337e+00 7.055410000000000181e+00 0.000000000000000000e+00
2.470000000000000000e+02 8.801759999999999806e+00 9.104179999999999495e+00 0.000000000000000000e+00
2.480000000000000000e+02 8.937459999999999738e+00 1.124346000000000068e+01 0.000000000000000000e+00
2.490000000000000000e+02 8.987700000000000244e+00 1.331348000000000020e+01 0.000000000000000000e+00
2.500000000000000000e+02 9.096000000000000085e+00 1.541295999999999999e+01 0.000000000000000000e+00
2.510000000000000000e+02 7.352229999999999599e+00 1.653800000000000026e+01 0.000000000000000000e+00
2.520000000000000000e+02 8.246829999999999217e+00 -1.659067999999999898e+01 0.000000000000000000e+00
2.530000000000000000e+02 1.144738000000000078e+01 -1.358469999999999978e+01 0.000000000000000000e+00
2.540000000000000000e+02 1.087062000000000062e+01 -1.160120000000000040e+01 0.000000000000000000e+00
2.550000000000000000e+02 1.036210999999999949e+01 -9.572419999999999263e+00 0.000000000000000000e+00
2.560000000000000000e+02 9.908879999999999910e+00 -7.558320000000000149e+00 0.000000000000000000e+00
2.570000000000000000e+02 1.367478000000000016e+01 -6.621660000000000323e+00 0.000000000000000000e+00
2.580000000000000000e+02 1.310560000000000080e+01 -4.445429999999999993e+00 0.000000000000000000e+00
2.590000000000000000e+02 1.261820999999999948e+01 -2.102100000000000080e+00 0.000000000000000000e+00
2.600000000000000000e+02 1.257215000000000060e+01 6.072400000000000020e-01 0.000000000000000000e+00
2.610000000000000000e+02 1.442822999999999922e+01 1.596850000000000103e+00 0.000000000000000000e+00
2.620000000000000000e+02 1.264377999999999957e+01 2.724009999999999820e+00 0.000000000000000000e+00
2.630000000000000000e+02 1.262988999999999962e+01 4.803379999999999761e+00 0.000000000000000000e+00
2.640000000000000000e+02 1.260510000000000019e+01 7.016499999999999737e+00 0.000000000000000000e+00
2.650000000000000000e+02 1.082268999999999970e+01 8.129179999999999851e+00 0.000000000000000000e+00
2.660000000000000000e+02 1.079405999999999999e+01 1.023704999999999998e+01 0.000000000000000000e+00
2.670000000000000000e+02 1.081784000000000034e+01 1.229729999999999990e+01 0.000000000000000000e+00
2.680000000000000000e+02 1.102434000000000047e+01 1.442181000000000068e+01 0.000000000000000000e+00
2.690000000000000000e+02 1.107503999999999955e+01 1.674699000000000026e+01 0.000000000000000000e+00
2.700000000000000000e+02 1.206494999999999962e+01 -1.564789999999999992e+01 0.000000000000000000e+00
2.710000000000000000e+02 1.299787000000000070e+01 -1.214893000000000001e+01 0.000000000000000000e+00
2.720000000000000000e+02 1.239827000000000012e+01 -1.016836999999999946e+01 0.000000000000000000e+00
2.730000000000000000e+02 1.582578999999999958e+01 -9.772190000000000154e+00 0.000000000000000000e+00
2.740000000000000000e+02 1.194879000000000069e+01 -8.061360000000000525e+00 0.000000000000000000e+00
2.750000000000000000e+02 1.515635999999999939e+01 -5.056160000000000210e+00 0.000000000000000000e+00
2.760000000000000000e+02 1.616285999999999845e+01 -1.519779999999999909e+00 0.000000000000000000e+00
2.770000000000000000e+02 1.452326000000000050e+01 -2.937549999999999883e+00 0.000000000000000000e+00
2.780000000000000000e+02 1.423517999999999972e+01 -7.707500000000000462e-01 0.000000000000000000e+00
2.790000000000000000e+02 1.637308000000000163e+01 2.682100000000000151e+00 0.000000000000000000e+00
2.800000000000000000e+02 1.449920000000000009e+01 3.835240000000000204e+00 0.000000000000000000e+00
2.810000000000000000e+02 1.451962999999999937e+01 5.894470000000000098e+00 0.000000000000000000e+00
2.820000000000000000e+02 1.453444999999999965e+01 8.061469999999999914e+00 0.000000000000000000e+00
2.830000000000000000e+02 1.263405000000000022e+01 9.140530000000000044e+00 0.000000000000000000e+00
2.840000000000000000e+02 1.629849000000000103e+01 9.208849999999999980e+00 0.000000000000000000e+00
2.850000000000000000e+02 1.271011000000000024e+01 1.137162999999999968e+01 0.000000000000000000e+00
2.860000000000000000e+02 1.451623000000000019e+01 1.029157000000000011e+01 0.000000000000000000e+00
2.870000000000000000e+02 1.291713000000000022e+01 1.354715000000000025e+01 0.000000000000000000e+00
2.880000000000000000e+02 1.361248999999999931e+01 -1.425736999999999988e+01 0.000000000000000000e+00
2.890000000000000000e+02 1.505968000000000018e+01 -1.171536000000000044e+01 0.000000000000000000e+00
2.900000000000000000e+02 1.575050000000000061e+01 -7.391969999999999708e+00 0.000000000000000000e+00
2.910000000000000000e+02 1.717376000000000147e+01 -5.780350000000000321e+00 0.000000000000000000e+00
2.920000000000000000e+02 1.398394000000000048e+01 -8.690730000000000288e+00 0.000000000000000000e+00
2.930000000000000000e+02 1.670348999999999862e+01 -3.602920000000000122e+00 0.000000000000000000e+00
2.940000000000000000e+02 1.871867999999999910e+01 -4.133600000000000385e+00 0.000000000000000000e+00
2.950000000000000000e+02 1.823171999999999926e+01 -1.778860000000000108e+00 0.000000000000000000e+00
2.960000000000000000e+02 1.629657999999999873e+01 6.158599999999999630e-01 0.000000000000000000e+00
2.970000000000000000e+02 1.815562999999999860e+01 1.608899999999999997e+00 0.000000000000000000e+00
2.980000000000000000e+02 1.662940000000000040e+01 4.727159999999999584e+00 0.000000000000000000e+00
2.990000000000000000e+02 1.644742000000000104e+01 6.971250000000000391e+00 0.000000000000000000e+00
