0.000000000000000000e+00 -1.248161999999999949e+01 -1.455945000000000000e+01 0.000000000000000000e+00
1.000000000000000000e+00 -1.457821000000000033e+01 -1.361572999999999922e+01 0.000000000000000000e+00
2.000000000000000000e+00 -1.524677999999999933e+01 -1.003766000000000069e+01 0.000000000000000000e+00
3.000000000000000000e+00 -1.903246000000000038e+01 -4.749089999999999812e+00 0.000000000000000000e+00
4.000000000000000000e+00 -1.987384000000000128e+01 -1.413140000000000063e+00 0.000000000000000000e+00
5.000000000000000000e+00 -1.720320999999999856e+01 -3.750070000000000014e+00 0.000000000000000000e+00
6.000000000000000000e+00 -1.778294999999999959e+01 -1.786929999999999907e+00 0.000000000000000000e+00
7.000000000000000000e+00 -1.860886999999999958e+01 2.333899999999999864e-01 0.000000000000000000e+00
8.000000000000000000e+00 -1.631468999999999880e+01 -1.890699999999999881e-01 0.000000000000000000e+00
9.000000000000000000e+00 -1.710819000000000045e+01 1.806200000000000028e+00 0.000000000000000000e+00
1.000000000000000000e+01 -1.762565999999999988e+01 4.076719999999999899e+00 0.000000000000000000e+00
1.100000000000000000e+01 -1.969403000000000148e+01 2.959080000000000155e+00 0.000000000000000000e+00
1.200000000000000000e+01 -1.995606000000000080e+01 5.177050000000000374e+00 0.000000000000000000e+00
1.300000000000000000e+01 -1.808371999999999957e+01 6.160989999999999966e+00 0.000000000000000000e+00
1.400000000000000000e+01 -1.662080999999999875e+01 7.766899999999999693e+00 0.000000000000000000e+00
1.500000000000000000e+01 -1.481335999999999942e+01 9.744189999999999685e+00 0.000000000000000000e+00
1.600000000000000000e+01 -1.658171000000000106e+01 1.104424999999999990e+01 0.000000000000000000e+00
1.700000000000000000e+01 -1.465586000000000055e+01 1.192623999999999995e+01 0.000000000000000000e+00
1.800000000000000000e+01 -1.048450000000000060e+01 -1.517076999999999920e+01 0.000000000000000000e+00
1.900000000000000000e+01 -1.270997000000000021e+01 -1.249072999999999922e+01 0.000000000000000000e+00
2.000000000000000000e+01 -1.323236999999999952e+01 -1.049451999999999963e+01 0.000000000000000000e+00
2.100000000000000000e+01 -1.379335999999999984e+01 -8.417920000000000513e+00 0.000000000000000000e+00
2.200000000000000000e+01 -1.591196000000000055e+01 -8.020060000000000855e+00 0.000000000000000000e+00
2.300000000000000000e+01 -1.674557000000000073e+01 -5.926720000000000432e+00 0.000000000000000000e+00
2.400000000000000000e+01 -1.517704999999999949e+01 -4.251439999999999664e+00 0.000000000000000000e+00
2.500000000000000000e+01 -1.574886000000000053e+01 -2.216349999999999820e+00 0.000000000000000000e+00
2.600000000000000000e+01 -1.426600000000000001e+01 -7.179299999999999571e-01 0.000000000000000000e+00
2.700000000000000000e+01 -1.493093999999999966e+01 1.445240000000000080e+00 0.000000000000000000e+00
2.800000000000000000e+01 -1.558966000000000030e+01 3.414210000000000189e+00 0.000000000000000000e+00
2.900000000000000000e+01 -1.603197000000000116e+01 5.549489999999999590e+00 0.000000000000000000e+00
3.000000000000000000e+01 -1.396213999999999977e+01 5.024989999999999846e+00 0.000000000000000000e+00
3.100000000000000000e+01 -1.456324000000000041e+01 7.049360000000000070e+00 0.000000000000000000e+00
3.200000000000000000e+01 -1.311627000000000010e+01 8.515219999999999345e+00 0.000000000000000000e+00
3.300000000000000000e+01 -1.295786999999999978e+01 1.068619999999999948e+01 0.000000000000000000e+00
3.400000000000000000e+01 -1.265196000000000076e+01 1.273822999999999972e+01 0.000000000000000000e+00
3.500000000000000000e+01 -1.226454000000000022e+01 1.482498000000000005e+01 0.000000000000000000e+00
3.600000000000000000e+01 -8.398930000000000007e+00 -1.561144999999999960e+01 0.000000000000000000e+00
3.700000000000000000e+01 -1.068463000000000029e+01 -1.304786000000000001e+01 0.000000000000000000e+00
3.800000000000000000e+01 -1.120839999999999925e+01 -1.096297000000000033e+01 0.000000000000000000e+00
3.900000000000000000e+01 -1.177590999999999966e+01 -8.973779999999999646e+00 0.000000000000000000e+00
4.000000000000000000e+01 -1.251947000000000010e+01 -6.768209999999999837e+00 0.000000000000000000e+00
4.100000000000000000e+01 -1.458010999999999946e+01 -6.346580000000000332e+00 0.000000000000000000e+00
4.200000000000000000e+01 -1.299909000000000070e+01 -4.738129999999999953e+00 0.000000000000000000e+00
4.300000000000000000e+01 -1.363943000000000083e+01 -2.691390000000000171e+00 0.000000000000000000e+00
4.400000000000000000e+01 -1.215018000000000065e+01 -1.186639999999999917e+00 0.000000000000000000e+00
4.500000000000000000e+01 -1.285309999999999953e+01 9.520899999999999919e-01 0.000000000000000000e+00
4.600000000000000000e+01 -1.352767000000000053e+01 2.997590000000000199e+00 0.000000000000000000e+00
4.700000000000000000e+01 -1.191821000000000019e+01 4.458660000000000068e+00 0.000000000000000000e+00
4.800000000000000000e+01 -1.046227000000000018e+01 5.992379999999999818e+00 0.000000000000000000e+00
4.900000000000000000e+01 -1.251537000000000077e+01 6.536019999999999719e+00 0.000000000000000000e+00
5.000000000000000000e+01 -1.121800999999999959e+01 9.325210000000000221e+00 0.000000000000000000e+00
5.100000000000000000e+01 -1.099718000000000018e+01 1.145259000000000071e+01 0.000000000000000000e+00
5.200000000000000000e+01 -1.053373999999999988e+01 1.347278999999999982e+01 0.000000000000000000e+00
5.300000000000000000e+01 -1.022475999999999985e+01 1.551430000000000042e+01 0.000000000000000000e+00
5.400000000000000000e+01 -7.898030000000000328e+00 -1.771274000000000015e+01 0.000000000000000000e+00
5.500000000000000000e+01 -8.621169999999999334e+00 -1.344852999999999987e+01 0.000000000000000000e+00
5.600000000000000000e+01 -9.070999999999999730e+00 -1.143599000000000032e+01 0.000000000000000000e+00
5.700000000000000000e+01 -9.718270000000000408e+00 -9.414360000000000284e+00 0.000000000000000000e+00
5.800000000000000000e+01 -1.046913999999999945e+01 -7.318130000000000024e+00 0.000000000000000000e+00
5.900000000000000000e+01 -1.097265999999999941e+01 -5.283619999999999983e+00 0.000000000000000000e+00
6.000000000000000000e+01 -9.521699999999999164e+00 -3.717909999999999826e+00 0.000000000000000000e+00
6.100000000000000000e+01 -1.153043000000000085e+01 -3.193729999999999958e+00 0.000000000000000000e+00
6.200000000000000000e+01 -1.013203999999999994e+01 -1.665869999999999962e+00 0.000000000000000000e+00
6.300000000000000000e+01 -1.068371999999999922e+01 3.879799999999999915e-01 0.000000000000000000e+00
6.400000000000000000e+01 -1.132196000000000069e+01 2.442909999999999915e+00 0.000000000000000000e+00
6.500000000000000000e+01 -8.266690000000000538e+00 6.102240000000000109e+00 0.000000000000000000e+00
6.600000000000000000e+01 -9.631289999999999907e+00 7.909370000000000012e+00 0.000000000000000000e+00
6.700000000000000000e+01 -7.674629999999999619e+00 8.592700000000000671e+00 0.000000000000000000e+00
6.800000000000000000e+01 -9.249489999999999768e+00 9.938679999999999737e+00 0.000000000000000000e+00
6.900000000000000000e+01 -8.978249999999999176e+00 1.200370999999999988e+01 0.000000000000000000e+00
7.000000000000000000e+01 -8.538569999999999993e+00 1.408225000000000016e+01 0.000000000000000000e+00
7.100000000000000000e+01 -8.184499999999999886e+00 1.632905999999999835e+01 0.000000000000000000e+00
7.200000000000000000e+01 -5.828800000000000203e+00 -1.819738999999999862e+01 0.000000000000000000e+00
7.300000000000000000e+01 -6.584789999999999921e+00 -1.401970000000000027e+01 0.000000000000000000e+00
7.400000000000000000e+01 -6.950890000000000235e+00 -1.192435000000000045e+01 0.000000000000000000e+00
7.500000000000000000e+01 -7.686270000000000380e+00 -9.862249999999999517e+00 0.000000000000000000e+00
7.600000000000000000e+01 -8.199350000000000804e+00 -7.820859999999999701e+00 0.000000000000000000e+00
7.700000000000000000e+01 -8.971349999999999270e+00 -5.844859999999999722e+00 0.000000000000000000e+00
7.800000000000000000e+01 -7.444849999999999746e+00 -4.221160000000000245e+00 0.000000000000000000e+00
7.900000000000000000e+01 -8.043620000000000658e+00 -2.175600000000000200e+00 0.000000000000000000e+00
8.000000000000000000e+01 -8.650130000000000763e+00 -1.101400000000000018e-01 0.000000000000000000e+00
8.100000000000000000e+01 -9.252499999999999503e+00 1.889119999999999910e+00 0.000000000000000000e+00
8.200000000000000000e+01 -9.790229999999999322e+00 3.885909999999999975e+00 0.000000000000000000e+00
8.300000000000000000e+01 -6.478609999999999758e+00 5.049579999999999735e+00 0.000000000000000000e+00
8.400000000000000000e+01 -6.104000000000000092e+00 7.183589999999999698e+00 0.000000000000000000e+00
8.500000000000000000e+01 -5.659799999999999720e+00 9.203820000000000334e+00 0.000000000000000000e+00
8.600000000000000000e+01 -7.245260000000000034e+00 1.061951999999999963e+01 0.000000000000000000e+00
8.700000000000000000e+01 -6.769009999999999749e+00 1.265767999999999915e+01 0.000000000000000000e+00
8.800000000000000000e+01 -6.364729999999999777e+00 1.477130000000000010e+01 0.000000000000000000e+00
8.900000000000000000e+01 -6.259640000000000093e+00 1.736297000000000068e+01 0.000000000000000000e+00
9.000000000000000000e+01 -3.771869999999999834e+00 -1.865258000000000038e+01 0.000000000000000000e+00
9.100000000000000000e+01 -6.366990000000000371e+00 -1.607232000000000127e+01 0.000000000000000000e+00
9.200000000000000000e+01 -4.925360000000000404e+00 -1.229148999999999958e+01 0.000000000000000000e+00
9.300000000000000000e+01 -5.562330000000000219e+00 -1.029865000000000030e+01 0.000000000000000000e+00
9.400000000000000000e+01 -6.115680000000000227e+00 -8.298870000000000857e+00 0.000000000000000000e+00
9.500000000000000000e+01 -6.659639999999999560e+00 -6.319289999999999630e+00 0.000000000000000000e+00
9.600000000000000000e+01 -5.335539999999999949e+00 -4.700759999999999827e+00 0.000000000000000000e+00
9.700000000000000000e+01 -6.025839999999999641e+00 -2.603310000000000013e+00 0.000000000000000000e+00
9.800000000000000000e+01 -6.629269999999999996e+00 -6.331299999999999706e-01 0.000000000000000000e+00
9.900000000000000000e+01 -7.210600000000000342e+00 1.373909999999999965e+00 0.000000000000000000e+00
1.000000000000000000e+02 -7.783850000000000158e+00 3.361530000000000129e+00 0.000000000000000000e+00
1.010000000000000000e+02 -5.655649999999999622e+00 3.085210000000000008e+00 0.000000000000000000e+00
1.020000000000000000e+02 -4.525079999999999991e+00 5.751000000000000334e+00 0.000000000000000000e+00
1.030000000000000000e+02 -4.060690000000000133e+00 7.785910000000000331e+00 0.000000000000000000e+00
1.040000000000000000e+02 -5.196909999999999918e+00 1.122101999999999933e+01 0.000000000000000000e+00
1.050000000000000000e+02 -4.644809999999999661e+00 1.329623999999999917e+01 0.000000000000000000e+00
1.060000000000000000e+02 -4.420060000000000322e+00 1.550745000000000040e+01 0.000000000000000000e+00
1.070000000000000000e+02 -1.878880000000000106e+00 1.825479999999999947e+01 0.000000000000000000e+00
1.080000000000000000e+02 -4.089039999999999786e+00 -1.639115999999999929e+01 0.000000000000000000e+00
1.090000000000000000e+02 -4.291159999999999641e+00 -1.428054999999999986e+01 0.000000000000000000e+00
1.100000000000000000e+02 -3.538170000000000037e+00 -1.072134999999999927e+01 0.000000000000000000e+00
1.110000000000000000e+02 -3.950569999999999915e+00 -8.622149999999999537e+00 0.000000000000000000e+00
1.120000000000000000e+02 -2.550050000000000150e+00 -6.921030000000000015e+00 0.000000000000000000e+00
1.130000000000000000e+02 -4.612680000000000113e+00 -6.654799999999999827e+00 0.000000000000000000e+00
1.140000000000000000e+02 -3.122180000000000177e+00 -4.936890000000000001e+00 0.000000000000000000e+00
1.150000000000000000e+02 -4.001269999999999882e+00 -3.068080000000000140e+00 0.000000000000000000e+00
1.160000000000000000e+02 -4.611200000000000188e+00 -1.099089999999999900e+00 0.000000000000000000e+00
1.170000000000000000e+02 -5.194709999999999717e+00 8.931700000000000195e-01 0.000000000000000000e+00
1.180000000000000000e+02 -3.586390000000000189e+00 2.300479999999999858e+00 0.000000000000000000e+00
1.190000000000000000e+02 -3.063390000000000057e+00 4.287630000000000052e+00 0.000000000000000000e+00
1.200000000000000000e+02 -2.559180000000000010e+00 6.370949999999999669e+00 0.000000000000000000e+00
1.210000000000000000e+02 -2.059810000000000141e+00 8.394379999999999953e+00 0.000000000000000000e+00
1.220000000000000000e+02 -3.654110000000000191e+00 9.833750000000000213e+00 0.000000000000000000e+00
1.230000000000000000e+02 -3.106829999999999981e+00 1.191732999999999976e+01 0.000000000000000000e+00
1.240000000000000000e+02 -2.648820000000000174e+00 1.393393999999999977e+01 0.000000000000000000e+00
1.250000000000000000e+02 -3.932409999999999961e+00 1.752490999999999843e+01 0.000000000000000000e+00
1.260000000000000000e+02 -2.176349999999999785e+00 -1.714525000000000077e+01 0.000000000000000000e+00
1.270000000000000000e+02 -2.259900000000000020e+00 -1.505172999999999917e+01 0.000000000000000000e+00
1.280000000000000000e+02 -2.568599999999999994e+00 -1.258094000000000001e+01 0.000000000000000000e+00
1.290000000000000000e+02 -1.500699999999999923e+00 -1.017938000000000009e+01 0.000000000000000000e+00
1.300000000000000000e+02 -9.003200000000000092e-01 -8.212979999999999947e+00 0.000000000000000000e+00
1.310000000000000000e+02 -4.251900000000000124e-01 -6.158409999999999940e+00 0.000000000000000000e+00
1.320000000000000000e+02 -1.695200000000000040e+00 -3.434390000000000054e+00 0.000000000000000000e+00
1.330000000000000000e+02 -2.560599999999999987e+00 -1.506159999999999943e+00 0.000000000000000000e+00
1.340000000000000000e+02 -6.514600000000000390e-01 -7.535300000000000331e-01 0.000000000000000000e+00
1.350000000000000000e+02 -2.233239999999999892e+00 6.898800000000000487e-01 0.000000000000000000e+00
1.360000000000000000e+02 -1.588600000000000012e+00 2.827679999999999971e+00 0.000000000000000000e+00
1.370000000000000000e+02 -1.042999999999999927e+00 4.961190000000000211e+00 0.000000000000000000e+00
1.380000000000000000e+02 -5.347699999999999676e-01 6.995210000000000150e+00 0.000000000000000000e+00
1.390000000000000000e+02 -1.106800000000000006e-01 9.063319999999999155e+00 0.000000000000000000e+00
1.400000000000000000e+02 -1.635049999999999892e+00 1.045930000000000071e+01 0.000000000000000000e+00
1.410000000000000000e+02 -1.000599999999999934e+00 1.255992999999999959e+01 0.000000000000000000e+00
1.420000000000000000e+02 -2.248130000000000184e+00 1.605978999999999957e+01 0.000000000000000000e+00
1.430000000000000000e+02 3.725700000000000123e-01 2.088107000000000113e+01 0.000000000000000000e+00
1.440000000000000000e+02 -1.317899999999999905e-01 -1.731521000000000043e+01 0.000000000000000000e+00
1.450000000000000000e+02 6.892399999999999638e-01 -1.532860999999999940e+01 0.000000000000000000e+00
1.460000000000000000e+02 -6.513099999999999445e-01 -1.374759000000000064e+01 0.000000000000000000e+00
1.470000000000000000e+02 -7.054000000000000548e-02 -1.175146999999999942e+01 0.000000000000000000e+00
1.480000000000000000e+02 5.353299999999999725e-01 -9.742950000000000443e+00 0.000000000000000000e+00
1.490000000000000000e+02 1.096559999999999979e+00 -7.705169999999999852e+00 0.000000000000000000e+00
1.500000000000000000e+02 2.532200000000000006e-01 -4.175699999999999967e+00 0.000000000000000000e+00
1.510000000000000000e+02 8.470100000000000406e-01 -2.208219999999999850e+00 0.000000000000000000e+00
1.520000000000000000e+02 1.350640000000000063e+00 -8.982999999999999319e-02 0.000000000000000000e+00
1.530000000000000000e+02 -1.958399999999999863e-01 1.296980000000000022e+00 0.000000000000000000e+00
1.540000000000000000e+02 4.187899999999999956e-01 3.475200000000000067e+00 0.000000000000000000e+00
1.550000000000000000e+02 9.846799999999999997e-01 5.464089999999999669e+00 0.000000000000000000e+00
1.560000000000000000e+02 1.529970000000000052e+00 7.446609999999999729e+00 0.000000000000000000e+00
1.570000000000000000e+02 1.982960000000000056e+00 9.512919999999999376e+00 0.000000000000000000e+00
1.580000000000000000e+02 4.682700000000000196e-01 1.106771999999999956e+01 0.000000000000000000e+00
1.590000000000000000e+02 1.002329999999999943e+00 1.318107000000000006e+01 0.000000000000000000e+00
1.600000000000000000e+02 -6.183800000000000407e-01 1.463480000000000025e+01 0.000000000000000000e+00
1.610000000000000000e+02 -1.977800000000000114e-01 1.669343999999999895e+01 0.000000000000000000e+00
1.620000000000000000e+02 -1.254240000000000022e+00 -1.907742999999999967e+01 0.000000000000000000e+00
1.630000000000000000e+02 2.163219999999999921e+00 -1.678416999999999959e+01 0.000000000000000000e+00
1.640000000000000000e+02 1.401410000000000045e+00 -1.319758999999999993e+01 0.000000000000000000e+00
1.650000000000000000e+02 1.974159999999999915e+00 -1.121608999999999945e+01 0.000000000000000000e+00
1.660000000000000000e+02 2.626469999999999860e+00 -9.239760000000000417e+00 0.000000000000000000e+00
1.670000000000000000e+02 3.294999999999999929e+00 -7.128160000000000274e+00 0.000000000000000000e+00
1.680000000000000000e+02 1.685240000000000071e+00 -5.690610000000000390e+00 0.000000000000000000e+00
1.690000000000000000e+02 2.269699999999999829e+00 -3.705760000000000165e+00 0.000000000000000000e+00
1.700000000000000000e+02 2.821629999999999860e+00 -1.565020000000000078e+00 0.000000000000000000e+00
1.710000000000000000e+02 3.442670000000000119e+00 5.186600000000000099e-01 0.000000000000000000e+00
1.720000000000000000e+02 1.925689999999999902e+00 1.916670000000000096e+00 0.000000000000000000e+00
1.730000000000000000e+02 3.017720000000000180e+00 6.014829999999999899e+00 0.000000000000000000e+00
1.740000000000000000e+02 3.520490000000000119e+00 8.051529999999999632e+00 0.000000000000000000e+00
1.750000000000000000e+02 3.949139999999999873e+00 1.012711999999999968e+01 0.000000000000000000e+00
1.760000000000000000e+02 2.498580000000000023e+00 1.170992000000000033e+01 0.000000000000000000e+00
1.770000000000000000e+02 3.048550000000000093e+00 1.372419000000000011e+01 0.000000000000000000e+00
1.780000000000000000e+02 1.530829999999999913e+00 1.517633000000000010e+01 0.000000000000000000e+00
1.790000000000000000e+02 3.471199999999999841e-01 1.878274000000000044e+01 0.000000000000000000e+00
1.800000000000000000e+02 1.373080000000000078e+00 -1.878457999999999828e+01 0.000000000000000000e+00
1.810000000000000000e+02 2.810220000000000162e+00 -1.481878000000000029e+01 0.000000000000000000e+00
1.820000000000000000e+02 3.483200000000000074e+00 -1.282196000000000069e+01 0.000000000000000000e+00
1.830000000000000000e+02 4.091230000000000366e+00 -1.079128000000000043e+01 0.000000000000000000e+00
1.840000000000000000e+02 4.678989999999999760e+00 -8.665029999999999788e+00 0.000000000000000000e+00
1.850000000000000000e+02 5.279899999999999594e+00 -6.574110000000000120e+00 0.000000000000000000e+00
1.860000000000000000e+02 3.815599999999999881e+00 -5.065319999999999823e+00 0.000000000000000000e+00
1.870000000000000000e+02 4.353869999999999685e+00 -3.057230000000000114e+00 0.000000000000000000e+00
1.880000000000000000e+02 4.840320000000000178e+00 -1.046510000000000051e+00 0.000000000000000000e+00
1.890000000000000000e+02 4.026460000000000150e+00 2.554310000000000080e+00 0.000000000000000000e+00
1.900000000000000000e+02 2.539600000000000080e+00 4.000259999999999927e+00 0.000000000000000000e+00
1.910000000000000000e+02 4.547180000000000000e+00 4.585469999999999935e+00 0.000000000000000000e+00
1.920000000000000000e+02 4.992449999999999832e+00 6.615380000000000038e+00 0.000000000000000000e+00
1.930000000000000000e+02 5.559720000000000439e+00 8.619320000000000093e+00 0.000000000000000000e+00
1.940000000000000000e+02 4.637139999999999596e+00 1.222892000000000046e+01 0.000000000000000000e+00
1.950000000000000000e+02 5.057199999999999918e+00 1.425408999999999970e+01 0.000000000000000000e+00
1.960000000000000000e+02 3.574910000000000032e+00 1.575514000000000081e+01 0.000000000000000000e+00
1.970000000000000000e+02 1.964099999999999957e+00 1.732842000000000127e+01 0.000000000000000000e+00
1.980000000000000000e+02 4.341680000000000206e+00 -1.639114000000000004e+01 0.000000000000000000e+00
1.990000000000000000e+02 4.888749999999999929e+00 -1.433920999999999957e+01 0.000000000000000000e+00
2.000000000000000000e+02 5.535779999999999923e+00 -1.231259999999999977e+01 0.000000000000000000e+00
2.010000000000000000e+02 6.119220000000000326e+00 -1.016320999999999941e+01 0.000000000000000000e+00
2.020000000000000000e+02 6.676499999999999879e+00 -8.096909999999999386e+00 0.000000000000000000e+00
2.030000000000000000e+02 7.342340000000000089e+00 -6.095640000000000391e+00 0.000000000000000000e+00
2.040000000000000000e+02 5.926090000000000302e+00 -4.568920000000000314e+00 0.000000000000000000e+00
2.050000000000000000e+02 6.415729999999999933e+00 -2.494590000000000085e+00 0.000000000000000000e+00
2.060000000000000000e+02 7.066919999999999646e+00 -5.117800000000000127e-01 0.000000000000000000e+00
2.070000000000000000e+02 5.533909999999999663e+00 9.093999999999999861e-01 0.000000000000000000e+00
2.080000000000000000e+02 6.047589999999999577e+00 3.073170000000000179e+00 0.000000000000000000e+00
2.090000000000000000e+02 6.560310000000000308e+00 5.117429999999999701e+00 0.000000000000000000e+00
2.100000000000000000e+02 7.078039999999999665e+00 7.152490000000000236e+00 0.000000000000000000e+00
2.110000000000000000e+02 7.614200000000000301e+00 9.204140000000000654e+00 0.000000000000000000e+00
2.120000000000000000e+02 6.041229999999999656e+00 1.065034999999999954e+01 0.000000000000000000e+00
2.130000000000000000e+02 6.650350000000000428e+00 1.278016000000000041e+01 0.000000000000000000e+00
2.140000000000000000e+02 5.673750000000000071e+00 1.623969999999999914e+01 0.000000000000000000e+00
2.150000000000000000e+02 4.011269999999999669e+00 1.778483999999999909e+01 0.000000000000000000e+00
2.160000000000000000e+02 6.369220000000000326e+00 -1.581987999999999950e+01 0.000000000000000000e+00
2.170000000000000000e+02 6.948249999999999815e+00 -1.383010999999999946e+01 0.000000000000000000e+00
2.180000000000000000e+02 7.568019999999999747e+00 -1.163790000000000013e+01 0.000000000000000000e+00
2.190000000000000000e+02 8.124560000000000670e+00 -9.637050000000000338e+00 0.000000000000000000e+00
2.200000000000000000e+02 8.778790000000000759e+00 -7.621179999999999843e+00 0.000000000000000000e+00
2.210000000000000000e+02 9.414509999999999934e+00 -5.550019999999999953e+00 0.000000000000000000e+00
2.220000000000000000e+02 7.931269999999999598e+00 -4.064269999999999605e+00 0.000000000000000000e+00
2.230000000000000000e+02 8.623639999999999972e+00 -1.994529999999999914e+00 0.000000000000000000e+00
2.240000000000000000e+02 9.054669999999999774e+00 2.527000000000000079e-02 0.000000000000000000e+00
2.250000000000000000e+02 7.537410000000000387e+00 1.526969999999999938e+00 0.000000000000000000e+00
2.260000000000000000e+02 9.518449999999999633e+00 2.135670000000000179e+00 0.000000000000000000e+00
2.270000000000000000e+02 8.065390000000000725e+00 3.597679999999999989e+00 0.000000000000000000e+00
2.280000000000000000e+02 8.620100000000000762e+00 5.658179999999999765e+00 0.000000000000000000e+00
2.290000000000000000e+02 9.137529999999999930e+00 7.726160000000000139e+00 0.000000000000000000e+00
2.300000000000000000e+02 8.025520000000000209e+00 1.124534000000000056e+01 0.000000000000000000e+00
2.310000000000000000e+02 8.821659999999999613e+00 1.314640999999999948e+01 0.000000000000000000e+00
2.320000000000000000e+02 7.196290000000000298e+00 1.482536999999999949e+01 0.000000000000000000e+00
2.330000000000000000e+02 6.061619999999999564e+00 1.833482000000000056e+01 0.000000000000000000e+00
2.340000000000000000e+02 3.803970000000000073e+00 -1.843668999999999869e+01 0.000000000000000000e+00
2.350000000000000000e+02 8.395720000000000738e+00 -1.528847000000000023e+01 0.000000000000000000e+00
2.360000000000000000e+02 8.963990000000000791e+00 -1.315708000000000055e+01 0.000000000000000000e+00
2.370000000000000000e+02 9.617990000000000705e+00 -1.117835000000000001e+01 0.000000000000000000e+00
2.380000000000000000e+02 1.017595999999999989e+01 -9.156850000000000378e+00 0.000000000000000000e+00
2.390000000000000000e+02 1.086849999999999916e+01 -7.139540000000000219e+00 0.000000000000000000e+00
2.400000000000000000e+02 1.144171000000000049e+01 -5.140600000000000058e+00 0.000000000000000000e+00
2.410000000000000000e+02 1.004419000000000040e+01 -3.576540000000000052e+00 0.000000000000000000e+00
2.420000000000000000e+02 1.063644000000000034e+01 -1.474390000000000089e+00 0.000000000000000000e+00
2.430000000000000000e+02 1.105297000000000018e+01 6.259299999999999864e-01 0.000000000000000000e+00
2.440000000000000000e+02 1.019957999999999920e+01 4.127049999999999663e+00 0.000000000000000000e+00
2.450000000000000000e+02 1.064986000000000033e+01 6.195750000000000313e+00 0.000000000000000000e+00
2.460000000000000000e+02 1.116887000000000008e+01 8.256909999999999528e+00 0.000000000000000000e+00
2.470000000000000000e+02 1.351661999999999964e+01 8.825540000000000163e+00 0.000000000000000000e+00
2.480000000000000000e+02 9.614119999999999777e+00 9.727090000000000458e+00 0.000000000000000000e+00
2.490000000000000000e+02 1.034774999999999956e+01 1.169222000000000072e+01 0.000000000000000000e+00
2.500000000000000000e+02 9.284399999999999764e+00 1.523342000000000063e+01 0.000000000000000000e+00
2.510000000000000000e+02 7.657259999999999955e+00 1.687393000000000143e+01 0.000000000000000000e+00
2.520000000000000000e+02 5.866030000000000300e+00 -1.791515000000000057e+01 0.000000000000000000e+00
2.530000000000000000e+02 1.046833999999999953e+01 -1.470650000000000013e+01 0.000000000000000000e+00
2.540000000000000000e+02 1.106016999999999939e+01 -1.268898000000000081e+01 0.000000000000000000e+00
2.550000000000000000e+02 1.171820999999999913e+01 -1.069828000000000046e+01 0.000000000000000000e+00
2.560000000000000000e+02 1.227922000000000047e+01 -8.697329999999999117e+00 0.000000000000000000e+00
2.570000000000000000e+02 1.295445999999999920e+01 -6.656990000000000407e+00 0.000000000000000000e+00
2.580000000000000000e+02 1.364270999999999923e+01 -4.516420000000000101e+00 0.000000000000000000e+00
2.590000000000000000e+02 1.204378999999999955e+01 -3.051880000000000148e+00 0.000000000000000000e+00
2.600000000000000000e+02 1.264685000000000059e+01 -9.197899999999999965e-01 0.000000000000000000e+00
2.610000000000000000e+02 1.317780999999999914e+01 1.188080000000000025e+00 0.000000000000000000e+00
2.620000000000000000e+02 1.167076999999999920e+01 2.645030000000000214e+00 0.000000000000000000e+00
2.630000000000000000e+02 1.220800999999999981e+01 4.685959999999999681e+00 0.000000000000000000e+00
2.640000000000000000e+02 1.270125999999999955e+01 6.696880000000000166e+00 0.000000000000000000e+00
2.650000000000000000e+02 1.797331000000000145e+01 4.228010000000000268e+00 0.000000000000000000e+00
2.660000000000000000e+02 1.198943000000000048e+01 1.025277999999999956e+01 0.000000000000000000e+00
2.670000000000000000e+02 1.241259999999999941e+01 1.239310000000000045e+01 0.000000000000000000e+00
2.680000000000000000e+02 1.082329999999999970e+01 1.372493000000000052e+01 0.000000000000000000e+00
2.690000000000000000e+02 1.000411000000000072e+01 1.717414000000000129e+01 0.000000000000000000e+00
2.700000000000000000e+02 7.932959999999999567e+00 -1.729731999999999914e+01 0.000000000000000000e+00
2.710000000000000000e+02 1.263376000000000055e+01 -1.421315000000000062e+01 0.000000000000000000e+00
2.720000000000000000e+02 1.317379999999999995e+01 -1.219308999999999976e+01 0.000000000000000000e+00
2.730000000000000000e+02 1.372639000000000031e+01 -1.018140999999999963e+01 0.000000000000000000e+00
2.740000000000000000e+02 1.442890000000000050e+01 -8.251450000000000173e+00 0.000000000000000000e+00
2.750000000000000000e+02 1.716150999999999982e+01 -5.689680000000000071e+00 0.000000000000000000e+00
2.760000000000000000e+02 1.500003000000000064e+01 -6.169310000000000294e+00 0.000000000000000000e+00
2.770000000000000000e+02 1.405896000000000079e+01 -2.466959999999999820e+00 0.000000000000000000e+00
2.780000000000000000e+02 1.618469999999999942e+01 -1.893250000000000099e+00 0.000000000000000000e+00
2.790000000000000000e+02 1.467473000000000027e+01 -4.716199999999999837e-01 0.000000000000000000e+00
2.800000000000000000e+02 1.368341000000000030e+01 3.238469999999999960e+00 0.000000000000000000e+00
2.810000000000000000e+02 1.422269000000000005e+01 5.239630000000000010e+00 0.000000000000000000e+00
2.820000000000000000e+02 1.491257000000000055e+01 7.292159999999999975e+00 0.000000000000000000e+00
2.830000000000000000e+02 1.643579000000000079e+01 5.852809999999999846e+00 0.000000000000000000e+00
2.840000000000000000e+02 1.559338999999999942e+01 9.504960000000000520e+00 0.000000000000000000e+00
2.850000000000000000e+02 1.433102000000000054e+01 1.121175000000000033e+01 0.000000000000000000e+00
2.860000000000000000e+02 1.343188999999999922e+01 1.442328000000000010e+01 0.000000000000000000e+00
2.870000000000000000e+02 1.160379999999999967e+01 1.583578999999999937e+01 0.000000000000000000e+00
2.880000000000000000e+02 9.920170000000000599e+00 -1.670804000000000045e+01 0.000000000000000000e+00
2.890000000000000000e+02 1.527200000000000024e+01 -1.186669000000000018e+01 0.000000000000000000e+00
2.900000000000000000e+02 1.579072000000000031e+01 -9.817360000000000753e+00 0.000000000000000000e+00
2.910000000000000000e+02 1.652273999999999887e+01 -7.823800000000000310e+00 0.000000000000000000e+00
2.920000000000000000e+02 1.942632000000000048e+01 2.777089999999999836e+00 0.000000000000000000e+00
2.930000000000000000e+02 1.805114999999999981e+01 -3.274389999999999912e+00 0.000000000000000000e+00
2.940000000000000000e+02 1.861345999999999989e+01 -5.985099999999999865e-01 0.000000000000000000e+00
2.950000000000000000e+02 1.565328000000000053e+01 -4.005650000000000155e+00 0.000000000000000000e+00
2.960000000000000000e+02 1.664160000000000039e+01 1.930600000000000094e-01 0.000000000000000000e+00
2.970000000000000000e+02 1.724520000000000053e+01 2.198430000000000106e+00 0.000000000000000000e+00
2.980000000000000000e+02 1.520345999999999975e+01 1.775830000000000020e+00 0.000000000000000000e+00
2.990000000000000000e+02 1.584511000000000003e+01 3.801099999999999923e+00 0.000000000000000000e+00
