0.000000000000000000e+00 -1.166618000000000066e+01 -1.622888000000000019e+01 0.000000000000000000e+00
1.000000000000000000e+00 -1.530219999999999914e+01 -1.318299999999999983e+01 0.000000000000000000e+00
2.000000000000000000e+00 -1.621444999999999936e+01 -1.116591999999999985e+01 0.000000000000000000e+00
3.000000000000000000e+00 -1.698026000000000124e+01 -7.542370000000000019e+00 0.000000000000000000e+00
4.000000000000000000e+00 -1.802233999999999980e+01 -5.662209999999999965e+00 0.000000000000000000e+00
5.000000000000000000e+00 -1.891075000000000017e+01 -3.802290000000000170e+00 0.000000000000000000e+00
6.000000000000000000e+00 -1.660317999999999827e+01 -4.028480000000000061e+00 0.000000000000000000e+00
7.000000000000000000e+00 -2.027518999999999849e+01 -6.921699999999999520e-01 0.000000000000000000e+00
8.000000000000000000e+00 -1.739740000000000109e+01 -2.075889999999999791e+00 0.000000000000000000e+00
9.000000000000000000e+00 -1.612149000000000143e+01 -3.578200000000000269e-01 0.000000000000000000e+00
1.000000000000000000e+01 -1.825620999999999938e+01 -9.171999999999999598e-02 0.000000000000000000e+00
1.100000000000000000e+01 -1.915165000000000006e+01 1.962919999999999998e+00 0.000000000000000000e+00
1.200000000000000000e+01 -1.651763000000000048e+01 5.199300000000000033e+00 0.000000000000000000e+00
1.300000000000000000e+01 -1.805859999999999843e+01 3.785229999999999873e+00 0.000000000000000000e+00
1.400000000000000000e+01 -1.777355999999999980e+01 7.104599999999999582e+00 0.000000000000000000e+00
1.500000000000000000e+01 -1.716234000000000037e+01 1.080474000000000068e+01 0.000000000000000000e+00
1.600000000000000000e+01 -1.625292999999999921e+01 1.265651000000000082e+01 0.000000000000000000e+00
1.700000000000000000e+01 -1.308436999999999983e+01 1.442252000000000045e+01 0.000000000000000000e+00
1.800000000000000000e+01 -9.468640000000000612e+00 -1.667486999999999853e+01 0.000000000000000000e+00
1.900000000000000000e+01 -1.282315999999999967e+01 -1.405635999999999974e+01 0.000000000000000000e+00
2.000000000000000000e+01 -1.359465999999999930e+01 -1.197418000000000049e+01 0.000000000000000000e+00
2.100000000000000000e+01 -1.450974000000000075e+01 -1.000788000000000011e+01 0.000000000000000000e+00
2.200000000000000000e+01 -1.489461999999999975e+01 -7.963910000000000267e+00 0.000000000000000000e+00
2.300000000000000000e+01 -1.566924000000000028e+01 -5.915630000000000166e+00 0.000000000000000000e+00
2.400000000000000000e+01 -1.433732000000000006e+01 -4.243920000000000137e+00 0.000000000000000000e+00
2.500000000000000000e+01 -1.510689999999999955e+01 -2.171980000000000022e+00 0.000000000000000000e+00
2.600000000000000000e+01 -1.378227000000000046e+01 -5.305299999999999461e-01 0.000000000000000000e+00
2.700000000000000000e+01 -1.469191999999999965e+01 1.412679999999999936e+00 0.000000000000000000e+00
2.800000000000000000e+01 -1.691424999999999912e+01 1.665170000000000039e+00 0.000000000000000000e+00
2.900000000000000000e+01 -1.559919999999999973e+01 3.303780000000000161e+00 0.000000000000000000e+00
3.000000000000000000e+01 -1.535027999999999970e+01 6.998540000000000205e+00 0.000000000000000000e+00
3.100000000000000000e+01 -1.418191999999999986e+01 8.720620000000000260e+00 0.000000000000000000e+00
3.200000000000000000e+01 -1.630240999999999829e+01 8.851900000000000546e+00 0.000000000000000000e+00
3.300000000000000000e+01 -1.507226999999999961e+01 1.074405999999999928e+01 0.000000000000000000e+00
3.400000000000000000e+01 -1.389011999999999958e+01 1.248719999999999963e+01 0.000000000000000000e+00
3.500000000000000000e+01 -1.196585999999999927e+01 1.618295000000000172e+01 0.000000000000000000e+00
3.600000000000000000e+01 -7.438670000000000115e+00 -1.787896999999999892e+01 0.000000000000000000e+00
3.700000000000000000e+01 -1.068052999999999919e+01 -1.425567000000000029e+01 0.000000000000000000e+00
3.800000000000000000e+01 -1.149845999999999968e+01 -1.236818000000000062e+01 0.000000000000000000e+00
3.900000000000000000e+01 -1.219989999999999952e+01 -1.042713999999999963e+01 0.000000000000000000e+00
4.000000000000000000e+01 -1.282804999999999929e+01 -8.414730000000000487e+00 0.000000000000000000e+00
4.100000000000000000e+01 -1.359695999999999927e+01 -6.162180000000000213e+00 0.000000000000000000e+00
4.200000000000000000e+01 -1.225056999999999974e+01 -4.540530000000000399e+00 0.000000000000000000e+00
4.300000000000000000e+01 -1.301535999999999937e+01 -2.490580000000000016e+00 0.000000000000000000e+00
4.400000000000000000e+01 -1.173141999999999996e+01 -8.307700000000000085e-01 0.000000000000000000e+00
4.500000000000000000e+01 -1.247535000000000061e+01 1.225279999999999925e+00 0.000000000000000000e+00
4.600000000000000000e+01 -1.340850000000000009e+01 3.108330000000000037e+00 0.000000000000000000e+00
4.700000000000000000e+01 -1.443495000000000061e+01 4.995619999999999727e+00 0.000000000000000000e+00
4.800000000000000000e+01 -1.320683999999999969e+01 6.790409999999999613e+00 0.000000000000000000e+00
4.900000000000000000e+01 -1.200412000000000035e+01 8.667210000000000747e+00 0.000000000000000000e+00
5.000000000000000000e+01 -1.290517999999999965e+01 1.056650999999999918e+01 0.000000000000000000e+00
5.100000000000000000e+01 -1.179243999999999915e+01 1.230560000000000009e+01 0.000000000000000000e+00
5.200000000000000000e+01 -1.082385000000000019e+01 1.432807999999999993e+01 0.000000000000000000e+00
5.300000000000000000e+01 -9.697369999999999379e+00 1.620273999999999859e+01 0.000000000000000000e+00
5.400000000000000000e+01 -5.740649999999999586e+00 -1.907260000000000133e+01 0.000000000000000000e+00
5.500000000000000000e+01 -8.621280000000000499e+00 -1.452799000000000085e+01 0.000000000000000000e+00
5.600000000000000000e+01 -8.533289999999999154e+00 -1.247368999999999950e+01 0.000000000000000000e+00
5.700000000000000000e+01 -1.010777000000000037e+01 -1.075782000000000060e+01 0.000000000000000000e+00
5.800000000000000000e+01 -1.052464999999999939e+01 -8.638749999999999929e+00 0.000000000000000000e+00
5.900000000000000000e+01 -1.154515999999999920e+01 -6.545180000000000220e+00 0.000000000000000000e+00
6.000000000000000000e+01 -1.017178000000000004e+01 -4.796179999999999666e+00 0.000000000000000000e+00
6.100000000000000000e+01 -1.096269999999999989e+01 -2.804920000000000080e+00 0.000000000000000000e+00
6.200000000000000000e+01 -9.672230000000000771e+00 -1.188919999999999977e+00 0.000000000000000000e+00
6.300000000000000000e+01 -1.038142000000000031e+01 8.518900000000000361e-01 0.000000000000000000e+00
6.400000000000000000e+01 -1.132562000000000069e+01 2.997059999999999835e+00 0.000000000000000000e+00
6.500000000000000000e+01 -1.229147999999999996e+01 4.943480000000000096e+00 0.000000000000000000e+00
6.600000000000000000e+01 -1.111448000000000036e+01 6.712430000000000341e+00 0.000000000000000000e+00
6.700000000000000000e+01 -9.911009999999999209e+00 8.397460000000000591e+00 0.000000000000000000e+00
6.800000000000000000e+01 -1.075801000000000052e+01 1.033319999999999972e+01 0.000000000000000000e+00
6.900000000000000000e+01 -9.667600000000000193e+00 1.229451000000000072e+01 0.000000000000000000e+00
7.000000000000000000e+01 -8.701249999999999929e+00 1.433061000000000007e+01 0.000000000000000000e+00
7.100000000000000000e+01 -7.524049999999999905e+00 1.610959000000000074e+01 0.000000000000000000e+00
7.200000000000000000e+01 -5.125160000000000160e+00 -1.707632999999999868e+01 0.000000000000000000e+00
7.300000000000000000e+01 -6.910420000000000229e+00 -1.582292999999999950e+01 0.000000000000000000e+00
7.400000000000000000e+01 -6.562850000000000072e+00 -1.377956999999999965e+01 0.000000000000000000e+00
7.500000000000000000e+01 -8.072039999999999438e+00 -1.043063000000000073e+01 0.000000000000000000e+00
7.600000000000000000e+01 -7.980739999999999945e+00 -8.345100000000000406e+00 0.000000000000000000e+00
7.700000000000000000e+01 -9.477149999999999963e+00 -6.768609999999999793e+00 0.000000000000000000e+00
7.800000000000000000e+01 -8.023709999999999454e+00 -5.240039999999999587e+00 0.000000000000000000e+00
7.900000000000000000e+01 -8.789139999999999731e+00 -3.161300000000000221e+00 0.000000000000000000e+00
8.000000000000000000e+01 -8.258160000000000167e+00 6.780399999999999761e-01 0.000000000000000000e+00
8.100000000000000000e+01 -9.286939999999999529e+00 2.607590000000000074e+00 0.000000000000000000e+00
8.200000000000000000e+01 -1.017984000000000044e+01 4.770950000000000024e+00 0.000000000000000000e+00
8.300000000000000000e+01 -8.117689999999999628e+00 4.620639999999999858e+00 0.000000000000000000e+00
8.400000000000000000e+01 -8.991630000000000678e+00 6.522439999999999571e+00 0.000000000000000000e+00
8.500000000000000000e+01 -7.767310000000000159e+00 8.577489999999999171e+00 0.000000000000000000e+00
8.600000000000000000e+01 -8.613060000000000827e+00 1.048373999999999917e+01 0.000000000000000000e+00
8.700000000000000000e+01 -7.550600000000000200e+00 1.225760000000000005e+01 0.000000000000000000e+00
8.800000000000000000e+01 -6.513889999999999958e+00 1.420886999999999922e+01 0.000000000000000000e+00
8.900000000000000000e+01 -6.378409999999999691e+00 1.803536000000000072e+01 0.000000000000000000e+00
9.000000000000000000e+01 -4.050010000000000332e+00 -2.031341000000000108e+01 0.000000000000000000e+00
9.100000000000000000e+01 -3.174819999999999975e+00 -1.619200999999999979e+01 0.000000000000000000e+00
9.200000000000000000e+01 -4.861620000000000275e+00 -1.502077000000000062e+01 0.000000000000000000e+00
9.300000000000000000e+01 -6.419789999999999885e+00 -1.170409000000000077e+01 0.000000000000000000e+00
9.400000000000000000e+01 -6.204069999999999752e+00 -9.560510000000000730e+00 0.000000000000000000e+00
9.500000000000000000e+01 -6.097940000000000360e+00 -7.376699999999999591e+00 0.000000000000000000e+00
9.600000000000000000e+01 -5.823059999999999903e+00 -5.222319999999999851e+00 0.000000000000000000e+00
9.700000000000000000e+01 -6.374119999999999564e+00 -3.199749999999999872e+00 0.000000000000000000e+00
9.800000000000000000e+01 -7.598150000000000404e+00 -1.319630000000000081e+00 0.000000000000000000e+00
9.900000000000000000e+01 -7.212220000000000297e+00 2.628410000000000135e+00 0.000000000000000000e+00
1.000000000000000000e+02 -5.105979999999999741e+00 2.982000000000000206e+00 0.000000000000000000e+00
1.010000000000000000e+02 -5.997139999999999915e+00 4.848700000000000010e+00 0.000000000000000000e+00
1.020000000000000000e+02 -6.705799999999999983e+00 6.786660000000000359e+00 0.000000000000000000e+00
1.030000000000000000e+02 -5.638049999999999784e+00 8.567930000000000490e+00 0.000000000000000000e+00
1.040000000000000000e+02 -6.524140000000000050e+00 1.046942999999999913e+01 0.000000000000000000e+00
1.050000000000000000e+02 -5.443909999999999805e+00 1.223826999999999998e+01 0.000000000000000000e+00
1.060000000000000000e+02 -5.405990000000000073e+00 1.598373999999999917e+01 0.000000000000000000e+00
1.070000000000000000e+02 -4.334249999999999936e+00 1.777262999999999948e+01 0.000000000000000000e+00
1.080000000000000000e+02 -3.378709999999999880e+00 -1.824580999999999875e+01 0.000000000000000000e+00
1.090000000000000000e+02 -2.926779999999999937e+00 -1.412748000000000026e+01 0.000000000000000000e+00
1.100000000000000000e+02 -4.677710000000000257e+00 -1.294941999999999993e+01 0.000000000000000000e+00
1.110000000000000000e+02 -4.499959999999999738e+00 -1.083369000000000071e+01 0.000000000000000000e+00
1.120000000000000000e+02 -4.329769999999999897e+00 -8.640800000000000480e+00 0.000000000000000000e+00
1.130000000000000000e+02 -4.115160000000000373e+00 -6.573179999999999801e+00 0.000000000000000000e+00
1.140000000000000000e+02 -3.866750000000000131e+00 -4.524099999999999788e+00 0.000000000000000000e+00
1.150000000000000000e+02 -3.699710000000000054e+00 -2.453969999999999985e+00 0.000000000000000000e+00
1.160000000000000000e+02 -5.466669999999999696e+00 -1.198739999999999917e+00 0.000000000000000000e+00
1.170000000000000000e+02 -5.761129999999999640e+00 9.116400000000000059e-01 0.000000000000000000e+00
1.180000000000000000e+02 -3.484179999999999833e+00 1.693200000000000038e+00 0.000000000000000000e+00
1.190000000000000000e+02 -3.591579999999999995e+00 4.464959999999999596e+00 0.000000000000000000e+00
1.200000000000000000e+02 -4.568019999999999747e+00 6.614770000000000039e+00 0.000000000000000000e+00
1.210000000000000000e+02 -3.522429999999999950e+00 8.432949999999999946e+00 0.000000000000000000e+00
1.220000000000000000e+02 -4.474680000000000213e+00 1.031831000000000031e+01 0.000000000000000000e+00
1.230000000000000000e+02 -3.268069999999999808e+00 1.226104999999999912e+01 0.000000000000000000e+00
1.240000000000000000e+02 -4.361810000000000187e+00 1.408831999999999951e+01 0.000000000000000000e+00
1.250000000000000000e+02 -3.302560000000000162e+00 1.587986000000000075e+01 0.000000000000000000e+00
1.260000000000000000e+02 -1.226499999999999924e+00 -2.007911000000000001e+01 0.000000000000000000e+00
1.270000000000000000e+02 -1.340489999999999959e+00 -1.743055999999999983e+01 0.000000000000000000e+00
1.280000000000000000e+02 -2.754700000000000149e+00 -1.205361000000000082e+01 0.000000000000000000e+00
1.290000000000000000e+02 -2.649509999999999810e+00 -9.934010000000000673e+00 0.000000000000000000e+00
1.300000000000000000e+02 -2.390579999999999927e+00 -7.793300000000000338e+00 0.000000000000000000e+00
1.310000000000000000e+02 -2.148239999999999927e+00 -5.698859999999999815e+00 0.000000000000000000e+00
1.320000000000000000e+02 -1.952290000000000081e+00 -3.609929999999999861e+00 0.000000000000000000e+00
1.330000000000000000e+02 -1.829490000000000061e+00 -1.538089999999999957e+00 0.000000000000000000e+00
1.340000000000000000e+02 -1.685179999999999900e+00 5.276399999999999979e-01 0.000000000000000000e+00
1.350000000000000000e+02 -3.571470000000000145e+00 -3.621699999999999919e-01 0.000000000000000000e+00
1.360000000000000000e+02 -1.587199999999999944e+00 2.615569999999999951e+00 0.000000000000000000e+00
1.370000000000000000e+02 -1.541819999999999968e+00 4.699320000000000164e+00 0.000000000000000000e+00
1.380000000000000000e+02 -2.433269999999999822e+00 6.556300000000000239e+00 0.000000000000000000e+00
1.390000000000000000e+02 -1.424260000000000081e+00 8.474880000000000635e+00 0.000000000000000000e+00
1.400000000000000000e+02 -2.330449999999999910e+00 1.036270000000000024e+01 0.000000000000000000e+00
1.410000000000000000e+02 -1.216669999999999918e+00 1.210490000000000066e+01 0.000000000000000000e+00
1.420000000000000000e+02 -2.234529999999999905e+00 1.405578000000000038e+01 0.000000000000000000e+00
1.430000000000000000e+02 -2.188190000000000079e+00 1.767128999999999905e+01 0.000000000000000000e+00
1.440000000000000000e+02 3.561199999999999921e-01 -1.861035000000000039e+01 0.000000000000000000e+00
1.450000000000000000e+02 -1.250159999999999938e+00 -1.537101999999999968e+01 0.000000000000000000e+00
1.460000000000000000e+02 -1.019490000000000007e+00 -1.315817000000000014e+01 0.000000000000000000e+00
1.470000000000000000e+02 -8.546799999999999953e-01 -1.109815000000000040e+01 0.000000000000000000e+00
1.480000000000000000e+02 -6.709800000000000209e-01 -9.028409999999999158e+00 0.000000000000000000e+00
1.490000000000000000e+02 -3.957399999999999807e-01 -6.917430000000000412e+00 0.000000000000000000e+00
1.500000000000000000e+02 -2.028600000000000125e-01 -4.735210000000000363e+00 0.000000000000000000e+00
1.510000000000000000e+02 3.296999999999999931e-02 -2.695559999999999956e+00 0.000000000000000000e+00
1.520000000000000000e+02 9.773999999999999355e-02 -6.066000000000000281e-01 0.000000000000000000e+00
1.530000000000000000e+02 1.823599999999999943e-01 1.451859999999999928e+00 0.000000000000000000e+00
1.540000000000000000e+02 2.644400000000000084e-01 3.522829999999999906e+00 0.000000000000000000e+00
1.550000000000000000e+02 4.117899999999999894e-01 5.703170000000000073e+00 0.000000000000000000e+00
1.560000000000000000e+02 5.927400000000000446e-01 7.781010000000000204e+00 0.000000000000000000e+00
1.570000000000000000e+02 1.719499999999999917e-01 1.012415999999999983e+01 0.000000000000000000e+00
1.580000000000000000e+02 9.092299999999999827e-01 1.213976000000000077e+01 0.000000000000000000e+00
1.590000000000000000e+02 -1.739499999999999935e-01 1.391813999999999929e+01 0.000000000000000000e+00
1.600000000000000000e+02 -1.011689999999999978e+00 1.579451000000000072e+01 0.000000000000000000e+00
1.610000000000000000e+02 -3.638999999999999874e-02 1.763920999999999850e+01 0.000000000000000000e+00
1.620000000000000000e+02 4.331590000000000273e+00 -1.903085000000000093e+01 0.000000000000000000e+00
1.630000000000000000e+02 5.339800000000000102e-01 -1.641106999999999871e+01 0.000000000000000000e+00
1.640000000000000000e+02 6.938400000000000123e-01 -1.435895999999999972e+01 0.000000000000000000e+00
1.650000000000000000e+02 9.520800000000000374e-01 -1.223145000000000060e+01 0.000000000000000000e+00
1.660000000000000000e+02 1.041250000000000009e+00 -1.017102000000000039e+01 0.000000000000000000e+00
1.670000000000000000e+02 1.337970000000000104e+00 -8.132189999999999586e+00 0.000000000000000000e+00
1.680000000000000000e+02 1.475800000000000001e+00 -5.950199999999999712e+00 0.000000000000000000e+00
1.690000000000000000e+02 1.730909999999999949e+00 -3.869520000000000071e+00 0.000000000000000000e+00
1.700000000000000000e+02 1.860349999999999948e+00 -1.720669999999999922e+00 0.000000000000000000e+00
1.710000000000000000e+02 1.950129999999999919e+00 3.557400000000000007e-01 0.000000000000000000e+00
1.720000000000000000e+02 2.107990000000000030e+00 2.481529999999999792e+00 0.000000000000000000e+00
1.730000000000000000e+02 2.271139999999999937e+00 4.541739999999999888e+00 0.000000000000000000e+00
1.740000000000000000e+02 2.306189999999999962e+00 6.610899999999999999e+00 0.000000000000000000e+00
1.750000000000000000e+02 2.456170000000000186e+00 8.725319999999999965e+00 0.000000000000000000e+00
1.760000000000000000e+02 2.462839999999999918e+00 1.078497999999999912e+01 0.000000000000000000e+00
1.770000000000000000e+02 2.128880000000000106e+00 1.393679999999999986e+01 0.000000000000000000e+00
1.780000000000000000e+02 1.120249999999999968e+00 1.574710999999999927e+01 0.000000000000000000e+00
1.790000000000000000e+02 1.075329999999999897e+00 1.950425999999999860e+01 0.000000000000000000e+00
1.800000000000000000e+02 2.279790000000000205e+00 -1.768935000000000102e+01 0.000000000000000000e+00
1.810000000000000000e+02 2.464220000000000077e+00 -1.559666999999999959e+01 0.000000000000000000e+00
1.820000000000000000e+02 2.647689999999999877e+00 -1.346260999999999974e+01 0.000000000000000000e+00
1.830000000000000000e+02 2.845779999999999976e+00 -1.138965999999999923e+01 0.000000000000000000e+00
1.840000000000000000e+02 3.088849999999999874e+00 -9.317769999999999442e+00 0.000000000000000000e+00
1.850000000000000000e+02 3.191640000000000033e+00 -7.141949999999999577e+00 0.000000000000000000e+00
1.860000000000000000e+02 3.454829999999999846e+00 -5.057039999999999758e+00 0.000000000000000000e+00
1.870000000000000000e+02 3.622409999999999908e+00 -2.951890000000000125e+00 0.000000000000000000e+00
1.880000000000000000e+02 3.700699999999999878e+00 -7.958600000000000119e-01 0.000000000000000000e+00
1.890000000000000000e+02 3.874719999999999942e+00 1.292640000000000011e+00 0.000000000000000000e+00
1.900000000000000000e+02 4.036859999999999893e+00 3.403189999999999937e+00 0.000000000000000000e+00
1.910000000000000000e+02 4.118800000000000239e+00 5.495989999999999931e+00 0.000000000000000000e+00
1.920000000000000000e+02 4.219020000000000437e+00 7.559210000000000207e+00 0.000000000000000000e+00
1.930000000000000000e+02 4.312529999999999752e+00 9.638249999999999318e+00 0.000000000000000000e+00
1.940000000000000000e+02 4.342319999999999958e+00 1.174197000000000024e+01 0.000000000000000000e+00
1.950000000000000000e+02 4.222949999999999982e+00 1.382133999999999929e+01 0.000000000000000000e+00
1.960000000000000000e+02 3.312289999999999957e+00 1.565695000000000014e+01 0.000000000000000000e+00
1.970000000000000000e+02 2.276699999999999946e+00 1.747211000000000070e+01 0.000000000000000000e+00
1.980000000000000000e+02 4.360339999999999883e+00 -1.681772000000000133e+01 0.000000000000000000e+00
1.990000000000000000e+02 4.466529999999999667e+00 -1.474091999999999913e+01 0.000000000000000000e+00
2.000000000000000000e+02 4.641650000000000276e+00 -1.255706999999999951e+01 0.000000000000000000e+00
2.010000000000000000e+02 4.832569999999999588e+00 -1.046521000000000079e+01 0.000000000000000000e+00
2.020000000000000000e+02 4.933889999999999887e+00 -8.331129999999999924e+00 0.000000000000000000e+00
2.030000000000000000e+02 5.154950000000000365e+00 -6.279040000000000177e+00 0.000000000000000000e+00
2.040000000000000000e+02 5.323310000000000208e+00 -4.135909999999999975e+00 0.000000000000000000e+00
2.050000000000000000e+02 5.451670000000000016e+00 -1.997800000000000020e+00 0.000000000000000000e+00
2.060000000000000000e+02 5.612860000000000404e+00 1.322399999999999964e-01 0.000000000000000000e+00
2.070000000000000000e+02 5.772240000000000038e+00 2.242370000000000196e+00 0.000000000000000000e+00
2.080000000000000000e+02 5.866749999999999687e+00 4.361489999999999867e+00 0.000000000000000000e+00
2.090000000000000000e+02 5.998380000000000045e+00 6.436840000000000117e+00 0.000000000000000000e+00
2.100000000000000000e+02 6.090309999999999668e+00 8.541520000000000223e+00 0.000000000000000000e+00
2.110000000000000000e+02 6.147179999999999644e+00 1.061151000000000089e+01 0.000000000000000000e+00
2.120000000000000000e+02 6.214209999999999567e+00 1.267019999999999946e+01 0.000000000000000000e+00
2.130000000000000000e+02 5.658579999999999721e+00 1.533234999999999992e+01 0.000000000000000000e+00
2.140000000000000000e+02 4.608419999999999739e+00 1.738885000000000147e+01 0.000000000000000000e+00
2.150000000000000000e+02 3.368900000000000006e+00 1.923016000000000147e+01 0.000000000000000000e+00
2.160000000000000000e+02 6.296190000000000175e+00 -1.807992000000000132e+01 0.000000000000000000e+00
2.170000000000000000e+02 6.235929999999999751e+00 -1.577853999999999957e+01 0.000000000000000000e+00
2.180000000000000000e+02 6.455059999999999576e+00 -1.367629999999999946e+01 0.000000000000000000e+00
2.190000000000000000e+02 6.567560000000000286e+00 -1.156260999999999939e+01 0.000000000000000000e+00
2.200000000000000000e+02 6.837360000000000326e+00 -9.494830000000000325e+00 0.000000000000000000e+00
2.210000000000000000e+02 6.927100000000000257e+00 -7.415809999999999569e+00 0.000000000000000000e+00
2.220000000000000000e+02 7.073019999999999641e+00 -5.222769999999999690e+00 0.000000000000000000e+00
2.230000000000000000e+02 7.230959999999999610e+00 -3.141340000000000021e+00 0.000000000000000000e+00
2.240000000000000000e+02 7.290499999999999758e+00 -1.064179999999999904e+00 0.000000000000000000e+00
2.250000000000000000e+02 7.576590000000000380e+00 9.997500000000000275e-01 0.000000000000000000e+00
2.260000000000000000e+02 7.704959999999999809e+00 3.160000000000000142e+00 0.000000000000000000e+00
2.270000000000000000e+02 7.743369999999999642e+00 5.271679999999999922e+00 0.000000000000000000e+00
2.280000000000000000e+02 7.847940000000000360e+00 7.429570000000000007e+00 0.000000000000000000e+00
2.290000000000000000e+02 7.952119999999999855e+00 9.511150000000000659e+00 0.000000000000000000e+00
2.300000000000000000e+02 8.054190000000000182e+00 1.161002000000000045e+01 0.000000000000000000e+00
2.310000000000000000e+02 8.081730000000000302e+00 1.367877999999999972e+01 0.000000000000000000e+00
2.320000000000000000e+02 7.735500000000000043e+00 1.576995999999999931e+01 0.000000000000000000e+00
2.330000000000000000e+02 7.318900000000000183e+00 1.782248999999999839e+01 0.000000000000000000e+00
2.340000000000000000e+02 8.114750000000000796e+00 -1.692670999999999992e+01 0.000000000000000000e+00
2.350000000000000000e+02 8.232300000000000395e+00 -1.484952000000000005e+01 0.000000000000000000e+00
2.360000000000000000e+02 8.409610000000000696e+00 -1.277272999999999925e+01 0.000000000000000000e+00
2.370000000000000000e+02 8.651880000000000237e+00 -1.069425999999999988e+01 0.000000000000000000e+00
2.380000000000000000e+02 8.821630000000000749e+00 -8.512380000000000280e+00 0.000000000000000000e+00
2.390000000000000000e+02 8.836380000000000123e+00 -6.402829999999999799e+00 0.000000000000000000e+00
2.400000000000000000e+02 8.964489999999999625e+00 -4.261899999999999800e+00 0.000000000000000000e+00
2.410000000000000000e+02 9.102869999999999351e+00 -2.073729999999999851e+00 0.000000000000000000e+00
2.420000000000000000e+02 9.412219999999999587e+00 -1.580000000000000154e-02 0.000000000000000000e+00
2.430000000000000000e+02 9.495079999999999742e+00 2.052189999999999959e+00 0.000000000000000000e+00
2.440000000000000000e+02 9.547209999999999752e+00 4.249390000000000001e+00 0.000000000000000000e+00
2.450000000000000000e+02 1.136267999999999923e+01 5.230599999999999916e+00 0.000000000000000000e+00
2.460000000000000000e+02 9.627610000000000667e+00 6.371929999999999872e+00 0.000000000000000000e+00
2.470000000000000000e+02 9.777100000000000790e+00 8.471270000000000522e+00 0.000000000000000000e+00
2.480000000000000000e+02 9.891659999999999897e+00 1.053847999999999985e+01 0.000000000000000000e+00
2.490000000000000000e+02 9.905350000000000321e+00 1.271006999999999998e+01 0.000000000000000000e+00
2.500000000000000000e+02 9.762230000000000629e+00 1.489550000000000018e+01 0.000000000000000000e+00
2.510000000000000000e+02 9.712460000000000093e+00 1.704658999999999835e+01 0.000000000000000000e+00
2.520000000000000000e+02 1.005047000000000068e+01 -1.618956999999999979e+01 0.000000000000000000e+00
2.530000000000000000e+02 1.016745000000000054e+01 -1.410149999999999970e+01 0.000000000000000000e+00
2.540000000000000000e+02 1.033501000000000047e+01 -1.197794000000000025e+01 0.000000000000000000e+00
2.550000000000000000e+02 1.050603000000000087e+01 -9.810159999999999769e+00 0.000000000000000000e+00
2.560000000000000000e+02 1.064347000000000065e+01 -7.505770000000000053e+00 0.000000000000000000e+00
2.570000000000000000e+02 1.076568999999999932e+01 -5.442590000000000039e+00 0.000000000000000000e+00
2.580000000000000000e+02 1.092662999999999940e+01 -3.294080000000000119e+00 0.000000000000000000e+00
2.590000000000000000e+02 1.114104000000000028e+01 -1.245139999999999914e+00 0.000000000000000000e+00
2.600000000000000000e+02 1.130877000000000088e+01 9.892100000000000337e-01 0.000000000000000000e+00
2.610000000000000000e+02 1.316127999999999965e+01 1.887210000000000054e+00 0.000000000000000000e+00
2.620000000000000000e+02 1.130724999999999980e+01 3.148509999999999920e+00 0.000000000000000000e+00
2.630000000000000000e+02 1.323831000000000024e+01 4.065100000000000158e+00 0.000000000000000000e+00
2.640000000000000000e+02 1.330723000000000056e+01 6.143060000000000187e+00 0.000000000000000000e+00
2.650000000000000000e+02 1.153050999999999959e+01 7.317879999999999718e+00 0.000000000000000000e+00
2.660000000000000000e+02 1.170156000000000063e+01 9.490030000000000854e+00 0.000000000000000000e+00
2.670000000000000000e+02 1.172200999999999915e+01 1.159745000000000026e+01 0.000000000000000000e+00
2.680000000000000000e+02 1.189592999999999989e+01 1.385542000000000051e+01 0.000000000000000000e+00
2.690000000000000000e+02 1.157182000000000066e+01 1.608897999999999939e+01 0.000000000000000000e+00
2.700000000000000000e+02 1.189947000000000088e+01 -1.524459000000000053e+01 0.000000000000000000e+00
2.710000000000000000e+02 1.204107999999999912e+01 -1.313212000000000046e+01 0.000000000000000000e+00
2.720000000000000000e+02 1.226980000000000004e+01 -1.099727000000000032e+01 0.000000000000000000e+00
2.730000000000000000e+02 1.407389000000000046e+01 -9.939970000000000638e+00 0.000000000000000000e+00
2.740000000000000000e+02 1.233425000000000082e+01 -8.822449999999999903e+00 0.000000000000000000e+00
2.750000000000000000e+02 1.259976999999999947e+01 -6.614049999999999763e+00 0.000000000000000000e+00
2.760000000000000000e+02 1.261156000000000077e+01 -4.523679999999999701e+00 0.000000000000000000e+00
2.770000000000000000e+02 1.280422000000000082e+01 -2.463620000000000143e+00 0.000000000000000000e+00
2.780000000000000000e+02 1.304523999999999972e+01 -3.183300000000000018e-01 0.000000000000000000e+00
2.790000000000000000e+02 1.497296000000000049e+01 7.304599999999999982e-01 0.000000000000000000e+00
2.800000000000000000e+02 1.499723999999999968e+01 2.847179999999999822e+00 0.000000000000000000e+00
2.810000000000000000e+02 1.514085000000000036e+01 5.102149999999999963e+00 0.000000000000000000e+00
2.820000000000000000e+02 1.702353000000000094e+01 6.198839999999999684e+00 0.000000000000000000e+00
2.830000000000000000e+02 1.514049999999999940e+01 7.168429999999999858e+00 0.000000000000000000e+00
2.840000000000000000e+02 1.337716999999999956e+01 8.278219999999999246e+00 0.000000000000000000e+00
2.850000000000000000e+02 1.536438000000000059e+01 9.317429999999999879e+00 0.000000000000000000e+00
2.860000000000000000e+02 1.355397999999999925e+01 1.048307999999999929e+01 0.000000000000000000e+00
2.870000000000000000e+02 1.360293000000000063e+01 1.268075999999999937e+01 0.000000000000000000e+00
2.880000000000000000e+02 1.375942000000000043e+01 -1.425483999999999973e+01 0.000000000000000000e+00
2.890000000000000000e+02 1.412166999999999994e+01 -1.213955999999999946e+01 0.000000000000000000e+00
2.900000000000000000e+02 1.647529000000000110e+01 -9.060430000000000206e+00 0.000000000000000000e+00
2.910000000000000000e+02 1.660060000000000002e+01 -6.573680000000000412e+00 0.000000000000000000e+00
2.920000000000000000e+02 1.453354000000000035e+01 -7.944810000000000372e+00 0.000000000000000000e+00
2.930000000000000000e+02 1.456160000000000032e+01 -5.792410000000000281e+00 0.000000000000000000e+00
2.940000000000000000e+02 1.656748999999999938e+01 -3.224839999999999929e+00 0.000000000000000000e+00
2.950000000000000000e+02 1.453679999999999950e+01 -3.661840000000000206e+00 0.000000000000000000e+00
2.960000000000000000e+02 1.483253999999999984e+01 -1.597059999999999924e+00 0.000000000000000000e+00
2.970000000000000000e+02 1.691028000000000020e+01 -1.060980000000000034e+00 0.000000000000000000e+00
2.980000000000000000e+02 1.692432000000000158e+01 1.457249999999999934e+00 0.000000000000000000e+00
2.990000000000000000e+02 1.700282999999999944e+01 3.998299999999999965e+00 0.000000000000000000e+00
