0.000000000000000000e+00 -1.323263999999999996e+01 -1.406043000000000021e+01 0.000000000000000000e+00
1.000000000000000000e+00 -1.450941000000000081e+01 -1.085243000000000002e+01 0.000000000000000000e+00
2.000000000000000000e+00 -1.618106999999999829e+01 -9.601530000000000342e+00 0.000000000000000000e+00
3.000000000000000000e+00 -1.799803999999999959e+01 -6.380489999999999995e+00 0.000000000000000000e+00
4.000000000000000000e+00 -1.735514999999999830e+01 -3.803139999999999965e+00 0.000000000000000000e+00
5.000000000000000000e+00 -1.932999999999999829e+01 -3.120280000000000165e+00 0.000000000000000000e+00
6.000000000000000000e+00 -1.703903000000000034e+01 -1.520659999999999901e+00 0.000000000000000000e+00
7.000000000000000000e+00 -1.872081999999999979e+01 -1.363999999999999935e-01 0.000000000000000000e+00
8.000000000000000000e+00 -1.665368000000000137e+01 5.385600000000000387e-01 0.000000000000000000e+00
9.000000000000000000e+00 -1.989826000000000050e+01 3.816159999999999997e+00 0.000000000000000000e+00
1.000000000000000000e+01 -1.828111000000000175e+01 2.234269999999999978e+00 0.000000000000000000e+00
1.100000000000000000e+01 -1.768788999999999945e+01 4.289880000000000138e+00 0.000000000000000000e+00
1.200000000000000000e+01 -1.708392999999999873e+01 6.624539999999999651e+00 0.000000000000000000e+00
1.300000000000000000e+01 -1.911933000000000149e+01 6.148469999999999658e+00 0.000000000000000000e+00
1.400000000000000000e+01 -1.852771999999999863e+01 8.156119999999999592e+00 0.000000000000000000e+00
1.500000000000000000e+01 -1.664799999999999969e+01 9.002869999999999706e+00 0.000000000000000000e+00
1.600000000000000000e+01 -1.601819000000000059e+01 1.127680999999999933e+01 0.000000000000000000e+00
1.700000000000000000e+01 -1.330918999999999919e+01 1.374981999999999971e+01 0.000000000000000000e+00
1.800000000000000000e+01 -1.187387999999999977e+01 -1.572034999999999982e+01 0.000000000000000000e+00
1.900000000000000000e+01 -1.277834000000000003e+01 -1.206021999999999927e+01 0.000000000000000000e+00
2.000000000000000000e+01 -1.410664000000000051e+01 -8.672159999999999869e+00 0.000000000000000000e+00
2.100000000000000000e+01 -1.605379999999999896e+01 -7.262109999999999843e+00 0.000000000000000000e+00
2.200000000000000000e+01 -1.573101999999999911e+01 -5.178960000000000008e+00 0.000000000000000000e+00
2.300000000000000000e+01 -1.534840999999999944e+01 -3.093500000000000139e+00 0.000000000000000000e+00
2.400000000000000000e+01 -1.332100999999999935e+01 -2.282319999999999904e+00 0.000000000000000000e+00
2.500000000000000000e+01 -1.497936999999999941e+01 -1.018780000000000019e+00 0.000000000000000000e+00
2.600000000000000000e+01 -1.300420000000000087e+01 -2.535499999999999976e-01 0.000000000000000000e+00
2.700000000000000000e+01 -1.464286000000000065e+01 1.037490000000000023e+00 0.000000000000000000e+00
2.800000000000000000e+01 -1.620561000000000007e+01 2.611419999999999852e+00 0.000000000000000000e+00
2.900000000000000000e+01 -1.567891999999999975e+01 5.051169999999999938e+00 0.000000000000000000e+00
3.000000000000000000e+01 -1.368412000000000006e+01 5.821360000000000312e+00 0.000000000000000000e+00
3.100000000000000000e+01 -1.287039000000000044e+01 8.000700000000000145e+00 0.000000000000000000e+00
3.200000000000000000e+01 -1.499732999999999983e+01 7.555130000000000123e+00 0.000000000000000000e+00
3.300000000000000000e+01 -1.456603999999999921e+01 9.708999999999999631e+00 0.000000000000000000e+00
3.400000000000000000e+01 -1.394622999999999990e+01 1.167855999999999916e+01 0.000000000000000000e+00
3.500000000000000000e+01 -1.284185000000000088e+01 1.579826000000000086e+01 0.000000000000000000e+00
3.600000000000000000e+01 -9.541370000000000573e+00 -1.478844999999999921e+01 0.000000000000000000e+00
3.700000000000000000e+01 -1.115809999999999924e+01 -1.350989000000000040e+01 0.000000000000000000e+00
3.800000000000000000e+01 -1.243543999999999983e+01 -9.966290000000000759e+00 0.000000000000000000e+00
3.900000000000000000e+01 -1.226470999999999911e+01 -7.718790000000000262e+00 0.000000000000000000e+00
4.000000000000000000e+01 -1.409182999999999986e+01 -6.595959999999999823e+00 0.000000000000000000e+00
4.100000000000000000e+01 -1.369078999999999979e+01 -4.501310000000000144e+00 0.000000000000000000e+00
4.200000000000000000e+01 -1.165216000000000030e+01 -3.560750000000000082e+00 0.000000000000000000e+00
4.300000000000000000e+01 -1.132652000000000037e+01 -1.503419999999999979e+00 0.000000000000000000e+00
4.400000000000000000e+01 -1.109713999999999956e+01 6.225600000000000023e-01 0.000000000000000000e+00
4.500000000000000000e+01 -1.276394999999999946e+01 1.964120000000000088e+00 0.000000000000000000e+00
4.600000000000000000e+01 -1.429221000000000075e+01 3.375719999999999832e+00 0.000000000000000000e+00
4.700000000000000000e+01 -1.229721999999999937e+01 4.121400000000000396e+00 0.000000000000000000e+00
4.800000000000000000e+01 -1.166236999999999924e+01 6.302710000000000257e+00 0.000000000000000000e+00
4.900000000000000000e+01 -1.089805999999999919e+01 8.675259999999999749e+00 0.000000000000000000e+00
5.000000000000000000e+01 -1.249051000000000045e+01 1.014492000000000083e+01 0.000000000000000000e+00
5.100000000000000000e+01 -1.178903000000000034e+01 1.217162000000000077e+01 0.000000000000000000e+00
5.200000000000000000e+01 -1.101337000000000010e+01 1.435979999999999990e+01 0.000000000000000000e+00
5.300000000000000000e+01 -1.022184999999999988e+01 1.626662999999999926e+01 0.000000000000000000e+00
5.400000000000000000e+01 -7.885539999999999772e+00 -1.600570000000000093e+01 0.000000000000000000e+00
5.500000000000000000e+01 -9.151609999999999800e+00 -1.264283999999999963e+01 0.000000000000000000e+00
5.600000000000000000e+01 -1.073090000000000011e+01 -1.124690999999999974e+01 0.000000000000000000e+00
5.700000000000000000e+01 -1.055890999999999913e+01 -9.027530000000000499e+00 0.000000000000000000e+00
5.800000000000000000e+01 -1.024591000000000030e+01 -6.976759999999999629e+00 0.000000000000000000e+00
5.900000000000000000e+01 -1.190450000000000053e+01 -5.654029999999999667e+00 0.000000000000000000e+00
6.000000000000000000e+01 -9.939000000000000057e+00 -4.926210000000000200e+00 0.000000000000000000e+00
6.100000000000000000e+01 -9.690770000000000550e+00 -2.854070000000000107e+00 0.000000000000000000e+00
6.200000000000000000e+01 -9.382080000000000197e+00 -7.859000000000000430e-01 0.000000000000000000e+00
6.300000000000000000e+01 -9.127779999999999561e+00 1.269390000000000018e+00 0.000000000000000000e+00
6.400000000000000000e+01 -1.074760000000000026e+01 2.703170000000000073e+00 0.000000000000000000e+00
6.500000000000000000e+01 -1.032723000000000013e+01 4.729630000000000223e+00 0.000000000000000000e+00
6.600000000000000000e+01 -9.639839999999999520e+00 7.008119999999999905e+00 0.000000000000000000e+00
6.700000000000000000e+01 -8.859360000000000568e+00 8.940030000000000143e+00 0.000000000000000000e+00
6.800000000000000000e+01 -1.011152000000000051e+01 1.061355000000000004e+01 0.000000000000000000e+00
6.900000000000000000e+01 -9.721989999999999910e+00 1.269636999999999993e+01 0.000000000000000000e+00
7.000000000000000000e+01 -8.957890000000000796e+00 1.460411000000000037e+01 0.000000000000000000e+00
7.100000000000000000e+01 -8.003740000000000521e+00 1.708977000000000146e+01 0.000000000000000000e+00
7.200000000000000000e+01 -6.118999999999999773e+00 -1.747073999999999927e+01 0.000000000000000000e+00
7.300000000000000000e+01 -7.480749999999999567e+00 -1.396113000000000071e+01 0.000000000000000000e+00
7.400000000000000000e+01 -7.063189999999999635e+00 -1.179147999999999996e+01 0.000000000000000000e+00
7.500000000000000000e+01 -8.775529999999999831e+00 -1.057287999999999961e+01 0.000000000000000000e+00
7.600000000000000000e+01 -8.532939999999999969e+00 -8.434039999999999537e+00 0.000000000000000000e+00
7.700000000000000000e+01 -8.257809999999999206e+00 -6.286660000000000359e+00 0.000000000000000000e+00
7.800000000000000000e+01 -7.942149999999999821e+00 -4.247189999999999799e+00 0.000000000000000000e+00
7.900000000000000000e+01 -7.723919999999999675e+00 -2.175489999999999924e+00 0.000000000000000000e+00
8.000000000000000000e+01 -7.432339999999999947e+00 -1.790999999999999884e-02 0.000000000000000000e+00
8.100000000000000000e+01 -7.138090000000000046e+00 2.021419999999999995e+00 0.000000000000000000e+00
8.200000000000000000e+01 -8.754709999999999326e+00 3.352770000000000028e+00 0.000000000000000000e+00
8.300000000000000000e+01 -6.753250000000000419e+00 4.055839999999999890e+00 0.000000000000000000e+00
8.400000000000000000e+01 -8.332019999999999982e+00 5.414220000000000255e+00 0.000000000000000000e+00
8.500000000000000000e+01 -7.390659999999999563e+00 7.360129999999999839e+00 0.000000000000000000e+00
8.600000000000000000e+01 -8.016400000000000858e+00 1.094275999999999982e+01 0.000000000000000000e+00
8.700000000000000000e+01 -7.580149999999999721e+00 1.301765999999999934e+01 0.000000000000000000e+00
8.800000000000000000e+01 -6.722129999999999939e+00 1.503120999999999974e+01 0.000000000000000000e+00
8.900000000000000000e+01 -5.847089999999999677e+00 1.705324999999999847e+01 0.000000000000000000e+00
9.000000000000000000e+01 -2.513910000000000089e+00 -1.796983000000000175e+01 0.000000000000000000e+00
9.100000000000000000e+01 -5.731309999999999683e+00 -1.520189000000000057e+01 0.000000000000000000e+00
9.200000000000000000e+01 -5.467970000000000219e+00 -1.310427999999999926e+01 0.000000000000000000e+00
9.300000000000000000e+01 -5.123949999999999783e+00 -1.104818000000000033e+01 0.000000000000000000e+00
9.400000000000000000e+01 -6.903730000000000366e+00 -9.702320000000000277e+00 0.000000000000000000e+00
9.500000000000000000e+01 -6.591300000000000381e+00 -7.582429999999999559e+00 0.000000000000000000e+00
9.600000000000000000e+01 -6.281119999999999592e+00 -5.486060000000000159e+00 0.000000000000000000e+00
9.700000000000000000e+01 -5.990750000000000242e+00 -3.436809999999999921e+00 0.000000000000000000e+00
9.800000000000000000e+01 -5.810430000000000206e+00 -1.356889999999999930e+00 0.000000000000000000e+00
9.900000000000000000e+01 -5.422509999999999941e+00 6.626199999999999868e-01 0.000000000000000000e+00
1.000000000000000000e+02 -5.137699999999999712e+00 2.778880000000000017e+00 0.000000000000000000e+00
1.010000000000000000e+02 -3.256699999999999928e+00 3.622869999999999813e+00 0.000000000000000000e+00
1.020000000000000000e+02 -5.227710000000000079e+00 5.521950000000000358e+00 0.000000000000000000e+00
1.030000000000000000e+02 -6.739939999999999820e+00 9.311790000000000234e+00 0.000000000000000000e+00
1.040000000000000000e+02 -5.987870000000000026e+00 1.137658000000000058e+01 0.000000000000000000e+00
1.050000000000000000e+02 -5.428410000000000402e+00 1.339996999999999971e+01 0.000000000000000000e+00
1.060000000000000000e+02 -4.567230000000000345e+00 1.533887999999999963e+01 0.000000000000000000e+00
1.070000000000000000e+02 -5.455910000000000259e+00 1.915305999999999997e+01 0.000000000000000000e+00
1.080000000000000000e+02 -3.993700000000000028e+00 -1.644030000000000058e+01 0.000000000000000000e+00
1.090000000000000000e+02 -3.785979999999999901e+00 -1.436138000000000048e+01 0.000000000000000000e+00
1.100000000000000000e+02 -3.382690000000000197e+00 -1.229523000000000010e+01 0.000000000000000000e+00
1.110000000000000000e+02 -3.185140000000000082e+00 -1.024605999999999995e+01 0.000000000000000000e+00
1.120000000000000000e+02 -4.869069999999999787e+00 -8.930199999999999250e+00 0.000000000000000000e+00
1.130000000000000000e+02 -4.624990000000000379e+00 -6.815690000000000026e+00 0.000000000000000000e+00
1.140000000000000000e+02 -2.677890000000000104e+00 -6.071600000000000108e+00 0.000000000000000000e+00
1.150000000000000000e+02 -4.340300000000000047e+00 -4.706660000000000288e+00 0.000000000000000000e+00
1.160000000000000000e+02 -4.083370000000000388e+00 -2.648680000000000145e+00 0.000000000000000000e+00
1.170000000000000000e+02 -3.757330000000000059e+00 -6.126000000000000334e-01 0.000000000000000000e+00
1.180000000000000000e+02 -3.531810000000000116e+00 1.492299999999999960e+00 0.000000000000000000e+00
1.190000000000000000e+02 -3.113410000000000011e+00 5.688679999999999737e+00 0.000000000000000000e+00
1.200000000000000000e+02 -5.343099999999999739e+00 7.769029999999999880e+00 0.000000000000000000e+00
1.210000000000000000e+02 -3.098819999999999908e+00 7.833639999999999937e+00 0.000000000000000000e+00
1.220000000000000000e+02 -4.618140000000000356e+00 9.740859999999999630e+00 0.000000000000000000e+00
1.230000000000000000e+02 -3.916040000000000187e+00 1.172971000000000075e+01 0.000000000000000000e+00
1.240000000000000000e+02 -3.270999999999999908e+00 1.372015000000000029e+01 0.000000000000000000e+00
1.250000000000000000e+02 -3.819220000000000059e+00 1.750634000000000157e+01 0.000000000000000000e+00
1.260000000000000000e+02 -1.443840000000000012e+00 -1.975251000000000090e+01 0.000000000000000000e+00
1.270000000000000000e+02 -1.995330000000000048e+00 -1.583390999999999948e+01 0.000000000000000000e+00
1.280000000000000000e+02 -1.628400000000000070e+00 -1.368831999999999915e+01 0.000000000000000000e+00
1.290000000000000000e+02 -1.454479999999999995e+00 -1.155904999999999916e+01 0.000000000000000000e+00
1.300000000000000000e+02 -1.208800000000000097e+00 -9.496209999999999596e+00 0.000000000000000000e+00
1.310000000000000000e+02 -2.980170000000000208e+00 -8.114140000000000796e+00 0.000000000000000000e+00
1.320000000000000000e+02 -7.450099999999999500e-01 -5.203219999999999956e+00 0.000000000000000000e+00
1.330000000000000000e+02 -2.404830000000000023e+00 -3.919890000000000096e+00 0.000000000000000000e+00
1.340000000000000000e+02 -2.075309999999999988e+00 -1.847169999999999979e+00 0.000000000000000000e+00
1.350000000000000000e+02 -1.813790000000000013e+00 2.538000000000000256e-01 0.000000000000000000e+00
1.360000000000000000e+02 -1.613699999999999912e+00 2.345930000000000071e+00 0.000000000000000000e+00
1.370000000000000000e+02 -1.330049999999999955e+00 4.398010000000000197e+00 0.000000000000000000e+00
1.380000000000000000e+02 -1.207070000000000087e+00 6.483419999999999739e+00 0.000000000000000000e+00
1.390000000000000000e+02 -1.166609999999999925e+00 8.547909999999999897e+00 0.000000000000000000e+00
1.400000000000000000e+02 -2.557430000000000092e+00 1.016924000000000028e+01 0.000000000000000000e+00
1.410000000000000000e+02 -1.850789999999999935e+00 1.219852000000000025e+01 0.000000000000000000e+00
1.420000000000000000e+02 -2.451189999999999980e+00 1.583136999999999972e+01 0.000000000000000000e+00
1.430000000000000000e+02 -1.749670000000000059e+00 1.781741999999999848e+01 0.000000000000000000e+00
1.440000000000000000e+02 -3.193599999999999772e-01 -1.717738999999999905e+01 0.000000000000000000e+00
1.450000000000000000e+02 4.027000000000000024e-02 -1.495118000000000080e+01 0.000000000000000000e+00
1.460000000000000000e+02 3.101099999999999968e-01 -1.285786000000000051e+01 0.000000000000000000e+00
1.470000000000000000e+02 5.691000000000000503e-01 -1.074095999999999940e+01 0.000000000000000000e+00
1.480000000000000000e+02 7.682799999999999629e-01 -8.656549999999999301e+00 0.000000000000000000e+00
1.490000000000000000e+02 2.669480000000000075e+00 -7.803720000000000212e+00 0.000000000000000000e+00
1.500000000000000000e+02 -1.029079999999999995e+00 -7.353570000000000384e+00 0.000000000000000000e+00
1.510000000000000000e+02 -3.825200000000000267e-01 -3.118310000000000137e+00 0.000000000000000000e+00
1.520000000000000000e+02 -1.411000000000000032e-01 -1.065430000000000099e+00 0.000000000000000000e+00
1.530000000000000000e+02 8.182999999999999996e-02 1.060519999999999907e+00 0.000000000000000000e+00
1.540000000000000000e+02 4.266800000000000037e-01 3.245159999999999823e+00 0.000000000000000000e+00
1.550000000000000000e+02 2.297480000000000189e+00 4.092430000000000234e+00 0.000000000000000000e+00
1.560000000000000000e+02 5.157000000000000473e-01 5.331809999999999938e+00 0.000000000000000000e+00
1.570000000000000000e+02 7.425000000000000488e-01 7.680930000000000035e+00 0.000000000000000000e+00
1.580000000000000000e+02 -5.252999999999999892e-01 1.053518000000000043e+01 0.000000000000000000e+00
1.590000000000000000e+02 2.111599999999999866e-01 1.248338999999999999e+01 0.000000000000000000e+00
1.600000000000000000e+02 -1.105969999999999898e+00 1.415131000000000050e+01 0.000000000000000000e+00
1.610000000000000000e+02 -1.813299999999999912e-01 1.602824999999999989e+01 0.000000000000000000e+00
1.620000000000000000e+02 1.252529999999999921e+00 -1.858434000000000097e+01 0.000000000000000000e+00
1.630000000000000000e+02 1.728220000000000089e+00 -1.616123999999999938e+01 0.000000000000000000e+00
1.640000000000000000e+02 2.026720000000000077e+00 -1.409641000000000055e+01 0.000000000000000000e+00
1.650000000000000000e+02 2.283339999999999925e+00 -1.201313000000000031e+01 0.000000000000000000e+00
1.660000000000000000e+02 2.511400000000000077e+00 -9.919940000000000424e+00 0.000000000000000000e+00
1.670000000000000000e+02 9.561100000000000154e-01 -6.582699999999999996e+00 0.000000000000000000e+00
1.680000000000000000e+02 1.271700000000000053e+00 -4.408350000000000435e+00 0.000000000000000000e+00
1.690000000000000000e+02 3.212520000000000042e+00 -3.575050000000000061e+00 0.000000000000000000e+00
1.700000000000000000e+02 1.581669999999999909e+00 -2.326480000000000103e+00 0.000000000000000000e+00
1.710000000000000000e+02 1.770480000000000054e+00 -2.461099999999999954e-01 0.000000000000000000e+00
1.720000000000000000e+02 1.995249999999999968e+00 1.912749999999999950e+00 0.000000000000000000e+00
1.730000000000000000e+02 4.270769999999999733e+00 4.852949999999999875e+00 0.000000000000000000e+00
1.740000000000000000e+02 2.461720000000000130e+00 6.213499999999999801e+00 0.000000000000000000e+00
1.750000000000000000e+02 2.922870000000000079e+00 8.301080000000000680e+00 0.000000000000000000e+00
1.760000000000000000e+02 1.360190000000000010e+00 9.667400000000000659e+00 0.000000000000000000e+00
1.770000000000000000e+02 2.289880000000000138e+00 1.257188999999999979e+01 0.000000000000000000e+00
1.780000000000000000e+02 1.180209999999999981e+00 1.442240999999999929e+01 0.000000000000000000e+00
1.790000000000000000e+02 -4.111099999999999755e-01 1.947750999999999877e+01 0.000000000000000000e+00
1.800000000000000000e+02 3.315160000000000107e+00 -1.750441999999999965e+01 0.000000000000000000e+00
1.810000000000000000e+02 3.650250000000000217e+00 -1.540606000000000009e+01 0.000000000000000000e+00
1.820000000000000000e+02 3.955690000000000150e+00 -1.323676000000000030e+01 0.000000000000000000e+00
1.830000000000000000e+02 4.213260000000000005e+00 -1.111914999999999942e+01 0.000000000000000000e+00
1.840000000000000000e+02 4.443749999999999645e+00 -8.890340000000000131e+00 0.000000000000000000e+00
1.850000000000000000e+02 4.743640000000000079e+00 -6.837240000000000428e+00 0.000000000000000000e+00
1.860000000000000000e+02 3.053589999999999804e+00 -5.658369999999999678e+00 0.000000000000000000e+00
1.870000000000000000e+02 5.203260000000000218e+00 -2.648919999999999941e+00 0.000000000000000000e+00
1.880000000000000000e+02 3.507699999999999818e+00 -1.458849999999999980e+00 0.000000000000000000e+00
1.890000000000000000e+02 3.746900000000000119e+00 7.316399999999999570e-01 0.000000000000000000e+00
1.900000000000000000e+02 4.006199999999999761e+00 2.792060000000000208e+00 0.000000000000000000e+00
1.910000000000000000e+02 6.156259999999999621e+00 5.743470000000000297e+00 0.000000000000000000e+00
1.920000000000000000e+02 4.481600000000000250e+00 6.945260000000000211e+00 0.000000000000000000e+00
1.930000000000000000e+02 4.807760000000000034e+00 9.335359999999999658e+00 0.000000000000000000e+00
1.940000000000000000e+02 3.255430000000000046e+00 1.072982000000000014e+01 0.000000000000000000e+00
1.950000000000000000e+02 4.366579999999999906e+00 1.247899999999999920e+01 0.000000000000000000e+00
1.960000000000000000e+02 2.360700000000000021e+00 1.623955000000000126e+01 0.000000000000000000e+00
1.970000000000000000e+02 9.750799999999999468e-01 1.780127999999999844e+01 0.000000000000000000e+00
1.980000000000000000e+02 5.371599999999999930e+00 -1.659579000000000093e+01 0.000000000000000000e+00
1.990000000000000000e+02 5.578560000000000407e+00 -1.452035000000000053e+01 0.000000000000000000e+00
2.000000000000000000e+02 5.870020000000000238e+00 -1.239921000000000006e+01 0.000000000000000000e+00
2.010000000000000000e+02 6.131109999999999616e+00 -1.033831999999999951e+01 0.000000000000000000e+00
2.020000000000000000e+02 6.395819999999999617e+00 -8.114420000000000854e+00 0.000000000000000000e+00
2.030000000000000000e+02 6.718609999999999971e+00 -6.073629999999999640e+00 0.000000000000000000e+00
2.040000000000000000e+02 4.992829999999999657e+00 -4.735050000000000203e+00 0.000000000000000000e+00
2.050000000000000000e+02 5.402560000000000251e+00 -5.323499999999999899e-01 0.000000000000000000e+00
2.060000000000000000e+02 7.348799999999999777e+00 2.255900000000000127e-01 0.000000000000000000e+00
2.070000000000000000e+02 5.700990000000000002e+00 1.541469999999999896e+00 0.000000000000000000e+00
2.080000000000000000e+02 5.984880000000000422e+00 3.627780000000000005e+00 0.000000000000000000e+00
2.090000000000000000e+02 7.893640000000000434e+00 4.507279999999999731e+00 0.000000000000000000e+00
2.100000000000000000e+02 8.121409999999999130e+00 6.574239999999999640e+00 0.000000000000000000e+00
2.110000000000000000e+02 6.336769999999999570e+00 7.959069999999999645e+00 0.000000000000000000e+00
2.120000000000000000e+02 6.044850000000000279e+00 1.124414999999999942e+01 0.000000000000000000e+00
2.130000000000000000e+02 3.387169999999999792e+00 1.438249000000000066e+01 0.000000000000000000e+00
2.140000000000000000e+02 4.436090000000000089e+00 1.781385999999999825e+01 0.000000000000000000e+00
2.150000000000000000e+02 2.965110000000000134e+00 1.933510000000000062e+01 0.000000000000000000e+00
2.160000000000000000e+02 5.529729999999999812e+00 -1.875328000000000017e+01 0.000000000000000000e+00
2.170000000000000000e+02 7.314720000000000333e+00 -1.579983000000000004e+01 0.000000000000000000e+00
2.180000000000000000e+02 7.553799999999999848e+00 -1.373019999999999996e+01 0.000000000000000000e+00
2.190000000000000000e+02 7.770459999999999923e+00 -1.159822999999999915e+01 0.000000000000000000e+00
2.200000000000000000e+02 8.107300000000000395e+00 -9.507239999999999469e+00 0.000000000000000000e+00
2.210000000000000000e+02 8.435549999999999216e+00 -7.280569999999999986e+00 0.000000000000000000e+00
2.220000000000000000e+02 8.633129999999999526e+00 -5.201970000000000205e+00 0.000000000000000000e+00
2.230000000000000000e+02 6.900859999999999772e+00 -3.926660000000000039e+00 0.000000000000000000e+00
2.240000000000000000e+02 7.161819999999999631e+00 -1.852689999999999948e+00 0.000000000000000000e+00
2.250000000000000000e+02 9.252280000000000726e+00 1.019169999999999909e+00 0.000000000000000000e+00
2.260000000000000000e+02 7.723239999999999661e+00 2.410489999999999799e+00 0.000000000000000000e+00
2.270000000000000000e+02 9.654379999999999740e+00 3.232880000000000198e+00 0.000000000000000000e+00
2.280000000000000000e+02 9.845860000000000056e+00 5.381940000000000168e+00 0.000000000000000000e+00
2.290000000000000000e+02 8.323579999999999757e+00 8.616289999999999338e+00 0.000000000000000000e+00
2.300000000000000000e+02 8.077529999999999433e+00 1.069644000000000084e+01 0.000000000000000000e+00
2.310000000000000000e+02 7.772070000000000256e+00 1.285718999999999923e+01 0.000000000000000000e+00
2.320000000000000000e+02 5.862809999999999633e+00 1.391721000000000075e+01 0.000000000000000000e+00
2.330000000000000000e+02 5.088119999999999976e+00 1.583854000000000006e+01 0.000000000000000000e+00
2.340000000000000000e+02 8.878069999999999240e+00 -1.749930000000000163e+01 0.000000000000000000e+00
2.350000000000000000e+02 9.308379999999999654e+00 -1.514485999999999954e+01 0.000000000000000000e+00
2.360000000000000000e+02 9.455049999999999955e+00 -1.284651999999999994e+01 0.000000000000000000e+00
2.370000000000000000e+02 9.755209999999999937e+00 -1.073836999999999975e+01 0.000000000000000000e+00
2.380000000000000000e+02 9.981080000000000396e+00 -8.668089999999999407e+00 0.000000000000000000e+00
2.390000000000000000e+02 1.032835000000000036e+01 -6.444860000000000255e+00 0.000000000000000000e+00
2.400000000000000000e+02 1.061589000000000027e+01 -4.304700000000000415e+00 0.000000000000000000e+00
2.410000000000000000e+02 8.851480000000000459e+00 -3.113640000000000185e+00 0.000000000000000000e+00
2.420000000000000000e+02 9.068220000000000169e+00 -1.038610000000000033e+00 0.000000000000000000e+00
2.430000000000000000e+02 1.095988000000000007e+01 -1.942599999999999882e-01 0.000000000000000000e+00
2.440000000000000000e+02 1.121879000000000026e+01 1.867609999999999992e+00 0.000000000000000000e+00
2.450000000000000000e+02 1.150174999999999947e+01 4.154790000000000205e+00 0.000000000000000000e+00
2.460000000000000000e+02 1.003773999999999944e+01 7.461079999999999934e+00 0.000000000000000000e+00
2.470000000000000000e+02 1.003513000000000055e+01 9.921490000000000364e+00 0.000000000000000000e+00
2.480000000000000000e+02 9.747769999999999158e+00 1.207384000000000057e+01 0.000000000000000000e+00
2.490000000000000000e+02 9.651690000000000325e+00 1.418009999999999948e+01 0.000000000000000000e+00
2.500000000000000000e+02 7.653520000000000323e+00 1.503269000000000055e+01 0.000000000000000000e+00
2.510000000000000000e+02 7.428060000000000329e+00 1.708801000000000059e+01 0.000000000000000000e+00
2.520000000000000000e+02 1.155334000000000039e+01 -1.632807000000000031e+01 0.000000000000000000e+00
2.530000000000000000e+02 1.119664999999999999e+01 -1.426933999999999969e+01 0.000000000000000000e+00
2.540000000000000000e+02 1.135875000000000057e+01 -1.204231000000000051e+01 0.000000000000000000e+00
2.550000000000000000e+02 1.167073000000000071e+01 -9.900349999999999540e+00 0.000000000000000000e+00
2.560000000000000000e+02 1.197467999999999932e+01 -7.770889999999999631e+00 0.000000000000000000e+00
2.570000000000000000e+02 1.222278999999999982e+01 -5.612040000000000362e+00 0.000000000000000000e+00
2.580000000000000000e+02 1.250555999999999912e+01 -3.440030000000000143e+00 0.000000000000000000e+00
2.590000000000000000e+02 1.078594999999999970e+01 -2.238430000000000142e+00 0.000000000000000000e+00
2.600000000000000000e+02 1.294388000000000005e+01 6.841099999999999959e-01 0.000000000000000000e+00
2.610000000000000000e+02 1.313939000000000057e+01 2.793320000000000025e+00 0.000000000000000000e+00
2.620000000000000000e+02 1.343430000000000035e+01 4.931009999999999671e+00 0.000000000000000000e+00
2.630000000000000000e+02 1.535139000000000031e+01 5.749500000000000277e+00 0.000000000000000000e+00
2.640000000000000000e+02 1.176826999999999934e+01 6.227190000000000225e+00 0.000000000000000000e+00
2.650000000000000000e+02 1.186921000000000070e+01 8.451629999999999754e+00 0.000000000000000000e+00
2.660000000000000000e+02 1.208787000000000056e+01 1.055358999999999980e+01 0.000000000000000000e+00
2.670000000000000000e+02 1.176820999999999984e+01 1.264264999999999972e+01 0.000000000000000000e+00
2.680000000000000000e+02 1.177354000000000056e+01 1.476279000000000075e+01 0.000000000000000000e+00
2.690000000000000000e+02 9.408170000000000144e+00 1.625848999999999833e+01 0.000000000000000000e+00
2.700000000000000000e+02 1.301997000000000071e+01 -1.330081000000000024e+01 0.000000000000000000e+00
2.710000000000000000e+02 1.334767000000000081e+01 -1.113461999999999996e+01 0.000000000000000000e+00
2.720000000000000000e+02 1.361922999999999995e+01 -9.061420000000000030e+00 0.000000000000000000e+00
2.730000000000000000e+02 1.564208999999999961e+01 -8.402110000000000412e+00 0.000000000000000000e+00
2.740000000000000000e+02 1.385968000000000089e+01 -6.936910000000000132e+00 0.000000000000000000e+00
2.750000000000000000e+02 1.419234999999999935e+01 -4.792620000000000324e+00 0.000000000000000000e+00
2.760000000000000000e+02 1.445212000000000074e+01 -2.726799999999999891e+00 0.000000000000000000e+00
2.770000000000000000e+02 1.269777000000000022e+01 -1.375399999999999956e+00 0.000000000000000000e+00
2.780000000000000000e+02 1.462660999999999945e+01 -5.997700000000000253e-01 0.000000000000000000e+00
2.790000000000000000e+02 1.487031999999999954e+01 1.571499999999999897e+00 0.000000000000000000e+00
2.800000000000000000e+02 1.510544999999999938e+01 3.617939999999999934e+00 0.000000000000000000e+00
2.810000000000000000e+02 1.700741000000000014e+01 4.488080000000000069e+00 0.000000000000000000e+00
2.820000000000000000e+02 1.771020000000000039e+01 7.314210000000000100e+00 0.000000000000000000e+00
2.830000000000000000e+02 1.371194999999999986e+01 6.994150000000000311e+00 0.000000000000000000e+00
2.840000000000000000e+02 1.378238999999999947e+01 9.335530000000000328e+00 0.000000000000000000e+00
2.850000000000000000e+02 1.575319000000000003e+01 8.060180000000000788e+00 0.000000000000000000e+00
2.860000000000000000e+02 1.538395000000000046e+01 1.068692000000000064e+01 0.000000000000000000e+00
2.870000000000000000e+02 1.380617999999999945e+01 1.213972000000000051e+01 0.000000000000000000e+00
2.880000000000000000e+02 1.506447000000000003e+01 -1.276331000000000060e+01 0.000000000000000000e+00
2.890000000000000000e+02 1.530776000000000003e+01 -1.043638999999999939e+01 0.000000000000000000e+00
2.900000000000000000e+02 1.749551999999999907e+01 -7.362119999999999997e+00 0.000000000000000000e+00
2.910000000000000000e+02 1.771408999999999878e+01 -5.301899999999999835e+00 0.000000000000000000e+00
2.920000000000000000e+02 1.579495999999999967e+01 -6.125890000000000057e+00 0.000000000000000000e+00
2.930000000000000000e+02 1.617774999999999963e+01 -3.938639999999999919e+00 0.000000000000000000e+00
2.940000000000000000e+02 1.820885000000000176e+01 -3.142040000000000166e+00 0.000000000000000000e+00
2.950000000000000000e+02 1.653911000000000087e+01 -1.897890000000000077e+00 0.000000000000000000e+00
2.960000000000000000e+02 1.665644999999999953e+01 1.575499999999999956e-01 0.000000000000000000e+00
2.970000000000000000e+02 1.858475999999999928e+01 -1.079120000000000079e+00 0.000000000000000000e+00
2.980000000000000000e+02 1.686298000000000030e+01 2.406540000000000123e+00 0.000000000000000000e+00
2.990000000000000000e+02 1.886293999999999826e+01 3.142380000000000173e+00 0.000000000000000000e+00
