0.000000000000000000e+00 -1.310411999999999999e+01 -1.458641000000000076e+01 0.000000000000000000e+00
1.000000000000000000e+00 -1.439948000000000050e+01 -1.273760000000000048e+01 0.000000000000000000e+00
2.000000000000000000e+00 -1.508464000000000027e+01 -1.074606999999999957e+01 0.000000000000000000e+00
3.000000000000000000e+00 -1.634447000000000116e+01 -9.036450000000000315e+00 0.000000000000000000e+00
4.000000000000000000e+00 -1.777093999999999951e+01 -7.447370000000000267e+00 0.000000000000000000e+00
5.000000000000000000e+00 -1.929003000000000156e+01 -5.903249999999999886e+00 0.000000000000000000e+00
6.000000000000000000e+00 -1.761956999999999951e+01 -3.505959999999999965e+00 0.000000000000000000e+00
7.000000000000000000e+00 -1.934328999999999965e+01 -1.606680000000000108e+00 0.000000000000000000e+00
8.000000000000000000e+00 -1.711818999999999846e+01 -1.426619999999999999e+00 0.000000000000000000e+00
9.000000000000000000e+00 -1.909629999999999939e+01 9.534700000000000397e-01 0.000000000000000000e+00
1.000000000000000000e+01 -1.705451000000000050e+01 6.675400000000000222e-01 0.000000000000000000e+00
1.100000000000000000e+01 -1.908314999999999984e+01 3.561290000000000067e+00 0.000000000000000000e+00
1.200000000000000000e+01 -1.722341000000000122e+01 4.849579999999999558e+00 0.000000000000000000e+00
1.300000000000000000e+01 -1.731110999999999933e+01 6.965069999999999872e+00 0.000000000000000000e+00
1.400000000000000000e+01 -1.552720000000000056e+01 8.099360000000000781e+00 0.000000000000000000e+00
1.500000000000000000e+01 -1.737078999999999951e+01 9.394289999999999807e+00 0.000000000000000000e+00
1.600000000000000000e+01 -1.539944000000000024e+01 1.020735999999999954e+01 0.000000000000000000e+00
1.700000000000000000e+01 -1.548077999999999932e+01 1.227539999999999942e+01 0.000000000000000000e+00
1.800000000000000000e+01 -1.125403000000000020e+01 -1.573662000000000027e+01 0.000000000000000000e+00
1.900000000000000000e+01 -1.226268999999999920e+01 -1.269355999999999973e+01 0.000000000000000000e+00
2.000000000000000000e+01 -1.303206999999999915e+01 -1.056664999999999921e+01 0.000000000000000000e+00
2.100000000000000000e+01 -1.429393999999999920e+01 -8.841390000000000526e+00 0.000000000000000000e+00
2.200000000000000000e+01 -1.562184000000000061e+01 -7.089000000000000412e+00 0.000000000000000000e+00
2.300000000000000000e+01 -1.701709999999999923e+01 -5.506509999999999572e+00 0.000000000000000000e+00
2.400000000000000000e+01 -1.542638999999999960e+01 -2.771380000000000177e+00 0.000000000000000000e+00
2.500000000000000000e+01 -1.525704999999999956e+01 -4.148100000000000120e-01 0.000000000000000000e+00
2.600000000000000000e+01 -1.340302999999999933e+01 6.854999999999999982e-01 0.000000000000000000e+00
2.700000000000000000e+01 -1.524006999999999934e+01 1.778489999999999904e+00 0.000000000000000000e+00
2.800000000000000000e+01 -1.719273000000000096e+01 2.730339999999999989e+00 0.000000000000000000e+00
2.900000000000000000e+01 -1.531986000000000026e+01 3.882350000000000190e+00 0.000000000000000000e+00
3.000000000000000000e+01 -1.544918000000000013e+01 5.998440000000000438e+00 0.000000000000000000e+00
3.100000000000000000e+01 -1.349832999999999927e+01 6.931560000000000166e+00 0.000000000000000000e+00
3.200000000000000000e+01 -1.344083000000000006e+01 9.046210000000000306e+00 0.000000000000000000e+00
3.300000000000000000e+01 -1.358216999999999963e+01 1.120481000000000016e+01 0.000000000000000000e+00
3.400000000000000000e+01 -1.342352999999999952e+01 1.343922000000000061e+01 0.000000000000000000e+00
3.500000000000000000e+01 -1.353064000000000000e+01 1.554190999999999967e+01 0.000000000000000000e+00
3.600000000000000000e+01 -9.907270000000000465e+00 -1.732347999999999999e+01 0.000000000000000000e+00
3.700000000000000000e+01 -1.044359999999999999e+01 -1.379191999999999929e+01 0.000000000000000000e+00
3.800000000000000000e+01 -1.046025000000000027e+01 -1.161102999999999952e+01 0.000000000000000000e+00
3.900000000000000000e+01 -1.222827000000000019e+01 -8.449709999999999610e+00 0.000000000000000000e+00
4.000000000000000000e+01 -1.356610000000000049e+01 -6.859110000000000262e+00 0.000000000000000000e+00
4.100000000000000000e+01 -1.498042000000000051e+01 -4.915650000000000297e+00 0.000000000000000000e+00
4.200000000000000000e+01 -1.335708999999999946e+01 -3.588000000000000078e+00 0.000000000000000000e+00
4.300000000000000000e+01 -1.339971000000000068e+01 -1.426330000000000098e+00 0.000000000000000000e+00
4.400000000000000000e+01 -1.154659000000000013e+01 -2.616999999999999882e-01 0.000000000000000000e+00
4.500000000000000000e+01 -1.142647000000000013e+01 1.835099999999999953e+00 0.000000000000000000e+00
4.600000000000000000e+01 -1.330109000000000030e+01 2.763220000000000010e+00 0.000000000000000000e+00
4.700000000000000000e+01 -1.346176999999999957e+01 4.813629999999999853e+00 0.000000000000000000e+00
4.800000000000000000e+01 -1.138893000000000022e+01 6.067639999999999922e+00 0.000000000000000000e+00
4.900000000000000000e+01 -1.149402000000000079e+01 8.159919999999999618e+00 0.000000000000000000e+00
5.000000000000000000e+01 -1.168171000000000070e+01 1.022077999999999953e+01 0.000000000000000000e+00
5.100000000000000000e+01 -1.168340000000000067e+01 1.230683999999999934e+01 0.000000000000000000e+00
5.200000000000000000e+01 -1.149511000000000038e+01 1.446493000000000073e+01 0.000000000000000000e+00
5.300000000000000000e+01 -1.177155999999999914e+01 1.685726999999999975e+01 0.000000000000000000e+00
5.400000000000000000e+01 -7.274049999999999905e+00 -1.638458999999999932e+01 0.000000000000000000e+00
5.500000000000000000e+01 -9.138389999999999347e+00 -1.540372999999999948e+01 0.000000000000000000e+00
5.600000000000000000e+01 -8.579169999999999519e+00 -1.270242999999999967e+01 0.000000000000000000e+00
5.700000000000000000e+01 -1.037369999999999948e+01 -9.516199999999999548e+00 0.000000000000000000e+00
5.800000000000000000e+01 -1.150352999999999959e+01 -6.514870000000000161e+00 0.000000000000000000e+00
5.900000000000000000e+01 -1.148178000000000054e+01 -4.441589999999999705e+00 0.000000000000000000e+00
6.000000000000000000e+01 -9.650940000000000296e+00 -3.381260000000000154e+00 0.000000000000000000e+00
6.100000000000000000e+01 -1.151740999999999993e+01 -2.352559999999999985e+00 0.000000000000000000e+00
6.200000000000000000e+01 -9.742029999999999745e+00 -1.251169999999999893e+00 0.000000000000000000e+00
6.300000000000000000e+01 -9.633139999999999148e+00 8.120500000000000496e-01 0.000000000000000000e+00
6.400000000000000000e+01 -1.141394000000000020e+01 3.917839999999999989e+00 0.000000000000000000e+00
6.500000000000000000e+01 -9.621079999999999188e+00 4.991279999999999717e+00 0.000000000000000000e+00
6.600000000000000000e+01 -9.618479999999999919e+00 7.274359999999999715e+00 0.000000000000000000e+00
6.700000000000000000e+01 -9.651999999999999247e+00 9.370540000000000092e+00 0.000000000000000000e+00
6.800000000000000000e+01 -9.604580000000000339e+00 1.143938999999999950e+01 0.000000000000000000e+00
6.900000000000000000e+01 -9.625059999999999505e+00 1.350869999999999926e+01 0.000000000000000000e+00
7.000000000000000000e+01 -9.766809999999999548e+00 1.569111999999999973e+01 0.000000000000000000e+00
7.100000000000000000e+01 -9.901559999999999917e+00 1.786105999999999838e+01 0.000000000000000000e+00
7.200000000000000000e+01 -4.915790000000000326e+00 -1.703755999999999915e+01 0.000000000000000000e+00
7.300000000000000000e+01 -6.761110000000000397e+00 -1.427946000000000026e+01 0.000000000000000000e+00
7.400000000000000000e+01 -6.566860000000000142e+00 -1.218717000000000006e+01 0.000000000000000000e+00
7.500000000000000000e+01 -8.561550000000000438e+00 -1.059969000000000072e+01 0.000000000000000000e+00
7.600000000000000000e+01 -9.657299999999999329e+00 -7.588090000000000224e+00 0.000000000000000000e+00
7.700000000000000000e+01 -9.695180000000000575e+00 -5.474380000000000024e+00 0.000000000000000000e+00
7.800000000000000000e+01 -7.853320000000000078e+00 -4.434199999999999697e+00 0.000000000000000000e+00
7.900000000000000000e+01 -7.844570000000000043e+00 -2.239790000000000170e+00 0.000000000000000000e+00
8.000000000000000000e+01 -7.802190000000000403e+00 -1.615499999999999992e-01 0.000000000000000000e+00
8.100000000000000000e+01 -7.751389999999999780e+00 1.916860000000000008e+00 0.000000000000000000e+00
8.200000000000000000e+01 -9.607839999999999492e+00 2.882709999999999884e+00 0.000000000000000000e+00
8.300000000000000000e+01 -7.745580000000000354e+00 4.080160000000000231e+00 0.000000000000000000e+00
8.400000000000000000e+01 -7.841680000000000206e+00 6.134450000000000180e+00 0.000000000000000000e+00
8.500000000000000000e+01 -7.742869999999999919e+00 8.186899999999999622e+00 0.000000000000000000e+00
8.600000000000000000e+01 -7.738940000000000374e+00 1.028553999999999924e+01 0.000000000000000000e+00
8.700000000000000000e+01 -7.789719999999999978e+00 1.241763000000000083e+01 0.000000000000000000e+00
8.800000000000000000e+01 -7.860520000000000174e+00 1.462590999999999930e+01 0.000000000000000000e+00
8.900000000000000000e+01 -7.892350000000000421e+00 1.676144000000000034e+01 0.000000000000000000e+00
9.000000000000000000e+01 -3.060509999999999842e+00 -1.830915999999999855e+01 0.000000000000000000e+00
9.100000000000000000e+01 -4.794640000000000235e+00 -1.497029999999999994e+01 0.000000000000000000e+00
9.200000000000000000e+01 -4.484770000000000145e+00 -1.281784000000000034e+01 0.000000000000000000e+00
9.300000000000000000e+01 -6.352360000000000007e+00 -1.012828999999999979e+01 0.000000000000000000e+00
9.400000000000000000e+01 -7.841510000000000424e+00 -8.595579999999999998e+00 0.000000000000000000e+00
9.500000000000000000e+01 -7.861530000000000129e+00 -6.509940000000000282e+00 0.000000000000000000e+00
9.600000000000000000e+01 -6.015760000000000218e+00 -5.503730000000000011e+00 0.000000000000000000e+00
9.700000000000000000e+01 -6.021630000000000038e+00 -3.309699999999999864e+00 0.000000000000000000e+00
9.800000000000000000e+01 -5.918490000000000251e+00 -1.224679999999999991e+00 0.000000000000000000e+00
9.900000000000000000e+01 -5.762830000000000119e+00 8.451699999999999768e-01 0.000000000000000000e+00
1.000000000000000000e+02 -5.964319999999999844e+00 2.986279999999999824e+00 0.000000000000000000e+00
1.010000000000000000e+02 -5.884769999999999612e+00 5.091050000000000075e+00 0.000000000000000000e+00
1.020000000000000000e+02 -5.931829999999999714e+00 7.194189999999999863e+00 0.000000000000000000e+00
1.030000000000000000e+02 -5.941300000000000026e+00 9.257250000000000867e+00 0.000000000000000000e+00
1.040000000000000000e+02 -5.926800000000000068e+00 1.138888000000000034e+01 0.000000000000000000e+00
1.050000000000000000e+02 -5.928589999999999804e+00 1.346067000000000036e+01 0.000000000000000000e+00
1.060000000000000000e+02 -5.892269999999999897e+00 1.552964000000000055e+01 0.000000000000000000e+00
1.070000000000000000e+02 -4.190949999999999953e+00 1.703524000000000171e+01 0.000000000000000000e+00
1.080000000000000000e+02 -3.029929999999999790e+00 -1.614404000000000039e+01 0.000000000000000000e+00
1.090000000000000000e+02 -2.696680000000000188e+00 -1.406713000000000058e+01 0.000000000000000000e+00
1.100000000000000000e+02 -2.576060000000000016e+00 -1.193158999999999992e+01 0.000000000000000000e+00
1.110000000000000000e+02 -4.303359999999999630e+00 -1.076187999999999967e+01 0.000000000000000000e+00
1.120000000000000000e+02 -4.228049999999999642e+00 -8.696369999999999933e+00 0.000000000000000000e+00
1.130000000000000000e+02 -6.000040000000000262e+00 -7.631029999999999980e+00 0.000000000000000000e+00
1.140000000000000000e+02 -4.202200000000000379e+00 -6.532729999999999926e+00 0.000000000000000000e+00
1.150000000000000000e+02 -4.207250000000000156e+00 -4.461969999999999992e+00 0.000000000000000000e+00
1.160000000000000000e+02 -4.106510000000000105e+00 -2.364739999999999842e+00 0.000000000000000000e+00
1.170000000000000000e+02 -4.020830000000000126e+00 -2.603500000000000258e-01 0.000000000000000000e+00
1.180000000000000000e+02 -3.961219999999999963e+00 1.843169999999999975e+00 0.000000000000000000e+00
1.190000000000000000e+02 -4.116590000000000416e+00 3.934229999999999894e+00 0.000000000000000000e+00
1.200000000000000000e+02 -4.054499999999999993e+00 6.025089999999999613e+00 0.000000000000000000e+00
1.210000000000000000e+02 -4.050460000000000171e+00 8.223860000000000170e+00 0.000000000000000000e+00
1.220000000000000000e+02 -4.098729999999999762e+00 1.030561999999999934e+01 0.000000000000000000e+00
1.230000000000000000e+02 -4.089109999999999800e+00 1.242808999999999919e+01 0.000000000000000000e+00
1.240000000000000000e+02 -4.068710000000000271e+00 1.457164999999999999e+01 0.000000000000000000e+00
1.250000000000000000e+02 -1.949359999999999982e+00 1.805504000000000175e+01 0.000000000000000000e+00
1.260000000000000000e+02 -1.032950000000000035e+00 -1.970073000000000008e+01 0.000000000000000000e+00
1.270000000000000000e+02 -1.104039999999999910e+00 -1.747841000000000022e+01 0.000000000000000000e+00
1.280000000000000000e+02 -7.571900000000000297e-01 -1.293533000000000044e+01 0.000000000000000000e+00
1.290000000000000000e+02 -6.481000000000000094e-01 -1.088405000000000022e+01 0.000000000000000000e+00
1.300000000000000000e+02 -2.412290000000000045e+00 -9.782180000000000319e+00 0.000000000000000000e+00
1.310000000000000000e+02 -2.389769999999999950e+00 -7.702390000000000292e+00 0.000000000000000000e+00
1.320000000000000000e+02 -2.349320000000000075e+00 -5.535919999999999952e+00 0.000000000000000000e+00
1.330000000000000000e+02 -2.226539999999999964e+00 -3.432240000000000180e+00 0.000000000000000000e+00
1.340000000000000000e+02 -2.221779999999999866e+00 -1.352090000000000014e+00 0.000000000000000000e+00
1.350000000000000000e+02 -2.197099999999999831e+00 7.553999999999999604e-01 0.000000000000000000e+00
1.360000000000000000e+02 -2.154049999999999798e+00 2.870649999999999924e+00 0.000000000000000000e+00
1.370000000000000000e+02 -2.219079999999999941e+00 4.980410000000000004e+00 0.000000000000000000e+00
1.380000000000000000e+02 -2.202879999999999949e+00 7.074399999999999800e+00 0.000000000000000000e+00
1.390000000000000000e+02 -2.198370000000000157e+00 9.235160000000000480e+00 0.000000000000000000e+00
1.400000000000000000e+02 -2.296380000000000088e+00 1.133197999999999972e+01 0.000000000000000000e+00
1.410000000000000000e+02 -2.285600000000000076e+00 1.346775000000000055e+01 0.000000000000000000e+00
1.420000000000000000e+02 -2.325200000000000156e+00 1.575430000000000064e+01 0.000000000000000000e+00
1.430000000000000000e+02 -3.083600000000000230e-01 1.675582999999999956e+01 0.000000000000000000e+00
1.440000000000000000e+02 9.563800000000000079e-01 -1.828820999999999941e+01 0.000000000000000000e+00
1.450000000000000000e+02 -9.466999999999999860e-01 -1.522856999999999950e+01 0.000000000000000000e+00
1.460000000000000000e+02 1.161510000000000042e+00 -1.197836999999999996e+01 0.000000000000000000e+00
1.470000000000000000e+02 1.243949999999999889e+00 -9.895120000000000360e+00 0.000000000000000000e+00
1.480000000000000000e+02 -5.281799999999999828e-01 -8.816610000000000724e+00 0.000000000000000000e+00
1.490000000000000000e+02 1.301399999999999890e+00 -7.742659999999999876e+00 0.000000000000000000e+00
1.500000000000000000e+02 -5.059099999999999708e-01 -6.717109999999999914e+00 0.000000000000000000e+00
1.510000000000000000e+02 -3.891200000000000214e-01 -2.463659999999999961e+00 0.000000000000000000e+00
1.520000000000000000e+02 -4.062000000000000055e-01 -3.163900000000000046e-01 0.000000000000000000e+00
1.530000000000000000e+02 -3.879000000000000226e-01 1.758359999999999923e+00 0.000000000000000000e+00
1.540000000000000000e+02 -3.506400000000000072e-01 3.871529999999999916e+00 0.000000000000000000e+00
1.550000000000000000e+02 1.454700000000000104e+00 5.011199999999999655e+00 0.000000000000000000e+00
1.560000000000000000e+02 -4.227699999999999791e-01 6.008049999999999891e+00 0.000000000000000000e+00
1.570000000000000000e+02 -3.811599999999999988e-01 8.201560000000000628e+00 0.000000000000000000e+00
1.580000000000000000e+02 -4.083100000000000063e-01 1.032363999999999926e+01 0.000000000000000000e+00
1.590000000000000000e+02 -4.086899999999999977e-01 1.239267000000000074e+01 0.000000000000000000e+00
1.600000000000000000e+02 -4.444600000000000217e-01 1.460138000000000069e+01 0.000000000000000000e+00
1.610000000000000000e+02 1.412260000000000071e+00 1.550144000000000055e+01 0.000000000000000000e+00
1.620000000000000000e+02 2.621480000000000032e+00 -1.958278999999999925e+01 0.000000000000000000e+00
1.630000000000000000e+02 9.576400000000000468e-01 -1.613541000000000025e+01 0.000000000000000000e+00
1.640000000000000000e+02 1.081180000000000030e+00 -1.405328000000000088e+01 0.000000000000000000e+00
1.650000000000000000e+02 2.984350000000000058e+00 -1.099774999999999991e+01 0.000000000000000000e+00
1.660000000000000000e+02 3.134910000000000085e+00 -8.784050000000000580e+00 0.000000000000000000e+00
1.670000000000000000e+02 1.333779999999999966e+00 -5.674579999999999735e+00 0.000000000000000000e+00
1.680000000000000000e+02 -4.206900000000000084e-01 -4.527590000000000003e+00 0.000000000000000000e+00
1.690000000000000000e+02 1.397990000000000066e+00 -3.501759999999999984e+00 0.000000000000000000e+00
1.700000000000000000e+02 1.413569999999999993e+00 -1.389000000000000012e+00 0.000000000000000000e+00
1.710000000000000000e+02 1.409000000000000030e+00 7.293300000000000338e-01 0.000000000000000000e+00
1.720000000000000000e+02 1.449009999999999909e+00 2.871500000000000163e+00 0.000000000000000000e+00
1.730000000000000000e+02 3.288879999999999804e+00 3.878130000000000077e+00 0.000000000000000000e+00
1.740000000000000000e+02 3.300769999999999982e+00 5.936309999999999754e+00 0.000000000000000000e+00
1.750000000000000000e+02 1.401899999999999924e+00 7.114569999999999617e+00 0.000000000000000000e+00
1.760000000000000000e+02 1.415990000000000082e+00 9.199210000000000775e+00 0.000000000000000000e+00
1.770000000000000000e+02 1.492439999999999989e+00 1.133933000000000035e+01 0.000000000000000000e+00
1.780000000000000000e+02 1.375909999999999966e+00 1.341962000000000010e+01 0.000000000000000000e+00
1.790000000000000000e+02 1.812900000000000067e-01 1.892476999999999876e+01 0.000000000000000000e+00
1.800000000000000000e+02 2.884819999999999940e+00 -1.736995999999999896e+01 0.000000000000000000e+00
1.810000000000000000e+02 2.827780000000000182e+00 -1.516010999999999953e+01 0.000000000000000000e+00
1.820000000000000000e+02 2.918620000000000214e+00 -1.310439000000000043e+01 0.000000000000000000e+00
1.830000000000000000e+02 4.970950000000000202e+00 -9.933529999999999305e+00 0.000000000000000000e+00
1.840000000000000000e+02 3.207079999999999931e+00 -6.716829999999999856e+00 0.000000000000000000e+00
1.850000000000000000e+02 5.010699999999999932e+00 -5.667620000000000324e+00 0.000000000000000000e+00
1.860000000000000000e+02 3.180340000000000167e+00 -4.586590000000000167e+00 0.000000000000000000e+00
1.870000000000000000e+02 3.235199999999999854e+00 -2.517959999999999976e+00 0.000000000000000000e+00
1.880000000000000000e+02 3.279700000000000060e+00 -2.502499999999999725e-01 0.000000000000000000e+00
1.890000000000000000e+02 3.327170000000000183e+00 1.826400000000000023e+00 0.000000000000000000e+00
1.900000000000000000e+02 5.192759999999999820e+00 2.782789999999999875e+00 0.000000000000000000e+00
1.910000000000000000e+02 5.142870000000000275e+00 4.965869999999999784e+00 0.000000000000000000e+00
1.920000000000000000e+02 5.073059999999999903e+00 7.131280000000000285e+00 0.000000000000000000e+00
1.930000000000000000e+02 3.207149999999999945e+00 8.097659999999999414e+00 0.000000000000000000e+00
1.940000000000000000e+02 3.298150000000000137e+00 1.029786000000000001e+01 0.000000000000000000e+00
1.950000000000000000e+02 3.262230000000000185e+00 1.243927000000000049e+01 0.000000000000000000e+00
1.960000000000000000e+02 3.308619999999999894e+00 1.461120999999999981e+01 0.000000000000000000e+00
1.970000000000000000e+02 2.623679999999999790e+00 1.717276000000000025e+01 0.000000000000000000e+00
1.980000000000000000e+02 4.766379999999999839e+00 -1.627433999999999870e+01 0.000000000000000000e+00
1.990000000000000000e+02 4.716920000000000002e+00 -1.417858999999999980e+01 0.000000000000000000e+00
2.000000000000000000e+02 4.753389999999999560e+00 -1.211511999999999922e+01 0.000000000000000000e+00
2.010000000000000000e+02 6.842190000000000438e+00 -8.866479999999999251e+00 0.000000000000000000e+00
2.020000000000000000e+02 5.107920000000000016e+00 -7.765909999999999869e+00 0.000000000000000000e+00
2.030000000000000000e+02 6.878860000000000419e+00 -4.665259999999999962e+00 0.000000000000000000e+00
2.040000000000000000e+02 5.009780000000000122e+00 -3.591450000000000031e+00 0.000000000000000000e+00
2.050000000000000000e+02 5.097949999999999982e+00 -1.469889999999999919e+00 0.000000000000000000e+00
2.060000000000000000e+02 7.006149999999999878e+00 -5.026800000000000157e-01 0.000000000000000000e+00
2.070000000000000000e+02 5.176610000000000156e+00 6.883599999999999719e-01 0.000000000000000000e+00
2.080000000000000000e+02 6.975410000000000110e+00 1.701109999999999900e+00 0.000000000000000000e+00
2.090000000000000000e+02 6.948439999999999728e+00 3.894550000000000178e+00 0.000000000000000000e+00
2.100000000000000000e+02 6.963580000000000325e+00 6.075289999999999857e+00 0.000000000000000000e+00
2.110000000000000000e+02 6.885810000000000208e+00 8.202289999999999637e+00 0.000000000000000000e+00
2.120000000000000000e+02 5.098370000000000068e+00 9.254009999999999181e+00 0.000000000000000000e+00
2.130000000000000000e+02 5.074869999999999770e+00 1.143426000000000009e+01 0.000000000000000000e+00
2.140000000000000000e+02 5.099990000000000023e+00 1.352382000000000062e+01 0.000000000000000000e+00
2.150000000000000000e+02 4.659720000000000084e+00 1.654786000000000001e+01 0.000000000000000000e+00
2.160000000000000000e+02 4.672679999999999723e+00 -1.851570999999999856e+01 0.000000000000000000e+00
2.170000000000000000e+02 6.653050000000000352e+00 -1.523795999999999928e+01 0.000000000000000000e+00
2.180000000000000000e+02 6.546809999999999796e+00 -1.315459000000000067e+01 0.000000000000000000e+00
2.190000000000000000e+02 6.775750000000000384e+00 -1.098995000000000033e+01 0.000000000000000000e+00
2.200000000000000000e+02 6.910459999999999603e+00 -6.779709999999999681e+00 0.000000000000000000e+00
2.210000000000000000e+02 8.788769999999999527e+00 -7.944869999999999877e+00 0.000000000000000000e+00
2.220000000000000000e+02 8.760650000000000048e+00 -5.686449999999999783e+00 0.000000000000000000e+00
2.230000000000000000e+02 6.857569999999999943e+00 -2.601119999999999877e+00 0.000000000000000000e+00
2.240000000000000000e+02 8.898910000000000764e+00 -1.475770000000000026e+00 0.000000000000000000e+00
2.250000000000000000e+02 8.811759999999999593e+00 6.580099999999999838e-01 0.000000000000000000e+00
2.260000000000000000e+02 8.749969999999999359e+00 2.819550000000000001e+00 0.000000000000000000e+00
2.270000000000000000e+02 8.781209999999999738e+00 5.002650000000000041e+00 0.000000000000000000e+00
2.280000000000000000e+02 8.769930000000000447e+00 7.186040000000000205e+00 0.000000000000000000e+00
2.290000000000000000e+02 8.700540000000000163e+00 9.381149999999999878e+00 0.000000000000000000e+00
2.300000000000000000e+02 6.866480000000000139e+00 1.037628999999999913e+01 0.000000000000000000e+00
2.310000000000000000e+02 6.902700000000000280e+00 1.249816000000000038e+01 0.000000000000000000e+00
2.320000000000000000e+02 6.330729999999999968e+00 1.518701000000000079e+01 0.000000000000000000e+00
2.330000000000000000e+02 4.579640000000000377e+00 1.865135000000000076e+01 0.000000000000000000e+00
2.340000000000000000e+02 6.629850000000000243e+00 -1.741997999999999891e+01 0.000000000000000000e+00
2.350000000000000000e+02 8.540380000000000749e+00 -1.423314000000000057e+01 0.000000000000000000e+00
2.360000000000000000e+02 8.487940000000000040e+00 -1.215334000000000003e+01 0.000000000000000000e+00
2.370000000000000000e+02 1.049724999999999930e+01 -1.103232999999999997e+01 0.000000000000000000e+00
2.380000000000000000e+02 8.613429999999999254e+00 -1.002603000000000044e+01 0.000000000000000000e+00
2.390000000000000000e+02 1.053913999999999973e+01 -6.724719999999999587e+00 0.000000000000000000e+00
2.400000000000000000e+02 1.059154999999999980e+01 -4.606020000000000003e+00 0.000000000000000000e+00
2.410000000000000000e+02 8.794209999999999638e+00 -3.537850000000000161e+00 0.000000000000000000e+00
2.420000000000000000e+02 1.067064000000000057e+01 -3.685599999999999987e-01 0.000000000000000000e+00
2.430000000000000000e+02 1.058580000000000076e+01 1.782580000000000053e+00 0.000000000000000000e+00
2.440000000000000000e+02 1.053192999999999913e+01 3.861569999999999947e+00 0.000000000000000000e+00
2.450000000000000000e+02 1.237692999999999977e+01 5.051230000000000331e+00 0.000000000000000000e+00
2.460000000000000000e+02 1.057197999999999993e+01 6.073570000000000135e+00 0.000000000000000000e+00
2.470000000000000000e+02 1.056678999999999924e+01 8.248279999999999390e+00 0.000000000000000000e+00
2.480000000000000000e+02 1.059426999999999985e+01 1.036548999999999943e+01 0.000000000000000000e+00
2.490000000000000000e+02 8.806520000000000792e+00 1.146080000000000076e+01 0.000000000000000000e+00
2.500000000000000000e+02 8.221569999999999823e+00 1.425117000000000012e+01 0.000000000000000000e+00
2.510000000000000000e+02 6.717310000000000336e+00 1.722494000000000014e+01 0.000000000000000000e+00
2.520000000000000000e+02 8.515819999999999723e+00 -1.630143999999999949e+01 0.000000000000000000e+00
2.530000000000000000e+02 1.049549999999999983e+01 -1.318191999999999986e+01 0.000000000000000000e+00
2.540000000000000000e+02 1.245447000000000060e+01 -1.214939999999999998e+01 0.000000000000000000e+00
2.550000000000000000e+02 1.235556000000000054e+01 -1.007496000000000080e+01 0.000000000000000000e+00
2.560000000000000000e+02 1.060354000000000063e+01 -8.924920000000000186e+00 0.000000000000000000e+00
2.570000000000000000e+02 1.238870999999999967e+01 -5.766280000000000072e+00 0.000000000000000000e+00
2.580000000000000000e+02 1.249540999999999968e+01 -3.668699999999999850e+00 0.000000000000000000e+00
2.590000000000000000e+02 1.073231999999999964e+01 -2.536729999999999929e+00 0.000000000000000000e+00
2.600000000000000000e+02 1.265659999999999918e+01 -1.585979999999999945e+00 0.000000000000000000e+00
2.610000000000000000e+02 1.248597999999999963e+01 6.787800000000000500e-01 0.000000000000000000e+00
2.620000000000000000e+02 1.237702999999999953e+01 2.851290000000000102e+00 0.000000000000000000e+00
2.630000000000000000e+02 1.419655000000000022e+01 3.940980000000000150e+00 0.000000000000000000e+00
2.640000000000000000e+02 1.417930999999999919e+01 6.140740000000000087e+00 0.000000000000000000e+00
2.650000000000000000e+02 1.239860999999999969e+01 7.212340000000000195e+00 0.000000000000000000e+00
2.660000000000000000e+02 1.258494999999999919e+01 9.590630000000000877e+00 0.000000000000000000e+00
2.670000000000000000e+02 1.188509999999999955e+01 1.197916999999999987e+01 0.000000000000000000e+00
2.680000000000000000e+02 1.007564999999999955e+01 1.332152999999999921e+01 0.000000000000000000e+00
2.690000000000000000e+02 1.029130999999999929e+01 1.545819000000000010e+01 0.000000000000000000e+00
2.700000000000000000e+02 1.040310999999999986e+01 -1.533370000000000033e+01 0.000000000000000000e+00
2.710000000000000000e+02 1.419347999999999921e+01 -1.332951000000000086e+01 0.000000000000000000e+00
2.720000000000000000e+02 1.433488000000000007e+01 -1.115828999999999915e+01 0.000000000000000000e+00
2.730000000000000000e+02 1.421836000000000055e+01 -9.082369999999999166e+00 0.000000000000000000e+00
2.740000000000000000e+02 1.236416999999999966e+01 -7.842019999999999769e+00 0.000000000000000000e+00
2.750000000000000000e+02 1.423652000000000051e+01 -6.945429999999999993e+00 0.000000000000000000e+00
2.760000000000000000e+02 1.427979999999999983e+01 -4.825899999999999856e+00 0.000000000000000000e+00
2.770000000000000000e+02 1.451111000000000040e+01 -2.750000000000000000e+00 0.000000000000000000e+00
2.780000000000000000e+02 1.457278999999999947e+01 -3.621199999999999974e-01 0.000000000000000000e+00
2.790000000000000000e+02 1.626531999999999911e+01 -1.546399999999999997e+00 0.000000000000000000e+00
2.800000000000000000e+02 1.429794000000000054e+01 1.734909999999999952e+00 0.000000000000000000e+00
2.810000000000000000e+02 1.599934999999999974e+01 2.944380000000000219e+00 0.000000000000000000e+00
2.820000000000000000e+02 1.597902999999999984e+01 5.067750000000000199e+00 0.000000000000000000e+00
2.830000000000000000e+02 1.619438999999999851e+01 7.488730000000000331e+00 0.000000000000000000e+00
2.840000000000000000e+02 1.423902000000000001e+01 8.312670000000000670e+00 0.000000000000000000e+00
2.850000000000000000e+02 1.511438000000000059e+01 1.071883000000000052e+01 0.000000000000000000e+00
2.860000000000000000e+02 1.390509999999999913e+01 1.245617999999999981e+01 0.000000000000000000e+00
2.870000000000000000e+02 1.224923000000000073e+01 1.401434000000000069e+01 0.000000000000000000e+00
2.880000000000000000e+02 1.226394999999999946e+01 -1.432793999999999990e+01 0.000000000000000000e+00
2.890000000000000000e+02 1.607995999999999981e+01 -1.249863000000000035e+01 0.000000000000000000e+00
2.900000000000000000e+02 1.629768999999999934e+01 -1.018758000000000052e+01 0.000000000000000000e+00
2.910000000000000000e+02 1.821825000000000117e+01 -6.840749999999999886e+00 0.000000000000000000e+00
2.920000000000000000e+02 1.612305999999999884e+01 -8.113799999999999457e+00 0.000000000000000000e+00
2.930000000000000000e+02 1.614928000000000097e+01 -5.793239999999999945e+00 0.000000000000000000e+00
2.940000000000000000e+02 1.823123999999999967e+01 -2.455080000000000151e+00 0.000000000000000000e+00
2.950000000000000000e+02 1.641784000000000177e+01 -3.610710000000000086e+00 0.000000000000000000e+00
2.960000000000000000e+02 1.818214000000000041e+01 3.271999999999999909e-02 0.000000000000000000e+00
2.970000000000000000e+02 1.826596999999999937e+01 2.682179999999999787e+00 0.000000000000000000e+00
2.980000000000000000e+02 1.628734000000000037e+01 8.767500000000000293e-01 0.000000000000000000e+00
2.990000000000000000e+02 1.802695999999999898e+01 6.340189999999999770e+00 0.000000000000000000e+00
