0.000000000000000000e+00 -1.416629999999999967e+01 -1.336890999999999963e+01 0.000000000000000000e+00
1.000000000000000000e+00 -1.549079000000000050e+01 -1.162260999999999989e+01 0.000000000000000000e+00
2.000000000000000000e+00 -1.642026999999999859e+01 -9.753909999999999414e+00 0.000000000000000000e+00
3.000000000000000000e+00 -1.705117999999999867e+01 -7.781830000000000247e+00 0.000000000000000000e+00
4.000000000000000000e+00 -1.813591999999999871e+01 -5.864959999999999951e+00 0.000000000000000000e+00
5.000000000000000000e+00 -1.889762999999999948e+01 -3.528970000000000162e+00 0.000000000000000000e+00
6.000000000000000000e+00 -1.691506000000000043e+01 -4.095410000000000217e+00 0.000000000000000000e+00
7.000000000000000000e+00 -1.763118000000000052e+01 -1.870049999999999990e+00 0.000000000000000000e+00
8.000000000000000000e+00 -1.649015999999999948e+01 -5.782000000000000334e-02 0.000000000000000000e+00
9.000000000000000000e+00 -1.914742000000000033e+01 -2.069400000000000128e-01 0.000000000000000000e+00
1.000000000000000000e+01 -1.760671999999999926e+01 1.985570000000000057e+00 0.000000000000000000e+00
1.100000000000000000e+01 -1.728849999999999909e+01 5.326999999999999957e+00 0.000000000000000000e+00
1.200000000000000000e+01 -1.603836000000000084e+01 6.996480000000000032e+00 0.000000000000000000e+00
1.300000000000000000e+01 -1.819725999999999999e+01 7.187170000000000059e+00 0.000000000000000000e+00
1.400000000000000000e+01 -1.698995999999999995e+01 8.992050000000000765e+00 0.000000000000000000e+00
1.500000000000000000e+01 -1.590062999999999960e+01 1.093951000000000029e+01 0.000000000000000000e+00
1.600000000000000000e+01 -1.453940000000000055e+01 1.249779999999999980e+01 0.000000000000000000e+00
1.700000000000000000e+01 -1.356016999999999939e+01 1.435647999999999946e+01 0.000000000000000000e+00
1.800000000000000000e+01 -1.310767000000000060e+01 -1.520396000000000036e+01 0.000000000000000000e+00
1.900000000000000000e+01 -1.195683999999999969e+01 -1.340044999999999931e+01 0.000000000000000000e+00
2.000000000000000000e+01 -1.303176999999999985e+01 -1.161045999999999978e+01 0.000000000000000000e+00
2.100000000000000000e+01 -1.412208000000000041e+01 -9.818049999999999500e+00 0.000000000000000000e+00
2.200000000000000000e+01 -1.499892999999999965e+01 -7.931600000000000428e+00 0.000000000000000000e+00
2.300000000000000000e+01 -1.595518000000000036e+01 -5.958490000000000286e+00 0.000000000000000000e+00
2.400000000000000000e+01 -1.480504999999999960e+01 -4.117379999999999818e+00 0.000000000000000000e+00
2.500000000000000000e+01 -1.558777000000000079e+01 -2.179879999999999818e+00 0.000000000000000000e+00
2.600000000000000000e+01 -1.439226999999999990e+01 -2.834900000000000198e-01 0.000000000000000000e+00
2.700000000000000000e+01 -1.522241999999999962e+01 1.630670000000000064e+00 0.000000000000000000e+00
2.800000000000000000e+01 -1.614057000000000031e+01 3.475070000000000103e+00 0.000000000000000000e+00
2.900000000000000000e+01 -1.501449999999999996e+01 5.206059999999999910e+00 0.000000000000000000e+00
3.000000000000000000e+01 -1.371382000000000012e+01 6.961660000000000181e+00 0.000000000000000000e+00
3.100000000000000000e+01 -1.252833000000000041e+01 8.647869999999999280e+00 0.000000000000000000e+00
3.200000000000000000e+01 -1.479200999999999944e+01 8.870540000000000092e+00 0.000000000000000000e+00
3.300000000000000000e+01 -1.360514000000000046e+01 1.059299999999999997e+01 0.000000000000000000e+00
3.400000000000000000e+01 -1.243829000000000029e+01 1.239098000000000077e+01 0.000000000000000000e+00
3.500000000000000000e+01 -1.225882000000000005e+01 1.609196999999999989e+01 0.000000000000000000e+00
3.600000000000000000e+01 -1.004603000000000002e+01 -1.729404999999999859e+01 0.000000000000000000e+00
3.700000000000000000e+01 -1.100126000000000026e+01 -1.528722999999999921e+01 0.000000000000000000e+00
3.800000000000000000e+01 -1.084984999999999999e+01 -1.165648999999999980e+01 0.000000000000000000e+00
3.900000000000000000e+01 -1.189783000000000079e+01 -9.863899999999999224e+00 0.000000000000000000e+00
4.000000000000000000e+01 -1.283849999999999980e+01 -7.969669999999999810e+00 0.000000000000000000e+00
4.100000000000000000e+01 -1.382667999999999964e+01 -6.156209999999999738e+00 0.000000000000000000e+00
4.200000000000000000e+01 -1.254019000000000084e+01 -4.187020000000000408e+00 0.000000000000000000e+00
4.300000000000000000e+01 -1.350981999999999950e+01 -2.187609999999999832e+00 0.000000000000000000e+00
4.400000000000000000e+01 -1.230400000000000027e+01 -4.192299999999999915e-01 0.000000000000000000e+00
4.500000000000000000e+01 -1.313882000000000083e+01 1.507500000000000062e+00 0.000000000000000000e+00
4.600000000000000000e+01 -1.406991999999999976e+01 3.347309999999999786e+00 0.000000000000000000e+00
4.700000000000000000e+01 -1.291527999999999921e+01 5.050679999999999836e+00 0.000000000000000000e+00
4.800000000000000000e+01 -1.154589999999999961e+01 6.839750000000000441e+00 0.000000000000000000e+00
4.900000000000000000e+01 -1.041067999999999927e+01 8.612299999999999400e+00 0.000000000000000000e+00
5.000000000000000000e+01 -1.147269999999999968e+01 1.046269999999999989e+01 0.000000000000000000e+00
5.100000000000000000e+01 -1.024158000000000079e+01 1.216131000000000029e+01 0.000000000000000000e+00
5.200000000000000000e+01 -1.114859000000000044e+01 1.401562000000000019e+01 0.000000000000000000e+00
5.300000000000000000e+01 -1.010712000000000010e+01 1.580724999999999980e+01 0.000000000000000000e+00
5.400000000000000000e+01 -7.901889999999999858e+00 -1.735492999999999952e+01 0.000000000000000000e+00
5.500000000000000000e+01 -8.887309999999999377e+00 -1.551515999999999984e+01 0.000000000000000000e+00
5.600000000000000000e+01 -9.870609999999999218e+00 -1.353912000000000049e+01 0.000000000000000000e+00
5.700000000000000000e+01 -9.818929999999999936e+00 -9.854860000000000397e+00 0.000000000000000000e+00
5.800000000000000000e+01 -1.077347999999999928e+01 -8.000339999999999563e+00 0.000000000000000000e+00
5.900000000000000000e+01 -1.164086999999999961e+01 -6.141510000000000247e+00 0.000000000000000000e+00
6.000000000000000000e+01 -1.045451000000000086e+01 -4.332699999999999996e+00 0.000000000000000000e+00
6.100000000000000000e+01 -1.137801999999999936e+01 -2.409759999999999902e+00 0.000000000000000000e+00
6.200000000000000000e+01 -1.015950999999999915e+01 -5.200399999999999467e-01 0.000000000000000000e+00
6.300000000000000000e+01 -1.107803999999999967e+01 1.321679999999999966e+00 0.000000000000000000e+00
6.400000000000000000e+01 -1.195171999999999990e+01 3.198290000000000077e+00 0.000000000000000000e+00
6.500000000000000000e+01 -1.072234000000000087e+01 4.946729999999999627e+00 0.000000000000000000e+00
6.600000000000000000e+01 -9.489610000000000767e+00 6.676560000000000272e+00 0.000000000000000000e+00
6.700000000000000000e+01 -8.317349999999999355e+00 8.365949999999999775e+00 0.000000000000000000e+00
6.800000000000000000e+01 -9.252869999999999706e+00 1.036199000000000048e+01 0.000000000000000000e+00
6.900000000000000000e+01 -8.015769999999999840e+00 1.203495000000000026e+01 0.000000000000000000e+00
7.000000000000000000e+01 -9.064339999999999620e+00 1.390301999999999971e+01 0.000000000000000000e+00
7.100000000000000000e+01 -7.878800000000000026e+00 1.578829999999999956e+01 0.000000000000000000e+00
7.200000000000000000e+01 -5.846680000000000099e+00 -1.755292999999999992e+01 0.000000000000000000e+00
7.300000000000000000e+01 -6.722480000000000011e+00 -1.561919999999999931e+01 0.000000000000000000e+00
7.400000000000000000e+01 -7.762159999999999727e+00 -1.363408000000000087e+01 0.000000000000000000e+00
7.500000000000000000e+01 -8.720069999999999766e+00 -1.173426000000000080e+01 0.000000000000000000e+00
7.600000000000000000e+01 -8.500550000000000495e+00 -8.018969999999999487e+00 0.000000000000000000e+00
7.700000000000000000e+01 -9.583840000000000359e+00 -6.249329999999999607e+00 0.000000000000000000e+00
7.800000000000000000e+01 -8.367139999999999134e+00 -4.532519999999999882e+00 0.000000000000000000e+00
7.900000000000000000e+01 -9.261060000000000514e+00 -2.588729999999999976e+00 0.000000000000000000e+00
8.000000000000000000e+01 -8.075960000000000250e+00 -7.662799999999999612e-01 0.000000000000000000e+00
8.100000000000000000e+01 -8.920109999999999317e+00 1.141850000000000032e+00 0.000000000000000000e+00
8.200000000000000000e+01 -9.882239999999999469e+00 3.028189999999999937e+00 0.000000000000000000e+00
8.300000000000000000e+01 -7.652940000000000076e+00 2.809099999999999930e+00 0.000000000000000000e+00
8.400000000000000000e+01 -8.634040000000000603e+00 4.663660000000000139e+00 0.000000000000000000e+00
8.500000000000000000e+01 -6.220449999999999591e+00 8.261829999999999785e+00 0.000000000000000000e+00
8.600000000000000000e+01 -7.197400000000000020e+00 1.009943999999999953e+01 0.000000000000000000e+00
8.700000000000000000e+01 -5.959459999999999980e+00 1.194270000000000032e+01 0.000000000000000000e+00
8.800000000000000000e+01 -6.986189999999999678e+00 1.390119999999999933e+01 0.000000000000000000e+00
8.900000000000000000e+01 -6.948929999999999829e+00 1.770119000000000042e+01 0.000000000000000000e+00
9.000000000000000000e+01 -4.724960000000000271e+00 -1.937771000000000043e+01 0.000000000000000000e+00
9.100000000000000000e+01 -4.666500000000000092e+00 -1.576341999999999999e+01 0.000000000000000000e+00
9.200000000000000000e+01 -5.619510000000000005e+00 -1.382489999999999952e+01 0.000000000000000000e+00
9.300000000000000000e+01 -6.554579999999999629e+00 -1.193848999999999982e+01 0.000000000000000000e+00
9.400000000000000000e+01 -7.586100000000000065e+00 -9.934139999999999304e+00 0.000000000000000000e+00
9.500000000000000000e+01 -7.286139999999999617e+00 -6.309949999999999726e+00 0.000000000000000000e+00
9.600000000000000000e+01 -6.184059999999999668e+00 -4.541960000000000441e+00 0.000000000000000000e+00
9.700000000000000000e+01 -7.150030000000000108e+00 -2.717140000000000111e+00 0.000000000000000000e+00
9.800000000000000000e+01 -5.917300000000000004e+00 -9.961400000000000254e-01 0.000000000000000000e+00
9.900000000000000000e+01 -6.745989999999999931e+00 9.322700000000000431e-01 0.000000000000000000e+00
1.000000000000000000e+02 -5.571830000000000283e+00 2.636849999999999916e+00 0.000000000000000000e+00
1.010000000000000000e+02 -6.456050000000000288e+00 4.518159999999999954e+00 0.000000000000000000e+00
1.020000000000000000e+02 -7.430740000000000123e+00 6.451640000000000263e+00 0.000000000000000000e+00
1.030000000000000000e+02 -4.094890000000000363e+00 8.230349999999999611e+00 0.000000000000000000e+00
1.040000000000000000e+02 -5.014689999999999870e+00 1.010249999999999915e+01 0.000000000000000000e+00
1.050000000000000000e+02 -3.859949999999999992e+00 1.186905999999999928e+01 0.000000000000000000e+00
1.060000000000000000e+02 -5.753110000000000390e+00 1.567401000000000089e+01 0.000000000000000000e+00
1.070000000000000000e+02 -2.482650000000000023e+00 1.938057999999999836e+01 0.000000000000000000e+00
1.080000000000000000e+02 -3.656610000000000138e+00 -1.758126999999999995e+01 0.000000000000000000e+00
1.090000000000000000e+02 -3.525980000000000114e+00 -1.393917000000000073e+01 0.000000000000000000e+00
1.100000000000000000e+02 -4.498770000000000380e+00 -1.194284999999999997e+01 0.000000000000000000e+00
1.110000000000000000e+02 -5.498569999999999958e+00 -1.013209999999999944e+01 0.000000000000000000e+00
1.120000000000000000e+02 -6.384629999999999583e+00 -8.205420000000000158e+00 0.000000000000000000e+00
1.130000000000000000e+02 -5.175699999999999967e+00 -6.408400000000000318e+00 0.000000000000000000e+00
1.140000000000000000e+02 -4.012480000000000047e+00 -4.687509999999999621e+00 0.000000000000000000e+00
1.150000000000000000e+02 -4.969750000000000334e+00 -2.844570000000000043e+00 0.000000000000000000e+00
1.160000000000000000e+02 -3.851780000000000204e+00 -1.105920000000000014e+00 0.000000000000000000e+00
1.170000000000000000e+02 -4.577460000000000306e+00 8.198600000000000332e-01 0.000000000000000000e+00
1.180000000000000000e+02 -3.446639999999999926e+00 2.545980000000000132e+00 0.000000000000000000e+00
1.190000000000000000e+02 -4.380630000000000024e+00 4.437669999999999781e+00 0.000000000000000000e+00
1.200000000000000000e+02 -5.350399999999999601e+00 6.259879999999999889e+00 0.000000000000000000e+00
1.210000000000000000e+02 -2.052820000000000089e+00 7.924699999999999633e+00 0.000000000000000000e+00
1.220000000000000000e+02 -2.877969999999999917e+00 9.918519999999999115e+00 0.000000000000000000e+00
1.230000000000000000e+02 -1.699349999999999916e+00 1.166773000000000060e+01 0.000000000000000000e+00
1.240000000000000000e+02 -4.777330000000000076e+00 1.372846000000000011e+01 0.000000000000000000e+00
1.250000000000000000e+02 -4.691580000000000084e+00 1.749290999999999840e+01 0.000000000000000000e+00
1.260000000000000000e+02 -1.181859999999999911e+00 -1.955892000000000053e+01 0.000000000000000000e+00
1.270000000000000000e+02 -2.536550000000000082e+00 -1.578501999999999938e+01 0.000000000000000000e+00
1.280000000000000000e+02 -2.415770000000000195e+00 -1.211115999999999993e+01 0.000000000000000000e+00
1.290000000000000000e+02 -3.322020000000000195e+00 -1.022907999999999973e+01 0.000000000000000000e+00
1.300000000000000000e+02 -4.263040000000000163e+00 -8.387740000000000862e+00 0.000000000000000000e+00
1.310000000000000000e+02 -3.107660000000000089e+00 -6.648399999999999643e+00 0.000000000000000000e+00
1.320000000000000000e+02 -1.930129999999999901e+00 -4.828549999999999898e+00 0.000000000000000000e+00
1.330000000000000000e+02 -2.872219999999999995e+00 -2.955849999999999866e+00 0.000000000000000000e+00
1.340000000000000000e+02 -1.619450000000000056e+00 -1.255209999999999937e+00 0.000000000000000000e+00
1.350000000000000000e+02 -2.514609999999999790e+00 6.542700000000000182e-01 0.000000000000000000e+00
1.360000000000000000e+02 -1.336100000000000065e+00 2.363210000000000033e+00 0.000000000000000000e+00
1.370000000000000000e+02 -2.302849999999999842e+00 4.288730000000000153e+00 0.000000000000000000e+00
1.380000000000000000e+02 -3.239539999999999864e+00 6.223440000000000083e+00 0.000000000000000000e+00
1.390000000000000000e+02 9.350000000000000672e-03 7.842179999999999929e+00 0.000000000000000000e+00
1.400000000000000000e+02 -8.026100000000000456e-01 9.799039999999999750e+00 0.000000000000000000e+00
1.410000000000000000e+02 -2.590479999999999894e+00 1.354768999999999934e+01 0.000000000000000000e+00
1.420000000000000000e+02 -3.591289999999999871e+00 1.542141999999999946e+01 0.000000000000000000e+00
1.430000000000000000e+02 -2.477660000000000196e+00 1.728870999999999825e+01 0.000000000000000000e+00
1.440000000000000000e+02 -1.243149999999999977e+00 -1.742911000000000143e+01 0.000000000000000000e+00
1.450000000000000000e+02 5.355600000000000360e-01 -1.601429999999999865e+01 0.000000000000000000e+00
1.460000000000000000e+02 -1.299069999999999947e+00 -1.411255000000000059e+01 0.000000000000000000e+00
1.470000000000000000e+02 -1.162639999999999896e+00 -1.035566999999999993e+01 0.000000000000000000e+00
1.480000000000000000e+02 -3.391999999999999876e-02 -8.639239999999999142e+00 0.000000000000000000e+00
1.490000000000000000e+02 -2.169799999999999951e+00 -8.498710000000000875e+00 0.000000000000000000e+00
1.500000000000000000e+02 -1.043590000000000018e+00 -6.716289999999999871e+00 0.000000000000000000e+00
1.510000000000000000e+02 -7.387899999999999467e-01 -3.107250000000000068e+00 0.000000000000000000e+00
1.520000000000000000e+02 4.503199999999999981e-01 -1.412260000000000071e+00 0.000000000000000000e+00
1.530000000000000000e+02 -4.397300000000000098e-01 5.045199999999999685e-01 0.000000000000000000e+00
1.540000000000000000e+02 7.168099999999999472e-01 2.213389999999999969e+00 0.000000000000000000e+00
1.550000000000000000e+02 -2.307899999999999952e-01 4.151239999999999597e+00 0.000000000000000000e+00
1.560000000000000000e+02 -1.128989999999999938e+00 5.994320000000000093e+00 0.000000000000000000e+00
1.570000000000000000e+02 1.240599999999999925e+00 9.532239999999999824e+00 0.000000000000000000e+00
1.580000000000000000e+02 4.448500000000000232e-01 1.143313999999999986e+01 0.000000000000000000e+00
1.590000000000000000e+02 -5.165399999999999991e-01 1.336185000000000045e+01 0.000000000000000000e+00
1.600000000000000000e+02 -1.476169999999999982e+00 1.527801999999999971e+01 0.000000000000000000e+00
1.610000000000000000e+02 -3.027599999999999736e-01 1.698126999999999853e+01 0.000000000000000000e+00
1.620000000000000000e+02 8.023700000000000276e-01 -1.834898000000000096e+01 0.000000000000000000e+00
1.630000000000000000e+02 2.665290000000000159e+00 -1.722891999999999868e+01 0.000000000000000000e+00
1.640000000000000000e+02 8.757899999999999574e-01 -1.397866999999999926e+01 0.000000000000000000e+00
1.650000000000000000e+02 -2.814400000000000235e-01 -1.221979999999999933e+01 0.000000000000000000e+00
1.660000000000000000e+02 1.001470000000000082e+00 -1.061055999999999955e+01 0.000000000000000000e+00
1.670000000000000000e+02 1.125410000000000021e+00 -6.866679999999999673e+00 0.000000000000000000e+00
1.680000000000000000e+02 1.531299999999999883e-01 -5.015170000000000350e+00 0.000000000000000000e+00
1.690000000000000000e+02 1.411880000000000024e+00 -3.287049999999999805e+00 0.000000000000000000e+00
1.700000000000000000e+02 2.595870000000000122e+00 -1.591930000000000067e+00 0.000000000000000000e+00
1.710000000000000000e+02 1.717770000000000019e+00 3.047199999999999909e-01 0.000000000000000000e+00
1.720000000000000000e+02 2.805829999999999824e+00 2.090650000000000119e+00 0.000000000000000000e+00
1.730000000000000000e+02 1.921359999999999957e+00 3.990099999999999980e+00 0.000000000000000000e+00
1.740000000000000000e+02 1.011269999999999891e+00 5.831439999999999735e+00 0.000000000000000000e+00
1.750000000000000000e+02 2.168039999999999967e+00 7.687689999999999912e+00 0.000000000000000000e+00
1.760000000000000000e+02 2.518110000000000070e+00 1.130738999999999983e+01 0.000000000000000000e+00
1.770000000000000000e+02 1.616009999999999946e+00 1.316572999999999993e+01 0.000000000000000000e+00
1.780000000000000000e+02 7.364500000000000490e-01 1.509459999999999980e+01 0.000000000000000000e+00
1.790000000000000000e+02 1.875400000000000122e-01 1.900100000000000122e+01 0.000000000000000000e+00
1.800000000000000000e+02 2.580049999999999955e+00 -1.993403999999999954e+01 0.000000000000000000e+00
1.810000000000000000e+02 2.718290000000000095e+00 -1.494988000000000028e+01 0.000000000000000000e+00
1.820000000000000000e+02 2.580010000000000137e+00 -1.277379999999999960e+01 0.000000000000000000e+00
1.830000000000000000e+02 3.067590000000000039e+00 -1.067908000000000079e+01 0.000000000000000000e+00
1.840000000000000000e+02 2.116169999999999884e+00 -8.757730000000000459e+00 0.000000000000000000e+00
1.850000000000000000e+02 3.288969999999999949e+00 -7.038780000000000037e+00 0.000000000000000000e+00
1.860000000000000000e+02 2.406730000000000036e+00 -5.136619999999999742e+00 0.000000000000000000e+00
1.870000000000000000e+02 3.584350000000000147e+00 -3.430639999999999912e+00 0.000000000000000000e+00
1.880000000000000000e+02 3.780730000000000146e+00 1.789300000000000057e-01 0.000000000000000000e+00
1.890000000000000000e+02 5.067910000000000359e+00 1.870130000000000070e+00 0.000000000000000000e+00
1.900000000000000000e+02 4.009109999999999729e+00 3.797239999999999949e+00 0.000000000000000000e+00
1.910000000000000000e+02 5.227879999999999860e+00 5.453969999999999985e+00 0.000000000000000000e+00
1.920000000000000000e+02 3.157919999999999838e+00 5.711409999999999876e+00 0.000000000000000000e+00
1.930000000000000000e+02 4.299520000000000231e+00 7.521969999999999601e+00 0.000000000000000000e+00
1.940000000000000000e+02 3.351820000000000022e+00 9.413740000000000663e+00 0.000000000000000000e+00
1.950000000000000000e+02 3.782890000000000086e+00 1.305394000000000077e+01 0.000000000000000000e+00
1.960000000000000000e+02 2.849310000000000009e+00 1.497256999999999927e+01 0.000000000000000000e+00
1.970000000000000000e+02 1.809579999999999966e+00 1.692017999999999844e+01 0.000000000000000000e+00
1.980000000000000000e+02 4.698870000000000324e+00 -1.635584000000000060e+01 0.000000000000000000e+00
1.990000000000000000e+02 4.658199999999999896e+00 -1.420356999999999914e+01 0.000000000000000000e+00
2.000000000000000000e+02 4.684689999999999799e+00 -1.213038000000000061e+01 0.000000000000000000e+00
2.010000000000000000e+02 4.272689999999999877e+00 -8.976029999999999731e+00 0.000000000000000000e+00
2.020000000000000000e+02 5.348700000000000010e+00 -7.177459999999999951e+00 0.000000000000000000e+00
2.030000000000000000e+02 4.456059999999999910e+00 -5.301350000000000229e+00 0.000000000000000000e+00
2.040000000000000000e+02 5.647619999999999862e+00 -3.603369999999999962e+00 0.000000000000000000e+00
2.050000000000000000e+02 4.813509999999999955e+00 -1.723170000000000091e+00 0.000000000000000000e+00
2.060000000000000000e+02 5.992869999999999919e+00 -1.281999999999999980e-02 0.000000000000000000e+00
2.070000000000000000e+02 7.165040000000000298e+00 1.742429999999999923e+00 0.000000000000000000e+00
2.080000000000000000e+02 6.220600000000000129e+00 3.630129999999999857e+00 0.000000000000000000e+00
2.090000000000000000e+02 7.398600000000000065e+00 5.396309999999999718e+00 0.000000000000000000e+00
2.100000000000000000e+02 6.476230000000000153e+00 7.300559999999999938e+00 0.000000000000000000e+00
2.110000000000000000e+02 5.469560000000000421e+00 9.276949999999999363e+00 0.000000000000000000e+00
2.120000000000000000e+02 4.583890000000000242e+00 1.114892000000000039e+01 0.000000000000000000e+00
2.130000000000000000e+02 5.908170000000000144e+00 1.285542000000000051e+01 0.000000000000000000e+00
2.140000000000000000e+02 4.966479999999999784e+00 1.489939999999999998e+01 0.000000000000000000e+00
2.150000000000000000e+02 4.019929999999999559e+00 1.683928999999999832e+01 0.000000000000000000e+00
2.160000000000000000e+02 6.385760000000000325e+00 -1.763662000000000063e+01 0.000000000000000000e+00
2.170000000000000000e+02 6.765609999999999680e+00 -1.543164999999999942e+01 0.000000000000000000e+00
2.180000000000000000e+02 6.502469999999999750e+00 -1.324271000000000065e+01 0.000000000000000000e+00
2.190000000000000000e+02 6.521639999999999660e+00 -1.106987999999999950e+01 0.000000000000000000e+00
2.200000000000000000e+02 6.341289999999999871e+00 -9.010199999999999321e+00 0.000000000000000000e+00
2.210000000000000000e+02 6.559980000000000366e+00 -5.479260000000000019e+00 0.000000000000000000e+00
2.220000000000000000e+02 7.853850000000000442e+00 -3.864419999999999966e+00 0.000000000000000000e+00
2.230000000000000000e+02 6.884240000000000137e+00 -1.879960000000000075e+00 0.000000000000000000e+00
2.240000000000000000e+02 8.145419999999999661e+00 -1.793700000000000017e-01 0.000000000000000000e+00
2.250000000000000000e+02 9.262489999999999668e+00 1.572070000000000078e+00 0.000000000000000000e+00
2.260000000000000000e+02 8.330949999999999633e+00 3.451639999999999819e+00 0.000000000000000000e+00
2.270000000000000000e+02 9.468989999999999796e+00 5.184949999999999726e+00 0.000000000000000000e+00
2.280000000000000000e+02 8.575630000000000308e+00 7.137660000000000338e+00 0.000000000000000000e+00
2.290000000000000000e+02 7.646180000000000199e+00 9.029400000000000759e+00 0.000000000000000000e+00
2.300000000000000000e+02 6.802900000000000169e+00 1.098300000000000054e+01 0.000000000000000000e+00
2.310000000000000000e+02 8.060629999999999740e+00 1.275961000000000034e+01 0.000000000000000000e+00
2.320000000000000000e+02 7.127819999999999823e+00 1.477230999999999916e+01 0.000000000000000000e+00
2.330000000000000000e+02 6.134769999999999612e+00 1.664282000000000039e+01 0.000000000000000000e+00
2.340000000000000000e+02 8.734239999999999782e+00 -1.629841000000000051e+01 0.000000000000000000e+00
2.350000000000000000e+02 8.536519999999999442e+00 -1.423335999999999935e+01 0.000000000000000000e+00
2.360000000000000000e+02 8.289859999999999118e+00 -1.217115000000000080e+01 0.000000000000000000e+00
2.370000000000000000e+02 8.319969999999999644e+00 -9.891679999999999140e+00 0.000000000000000000e+00
2.380000000000000000e+02 7.989969999999999573e+00 -7.763460000000000250e+00 0.000000000000000000e+00
2.390000000000000000e+02 8.662679999999999936e+00 -5.782099999999999795e+00 0.000000000000000000e+00
2.400000000000000000e+02 9.990600000000000591e+00 -4.103889999999999816e+00 0.000000000000000000e+00
2.410000000000000000e+02 9.072259999999999991e+00 -2.129449999999999843e+00 0.000000000000000000e+00
2.420000000000000000e+02 1.020401999999999987e+01 -3.338999999999999746e-01 0.000000000000000000e+00
2.430000000000000000e+02 1.139021999999999935e+01 1.451559999999999961e+00 0.000000000000000000e+00
2.440000000000000000e+02 1.040357000000000021e+01 3.312840000000000007e+00 0.000000000000000000e+00
2.450000000000000000e+02 1.165302999999999933e+01 4.964050000000000296e+00 0.000000000000000000e+00
2.460000000000000000e+02 1.068781000000000070e+01 6.860590000000000188e+00 0.000000000000000000e+00
2.470000000000000000e+02 9.783350000000000435e+00 8.880269999999999442e+00 0.000000000000000000e+00
2.480000000000000000e+02 8.887760000000000105e+00 1.081784000000000034e+01 0.000000000000000000e+00
2.490000000000000000e+02 9.298819999999999197e+00 1.453852999999999973e+01 0.000000000000000000e+00
2.500000000000000000e+02 8.385999999999999233e+00 1.643443999999999861e+01 0.000000000000000000e+00
2.510000000000000000e+02 4.786730000000000373e+00 1.877208999999999861e+01 0.000000000000000000e+00
2.520000000000000000e+02 1.058646000000000065e+01 -1.528827000000000069e+01 0.000000000000000000e+00
2.530000000000000000e+02 1.036025000000000063e+01 -1.307074000000000069e+01 0.000000000000000000e+00
2.540000000000000000e+02 1.009345000000000070e+01 -1.102088000000000001e+01 0.000000000000000000e+00
2.550000000000000000e+02 1.178741999999999912e+01 -9.781959999999999766e+00 0.000000000000000000e+00
2.560000000000000000e+02 1.016052999999999962e+01 -8.195439999999999614e+00 0.000000000000000000e+00
2.570000000000000000e+02 1.096954999999999991e+01 -5.956330000000000346e+00 0.000000000000000000e+00
2.580000000000000000e+02 1.224310999999999972e+01 -4.132839999999999847e+00 0.000000000000000000e+00
2.590000000000000000e+02 1.119266000000000005e+01 -2.312850000000000072e+00 0.000000000000000000e+00
2.600000000000000000e+02 1.234318000000000026e+01 -4.833700000000000219e-01 0.000000000000000000e+00
2.610000000000000000e+02 1.354148999999999958e+01 1.277369999999999894e+00 0.000000000000000000e+00
2.620000000000000000e+02 1.261947999999999936e+01 3.136299999999999866e+00 0.000000000000000000e+00
2.630000000000000000e+02 1.372217999999999982e+01 5.031869999999999621e+00 0.000000000000000000e+00
2.640000000000000000e+02 1.290742000000000012e+01 7.004319999999999879e+00 0.000000000000000000e+00
2.650000000000000000e+02 1.185164999999999935e+01 8.772130000000000649e+00 0.000000000000000000e+00
2.660000000000000000e+02 1.098363999999999940e+01 1.073121000000000080e+01 0.000000000000000000e+00
2.670000000000000000e+02 1.334460999999999942e+01 1.074065000000000047e+01 0.000000000000000000e+00
2.680000000000000000e+02 1.040712000000000081e+01 1.280174000000000056e+01 0.000000000000000000e+00
2.690000000000000000e+02 1.064488000000000056e+01 1.640856000000000137e+01 0.000000000000000000e+00
2.700000000000000000e+02 1.256683999999999912e+01 -1.402419000000000082e+01 0.000000000000000000e+00
2.710000000000000000e+02 1.202839999999999954e+01 -1.185304000000000002e+01 0.000000000000000000e+00
2.720000000000000000e+02 1.387269000000000041e+01 -9.920600000000000307e+00 0.000000000000000000e+00
2.730000000000000000e+02 1.438228999999999935e+01 -7.918520000000000003e+00 0.000000000000000000e+00
2.740000000000000000e+02 1.232817999999999969e+01 -7.774390000000000356e+00 0.000000000000000000e+00
2.750000000000000000e+02 1.332023000000000046e+01 -5.897890000000000299e+00 0.000000000000000000e+00
2.760000000000000000e+02 1.446396000000000015e+01 -4.179170000000000051e+00 0.000000000000000000e+00
2.770000000000000000e+02 1.327530999999999928e+01 -2.339119999999999866e+00 0.000000000000000000e+00
2.780000000000000000e+02 1.444609999999999950e+01 -6.142800000000000482e-01 0.000000000000000000e+00
2.790000000000000000e+02 1.561773999999999951e+01 1.076740000000000030e+00 0.000000000000000000e+00
2.800000000000000000e+02 1.470184000000000069e+01 2.997729999999999784e+00 0.000000000000000000e+00
2.810000000000000000e+02 1.590967999999999982e+01 4.830420000000000158e+00 0.000000000000000000e+00
2.820000000000000000e+02 1.500956000000000046e+01 6.752080000000000304e+00 0.000000000000000000e+00
2.830000000000000000e+02 1.654244999999999877e+01 8.299659999999999371e+00 0.000000000000000000e+00
2.840000000000000000e+02 1.404412999999999911e+01 8.812160000000000437e+00 0.000000000000000000e+00
2.850000000000000000e+02 1.544866000000000028e+01 1.032703000000000060e+01 0.000000000000000000e+00
2.860000000000000000e+02 1.248080000000000034e+01 1.265602999999999945e+01 0.000000000000000000e+00
2.870000000000000000e+02 1.163226000000000049e+01 1.458336000000000077e+01 0.000000000000000000e+00
2.880000000000000000e+02 1.428594999999999970e+01 -1.196260999999999974e+01 0.000000000000000000e+00
2.890000000000000000e+02 1.602402000000000015e+01 -1.000436999999999976e+01 0.000000000000000000e+00
2.900000000000000000e+02 1.645656999999999925e+01 -7.836149999999999949e+00 0.000000000000000000e+00
2.910000000000000000e+02 1.769562000000000168e+01 -6.137310000000000265e+00 0.000000000000000000e+00
2.920000000000000000e+02 1.541320999999999941e+01 -6.019849999999999923e+00 0.000000000000000000e+00
2.930000000000000000e+02 1.662002000000000024e+01 -4.311609999999999943e+00 0.000000000000000000e+00
2.940000000000000000e+02 1.831294000000000111e+01 -2.945969999999999978e+00 0.000000000000000000e+00
2.950000000000000000e+02 1.565841999999999956e+01 -2.459769999999999790e+00 0.000000000000000000e+00
2.960000000000000000e+02 1.679701000000000022e+01 -6.916799999999999615e-01 0.000000000000000000e+00
2.970000000000000000e+02 1.830713000000000079e+01 7.622400000000000286e-01 0.000000000000000000e+00
2.980000000000000000e+02 1.680302000000000007e+01 2.877060000000000173e+00 0.000000000000000000e+00
2.990000000000000000e+02 1.783446999999999960e+01 5.613299999999999734e+00 0.000000000000000000e+00
