0.000000000000000000e+00 -1.303345999999999982e+01 -1.451814000000000071e+01 0.000000000000000000e+00
1.000000000000000000e+00 -1.498119999999999941e+01 -1.379142000000000046e+01 0.000000000000000000e+00
2.000000000000000000e+00 -1.617238000000000042e+01 -9.957810000000000272e+00 0.000000000000000000e+00
3.000000000000000000e+00 -1.606520000000000081e+01 -7.844730000000000203e+00 0.000000000000000000e+00
4.000000000000000000e+00 -1.786253999999999920e+01 -6.156679999999999708e+00 0.000000000000000000e+00
5.000000000000000000e+00 -1.862375000000000114e+01 -3.605900000000000105e+00 0.000000000000000000e+00
6.000000000000000000e+00 -1.644632000000000005e+01 -3.707549999999999901e+00 0.000000000000000000e+00
7.000000000000000000e+00 -1.870390000000000086e+01 -9.513800000000000034e-01 0.000000000000000000e+00
8.000000000000000000e+00 -1.705433999999999983e+01 4.249700000000000144e-01 0.000000000000000000e+00
9.000000000000000000e+00 -1.899353999999999942e+01 1.199880000000000058e+00 0.000000000000000000e+00
1.000000000000000000e+01 -1.939438000000000173e+01 3.330709999999999837e+00 0.000000000000000000e+00
1.100000000000000000e+01 -1.774119999999999919e+01 4.628770000000000273e+00 0.000000000000000000e+00
1.200000000000000000e+01 -1.622985999999999862e+01 6.095119999999999649e+00 0.000000000000000000e+00
1.300000000000000000e+01 -1.813282999999999845e+01 7.221899999999999764e+00 0.000000000000000000e+00
1.400000000000000000e+01 -1.638529000000000124e+01 8.359429999999999694e+00 0.000000000000000000e+00
1.500000000000000000e+01 -1.675703000000000031e+01 1.043605999999999945e+01 0.000000000000000000e+00
1.600000000000000000e+01 -1.540523999999999916e+01 1.378045000000000009e+01 0.000000000000000000e+00
1.700000000000000000e+01 -1.399052000000000007e+01 1.529950999999999972e+01 0.000000000000000000e+00
1.800000000000000000e+01 -1.147710000000000008e+01 -1.588760000000000083e+01 0.000000000000000000e+00
1.900000000000000000e+01 -1.288864000000000054e+01 -1.241773000000000060e+01 0.000000000000000000e+00
2.000000000000000000e+01 -1.469308000000000014e+01 -1.139198000000000022e+01 0.000000000000000000e+00
2.100000000000000000e+01 -1.424550999999999945e+01 -8.944419999999999149e+00 0.000000000000000000e+00
2.200000000000000000e+01 -1.386996000000000073e+01 -6.680760000000000254e+00 0.000000000000000000e+00
2.300000000000000000e+01 -1.569793999999999912e+01 -5.652470000000000105e+00 0.000000000000000000e+00
2.400000000000000000e+01 -1.404438000000000031e+01 -4.322790000000000354e+00 0.000000000000000000e+00
2.500000000000000000e+01 -1.674267000000000039e+01 -1.608479999999999910e+00 0.000000000000000000e+00
2.600000000000000000e+01 -1.512373000000000012e+01 -3.051599999999999868e-01 0.000000000000000000e+00
2.700000000000000000e+01 -1.738954999999999984e+01 2.580210000000000115e+00 0.000000000000000000e+00
2.800000000000000000e+01 -1.546352000000000082e+01 1.874440000000000106e+00 0.000000000000000000e+00
2.900000000000000000e+01 -1.578139000000000003e+01 3.972150000000000070e+00 0.000000000000000000e+00
3.000000000000000000e+01 -1.425231999999999921e+01 5.398740000000000094e+00 0.000000000000000000e+00
3.100000000000000000e+01 -1.445022999999999946e+01 7.592430000000000234e+00 0.000000000000000000e+00
3.200000000000000000e+01 -1.476778000000000013e+01 9.656050000000000466e+00 0.000000000000000000e+00
3.300000000000000000e+01 -1.507724999999999937e+01 1.174217999999999940e+01 0.000000000000000000e+00
3.400000000000000000e+01 -1.335046999999999962e+01 1.304595999999999911e+01 0.000000000000000000e+00
3.500000000000000000e+01 -1.226355000000000040e+01 1.645027999999999935e+01 0.000000000000000000e+00
3.600000000000000000e+01 -9.741809999999999192e+00 -1.707117999999999824e+01 0.000000000000000000e+00
3.700000000000000000e+01 -1.113753999999999955e+01 -1.368418999999999919e+01 0.000000000000000000e+00
3.800000000000000000e+01 -1.096930000000000049e+01 -1.162461000000000055e+01 0.000000000000000000e+00
3.900000000000000000e+01 -1.254250000000000043e+01 -1.015382999999999925e+01 0.000000000000000000e+00
4.000000000000000000e+01 -1.218061999999999934e+01 -7.930939999999999657e+00 0.000000000000000000e+00
4.100000000000000000e+01 -1.194327999999999967e+01 -5.867539999999999978e+00 0.000000000000000000e+00
4.200000000000000000e+01 -1.194378999999999991e+01 -3.787900000000000045e+00 0.000000000000000000e+00
4.300000000000000000e+01 -1.478106999999999971e+01 -2.373679999999999790e+00 0.000000000000000000e+00
4.400000000000000000e+01 -1.309928999999999988e+01 -1.011390000000000011e+00 0.000000000000000000e+00
4.500000000000000000e+01 -1.352222000000000079e+01 1.085879999999999956e+00 0.000000000000000000e+00
4.600000000000000000e+01 -1.384853000000000023e+01 3.208009999999999806e+00 0.000000000000000000e+00
4.700000000000000000e+01 -1.226254999999999917e+01 4.551009999999999778e+00 0.000000000000000000e+00
4.800000000000000000e+01 -1.259009999999999962e+01 6.696200000000000152e+00 0.000000000000000000e+00
4.900000000000000000e+01 -1.279227000000000025e+01 8.832869999999999777e+00 0.000000000000000000e+00
5.000000000000000000e+01 -1.287900999999999918e+01 1.099048999999999943e+01 0.000000000000000000e+00
5.100000000000000000e+01 -1.129861000000000004e+01 1.237251999999999974e+01 0.000000000000000000e+00
5.200000000000000000e+01 -1.161444999999999972e+01 1.445063000000000031e+01 0.000000000000000000e+00
5.300000000000000000e+01 -9.969179999999999708e+00 1.580790999999999968e+01 0.000000000000000000e+00
5.400000000000000000e+01 -7.791640000000000121e+00 -1.632714999999999961e+01 0.000000000000000000e+00
5.500000000000000000e+01 -9.492020000000000124e+00 -1.494524000000000008e+01 0.000000000000000000e+00
5.600000000000000000e+01 -9.236219999999999430e+00 -1.285127999999999915e+01 0.000000000000000000e+00
5.700000000000000000e+01 -8.939840000000000231e+00 -1.078007000000000026e+01 0.000000000000000000e+00
5.800000000000000000e+01 -1.058724999999999916e+01 -9.288249999999999673e+00 0.000000000000000000e+00
5.900000000000000000e+01 -1.024616999999999933e+01 -7.214000000000000412e+00 0.000000000000000000e+00
6.000000000000000000e+01 -9.997210000000000818e+00 -4.623680000000000234e+00 0.000000000000000000e+00
6.100000000000000000e+01 -1.116714999999999947e+01 -1.780089999999999950e+00 0.000000000000000000e+00
6.200000000000000000e+01 -9.605180000000000717e+00 -3.444300000000000139e-01 0.000000000000000000e+00
6.300000000000000000e+01 -1.156569000000000003e+01 4.285999999999999810e-01 0.000000000000000000e+00
6.400000000000000000e+01 -1.191376999999999953e+01 2.485020000000000007e+00 0.000000000000000000e+00
6.500000000000000000e+01 -1.030251999999999946e+01 3.881899999999999906e+00 0.000000000000000000e+00
6.600000000000000000e+01 -1.066971999999999987e+01 5.908909999999999663e+00 0.000000000000000000e+00
6.700000000000000000e+01 -1.072236000000000011e+01 8.120689999999999742e+00 0.000000000000000000e+00
6.800000000000000000e+01 -1.092596999999999952e+01 1.021543999999999919e+01 0.000000000000000000e+00
6.900000000000000000e+01 -9.347720000000000695e+00 1.161885999999999974e+01 0.000000000000000000e+00
7.000000000000000000e+01 -9.671900000000000830e+00 1.367941000000000074e+01 0.000000000000000000e+00
7.100000000000000000e+01 -8.394529999999999603e+00 1.715690999999999988e+01 0.000000000000000000e+00
7.200000000000000000e+01 -6.261940000000000062e+00 -1.790459999999999852e+01 0.000000000000000000e+00
7.300000000000000000e+01 -7.416100000000000136e+00 -1.419838999999999984e+01 0.000000000000000000e+00
7.400000000000000000e+01 -7.294559999999999711e+00 -1.211466000000000065e+01 0.000000000000000000e+00
7.500000000000000000e+01 -6.875060000000000393e+00 -1.006622999999999912e+01 0.000000000000000000e+00
7.600000000000000000e+01 -8.529009999999999536e+00 -8.753619999999999735e+00 0.000000000000000000e+00
7.700000000000000000e+01 -6.567350000000000243e+00 -7.967710000000000292e+00 0.000000000000000000e+00
7.800000000000000000e+01 -8.215049999999999741e+00 -6.663619999999999877e+00 0.000000000000000000e+00
7.900000000000000000e+01 -9.265579999999999927e+00 -2.667170000000000041e+00 0.000000000000000000e+00
8.000000000000000000e+01 -7.610079999999999956e+00 -1.029809999999999892e+00 0.000000000000000000e+00
8.100000000000000000e+01 -9.924480000000000857e+00 1.818389999999999951e+00 0.000000000000000000e+00
8.200000000000000000e+01 -8.317989999999999995e+00 3.178160000000000096e+00 0.000000000000000000e+00
8.300000000000000000e+01 -8.684110000000000440e+00 5.232829999999999870e+00 0.000000000000000000e+00
8.400000000000000000e+01 -8.833539999999999281e+00 7.290610000000000035e+00 0.000000000000000000e+00
8.500000000000000000e+01 -8.997870000000000701e+00 9.441649999999999210e+00 0.000000000000000000e+00
8.600000000000000000e+01 -7.405300000000000438e+00 1.082867000000000068e+01 0.000000000000000000e+00
8.700000000000000000e+01 -7.659480000000000288e+00 1.288765000000000072e+01 0.000000000000000000e+00
8.800000000000000000e+01 -8.040219999999999700e+00 1.500477000000000061e+01 0.000000000000000000e+00
8.900000000000000000e+01 -6.291750000000000398e+00 1.622272999999999854e+01 0.000000000000000000e+00
9.000000000000000000e+01 -2.483610000000000095e+00 -1.822937999999999903e+01 0.000000000000000000e+00
9.100000000000000000e+01 -5.769840000000000302e+00 -1.546519999999999939e+01 0.000000000000000000e+00
9.200000000000000000e+01 -5.514569999999999972e+00 -1.339150000000000063e+01 0.000000000000000000e+00
9.300000000000000000e+01 -5.248980000000000423e+00 -1.134869999999999912e+01 0.000000000000000000e+00
9.400000000000000000e+01 -4.945000000000000284e+00 -9.264350000000000307e+00 0.000000000000000000e+00
9.500000000000000000e+01 -6.331800000000000317e+00 -5.827880000000000393e+00 0.000000000000000000e+00
9.600000000000000000e+01 -7.910470000000000113e+00 -4.487119999999999997e+00 0.000000000000000000e+00
9.700000000000000000e+01 -5.951010000000000133e+00 -3.798599999999999977e+00 0.000000000000000000e+00
9.800000000000000000e+01 -5.670810000000000350e+00 -1.745419999999999972e+00 0.000000000000000000e+00
9.900000000000000000e+01 -7.955239999999999867e+00 1.076240000000000085e+00 0.000000000000000000e+00
1.000000000000000000e+02 -6.330610000000000070e+00 2.417359999999999953e+00 0.000000000000000000e+00
1.010000000000000000e+02 -6.725209999999999688e+00 4.479899999999999771e+00 0.000000000000000000e+00
1.020000000000000000e+02 -6.854490000000000194e+00 6.590119999999999756e+00 0.000000000000000000e+00
1.030000000000000000e+02 -7.069799999999999862e+00 8.724439999999999529e+00 0.000000000000000000e+00
1.040000000000000000e+02 -5.443939999999999557e+00 1.001296999999999926e+01 0.000000000000000000e+00
1.050000000000000000e+02 -5.717749999999999666e+00 1.207185999999999915e+01 0.000000000000000000e+00
1.060000000000000000e+02 -6.005209999999999937e+00 1.413071000000000055e+01 0.000000000000000000e+00
1.070000000000000000e+02 -5.377710000000000434e+00 1.811240000000000094e+01 0.000000000000000000e+00
1.080000000000000000e+02 -4.171070000000000277e+00 -1.688120999999999938e+01 0.000000000000000000e+00
1.090000000000000000e+02 -3.752499999999999947e+00 -1.468298000000000059e+01 0.000000000000000000e+00
1.100000000000000000e+02 -3.596049999999999969e+00 -1.258695999999999948e+01 0.000000000000000000e+00
1.110000000000000000e+02 -3.311859999999999804e+00 -1.051004999999999967e+01 0.000000000000000000e+00
1.120000000000000000e+02 -3.026470000000000216e+00 -8.466760000000000730e+00 0.000000000000000000e+00
1.130000000000000000e+02 -4.599029999999999951e+00 -7.124089999999999812e+00 0.000000000000000000e+00
1.140000000000000000e+02 -4.299830000000000041e+00 -5.040379999999999860e+00 0.000000000000000000e+00
1.150000000000000000e+02 -4.000029999999999752e+00 -2.992509999999999781e+00 0.000000000000000000e+00
1.160000000000000000e+02 -3.853359999999999896e+00 -5.551000000000000378e-01 0.000000000000000000e+00
1.170000000000000000e+02 -5.964430000000000121e+00 2.914999999999999813e-01 0.000000000000000000e+00
1.180000000000000000e+02 -4.692400000000000126e+00 3.712650000000000006e+00 0.000000000000000000e+00
1.190000000000000000e+02 -4.950980000000000381e+00 5.764140000000000263e+00 0.000000000000000000e+00
1.200000000000000000e+02 -5.181119999999999948e+00 7.840110000000000134e+00 0.000000000000000000e+00
1.210000000000000000e+02 -3.514790000000000081e+00 9.085179999999999367e+00 0.000000000000000000e+00
1.220000000000000000e+02 -3.815519999999999801e+00 1.126486000000000054e+01 0.000000000000000000e+00
1.230000000000000000e+02 -4.085069999999999979e+00 1.334440000000000026e+01 0.000000000000000000e+00
1.240000000000000000e+02 -4.320789999999999687e+00 1.542036000000000051e+01 0.000000000000000000e+00
1.250000000000000000e+02 -2.701340000000000074e+00 1.893234999999999957e+01 0.000000000000000000e+00
1.260000000000000000e+02 -4.364000000000000101e-01 -1.735812999999999917e+01 0.000000000000000000e+00
1.270000000000000000e+02 -2.087790000000000035e+00 -1.606721999999999895e+01 0.000000000000000000e+00
1.280000000000000000e+02 -1.794410000000000061e+00 -1.397722000000000087e+01 0.000000000000000000e+00
1.290000000000000000e+02 -1.699000000000000066e+00 -1.179570000000000007e+01 0.000000000000000000e+00
1.300000000000000000e+02 -1.278399999999999981e+00 -9.757759999999999323e+00 0.000000000000000000e+00
1.310000000000000000e+02 -2.646869999999999834e+00 -6.353790000000000049e+00 0.000000000000000000e+00
1.320000000000000000e+02 -2.391820000000000057e+00 -4.282350000000000101e+00 0.000000000000000000e+00
1.330000000000000000e+02 -2.100519999999999943e+00 -2.097150000000000070e+00 0.000000000000000000e+00
1.340000000000000000e+02 -4.314759999999999707e+00 1.579460000000000086e+00 0.000000000000000000e+00
1.350000000000000000e+02 -8.486500000000000155e-01 1.974609999999999976e+00 0.000000000000000000e+00
1.360000000000000000e+02 -2.701810000000000045e+00 2.870899999999999785e+00 0.000000000000000000e+00
1.370000000000000000e+02 -2.978040000000000020e+00 4.981670000000000265e+00 0.000000000000000000e+00
1.380000000000000000e+02 -3.241880000000000095e+00 7.040029999999999788e+00 0.000000000000000000e+00
1.390000000000000000e+02 -1.556440000000000046e+00 8.279519999999999769e+00 0.000000000000000000e+00
1.400000000000000000e+02 -1.912109999999999976e+00 1.044328999999999930e+01 0.000000000000000000e+00
1.410000000000000000e+02 -2.161669999999999980e+00 1.254466999999999999e+01 0.000000000000000000e+00
1.420000000000000000e+02 -2.390989999999999949e+00 1.463860000000000028e+01 0.000000000000000000e+00
1.430000000000000000e+02 -2.787790000000000212e+00 1.686732999999999905e+01 0.000000000000000000e+00
1.440000000000000000e+02 -5.899499999999999744e-01 -1.947051000000000087e+01 0.000000000000000000e+00
1.450000000000000000e+02 -1.193400000000000016e-01 -1.528228000000000009e+01 0.000000000000000000e+00
1.460000000000000000e+02 1.332000000000000128e-01 -1.317454000000000036e+01 0.000000000000000000e+00
1.470000000000000000e+02 3.048899999999999944e-01 -1.109925999999999924e+01 0.000000000000000000e+00
1.480000000000000000e+02 6.578800000000000203e-01 -9.016389999999999461e+00 0.000000000000000000e+00
1.490000000000000000e+02 -1.082549999999999901e+00 -7.692199999999999704e+00 0.000000000000000000e+00
1.500000000000000000e+02 -6.711200000000000498e-01 -5.668929999999999580e+00 0.000000000000000000e+00
1.510000000000000000e+02 -4.062399999999999900e-01 -3.600760000000000183e+00 0.000000000000000000e+00
1.520000000000000000e+02 -1.643999999999999906e+00 2.139999999999999975e-03 0.000000000000000000e+00
1.530000000000000000e+02 8.390999999999999570e-01 3.185779999999999834e+00 0.000000000000000000e+00
1.540000000000000000e+02 -1.016529999999999934e+00 4.119539999999999758e+00 0.000000000000000000e+00
1.550000000000000000e+02 -1.286950000000000038e+00 6.172909999999999897e+00 0.000000000000000000e+00
1.560000000000000000e+02 3.352800000000000225e-01 7.468149999999999622e+00 0.000000000000000000e+00
1.570000000000000000e+02 1.836200000000000054e-01 9.558640000000000470e+00 0.000000000000000000e+00
1.580000000000000000e+02 -1.928999999999999881e-01 1.162444999999999951e+01 0.000000000000000000e+00
1.590000000000000000e+02 -4.357099999999999862e-01 1.369093999999999944e+01 0.000000000000000000e+00
1.600000000000000000e+02 -5.182099999999999485e-01 1.578781000000000034e+01 0.000000000000000000e+00
1.610000000000000000e+02 1.184870000000000090e+00 1.717833999999999861e+01 0.000000000000000000e+00
1.620000000000000000e+02 1.506660000000000110e+00 -1.661368999999999829e+01 0.000000000000000000e+00
1.630000000000000000e+02 1.805690000000000017e+00 -1.448751000000000033e+01 0.000000000000000000e+00
1.640000000000000000e+02 2.105420000000000069e+00 -1.237063999999999986e+01 0.000000000000000000e+00
1.650000000000000000e+02 2.319929999999999826e+00 -1.032164999999999999e+01 0.000000000000000000e+00
1.660000000000000000e+02 9.758000000000000007e-01 -6.964599999999999902e+00 0.000000000000000000e+00
1.670000000000000000e+02 1.243689999999999962e+00 -4.894199999999999662e+00 0.000000000000000000e+00
1.680000000000000000e+02 1.606749999999999901e+00 -2.852559999999999985e+00 0.000000000000000000e+00
1.690000000000000000e+02 -9.697000000000000064e-02 -1.454760000000000053e+00 0.000000000000000000e+00
1.700000000000000000e+02 1.854600000000000026e+00 -7.989699999999999580e-01 0.000000000000000000e+00
1.710000000000000000e+02 1.047109999999999985e+00 1.135659999999999892e+00 0.000000000000000000e+00
1.720000000000000000e+02 2.705589999999999939e+00 4.195750000000000313e+00 0.000000000000000000e+00
1.730000000000000000e+02 6.647399999999999975e-01 5.313069999999999737e+00 0.000000000000000000e+00
1.740000000000000000e+02 2.265639999999999876e+00 6.679059999999999775e+00 0.000000000000000000e+00
1.750000000000000000e+02 2.115549999999999820e+00 8.846550000000000580e+00 0.000000000000000000e+00
1.760000000000000000e+02 1.783919999999999950e+00 1.090490999999999921e+01 0.000000000000000000e+00
1.770000000000000000e+02 1.505020000000000024e+00 1.295186999999999955e+01 0.000000000000000000e+00
1.780000000000000000e+02 1.499090000000000034e+00 1.510542000000000051e+01 0.000000000000000000e+00
1.790000000000000000e+02 -9.444500000000000117e-01 1.783678000000000097e+01 0.000000000000000000e+00
1.800000000000000000e+02 3.026639999999999997e+00 -1.847942000000000107e+01 0.000000000000000000e+00
1.810000000000000000e+02 3.761429999999999829e+00 -1.362949000000000055e+01 0.000000000000000000e+00
1.820000000000000000e+02 4.015579999999999927e+00 -1.157460999999999984e+01 0.000000000000000000e+00
1.830000000000000000e+02 4.313399999999999679e+00 -9.535989999999999966e+00 0.000000000000000000e+00
1.840000000000000000e+02 2.641099999999999781e+00 -8.253130000000000521e+00 0.000000000000000000e+00
1.850000000000000000e+02 2.995499999999999829e+00 -6.219909999999999606e+00 0.000000000000000000e+00
1.860000000000000000e+02 3.287329999999999863e+00 -4.118100000000000094e+00 0.000000000000000000e+00
1.870000000000000000e+02 3.521840000000000082e+00 -2.036669999999999980e+00 0.000000000000000000e+00
1.880000000000000000e+02 3.707990000000000119e+00 1.674599999999999977e-01 0.000000000000000000e+00
1.890000000000000000e+02 2.857330000000000148e+00 2.133119999999999905e+00 0.000000000000000000e+00
1.900000000000000000e+02 4.766130000000000422e+00 2.931329999999999991e+00 0.000000000000000000e+00
1.910000000000000000e+02 4.112870000000000026e+00 5.744019999999999904e+00 0.000000000000000000e+00
1.920000000000000000e+02 3.988239999999999785e+00 7.872239999999999682e+00 0.000000000000000000e+00
1.930000000000000000e+02 5.719769999999999577e+00 8.987569999999999837e+00 0.000000000000000000e+00
1.940000000000000000e+02 3.563689999999999802e+00 1.204224999999999923e+01 0.000000000000000000e+00
1.950000000000000000e+02 3.406080000000000219e+00 1.415464000000000055e+01 0.000000000000000000e+00
1.960000000000000000e+02 3.254319999999999879e+00 1.625853999999999999e+01 0.000000000000000000e+00
1.970000000000000000e+02 3.409940000000000193e+00 1.852104999999999890e+01 0.000000000000000000e+00
1.980000000000000000e+02 3.553170000000000162e+00 -1.585393999999999970e+01 0.000000000000000000e+00
1.990000000000000000e+02 5.446530000000000094e+00 -1.501022000000000034e+01 0.000000000000000000e+00
2.000000000000000000e+02 5.890019999999999811e+00 -1.299726000000000070e+01 0.000000000000000000e+00
2.010000000000000000e+02 6.066779999999999617e+00 -1.092491000000000057e+01 0.000000000000000000e+00
2.020000000000000000e+02 4.690649999999999764e+00 -7.503099999999999881e+00 0.000000000000000000e+00
2.030000000000000000e+02 6.677120000000000388e+00 -6.614289999999999559e+00 0.000000000000000000e+00
2.040000000000000000e+02 4.976939999999999920e+00 -5.400179999999999758e+00 0.000000000000000000e+00
2.050000000000000000e+02 5.253199999999999648e+00 -3.282939999999999969e+00 0.000000000000000000e+00
2.060000000000000000e+02 5.356239999999999668e+00 -1.106409999999999894e+00 0.000000000000000000e+00
2.070000000000000000e+02 5.670060000000000322e+00 1.022860000000000102e+00 0.000000000000000000e+00
2.080000000000000000e+02 7.807500000000000107e+00 3.840320000000000178e+00 0.000000000000000000e+00
2.090000000000000000e+02 5.881420000000000314e+00 4.667919999999999625e+00 0.000000000000000000e+00
2.100000000000000000e+02 5.823050000000000281e+00 6.914889999999999759e+00 0.000000000000000000e+00
2.110000000000000000e+02 3.876630000000000020e+00 9.974420000000000286e+00 0.000000000000000000e+00
2.120000000000000000e+02 5.650470000000000326e+00 1.111203000000000074e+01 0.000000000000000000e+00
2.130000000000000000e+02 5.582010000000000360e+00 1.321494999999999997e+01 0.000000000000000000e+00
2.140000000000000000e+02 5.238540000000000418e+00 1.538123000000000040e+01 0.000000000000000000e+00
2.150000000000000000e+02 5.602129999999999832e+00 1.742436000000000007e+01 0.000000000000000000e+00
2.160000000000000000e+02 5.018650000000000055e+00 -1.735436999999999941e+01 0.000000000000000000e+00
2.170000000000000000e+02 7.632349999999999746e+00 -1.429368999999999978e+01 0.000000000000000000e+00
2.180000000000000000e+02 7.802690000000000126e+00 -1.214226000000000028e+01 0.000000000000000000e+00
2.190000000000000000e+02 8.011409999999999698e+00 -1.006218999999999930e+01 0.000000000000000000e+00
2.200000000000000000e+02 6.385259999999999714e+00 -8.791930000000000689e+00 0.000000000000000000e+00
2.210000000000000000e+02 8.671749999999999403e+00 -5.864849999999999675e+00 0.000000000000000000e+00
2.220000000000000000e+02 6.946299999999999919e+00 -4.553840000000000110e+00 0.000000000000000000e+00
2.230000000000000000e+02 7.136739999999999640e+00 -2.421009999999999884e+00 0.000000000000000000e+00
2.240000000000000000e+02 7.343210000000000015e+00 -3.205999999999999961e-01 0.000000000000000000e+00
2.250000000000000000e+02 7.598200000000000287e+00 1.762229999999999963e+00 0.000000000000000000e+00
2.260000000000000000e+02 9.487890000000000157e+00 2.627320000000000100e+00 0.000000000000000000e+00
2.270000000000000000e+02 7.715580000000000105e+00 5.954399999999999693e+00 0.000000000000000000e+00
2.280000000000000000e+02 7.579649999999999999e+00 8.049429999999999197e+00 0.000000000000000000e+00
2.290000000000000000e+02 7.501149999999999984e+00 1.012828999999999979e+01 0.000000000000000000e+00
2.300000000000000000e+02 9.388099999999999667e+00 9.179270000000000707e+00 0.000000000000000000e+00
2.310000000000000000e+02 7.422119999999999607e+00 1.225198999999999927e+01 0.000000000000000000e+00
2.320000000000000000e+02 7.285309999999999953e+00 1.442010999999999932e+01 0.000000000000000000e+00
2.330000000000000000e+02 7.498929999999999652e+00 1.649183000000000021e+01 0.000000000000000000e+00
2.340000000000000000e+02 7.167480000000000295e+00 -1.637473999999999918e+01 0.000000000000000000e+00
2.350000000000000000e+02 9.517739999999999867e+00 -1.337435999999999936e+01 0.000000000000000000e+00
2.360000000000000000e+02 9.736439999999999984e+00 -1.124743999999999922e+01 0.000000000000000000e+00
2.370000000000000000e+02 1.000056999999999974e+01 -9.167659999999999698e+00 0.000000000000000000e+00
2.380000000000000000e+02 8.274229999999999308e+00 -7.915199999999999569e+00 0.000000000000000000e+00
2.390000000000000000e+02 1.057609000000000066e+01 -4.888230000000000075e+00 0.000000000000000000e+00
2.400000000000000000e+02 8.886139999999999262e+00 -3.641579999999999817e+00 0.000000000000000000e+00
2.410000000000000000e+02 9.049950000000000827e+00 -1.541879999999999917e+00 0.000000000000000000e+00
2.420000000000000000e+02 1.105189000000000021e+01 -6.550700000000000411e-01 0.000000000000000000e+00
2.430000000000000000e+02 9.371499999999999275e+00 5.567900000000000071e-01 0.000000000000000000e+00
2.440000000000000000e+02 1.130563000000000073e+01 1.614049999999999985e+00 0.000000000000000000e+00
2.450000000000000000e+02 9.566150000000000375e+00 5.018340000000000245e+00 0.000000000000000000e+00
2.460000000000000000e+02 9.487800000000000011e+00 7.087519999999999598e+00 0.000000000000000000e+00
2.470000000000000000e+02 1.132707000000000086e+01 8.153389999999999915e+00 0.000000000000000000e+00
2.480000000000000000e+02 1.112556000000000012e+01 1.032029999999999959e+01 0.000000000000000000e+00
2.490000000000000000e+02 9.299599999999999866e+00 1.128396000000000043e+01 0.000000000000000000e+00
2.500000000000000000e+02 9.298289999999999722e+00 1.335870000000000068e+01 0.000000000000000000e+00
2.510000000000000000e+02 9.519420000000000215e+00 1.583182000000000045e+01 0.000000000000000000e+00
2.520000000000000000e+02 9.202859999999999374e+00 -1.581068999999999924e+01 0.000000000000000000e+00
2.530000000000000000e+02 1.151875000000000071e+01 -1.268487999999999971e+01 0.000000000000000000e+00
2.540000000000000000e+02 1.167187999999999981e+01 -1.043650000000000055e+01 0.000000000000000000e+00
2.550000000000000000e+02 1.205048000000000030e+01 -8.381830000000000780e+00 0.000000000000000000e+00
2.560000000000000000e+02 1.035595999999999961e+01 -7.136359999999999815e+00 0.000000000000000000e+00
2.570000000000000000e+02 1.225421000000000049e+01 -6.262649999999999828e+00 0.000000000000000000e+00
2.580000000000000000e+02 1.248371000000000031e+01 -4.051820000000000199e+00 0.000000000000000000e+00
2.590000000000000000e+02 1.084064000000000050e+01 -2.767799999999999816e+00 0.000000000000000000e+00
2.600000000000000000e+02 1.277427999999999919e+01 -1.808000000000000052e+00 0.000000000000000000e+00
2.610000000000000000e+02 1.294785000000000075e+01 2.548799999999999955e-01 0.000000000000000000e+00
2.620000000000000000e+02 1.307334999999999958e+01 2.692410000000000192e+00 0.000000000000000000e+00
2.630000000000000000e+02 1.126526999999999923e+01 3.693649999999999878e+00 0.000000000000000000e+00
2.640000000000000000e+02 1.141737000000000002e+01 5.968320000000000292e+00 0.000000000000000000e+00
2.650000000000000000e+02 1.322930000000000028e+01 6.985780000000000101e+00 0.000000000000000000e+00
2.660000000000000000e+02 1.317412000000000027e+01 9.089470000000000383e+00 0.000000000000000000e+00
2.670000000000000000e+02 1.302891999999999939e+01 1.119536000000000087e+01 0.000000000000000000e+00
2.680000000000000000e+02 1.124196000000000062e+01 1.249526000000000003e+01 0.000000000000000000e+00
2.690000000000000000e+02 1.136471000000000053e+01 1.480835000000000079e+01 0.000000000000000000e+00
2.700000000000000000e+02 1.106831999999999994e+01 -1.476174999999999926e+01 0.000000000000000000e+00
2.710000000000000000e+02 1.353280999999999956e+01 -1.190895000000000081e+01 0.000000000000000000e+00
2.720000000000000000e+02 1.365713000000000044e+01 -9.735060000000000713e+00 0.000000000000000000e+00
2.730000000000000000e+02 1.567409999999999926e+01 -8.819050000000000722e+00 0.000000000000000000e+00
2.740000000000000000e+02 1.397480999999999973e+01 -7.542449999999999655e+00 0.000000000000000000e+00
2.750000000000000000e+02 1.427702999999999989e+01 -5.309490000000000265e+00 0.000000000000000000e+00
2.760000000000000000e+02 1.628264000000000067e+01 -4.510189999999999699e+00 0.000000000000000000e+00
2.770000000000000000e+02 1.442881000000000036e+01 -3.203599999999999781e+00 0.000000000000000000e+00
2.780000000000000000e+02 1.466113000000000000e+01 -9.526799999999999713e-01 0.000000000000000000e+00
2.790000000000000000e+02 1.481244000000000050e+01 1.290929999999999911e+00 0.000000000000000000e+00
2.800000000000000000e+02 1.500004999999999988e+01 3.536470000000000002e+00 0.000000000000000000e+00
2.810000000000000000e+02 1.328415999999999997e+01 4.757609999999999673e+00 0.000000000000000000e+00
2.820000000000000000e+02 1.696791999999999945e+01 7.203490000000000393e+00 0.000000000000000000e+00
2.830000000000000000e+02 1.534674000000000049e+01 5.847369999999999735e+00 0.000000000000000000e+00
2.840000000000000000e+02 1.505353999999999992e+01 7.973580000000000112e+00 0.000000000000000000e+00
2.850000000000000000e+02 1.494943999999999917e+01 1.020925000000000082e+01 0.000000000000000000e+00
2.860000000000000000e+02 1.486237000000000030e+01 1.234810000000000052e+01 0.000000000000000000e+00
2.870000000000000000e+02 1.311889000000000038e+01 1.350168999999999997e+01 0.000000000000000000e+00
2.880000000000000000e+02 1.315562000000000076e+01 -1.398832999999999949e+01 0.000000000000000000e+00
2.890000000000000000e+02 1.557600000000000051e+01 -1.088541000000000025e+01 0.000000000000000000e+00
2.900000000000000000e+02 1.777441999999999922e+01 -9.068459999999999965e+00 0.000000000000000000e+00
2.910000000000000000e+02 1.808552999999999855e+01 -6.874229999999999841e+00 0.000000000000000000e+00
2.920000000000000000e+02 1.596649999999999991e+01 -6.757439999999999891e+00 0.000000000000000000e+00
2.930000000000000000e+02 1.841662000000000177e+01 -4.534670000000000201e+00 0.000000000000000000e+00
2.940000000000000000e+02 1.832755999999999830e+01 -1.354340000000000099e+00 0.000000000000000000e+00
2.950000000000000000e+02 1.639632999999999896e+01 -2.318979999999999819e+00 0.000000000000000000e+00
2.960000000000000000e+02 1.861931999999999832e+01 1.152320000000000011e+00 0.000000000000000000e+00
2.970000000000000000e+02 1.649719999999999942e+01 6.248999999999999694e-02 0.000000000000000000e+00
2.980000000000000000e+02 1.671186000000000149e+01 2.315749999999999975e+00 0.000000000000000000e+00
2.990000000000000000e+02 1.731203999999999965e+01 5.169439999999999813e+00 0.000000000000000000e+00
