0.000000000000000000e+00 -1.075935999999999915e+01 -1.442473000000000027e+01 0.000000000000000000e+00
1.000000000000000000e+00 -1.237265999999999977e+01 -1.307217999999999947e+01 0.000000000000000000e+00
2.000000000000000000e+00 -1.395801999999999943e+01 -1.125608000000000075e+01 0.000000000000000000e+00
3.000000000000000000e+00 -1.692283000000000115e+01 -8.287280000000000868e+00 0.000000000000000000e+00
4.000000000000000000e+00 -1.841015000000000157e+01 -6.777630000000000265e+00 0.000000000000000000e+00
5.000000000000000000e+00 -1.925207999999999942e+01 -3.091050000000000075e+00 0.000000000000000000e+00
6.000000000000000000e+00 -1.767606999999999928e+01 -4.530820000000000292e+00 0.000000000000000000e+00
7.000000000000000000e+00 -1.849072999999999922e+01 -6.651599999999999735e-01 0.000000000000000000e+00
8.000000000000000000e+00 -1.625969999999999871e+01 -5.976200000000000401e-01 0.000000000000000000e+00
9.000000000000000000e+00 -1.680230999999999852e+01 1.426860000000000017e+00 0.000000000000000000e+00
1.000000000000000000e+01 -1.917296999999999940e+01 1.627950000000000008e+00 0.000000000000000000e+00
1.100000000000000000e+01 -1.766979999999999862e+01 3.366960000000000175e+00 0.000000000000000000e+00
1.200000000000000000e+01 -1.593524999999999991e+01 4.562800000000000189e+00 0.000000000000000000e+00
1.300000000000000000e+01 -1.971749000000000152e+01 4.069499999999999673e+00 0.000000000000000000e+00
1.400000000000000000e+01 -1.663280999999999921e+01 6.909970000000000390e+00 0.000000000000000000e+00
1.500000000000000000e+01 -1.819742000000000104e+01 5.552679999999999616e+00 0.000000000000000000e+00
1.600000000000000000e+01 -1.613563999999999865e+01 9.652900000000000702e+00 0.000000000000000000e+00
1.700000000000000000e+01 -1.364437999999999995e+01 1.288357000000000063e+01 0.000000000000000000e+00
1.800000000000000000e+01 -9.178409999999999513e+00 -1.601877999999999957e+01 0.000000000000000000e+00
1.900000000000000000e+01 -1.022119999999999962e+01 -1.240742000000000012e+01 0.000000000000000000e+00
2.000000000000000000e+01 -1.171831000000000067e+01 -1.093892999999999915e+01 0.000000000000000000e+00
2.100000000000000000e+01 -1.552112999999999943e+01 -9.869640000000000413e+00 0.000000000000000000e+00
2.200000000000000000e+01 -1.478903999999999996e+01 -7.832370000000000054e+00 0.000000000000000000e+00
2.300000000000000000e+01 -1.616826999999999970e+01 -6.258040000000000269e+00 0.000000000000000000e+00
2.400000000000000000e+01 -1.555585999999999913e+01 -4.297469999999999679e+00 0.000000000000000000e+00
2.500000000000000000e+01 -1.704984999999999928e+01 -2.544480000000000075e+00 0.000000000000000000e+00
2.600000000000000000e+01 -1.498949999999999960e+01 -2.221499999999999808e+00 0.000000000000000000e+00
2.700000000000000000e+01 -1.442840999999999951e+01 5.499399999999999844e-01 0.000000000000000000e+00
2.800000000000000000e+01 -1.510759999999999970e+01 2.644109999999999960e+00 0.000000000000000000e+00
2.900000000000000000e+01 -1.377862999999999971e+01 4.356290000000000440e+00 0.000000000000000000e+00
3.000000000000000000e+01 -1.459633999999999965e+01 6.299680000000000391e+00 0.000000000000000000e+00
3.100000000000000000e+01 -1.274084000000000039e+01 7.218860000000000277e+00 0.000000000000000000e+00
3.200000000000000000e+01 -1.441656000000000049e+01 8.470990000000000464e+00 0.000000000000000000e+00
3.300000000000000000e+01 -1.401784999999999926e+01 1.068645000000000067e+01 0.000000000000000000e+00
3.400000000000000000e+01 -1.154002999999999979e+01 1.374713000000000029e+01 0.000000000000000000e+00
3.500000000000000000e+01 -1.105761000000000038e+01 1.595351999999999926e+01 0.000000000000000000e+00
3.600000000000000000e+01 -8.000650000000000261e+00 -1.775748000000000104e+01 0.000000000000000000e+00
3.700000000000000000e+01 -8.653370000000000672e+00 -1.398629999999999995e+01 0.000000000000000000e+00
3.800000000000000000e+01 -9.471940000000000026e+00 -1.046415999999999968e+01 0.000000000000000000e+00
3.900000000000000000e+01 -1.318868999999999936e+01 -9.326109999999999900e+00 0.000000000000000000e+00
4.000000000000000000e+01 -1.251487999999999978e+01 -7.354099999999999859e+00 0.000000000000000000e+00
4.100000000000000000e+01 -1.409423999999999921e+01 -5.880049999999999777e+00 0.000000000000000000e+00
4.200000000000000000e+01 -1.195400000000000063e+01 -5.327969999999999651e+00 0.000000000000000000e+00
4.300000000000000000e+01 -1.354550000000000054e+01 -3.807570000000000121e+00 0.000000000000000000e+00
4.400000000000000000e+01 -1.289137000000000022e+01 -1.735239999999999894e+00 0.000000000000000000e+00
4.500000000000000000e+01 -1.237072000000000038e+01 2.896199999999999886e-01 0.000000000000000000e+00
4.600000000000000000e+01 -1.297081000000000017e+01 2.390330000000000066e+00 0.000000000000000000e+00
4.700000000000000000e+01 -1.170276999999999923e+01 4.114379999999999704e+00 0.000000000000000000e+00
4.800000000000000000e+01 -1.094877999999999929e+01 6.186420000000000030e+00 0.000000000000000000e+00
4.900000000000000000e+01 -1.058116000000000057e+01 8.281850000000000378e+00 0.000000000000000000e+00
5.000000000000000000e+01 -1.236979999999999968e+01 9.384219999999999118e+00 0.000000000000000000e+00
5.100000000000000000e+01 -1.211411000000000016e+01 1.148232999999999926e+01 0.000000000000000000e+00
5.200000000000000000e+01 -9.481659999999999755e+00 1.448540000000000028e+01 0.000000000000000000e+00
5.300000000000000000e+01 -9.099719999999999587e+00 1.676807000000000158e+01 0.000000000000000000e+00
5.400000000000000000e+01 -5.328369999999999607e+00 -1.692082999999999871e+01 0.000000000000000000e+00
5.500000000000000000e+01 -6.819169999999999732e+00 -1.547681000000000040e+01 0.000000000000000000e+00
5.600000000000000000e+01 -8.054180000000000561e+00 -1.198051000000000066e+01 0.000000000000000000e+00
5.700000000000000000e+01 -1.106038000000000032e+01 -8.983790000000000830e+00 0.000000000000000000e+00
5.800000000000000000e+01 -8.919439999999999813e+00 -8.396390000000000242e+00 0.000000000000000000e+00
5.900000000000000000e+01 -1.047483000000000075e+01 -6.905780000000000030e+00 0.000000000000000000e+00
6.000000000000000000e+01 -9.936690000000000467e+00 -4.894190000000000040e+00 0.000000000000000000e+00
6.100000000000000000e+01 -1.147198999999999991e+01 -3.314140000000000086e+00 0.000000000000000000e+00
6.200000000000000000e+01 -1.087825999999999915e+01 -1.330109999999999904e+00 0.000000000000000000e+00
6.300000000000000000e+01 -1.031460000000000043e+01 7.440099999999999492e-01 0.000000000000000000e+00
6.400000000000000000e+01 -1.001088999999999984e+01 2.816230000000000011e+00 0.000000000000000000e+00
6.500000000000000000e+01 -9.345980000000000842e+00 4.816250000000000142e+00 0.000000000000000000e+00
6.600000000000000000e+01 -9.005290000000000461e+00 6.925239999999999618e+00 0.000000000000000000e+00
6.700000000000000000e+01 -8.546110000000000539e+00 8.931079999999999686e+00 0.000000000000000000e+00
6.800000000000000000e+01 -1.014673999999999943e+01 1.030245000000000033e+01 0.000000000000000000e+00
6.900000000000000000e+01 -9.902509999999999479e+00 1.246932999999999936e+01 0.000000000000000000e+00
7.000000000000000000e+01 -7.289189999999999614e+00 1.514325999999999972e+01 0.000000000000000000e+00
7.100000000000000000e+01 -7.110089999999999577e+00 1.730722000000000094e+01 0.000000000000000000e+00
7.200000000000000000e+01 -3.765449999999999964e+00 -1.827713999999999928e+01 0.000000000000000000e+00
7.300000000000000000e+01 -4.862619999999999720e+00 -1.482023000000000046e+01 0.000000000000000000e+00
7.400000000000000000e+01 -6.511879999999999669e+00 -1.343108999999999931e+01 0.000000000000000000e+00
7.500000000000000000e+01 -7.444399999999999906e+00 -9.840619999999999479e+00 0.000000000000000000e+00
7.600000000000000000e+01 -6.897579999999999600e+00 -7.819219999999999615e+00 0.000000000000000000e+00
7.700000000000000000e+01 -8.357590000000000074e+00 -6.338479999999999670e+00 0.000000000000000000e+00
7.800000000000000000e+01 -7.861699999999999910e+00 -4.288230000000000430e+00 0.000000000000000000e+00
7.900000000000000000e+01 -9.329919999999999547e+00 -2.743819999999999926e+00 0.000000000000000000e+00
8.000000000000000000e+01 -7.249019999999999797e+00 -2.167809999999999793e+00 0.000000000000000000e+00
8.100000000000000000e+01 -8.753299999999999415e+00 -7.273199999999999665e-01 0.000000000000000000e+00
8.200000000000000000e+01 -8.253370000000000317e+00 1.311800000000000077e+00 0.000000000000000000e+00
8.300000000000000000e+01 -7.788190000000000168e+00 3.405320000000000125e+00 0.000000000000000000e+00
8.400000000000000000e+01 -7.380049999999999777e+00 5.433910000000000018e+00 0.000000000000000000e+00
8.500000000000000000e+01 -7.014800000000000146e+00 7.494100000000000428e+00 0.000000000000000000e+00
8.600000000000000000e+01 -8.100319999999999965e+00 1.097699000000000069e+01 0.000000000000000000e+00
8.700000000000000000e+01 -7.592380000000000351e+00 1.304265000000000008e+01 0.000000000000000000e+00
8.800000000000000000e+01 -5.232850000000000001e+00 1.578907000000000060e+01 0.000000000000000000e+00
8.900000000000000000e+01 -4.731259999999999799e+00 1.810494999999999877e+01 0.000000000000000000e+00
9.000000000000000000e+01 -2.299490000000000034e+00 -1.975816999999999979e+01 0.000000000000000000e+00
9.100000000000000000e+01 -3.268409999999999815e+00 -1.621611000000000047e+01 0.000000000000000000e+00
9.200000000000000000e+01 -2.868009999999999948e+00 -1.418726000000000020e+01 0.000000000000000000e+00
9.300000000000000000e+01 -4.393510000000000026e+00 -1.280058999999999969e+01 0.000000000000000000e+00
9.400000000000000000e+01 -5.865260000000000140e+00 -1.132025999999999932e+01 0.000000000000000000e+00
9.500000000000000000e+01 -6.340040000000000120e+00 -5.764719999999999622e+00 0.000000000000000000e+00
9.600000000000000000e+01 -4.329060000000000130e+00 -5.160840000000000316e+00 0.000000000000000000e+00
9.700000000000000000e+01 -5.797950000000000159e+00 -3.664610000000000145e+00 0.000000000000000000e+00
9.800000000000000000e+01 -5.151299999999999990e+00 -1.630810000000000093e+00 0.000000000000000000e+00
9.900000000000000000e+01 -6.778889999999999638e+00 -1.155100000000000016e-01 0.000000000000000000e+00
1.000000000000000000e+02 -6.260740000000000194e+00 1.922209999999999974e+00 0.000000000000000000e+00
1.010000000000000000e+02 -5.784889999999999866e+00 3.964510000000000201e+00 0.000000000000000000e+00
1.020000000000000000e+02 -5.307820000000000427e+00 6.010419999999999874e+00 0.000000000000000000e+00
1.030000000000000000e+02 -6.560730000000000395e+00 9.551920000000000854e+00 0.000000000000000000e+00
1.040000000000000000e+02 -6.068220000000000169e+00 1.156178000000000061e+01 0.000000000000000000e+00
1.050000000000000000e+02 -5.594909999999999606e+00 1.367585000000000051e+01 0.000000000000000000e+00
1.060000000000000000e+02 -3.189970000000000194e+00 1.643318000000000012e+01 0.000000000000000000e+00
1.070000000000000000e+02 -2.270880000000000010e+00 1.877394999999999925e+01 0.000000000000000000e+00
1.080000000000000000e+02 -1.797840000000000105e+00 -1.765374999999999872e+01 0.000000000000000000e+00
1.090000000000000000e+02 -1.279889999999999972e+00 -1.565126000000000062e+01 0.000000000000000000e+00
1.100000000000000000e+02 -2.252460000000000129e+00 -1.218144999999999989e+01 0.000000000000000000e+00
1.110000000000000000e+02 -3.842589999999999950e+00 -1.077932000000000023e+01 0.000000000000000000e+00
1.120000000000000000e+02 -5.406469999999999665e+00 -9.305410000000000181e+00 0.000000000000000000e+00
1.130000000000000000e+02 -4.867490000000000094e+00 -7.234469999999999956e+00 0.000000000000000000e+00
1.140000000000000000e+02 -2.250750000000000028e+00 -4.570700000000000429e+00 0.000000000000000000e+00
1.150000000000000000e+02 -3.720099999999999962e+00 -3.126980000000000093e+00 0.000000000000000000e+00
1.160000000000000000e+02 -4.790720000000000312e+00 4.254299999999999748e-01 0.000000000000000000e+00
1.170000000000000000e+02 -4.187059999999999782e+00 2.568039999999999878e+00 0.000000000000000000e+00
1.180000000000000000e+02 -3.766249999999999876e+00 4.584190000000000431e+00 0.000000000000000000e+00
1.190000000000000000e+02 -3.331440000000000179e+00 6.613879999999999981e+00 0.000000000000000000e+00
1.200000000000000000e+02 -5.040199999999999569e+00 8.095570000000000377e+00 0.000000000000000000e+00
1.210000000000000000e+02 -2.937230000000000008e+00 8.666150000000000020e+00 0.000000000000000000e+00
1.220000000000000000e+02 -4.471860000000000390e+00 1.015647000000000055e+01 0.000000000000000000e+00
1.230000000000000000e+02 -4.046020000000000394e+00 1.229282000000000075e+01 0.000000000000000000e+00
1.240000000000000000e+02 -3.617129999999999956e+00 1.438724999999999987e+01 0.000000000000000000e+00
1.250000000000000000e+02 -1.147540000000000004e+00 1.685067000000000093e+01 0.000000000000000000e+00
1.260000000000000000e+02 -2.641100000000000114e-01 -1.911544999999999916e+01 0.000000000000000000e+00
1.270000000000000000e+02 2.938200000000000256e-01 -1.707562000000000069e+01 0.000000000000000000e+00
1.280000000000000000e+02 -7.298000000000000043e-01 -1.365335999999999927e+01 0.000000000000000000e+00
1.290000000000000000e+02 -1.757970000000000033e+00 -1.016530999999999985e+01 0.000000000000000000e+00
1.300000000000000000e+02 -3.316930000000000156e+00 -8.672570000000000334e+00 0.000000000000000000e+00
1.310000000000000000e+02 -2.739139999999999908e+00 -6.610190000000000232e+00 0.000000000000000000e+00
1.320000000000000000e+02 -1.744359999999999911e+00 -2.493809999999999860e+00 0.000000000000000000e+00
1.330000000000000000e+02 -3.164299999999999891e+00 -9.985600000000000032e-01 0.000000000000000000e+00
1.340000000000000000e+02 -1.214960000000000040e+00 -3.341000000000000081e-01 0.000000000000000000e+00
1.350000000000000000e+02 -2.763700000000000045e+00 1.057940000000000103e+00 0.000000000000000000e+00
1.360000000000000000e+02 -2.169810000000000016e+00 3.110879999999999868e+00 0.000000000000000000e+00
1.370000000000000000e+02 -1.792350000000000110e+00 5.191169999999999618e+00 0.000000000000000000e+00
1.380000000000000000e+02 -1.283090000000000064e+00 7.204880000000000173e+00 0.000000000000000000e+00
1.390000000000000000e+02 -9.376299999999999635e-01 9.286989999999999412e+00 0.000000000000000000e+00
1.400000000000000000e+02 -2.451499999999999790e+00 1.073605000000000054e+01 0.000000000000000000e+00
1.410000000000000000e+02 -1.902619999999999978e+00 1.275697000000000081e+01 0.000000000000000000e+00
1.420000000000000000e+02 -1.496550000000000047e+00 1.481146000000000029e+01 0.000000000000000000e+00
1.430000000000000000e+02 1.130049999999999999e+00 1.955511999999999873e+01 0.000000000000000000e+00
1.440000000000000000e+02 1.929380000000000095e+00 -1.843761999999999901e+01 0.000000000000000000e+00
1.450000000000000000e+02 8.571499999999999675e-01 -1.509864999999999924e+01 0.000000000000000000e+00
1.460000000000000000e+02 -2.736899999999999888e-01 -1.160951000000000022e+01 0.000000000000000000e+00
1.470000000000000000e+02 3.159899999999999931e-01 -9.566979999999999151e+00 0.000000000000000000e+00
1.480000000000000000e+02 -1.210869999999999891e+00 -8.004979999999999762e+00 0.000000000000000000e+00
1.490000000000000000e+02 -7.298700000000000188e-01 -5.970550000000000246e+00 0.000000000000000000e+00
1.500000000000000000e+02 -2.296499999999999930e-01 -3.936780000000000168e+00 0.000000000000000000e+00
1.510000000000000000e+02 2.934300000000000241e-01 -1.786969999999999947e+00 0.000000000000000000e+00
1.520000000000000000e+02 7.859800000000000120e-01 2.384000000000000008e-01 0.000000000000000000e+00
1.530000000000000000e+02 -6.951899999999999746e-01 1.674150000000000027e+00 0.000000000000000000e+00
1.540000000000000000e+02 -1.892999999999999960e-01 3.732120000000000104e+00 0.000000000000000000e+00
1.550000000000000000e+02 2.825500000000000234e-01 5.740339999999999776e+00 0.000000000000000000e+00
1.560000000000000000e+02 6.601700000000000346e-01 7.896329999999999849e+00 0.000000000000000000e+00
1.570000000000000000e+02 1.189230000000000009e+00 9.913690000000000779e+00 0.000000000000000000e+00
1.580000000000000000e+02 -4.361900000000000222e-01 1.129391999999999996e+01 0.000000000000000000e+00
1.590000000000000000e+02 1.273700000000000110e-01 1.337097999999999942e+01 0.000000000000000000e+00
1.600000000000000000e+02 4.942099999999999826e-01 1.542296999999999940e+01 0.000000000000000000e+00
1.610000000000000000e+02 9.641499999999999515e-01 1.745544999999999902e+01 0.000000000000000000e+00
1.620000000000000000e+02 3.378039999999999932e+00 -1.997864999999999824e+01 0.000000000000000000e+00
1.630000000000000000e+02 2.497069999999999901e+00 -1.639221999999999824e+01 0.000000000000000000e+00
1.640000000000000000e+02 1.412800000000000056e+00 -1.297573000000000043e+01 0.000000000000000000e+00
1.650000000000000000e+02 1.926150000000000029e+00 -1.091031000000000084e+01 0.000000000000000000e+00
1.660000000000000000e+02 2.484010000000000051e+00 -8.852840000000000487e+00 0.000000000000000000e+00
1.670000000000000000e+02 8.890700000000000269e-01 -7.451109999999999900e+00 0.000000000000000000e+00
1.680000000000000000e+02 1.269989999999999952e+00 -5.387540000000000440e+00 0.000000000000000000e+00
1.690000000000000000e+02 1.776559999999999917e+00 -3.266129999999999978e+00 0.000000000000000000e+00
1.700000000000000000e+02 2.328980000000000050e+00 -1.208520000000000039e+00 0.000000000000000000e+00
1.710000000000000000e+02 2.835620000000000029e+00 8.035099999999999465e-01 0.000000000000000000e+00
1.720000000000000000e+02 1.319220000000000059e+00 2.310000000000000053e+00 0.000000000000000000e+00
1.730000000000000000e+02 1.873620000000000063e+00 4.332320000000000171e+00 0.000000000000000000e+00
1.740000000000000000e+02 2.312479999999999869e+00 6.391949999999999577e+00 0.000000000000000000e+00
1.750000000000000000e+02 2.707879999999999843e+00 8.488450000000000273e+00 0.000000000000000000e+00
1.760000000000000000e+02 3.317470000000000141e+00 1.050253999999999976e+01 0.000000000000000000e+00
1.770000000000000000e+02 1.694720000000000004e+00 1.197368999999999950e+01 0.000000000000000000e+00
1.780000000000000000e+02 2.156200000000000117e+00 1.397555999999999976e+01 0.000000000000000000e+00
1.790000000000000000e+02 2.896380000000000177e+00 1.818325000000000102e+01 0.000000000000000000e+00
1.800000000000000000e+02 4.072250000000000369e+00 -1.799993999999999872e+01 0.000000000000000000e+00
1.810000000000000000e+02 3.008999999999999897e+00 -1.439616999999999969e+01 0.000000000000000000e+00
1.820000000000000000e+02 3.413240000000000052e+00 -1.237260999999999989e+01 0.000000000000000000e+00
1.830000000000000000e+02 4.040130000000000443e+00 -1.025056999999999974e+01 0.000000000000000000e+00
1.840000000000000000e+02 4.465670000000000250e+00 -8.225960000000000605e+00 0.000000000000000000e+00
1.850000000000000000e+02 2.878909999999999858e+00 -6.704150000000000276e+00 0.000000000000000000e+00
1.860000000000000000e+02 3.309499999999999886e+00 -4.695689999999999920e+00 0.000000000000000000e+00
1.870000000000000000e+02 3.807819999999999983e+00 -2.637630000000000141e+00 0.000000000000000000e+00
1.880000000000000000e+02 4.378099999999999881e+00 -5.960499999999999687e-01 0.000000000000000000e+00
1.890000000000000000e+02 4.912679999999999936e+00 1.390619999999999967e+00 0.000000000000000000e+00
1.900000000000000000e+02 3.329549999999999788e+00 2.867430000000000145e+00 0.000000000000000000e+00
1.910000000000000000e+02 3.860689999999999955e+00 4.987589999999999968e+00 0.000000000000000000e+00
1.920000000000000000e+02 4.385810000000000208e+00 6.994150000000000311e+00 0.000000000000000000e+00
1.930000000000000000e+02 4.794319999999999915e+00 9.038069999999999382e+00 0.000000000000000000e+00
1.940000000000000000e+02 5.302970000000000184e+00 1.118323000000000000e+01 0.000000000000000000e+00
1.950000000000000000e+02 3.734309999999999796e+00 1.257399000000000022e+01 0.000000000000000000e+00
1.960000000000000000e+02 4.171789999999999665e+00 1.461820999999999948e+01 0.000000000000000000e+00
1.970000000000000000e+02 2.546279999999999877e+00 1.603906999999999883e+01 0.000000000000000000e+00
1.980000000000000000e+02 4.543809999999999683e+00 -1.588141000000000069e+01 0.000000000000000000e+00
1.990000000000000000e+02 4.985339999999999883e+00 -1.377012000000000036e+01 0.000000000000000000e+00
2.000000000000000000e+02 5.502309999999999590e+00 -1.175059000000000076e+01 0.000000000000000000e+00
2.010000000000000000e+02 6.069609999999999950e+00 -9.753429999999999822e+00 0.000000000000000000e+00
2.020000000000000000e+02 6.494399999999999729e+00 -7.678270000000000373e+00 0.000000000000000000e+00
2.030000000000000000e+02 5.004209999999999603e+00 -6.226560000000000095e+00 0.000000000000000000e+00
2.040000000000000000e+02 5.400629999999999598e+00 -4.110850000000000115e+00 0.000000000000000000e+00
2.050000000000000000e+02 5.832399999999999807e+00 -2.080369999999999830e+00 0.000000000000000000e+00
2.060000000000000000e+02 6.429840000000000444e+00 -7.846999999999999809e-02 0.000000000000000000e+00
2.070000000000000000e+02 6.883820000000000050e+00 1.971859999999999946e+00 0.000000000000000000e+00
2.080000000000000000e+02 5.436009999999999565e+00 3.442959999999999798e+00 0.000000000000000000e+00
2.090000000000000000e+02 5.894190000000000040e+00 5.488100000000000200e+00 0.000000000000000000e+00
2.100000000000000000e+02 6.420749999999999957e+00 7.651229999999999976e+00 0.000000000000000000e+00
2.110000000000000000e+02 6.808819999999999872e+00 9.744139999999999802e+00 0.000000000000000000e+00
2.120000000000000000e+02 7.372510000000000119e+00 1.179229999999999912e+01 0.000000000000000000e+00
2.130000000000000000e+02 5.815089999999999648e+00 1.327515999999999963e+01 0.000000000000000000e+00
2.140000000000000000e+02 4.600780000000000314e+00 1.673385999999999996e+01 0.000000000000000000e+00
2.150000000000000000e+02 5.695640000000000036e+00 1.935142000000000095e+01 0.000000000000000000e+00
2.160000000000000000e+02 6.210329999999999906e+00 -1.726491000000000042e+01 0.000000000000000000e+00
2.170000000000000000e+02 6.546570000000000000e+00 -1.517333999999999961e+01 0.000000000000000000e+00
2.180000000000000000e+02 7.249559999999999782e+00 -1.299813999999999936e+01 0.000000000000000000e+00
2.190000000000000000e+02 7.770430000000000170e+00 -1.101421999999999990e+01 0.000000000000000000e+00
2.200000000000000000e+02 8.142310000000000159e+00 -8.982250000000000512e+00 0.000000000000000000e+00
2.210000000000000000e+02 8.574279999999999902e+00 -6.935209999999999653e+00 0.000000000000000000e+00
2.220000000000000000e+02 6.967389999999999972e+00 -5.614720000000000155e+00 0.000000000000000000e+00
2.230000000000000000e+02 7.519459999999999589e+00 -3.493720000000000159e+00 0.000000000000000000e+00
2.240000000000000000e+02 8.031639999999999446e+00 -1.428819999999999979e+00 0.000000000000000000e+00
2.250000000000000000e+02 8.490199999999999747e+00 6.252799999999999470e-01 0.000000000000000000e+00
2.260000000000000000e+02 7.444390000000000285e+00 4.144510000000000360e+00 0.000000000000000000e+00
2.270000000000000000e+02 7.893460000000000143e+00 6.195590000000000153e+00 0.000000000000000000e+00
2.280000000000000000e+02 8.435719999999999885e+00 8.323829999999999174e+00 0.000000000000000000e+00
2.290000000000000000e+02 8.852320000000000633e+00 1.035797999999999952e+01 0.000000000000000000e+00
2.300000000000000000e+02 9.386530000000000484e+00 1.245864000000000082e+01 0.000000000000000000e+00
2.310000000000000000e+02 7.828380000000000116e+00 1.388372999999999990e+01 0.000000000000000000e+00
2.320000000000000000e+02 6.149250000000000327e+00 1.538082999999999956e+01 0.000000000000000000e+00
2.330000000000000000e+02 6.713280000000000136e+00 1.753365000000000151e+01 0.000000000000000000e+00
2.340000000000000000e+02 8.256610000000000227e+00 -1.684115999999999858e+01 0.000000000000000000e+00
2.350000000000000000e+02 8.675019999999999953e+00 -1.453758000000000017e+01 0.000000000000000000e+00
2.360000000000000000e+02 9.272690000000000765e+00 -1.245773999999999937e+01 0.000000000000000000e+00
2.370000000000000000e+02 9.760149999999999437e+00 -1.042919000000000018e+01 0.000000000000000000e+00
2.380000000000000000e+02 1.013109000000000037e+01 -8.401450000000000529e+00 0.000000000000000000e+00
2.390000000000000000e+02 1.063110999999999962e+01 -6.336960000000000370e+00 0.000000000000000000e+00
2.400000000000000000e+02 9.083700000000000330e+00 -4.942239999999999966e+00 0.000000000000000000e+00
2.410000000000000000e+02 9.563879999999999271e+00 -2.811389999999999834e+00 0.000000000000000000e+00
2.420000000000000000e+02 1.000093000000000032e+01 -7.997300000000000519e-01 0.000000000000000000e+00
2.430000000000000000e+02 1.055489999999999995e+01 1.230590000000000073e+00 0.000000000000000000e+00
2.440000000000000000e+02 8.942239999999999966e+00 2.709709999999999841e+00 0.000000000000000000e+00
2.450000000000000000e+02 9.488979999999999748e+00 4.812590000000000146e+00 0.000000000000000000e+00
2.460000000000000000e+02 9.949260000000000659e+00 6.824440000000000062e+00 0.000000000000000000e+00
2.470000000000000000e+02 1.047485999999999962e+01 8.997019999999999129e+00 0.000000000000000000e+00
2.480000000000000000e+02 1.089901000000000053e+01 1.104429999999999978e+01 0.000000000000000000e+00
2.490000000000000000e+02 1.144586999999999932e+01 1.309027000000000029e+01 0.000000000000000000e+00
2.500000000000000000e+02 1.004970999999999925e+01 1.470759999999999934e+01 0.000000000000000000e+00
2.510000000000000000e+02 8.480740000000000833e+00 1.620817999999999870e+01 0.000000000000000000e+00
2.520000000000000000e+02 1.026980999999999966e+01 -1.612365000000000137e+01 0.000000000000000000e+00
2.530000000000000000e+02 1.086017999999999972e+01 -1.403556999999999988e+01 0.000000000000000000e+00
2.540000000000000000e+02 1.131800999999999924e+01 -1.197483000000000075e+01 0.000000000000000000e+00
2.550000000000000000e+02 1.176261000000000045e+01 -9.831139999999999546e+00 0.000000000000000000e+00
2.560000000000000000e+02 1.213639000000000046e+01 -7.788879999999999804e+00 0.000000000000000000e+00
2.570000000000000000e+02 1.106152999999999942e+01 -4.259540000000000326e+00 0.000000000000000000e+00
2.580000000000000000e+02 1.154029000000000060e+01 -2.236909999999999954e+00 0.000000000000000000e+00
2.590000000000000000e+02 1.208610000000000007e+01 -1.771699999999999942e-01 0.000000000000000000e+00
2.600000000000000000e+02 1.410533000000000037e+01 5.403700000000000170e-01 0.000000000000000000e+00
2.610000000000000000e+02 1.253302000000000049e+01 1.939359999999999973e+00 0.000000000000000000e+00
2.620000000000000000e+02 1.098021999999999920e+01 3.335589999999999833e+00 0.000000000000000000e+00
2.630000000000000000e+02 1.309980999999999973e+01 4.010909999999999975e+00 0.000000000000000000e+00
2.640000000000000000e+02 1.149721000000000082e+01 5.430699999999999861e+00 0.000000000000000000e+00
2.650000000000000000e+02 1.199440000000000062e+01 7.523789999999999978e+00 0.000000000000000000e+00
2.660000000000000000e+02 1.245575999999999972e+01 9.615360000000000795e+00 0.000000000000000000e+00
2.670000000000000000e+02 1.296148999999999951e+01 1.163214999999999932e+01 0.000000000000000000e+00
2.680000000000000000e+02 1.343296999999999919e+01 1.367811999999999983e+01 0.000000000000000000e+00
2.690000000000000000e+02 1.209093000000000018e+01 1.529696000000000033e+01 0.000000000000000000e+00
2.700000000000000000e+02 1.231921999999999962e+01 -1.558868999999999971e+01 0.000000000000000000e+00
2.710000000000000000e+02 1.288132000000000055e+01 -1.355235000000000056e+01 0.000000000000000000e+00
2.720000000000000000e+02 1.326185000000000080e+01 -1.129603999999999964e+01 0.000000000000000000e+00
2.730000000000000000e+02 1.384822999999999915e+01 -9.242929999999999424e+00 0.000000000000000000e+00
2.740000000000000000e+02 1.261787999999999954e+01 -5.736720000000000041e+00 0.000000000000000000e+00
2.750000000000000000e+02 1.316488000000000014e+01 -3.533220000000000027e+00 0.000000000000000000e+00
2.760000000000000000e+02 1.525323000000000029e+01 -3.029450000000000198e+00 0.000000000000000000e+00
2.770000000000000000e+02 1.366529000000000060e+01 -1.498780000000000001e+00 0.000000000000000000e+00
2.780000000000000000e+02 1.585776000000000074e+01 -8.446099999999999719e-01 0.000000000000000000e+00
2.790000000000000000e+02 1.653800999999999988e+01 1.654849999999999932e+00 0.000000000000000000e+00
2.800000000000000000e+02 1.460045000000000037e+01 2.553430000000000089e+00 0.000000000000000000e+00
2.810000000000000000e+02 1.508643000000000001e+01 4.602529999999999788e+00 0.000000000000000000e+00
2.820000000000000000e+02 1.550365000000000038e+01 6.649849999999999817e+00 0.000000000000000000e+00
2.830000000000000000e+02 1.346907000000000032e+01 6.063369999999999926e+00 0.000000000000000000e+00
2.840000000000000000e+02 1.404598999999999975e+01 8.184189999999999188e+00 0.000000000000000000e+00
2.850000000000000000e+02 1.603096999999999994e+01 8.764350000000000307e+00 0.000000000000000000e+00
2.860000000000000000e+02 1.469294999999999973e+01 1.042167000000000066e+01 0.000000000000000000e+00
2.870000000000000000e+02 1.524253000000000036e+01 1.252463000000000015e+01 0.000000000000000000e+00
2.880000000000000000e+02 1.490184999999999960e+01 -1.276670999999999978e+01 0.000000000000000000e+00
2.890000000000000000e+02 1.538151000000000046e+01 -1.066281999999999996e+01 0.000000000000000000e+00
2.900000000000000000e+02 1.612828999999999979e+01 -8.577939999999999898e+00 0.000000000000000000e+00
2.910000000000000000e+02 1.618907000000000096e+01 -6.519940000000000069e+00 0.000000000000000000e+00
2.920000000000000000e+02 1.415574999999999939e+01 -7.135989999999999611e+00 0.000000000000000000e+00
2.930000000000000000e+02 1.466630999999999929e+01 -5.100360000000000227e+00 0.000000000000000000e+00
2.940000000000000000e+02 1.696940000000000026e+01 -4.360360000000000014e+00 0.000000000000000000e+00
2.950000000000000000e+02 1.840101999999999904e+01 -2.781719999999999970e+00 0.000000000000000000e+00
2.960000000000000000e+02 1.786159999999999926e+01 -3.737099999999999866e-01 0.000000000000000000e+00
2.970000000000000000e+02 1.897355999999999909e+01 3.034440000000000026e+00 0.000000000000000000e+00
2.980000000000000000e+02 1.698570000000000135e+01 3.706310000000000215e+00 0.000000000000000000e+00
2.990000000000000000e+02 1.739754999999999896e+01 5.796420000000000350e+00 0.000000000000000000e+00
