0.000000000000000000e+00 -1.387767000000000017e+01 -1.333736000000000033e+01 0.000000000000000000e+00
1.000000000000000000e+00 -1.530855000000000032e+01 -1.177956999999999965e+01 0.000000000000000000e+00
2.000000000000000000e+00 -1.659957999999999956e+01 -1.009656000000000020e+01 0.000000000000000000e+00
3.000000000000000000e+00 -1.575937000000000054e+01 -8.112180000000000391e+00 0.000000000000000000e+00
4.000000000000000000e+00 -1.708017999999999859e+01 -6.212329999999999686e+00 0.000000000000000000e+00
5.000000000000000000e+00 -1.841477000000000075e+01 -4.549739999999999895e+00 0.000000000000000000e+00
6.000000000000000000e+00 -1.623611000000000004e+01 -4.172460000000000058e+00 0.000000000000000000e+00
7.000000000000000000e+00 -1.996949000000000041e+01 -2.706840000000000135e+00 0.000000000000000000e+00
8.000000000000000000e+00 -1.764412000000000091e+01 -2.367070000000000007e+00 0.000000000000000000e+00
9.000000000000000000e+00 -1.901191999999999993e+01 -7.021699999999999608e-01 0.000000000000000000e+00
1.000000000000000000e+01 -1.803121000000000151e+01 1.456509999999999971e+00 0.000000000000000000e+00
1.100000000000000000e+01 -1.692192000000000007e+01 4.162779999999999703e+00 0.000000000000000000e+00
1.200000000000000000e+01 -1.744861999999999824e+01 6.593729999999999869e+00 0.000000000000000000e+00
1.300000000000000000e+01 -1.908904000000000067e+01 3.536389999999999922e+00 0.000000000000000000e+00
1.400000000000000000e+01 -1.542178999999999967e+01 7.169480000000000075e+00 0.000000000000000000e+00
1.500000000000000000e+01 -1.660166999999999859e+01 8.962559999999999860e+00 0.000000000000000000e+00
1.600000000000000000e+01 -1.587754999999999939e+01 1.091263000000000005e+01 0.000000000000000000e+00
1.700000000000000000e+01 -1.500731999999999999e+01 1.284454000000000029e+01 0.000000000000000000e+00
1.800000000000000000e+01 -1.254310000000000080e+01 -1.511299999999999955e+01 0.000000000000000000e+00
1.900000000000000000e+01 -1.177960000000000029e+01 -1.309946000000000055e+01 0.000000000000000000e+00
2.000000000000000000e+01 -1.308830000000000027e+01 -1.139216000000000051e+01 0.000000000000000000e+00
2.100000000000000000e+01 -1.449276000000000053e+01 -9.740159999999999485e+00 0.000000000000000000e+00
2.200000000000000000e+01 -1.374109999999999943e+01 -7.575350000000000250e+00 0.000000000000000000e+00
2.300000000000000000e+01 -1.503851000000000049e+01 -5.962180000000000035e+00 0.000000000000000000e+00
2.400000000000000000e+01 -1.411392000000000024e+01 -3.971639999999999837e+00 0.000000000000000000e+00
2.500000000000000000e+01 -1.558084000000000024e+01 -2.167920000000000069e+00 0.000000000000000000e+00
2.600000000000000000e+01 -1.334484999999999921e+01 -1.978420000000000067e+00 0.000000000000000000e+00
2.700000000000000000e+01 -1.689273999999999987e+01 -4.233799999999999786e-01 0.000000000000000000e+00
2.800000000000000000e+01 -1.585868999999999929e+01 1.507819999999999938e+00 0.000000000000000000e+00
2.900000000000000000e+01 -1.494650000000000034e+01 3.554699999999999971e+00 0.000000000000000000e+00
3.000000000000000000e+01 -1.410036000000000023e+01 5.458859999999999602e+00 0.000000000000000000e+00
3.100000000000000000e+01 -1.327344000000000079e+01 7.406030000000000335e+00 0.000000000000000000e+00
3.200000000000000000e+01 -1.454786999999999964e+01 9.223280000000000811e+00 0.000000000000000000e+00
3.300000000000000000e+01 -1.368373000000000062e+01 1.113077000000000005e+01 0.000000000000000000e+00
3.400000000000000000e+01 -1.289316999999999958e+01 1.305554000000000059e+01 0.000000000000000000e+00
3.500000000000000000e+01 -1.197700999999999993e+01 1.491175999999999924e+01 0.000000000000000000e+00
3.600000000000000000e+01 -9.083949999999999747e+00 -1.646125999999999934e+01 0.000000000000000000e+00
3.700000000000000000e+01 -1.041372999999999927e+01 -1.481370000000000076e+01 0.000000000000000000e+00
3.800000000000000000e+01 -1.105031999999999925e+01 -1.089891000000000076e+01 0.000000000000000000e+00
3.900000000000000000e+01 -1.244073000000000029e+01 -9.315089999999999648e+00 0.000000000000000000e+00
4.000000000000000000e+01 -1.161589000000000027e+01 -7.374319999999999986e+00 0.000000000000000000e+00
4.100000000000000000e+01 -1.286905999999999928e+01 -5.628459999999999575e+00 0.000000000000000000e+00
4.200000000000000000e+01 -1.081921999999999962e+01 -5.365070000000000228e+00 0.000000000000000000e+00
4.300000000000000000e+01 -1.197949000000000019e+01 -3.617480000000000029e+00 0.000000000000000000e+00
4.400000000000000000e+01 -1.263086000000000020e+01 7.154000000000000636e-02 0.000000000000000000e+00
4.500000000000000000e+01 -1.469210999999999956e+01 -3.057599999999999763e-01 0.000000000000000000e+00
4.600000000000000000e+01 -1.371729000000000021e+01 1.861809999999999965e+00 0.000000000000000000e+00
4.700000000000000000e+01 -1.287204999999999977e+01 3.767799999999999816e+00 0.000000000000000000e+00
4.800000000000000000e+01 -1.201943999999999946e+01 5.674100000000000144e+00 0.000000000000000000e+00
4.900000000000000000e+01 -1.119482999999999961e+01 7.611710000000000420e+00 0.000000000000000000e+00
5.000000000000000000e+01 -1.245224999999999937e+01 9.366479999999999251e+00 0.000000000000000000e+00
5.100000000000000000e+01 -1.161533000000000015e+01 1.125463000000000058e+01 0.000000000000000000e+00
5.200000000000000000e+01 -1.070458999999999961e+01 1.314887000000000050e+01 0.000000000000000000e+00
5.300000000000000000e+01 -9.910660000000000025e+00 1.509459000000000017e+01 0.000000000000000000e+00
5.400000000000000000e+01 -7.524949999999999584e+00 -1.823226999999999975e+01 0.000000000000000000e+00
5.500000000000000000e+01 -8.388909999999999201e+00 -1.448141999999999996e+01 0.000000000000000000e+00
5.600000000000000000e+01 -9.670400000000000773e+00 -1.275333000000000006e+01 0.000000000000000000e+00
5.700000000000000000e+01 -8.892590000000000217e+00 -1.076634999999999920e+01 0.000000000000000000e+00
5.800000000000000000e+01 -1.018360999999999983e+01 -9.025389999999999802e+00 0.000000000000000000e+00
5.900000000000000000e+01 -9.505489999999999995e+00 -7.017350000000000421e+00 0.000000000000000000e+00
6.000000000000000000e+01 -8.631410000000000693e+00 -5.046700000000000408e+00 0.000000000000000000e+00
6.100000000000000000e+01 -9.925679999999999836e+00 -3.391360000000000152e+00 0.000000000000000000e+00
6.200000000000000000e+01 -1.127270000000000039e+01 -1.557500000000000107e+00 0.000000000000000000e+00
6.300000000000000000e+01 -1.043209000000000053e+01 3.870899999999999896e-01 0.000000000000000000e+00
6.400000000000000000e+01 -1.165309000000000061e+01 2.069640000000000146e+00 0.000000000000000000e+00
6.500000000000000000e+01 -1.074567000000000050e+01 4.004170000000000229e+00 0.000000000000000000e+00
6.600000000000000000e+01 -9.926589999999999137e+00 5.909180000000000099e+00 0.000000000000000000e+00
6.700000000000000000e+01 -9.122320000000000206e+00 7.872390000000000221e+00 0.000000000000000000e+00
6.800000000000000000e+01 -1.035385999999999918e+01 9.525719999999999743e+00 0.000000000000000000e+00
6.900000000000000000e+01 -9.514200000000000657e+00 1.142417000000000016e+01 0.000000000000000000e+00
7.000000000000000000e+01 -8.614250000000000185e+00 1.331278000000000006e+01 0.000000000000000000e+00
7.100000000000000000e+01 -9.049419999999999575e+00 1.704473000000000127e+01 0.000000000000000000e+00
7.200000000000000000e+01 -5.464719999999999800e+00 -1.774715000000000131e+01 0.000000000000000000e+00
7.300000000000000000e+01 -6.816360000000000419e+00 -1.610266999999999982e+01 0.000000000000000000e+00
7.400000000000000000e+01 -7.600880000000000081e+00 -1.246410999999999980e+01 0.000000000000000000e+00
7.500000000000000000e+01 -6.844190000000000218e+00 -1.042703000000000024e+01 0.000000000000000000e+00
7.600000000000000000e+01 -8.123039999999999594e+00 -8.816190000000000637e+00 0.000000000000000000e+00
7.700000000000000000e+01 -7.394510000000000360e+00 -6.706990000000000229e+00 0.000000000000000000e+00
7.800000000000000000e+01 -6.576600000000000001e+00 -4.779650000000000176e+00 0.000000000000000000e+00
7.900000000000000000e+01 -7.869919999999999582e+00 -3.090390000000000192e+00 0.000000000000000000e+00
8.000000000000000000e+01 -9.185439999999999827e+00 -1.356729999999999992e+00 0.000000000000000000e+00
8.100000000000000000e+01 -8.264780000000000015e+00 5.440899999999999626e-01 0.000000000000000000e+00
8.200000000000000000e+01 -9.470119999999999649e+00 2.216410000000000213e+00 0.000000000000000000e+00
8.300000000000000000e+01 -8.669549999999999201e+00 4.242460000000000342e+00 0.000000000000000000e+00
8.400000000000000000e+01 -7.825800000000000090e+00 6.166290000000000049e+00 0.000000000000000000e+00
8.500000000000000000e+01 -6.959329999999999572e+00 8.054380000000000095e+00 0.000000000000000000e+00
8.600000000000000000e+01 -8.224859999999999616e+00 9.730370000000000630e+00 0.000000000000000000e+00
8.700000000000000000e+01 -7.361600000000000144e+00 1.162110999999999983e+01 0.000000000000000000e+00
8.800000000000000000e+01 -6.591890000000000249e+00 1.370466000000000051e+01 0.000000000000000000e+00
8.900000000000000000e+01 -7.785370000000000346e+00 1.538845000000000063e+01 0.000000000000000000e+00
9.000000000000000000e+01 -3.246020000000000127e+00 -1.945439999999999969e+01 0.000000000000000000e+00
9.100000000000000000e+01 -4.511350000000000193e+00 -1.575136000000000003e+01 0.000000000000000000e+00
9.200000000000000000e+01 -6.280389999999999695e+00 -1.405973999999999968e+01 0.000000000000000000e+00
9.300000000000000000e+01 -5.497659999999999769e+00 -1.206752000000000002e+01 0.000000000000000000e+00
9.400000000000000000e+01 -6.077939999999999898e+00 -8.473390000000000200e+00 0.000000000000000000e+00
9.500000000000000000e+01 -5.326050000000000395e+00 -6.504340000000000011e+00 0.000000000000000000e+00
9.600000000000000000e+01 -4.524090000000000167e+00 -4.546700000000000408e+00 0.000000000000000000e+00
9.700000000000000000e+01 -5.818999999999999950e+00 -2.803389999999999826e+00 0.000000000000000000e+00
9.800000000000000000e+01 -7.086450000000000138e+00 -1.152090000000000058e+00 0.000000000000000000e+00
9.900000000000000000e+01 -6.190830000000000055e+00 8.366799999999999793e-01 0.000000000000000000e+00
1.000000000000000000e+02 -7.426599999999999646e+00 2.509020000000000028e+00 0.000000000000000000e+00
1.010000000000000000e+02 -6.598679999999999879e+00 4.423799999999999955e+00 0.000000000000000000e+00
1.020000000000000000e+02 -5.671030000000000015e+00 6.355669999999999931e+00 0.000000000000000000e+00
1.030000000000000000e+02 -4.816270000000000273e+00 8.272240000000000038e+00 0.000000000000000000e+00
1.040000000000000000e+02 -6.077060000000000350e+00 9.986739999999999284e+00 0.000000000000000000e+00
1.050000000000000000e+02 -5.189510000000000289e+00 1.203688000000000002e+01 0.000000000000000000e+00
1.060000000000000000e+02 -5.625469999999999970e+00 1.563205999999999918e+01 0.000000000000000000e+00
1.070000000000000000e+02 -6.960090000000000110e+00 1.730583000000000027e+01 0.000000000000000000e+00
1.080000000000000000e+02 -3.039759999999999796e+00 -1.729870000000000019e+01 0.000000000000000000e+00
1.090000000000000000e+02 -1.706409999999999982e+00 -1.333493999999999957e+01 0.000000000000000000e+00
1.100000000000000000e+02 -3.826309999999999878e+00 -1.381334999999999980e+01 0.000000000000000000e+00
1.110000000000000000e+02 -3.399000000000000021e+00 -1.176117999999999952e+01 0.000000000000000000e+00
1.120000000000000000e+02 -4.716330000000000133e+00 -1.006339000000000006e+01 0.000000000000000000e+00
1.130000000000000000e+02 -4.040639999999999787e+00 -8.126620000000000843e+00 0.000000000000000000e+00
1.140000000000000000e+02 -2.464669999999999916e+00 -4.263700000000000045e+00 0.000000000000000000e+00
1.150000000000000000e+02 -3.771339999999999915e+00 -2.604210000000000136e+00 0.000000000000000000e+00
1.160000000000000000e+02 -4.993450000000000166e+00 -8.543600000000000083e-01 0.000000000000000000e+00
1.170000000000000000e+02 -4.140179999999999971e+00 1.066440000000000055e+00 0.000000000000000000e+00
1.180000000000000000e+02 -5.362070000000000114e+00 2.757969999999999811e+00 0.000000000000000000e+00
1.190000000000000000e+02 -4.421310000000000073e+00 4.630919999999999703e+00 0.000000000000000000e+00
1.200000000000000000e+02 -3.586419999999999941e+00 6.613850000000000229e+00 0.000000000000000000e+00
1.210000000000000000e+02 -2.780429999999999957e+00 8.571569999999999467e+00 0.000000000000000000e+00
1.220000000000000000e+02 -4.034309999999999619e+00 1.029235000000000078e+01 0.000000000000000000e+00
1.230000000000000000e+02 -3.086300000000000043e+00 1.222383999999999915e+01 0.000000000000000000e+00
1.240000000000000000e+02 -4.246800000000000352e+00 1.397273999999999994e+01 0.000000000000000000e+00
1.250000000000000000e+02 -4.478080000000000283e+00 1.838591999999999871e+01 0.000000000000000000e+00
1.260000000000000000e+02 -1.194739999999999913e+00 -1.914189000000000007e+01 0.000000000000000000e+00
1.270000000000000000e+02 -2.385839999999999961e+00 -1.530794999999999995e+01 0.000000000000000000e+00
1.280000000000000000e+02 -1.024629999999999930e+00 -1.137772000000000006e+01 0.000000000000000000e+00
1.290000000000000000e+02 -2.491509999999999891e+00 -9.831820000000000448e+00 0.000000000000000000e+00
1.300000000000000000e+02 -1.852719999999999922e+00 -7.863819999999999588e+00 0.000000000000000000e+00
1.310000000000000000e+02 -3.216289999999999871e+00 -6.241450000000000387e+00 0.000000000000000000e+00
1.320000000000000000e+02 -4.224600000000000022e-01 -3.890330000000000066e+00 0.000000000000000000e+00
1.330000000000000000e+02 -1.727959999999999940e+00 -2.289289999999999825e+00 0.000000000000000000e+00
1.340000000000000000e+02 -2.906509999999999927e+00 -5.784399999999999542e-01 0.000000000000000000e+00
1.350000000000000000e+02 -1.918390000000000040e+00 1.251859999999999973e+00 0.000000000000000000e+00
1.360000000000000000e+02 -3.200439999999999952e+00 2.911420000000000119e+00 0.000000000000000000e+00
1.370000000000000000e+02 -2.341950000000000198e+00 4.876459999999999795e+00 0.000000000000000000e+00
1.380000000000000000e+02 -1.472490000000000077e+00 6.838219999999999743e+00 0.000000000000000000e+00
1.390000000000000000e+02 -6.159799999999999720e-01 8.798339999999999606e+00 0.000000000000000000e+00
1.400000000000000000e+02 -1.927589999999999915e+00 1.047513999999999967e+01 0.000000000000000000e+00
1.410000000000000000e+02 -2.173880000000000035e+00 1.408932000000000073e+01 0.000000000000000000e+00
1.420000000000000000e+02 -3.553129999999999900e+00 1.604362000000000066e+01 0.000000000000000000e+00
1.430000000000000000e+02 -2.422109999999999985e+00 1.786267000000000138e+01 0.000000000000000000e+00
1.440000000000000000e+02 -9.280500000000000416e-01 -1.701698999999999984e+01 0.000000000000000000e+00
1.450000000000000000e+02 -2.737800000000000233e-01 -1.493585000000000029e+01 0.000000000000000000e+00
1.460000000000000000e+02 3.648899999999999921e-01 -1.295736999999999917e+01 0.000000000000000000e+00
1.470000000000000000e+02 -3.758500000000000174e-01 -9.422710000000000363e+00 0.000000000000000000e+00
1.480000000000000000e+02 3.274099999999999788e-01 -7.437909999999999577e+00 0.000000000000000000e+00
1.490000000000000000e+02 -1.125590000000000090e+00 -5.869950000000000223e+00 0.000000000000000000e+00
1.500000000000000000e+02 9.480100000000000193e-01 -5.455420000000000158e+00 0.000000000000000000e+00
1.510000000000000000e+02 1.034620000000000095e+00 -2.362369999999999859e+00 0.000000000000000000e+00
1.520000000000000000e+02 -6.964700000000000335e-01 -4.580299999999999927e-01 0.000000000000000000e+00
1.530000000000000000e+02 1.502100000000000102e-01 1.462609999999999966e+00 0.000000000000000000e+00
1.540000000000000000e+02 -1.080640000000000045e+00 3.225270000000000081e+00 0.000000000000000000e+00
1.550000000000000000e+02 -2.304200000000000137e-01 5.137769999999999726e+00 0.000000000000000000e+00
1.560000000000000000e+02 6.384699999999999820e-01 7.040000000000000036e+00 0.000000000000000000e+00
1.570000000000000000e+02 3.513100000000000112e-01 1.070285999999999937e+01 0.000000000000000000e+00
1.580000000000000000e+02 -1.004440000000000000e+00 1.236668000000000056e+01 0.000000000000000000e+00
1.590000000000000000e+02 2.374000000000000069e-02 1.438002999999999965e+01 0.000000000000000000e+00
1.600000000000000000e+02 -1.120449999999999946e+00 1.619897999999999882e+01 0.000000000000000000e+00
1.610000000000000000e+02 -2.098899999999999932e-01 1.809170999999999907e+01 0.000000000000000000e+00
1.620000000000000000e+02 9.244499999999999940e-01 -1.889167000000000129e+01 0.000000000000000000e+00
1.630000000000000000e+02 1.238159999999999927e+00 -1.631678000000000139e+01 0.000000000000000000e+00
1.640000000000000000e+02 1.907580000000000053e+00 -1.432689000000000057e+01 0.000000000000000000e+00
1.650000000000000000e+02 1.252250000000000085e+00 -1.108283999999999914e+01 0.000000000000000000e+00
1.660000000000000000e+02 1.701740000000000030e+00 -8.977529999999999788e+00 0.000000000000000000e+00
1.670000000000000000e+02 2.338589999999999947e+00 -6.981230000000000047e+00 0.000000000000000000e+00
1.680000000000000000e+02 2.779830000000000023e+00 -4.513989999999999725e+00 0.000000000000000000e+00
1.690000000000000000e+02 3.111260000000000137e+00 -2.467799999999999994e+00 0.000000000000000000e+00
1.700000000000000000e+02 1.368160000000000043e+00 -3.079299999999999815e-01 0.000000000000000000e+00
1.710000000000000000e+02 2.202389999999999848e+00 1.611099999999999977e+00 0.000000000000000000e+00
1.720000000000000000e+02 9.900799999999999601e-01 3.332170000000000076e+00 0.000000000000000000e+00
1.730000000000000000e+02 1.860579999999999901e+00 5.372720000000000162e+00 0.000000000000000000e+00
1.740000000000000000e+02 2.790389999999999926e+00 7.229890000000000150e+00 0.000000000000000000e+00
1.750000000000000000e+02 1.577560000000000073e+00 8.899240000000000705e+00 0.000000000000000000e+00
1.760000000000000000e+02 2.458099999999999952e+00 1.087118000000000073e+01 0.000000000000000000e+00
1.770000000000000000e+02 1.157890000000000086e+00 1.261336999999999975e+01 0.000000000000000000e+00
1.780000000000000000e+02 1.117979999999999974e+00 1.615609999999999857e+01 0.000000000000000000e+00
1.790000000000000000e+02 7.727800000000000225e-01 1.993194000000000088e+01 0.000000000000000000e+00
1.800000000000000000e+02 2.807350000000000012e+00 -1.767543999999999826e+01 0.000000000000000000e+00
1.810000000000000000e+02 3.548709999999999809e+00 -1.558045000000000080e+01 0.000000000000000000e+00
1.820000000000000000e+02 2.829450000000000021e+00 -1.246374999999999922e+01 0.000000000000000000e+00
1.830000000000000000e+02 3.469120000000000203e+00 -1.045101999999999975e+01 0.000000000000000000e+00
1.840000000000000000e+02 3.969510000000000094e+00 -8.295299999999999230e+00 0.000000000000000000e+00
1.850000000000000000e+02 4.208990000000000009e+00 -6.065310000000000201e+00 0.000000000000000000e+00
1.860000000000000000e+02 4.749080000000000190e+00 -3.842379999999999907e+00 0.000000000000000000e+00
1.870000000000000000e+02 5.097660000000000302e+00 -1.808470000000000022e+00 0.000000000000000000e+00
1.880000000000000000e+02 3.437479999999999869e+00 -2.209899999999999920e-01 0.000000000000000000e+00
1.890000000000000000e+02 4.256140000000000256e+00 1.911000000000000032e+00 0.000000000000000000e+00
1.900000000000000000e+02 3.032449999999999868e+00 3.634399999999999853e+00 0.000000000000000000e+00
1.910000000000000000e+02 6.157040000000000290e+00 5.603699999999999903e+00 0.000000000000000000e+00
1.920000000000000000e+02 3.980239999999999778e+00 5.537980000000000125e+00 0.000000000000000000e+00
1.930000000000000000e+02 5.016429999999999723e+00 7.365730000000000111e+00 0.000000000000000000e+00
1.940000000000000000e+02 3.713330000000000020e+00 9.065060000000000784e+00 0.000000000000000000e+00
1.950000000000000000e+02 3.462340000000000195e+00 1.268502999999999936e+01 0.000000000000000000e+00
1.960000000000000000e+02 2.221999999999999975e+00 1.438676000000000066e+01 0.000000000000000000e+00
1.970000000000000000e+02 1.929559999999999942e+00 1.816597000000000151e+01 0.000000000000000000e+00
1.980000000000000000e+02 5.431969999999999743e+00 -1.719246000000000052e+01 0.000000000000000000e+00
1.990000000000000000e+02 4.530300000000000438e+00 -1.371425999999999945e+01 0.000000000000000000e+00
2.000000000000000000e+02 5.152940000000000076e+00 -1.174431000000000047e+01 0.000000000000000000e+00
2.010000000000000000e+02 5.483799999999999564e+00 -9.691539999999999822e+00 0.000000000000000000e+00
2.020000000000000000e+02 5.907399999999999984e+00 -7.478299999999999947e+00 0.000000000000000000e+00
2.030000000000000000e+02 6.163330000000000197e+00 -5.374579999999999913e+00 0.000000000000000000e+00
2.040000000000000000e+02 6.720550000000000246e+00 -3.189459999999999962e+00 0.000000000000000000e+00
2.050000000000000000e+02 7.036450000000000315e+00 -1.123939999999999939e+00 0.000000000000000000e+00
2.060000000000000000e+02 5.476849999999999774e+00 2.356399999999999884e-01 0.000000000000000000e+00
2.070000000000000000e+02 6.873709999999999987e+00 1.812110000000000110e+00 0.000000000000000000e+00
2.080000000000000000e+02 5.170200000000000351e+00 3.768470000000000208e+00 0.000000000000000000e+00
2.090000000000000000e+02 7.347780000000000200e+00 3.836910000000000043e+00 0.000000000000000000e+00
2.100000000000000000e+02 7.085829999999999629e+00 7.490750000000000242e+00 0.000000000000000000e+00
2.110000000000000000e+02 5.941239999999999633e+00 9.224869999999999237e+00 0.000000000000000000e+00
2.120000000000000000e+02 4.723910000000000053e+00 1.091289000000000087e+01 0.000000000000000000e+00
2.130000000000000000e+02 4.452009999999999579e+00 1.469036999999999971e+01 0.000000000000000000e+00
2.140000000000000000e+02 3.241270000000000095e+00 1.643724999999999881e+01 0.000000000000000000e+00
2.150000000000000000e+02 4.437210000000000321e+00 1.816638999999999982e+01 0.000000000000000000e+00
2.160000000000000000e+02 4.008359999999999701e+00 -1.936142999999999859e+01 0.000000000000000000e+00
2.170000000000000000e+02 6.255239999999999689e+00 -1.530324000000000062e+01 0.000000000000000000e+00
2.180000000000000000e+02 6.799100000000000144e+00 -1.305432000000000059e+01 0.000000000000000000e+00
2.190000000000000000e+02 7.143279999999999852e+00 -1.096738000000000035e+01 0.000000000000000000e+00
2.200000000000000000e+02 7.444989999999999775e+00 -8.900119999999999365e+00 0.000000000000000000e+00
2.210000000000000000e+02 7.881359999999999921e+00 -6.840580000000000105e+00 0.000000000000000000e+00
2.220000000000000000e+02 8.148529999999999163e+00 -4.692009999999999792e+00 0.000000000000000000e+00
2.230000000000000000e+02 8.640269999999999229e+00 -2.434930000000000039e+00 0.000000000000000000e+00
2.240000000000000000e+02 8.926209999999999312e+00 -2.643900000000000139e-01 0.000000000000000000e+00
2.250000000000000000e+02 1.092328000000000010e+01 3.229299999999999948e-01 0.000000000000000000e+00
2.260000000000000000e+02 8.951150000000000162e+00 1.852579999999999893e+00 0.000000000000000000e+00
2.270000000000000000e+02 9.467940000000000467e+00 3.878109999999999946e+00 0.000000000000000000e+00
2.280000000000000000e+02 8.387819999999999609e+00 5.679229999999999556e+00 0.000000000000000000e+00
2.290000000000000000e+02 8.135389999999999233e+00 9.567320000000000491e+00 0.000000000000000000e+00
2.300000000000000000e+02 6.838799999999999990e+00 1.117296999999999940e+01 0.000000000000000000e+00
2.310000000000000000e+02 5.558580000000000076e+00 1.284890000000000043e+01 0.000000000000000000e+00
2.320000000000000000e+02 6.763399999999999856e+00 1.459431999999999974e+01 0.000000000000000000e+00
2.330000000000000000e+02 5.672869999999999635e+00 1.636283999999999850e+01 0.000000000000000000e+00
2.340000000000000000e+02 7.978979999999999961e+00 -1.706901999999999830e+01 0.000000000000000000e+00
2.350000000000000000e+02 8.306649999999999423e+00 -1.449010999999999960e+01 0.000000000000000000e+00
2.360000000000000000e+02 8.754799999999999471e+00 -1.230344000000000015e+01 0.000000000000000000e+00
2.370000000000000000e+02 9.060140000000000526e+00 -1.022607999999999961e+01 0.000000000000000000e+00
2.380000000000000000e+02 9.559979999999999478e+00 -8.055680000000000618e+00 0.000000000000000000e+00
2.390000000000000000e+02 9.829729999999999634e+00 -5.947969999999999757e+00 0.000000000000000000e+00
2.400000000000000000e+02 1.037462999999999980e+01 -3.815010000000000012e+00 0.000000000000000000e+00
2.410000000000000000e+02 1.239905000000000079e+01 -3.094479999999999897e+00 0.000000000000000000e+00
2.420000000000000000e+02 1.063761000000000045e+01 -1.768399999999999972e+00 0.000000000000000000e+00
2.430000000000000000e+02 1.275173999999999985e+01 1.349490000000000078e+00 0.000000000000000000e+00
2.440000000000000000e+02 1.097139999999999915e+01 2.397930000000000117e+00 0.000000000000000000e+00
2.450000000000000000e+02 1.062528000000000006e+01 5.670829999999999593e+00 0.000000000000000000e+00
2.460000000000000000e+02 9.157400000000000873e+00 7.711240000000000094e+00 0.000000000000000000e+00
2.470000000000000000e+02 9.337379999999999569e+00 1.134096000000000082e+01 0.000000000000000000e+00
2.480000000000000000e+02 8.163840000000000430e+00 1.304152000000000022e+01 0.000000000000000000e+00
2.490000000000000000e+02 9.206950000000000855e+00 1.490738999999999947e+01 0.000000000000000000e+00
2.500000000000000000e+02 7.938939999999999664e+00 1.660266000000000020e+01 0.000000000000000000e+00
2.510000000000000000e+02 6.519490000000000229e+00 1.831885000000000119e+01 0.000000000000000000e+00
2.520000000000000000e+02 1.005326999999999948e+01 -1.606203999999999965e+01 0.000000000000000000e+00
2.530000000000000000e+02 1.030906000000000056e+01 -1.393547000000000047e+01 0.000000000000000000e+00
2.540000000000000000e+02 1.074174999999999969e+01 -1.161344000000000065e+01 0.000000000000000000e+00
2.550000000000000000e+02 1.108702000000000076e+01 -9.448980000000000601e+00 0.000000000000000000e+00
2.560000000000000000e+02 1.157365000000000066e+01 -7.214629999999999654e+00 0.000000000000000000e+00
2.570000000000000000e+02 1.207067999999999941e+01 -5.143130000000000202e+00 0.000000000000000000e+00
2.580000000000000000e+02 1.414758999999999922e+01 -4.277999999999999581e+00 0.000000000000000000e+00
2.590000000000000000e+02 1.428869000000000078e+01 -2.147269999999999790e+00 0.000000000000000000e+00
2.600000000000000000e+02 1.256883000000000017e+01 -9.397299999999999542e-01 0.000000000000000000e+00
2.610000000000000000e+02 1.460089999999999932e+01 2.350909999999999833e+00 0.000000000000000000e+00
2.620000000000000000e+02 1.270207000000000086e+01 3.536570000000000213e+00 0.000000000000000000e+00
2.630000000000000000e+02 1.272344000000000008e+01 5.661529999999999951e+00 0.000000000000000000e+00
2.640000000000000000e+02 1.148310999999999993e+01 7.551999999999999602e+00 0.000000000000000000e+00
2.650000000000000000e+02 1.036805000000000021e+01 9.449199999999999378e+00 0.000000000000000000e+00
2.660000000000000000e+02 1.140063999999999922e+01 1.125296999999999947e+01 0.000000000000000000e+00
2.670000000000000000e+02 1.045143999999999984e+01 1.320233999999999952e+01 0.000000000000000000e+00
2.680000000000000000e+02 1.138007999999999953e+01 1.510280000000000022e+01 0.000000000000000000e+00
2.690000000000000000e+02 1.037945000000000029e+01 1.695930999999999855e+01 0.000000000000000000e+00
2.700000000000000000e+02 1.197776999999999958e+01 -1.522658000000000023e+01 0.000000000000000000e+00
2.710000000000000000e+02 1.232818999999999932e+01 -1.298254000000000019e+01 0.000000000000000000e+00
2.720000000000000000e+02 1.271161999999999992e+01 -1.078330000000000055e+01 0.000000000000000000e+00
2.730000000000000000e+02 1.324877000000000038e+01 -8.687179999999999680e+00 0.000000000000000000e+00
2.740000000000000000e+02 1.379045999999999950e+01 -6.613109999999999822e+00 0.000000000000000000e+00
2.750000000000000000e+02 1.565671000000000035e+01 -5.719750000000000334e+00 0.000000000000000000e+00
2.760000000000000000e+02 1.611365999999999943e+01 -3.621360000000000134e+00 0.000000000000000000e+00
2.770000000000000000e+02 1.623427999999999827e+01 -1.267900000000000027e+00 0.000000000000000000e+00
2.780000000000000000e+02 1.446261999999999937e+01 4.802000000000000018e-02 0.000000000000000000e+00
2.790000000000000000e+02 1.624199000000000126e+01 1.087779999999999969e+00 0.000000000000000000e+00
2.800000000000000000e+02 1.472334999999999994e+01 4.605699999999999683e+00 0.000000000000000000e+00
2.810000000000000000e+02 1.755121000000000109e+01 5.922390000000000043e+00 0.000000000000000000e+00
2.820000000000000000e+02 1.575217999999999918e+01 7.265360000000000262e+00 0.000000000000000000e+00
2.830000000000000000e+02 1.359939999999999927e+01 7.659550000000000303e+00 0.000000000000000000e+00
2.840000000000000000e+02 1.244034000000000084e+01 9.389390000000000569e+00 0.000000000000000000e+00
2.850000000000000000e+02 1.467215000000000025e+01 9.466739999999999711e+00 0.000000000000000000e+00
2.860000000000000000e+02 1.351042999999999950e+01 1.116464999999999996e+01 0.000000000000000000e+00
2.870000000000000000e+02 1.257906999999999975e+01 1.304149999999999920e+01 0.000000000000000000e+00
2.880000000000000000e+02 1.397865000000000002e+01 -1.424125000000000085e+01 0.000000000000000000e+00
2.890000000000000000e+02 1.428583000000000069e+01 -1.213067000000000029e+01 0.000000000000000000e+00
2.900000000000000000e+02 1.479757000000000033e+01 -1.006675000000000075e+01 0.000000000000000000e+00
2.910000000000000000e+02 1.684129000000000076e+01 -9.747289999999999566e+00 0.000000000000000000e+00
2.920000000000000000e+02 1.562412999999999919e+01 -8.060969999999999303e+00 0.000000000000000000e+00
2.930000000000000000e+02 1.737155999999999878e+01 -6.904099999999999682e+00 0.000000000000000000e+00
2.940000000000000000e+02 1.796390999999999849e+01 -4.895819999999999617e+00 0.000000000000000000e+00
2.950000000000000000e+02 1.806475999999999971e+01 -2.610799999999999788e+00 0.000000000000000000e+00
2.960000000000000000e+02 1.809684000000000026e+01 -3.476899999999999991e-01 0.000000000000000000e+00
2.970000000000000000e+02 2.023290000000000077e+01 1.745670000000000055e+00 0.000000000000000000e+00
2.980000000000000000e+02 1.819565000000000055e+01 2.186360000000000081e+00 0.000000000000000000e+00
2.990000000000000000e+02 1.657079999999999842e+01 3.685869999999999980e+00 0.000000000000000000e+00
