0.000000000000000000e+00 -1.478514999999999979e+01 -1.499516000000000027e+01 0.000000000000000000e+00
1.000000000000000000e+00 -1.565206000000000053e+01 -1.277618000000000009e+01 0.000000000000000000e+00
2.000000000000000000e+00 -1.609881000000000029e+01 -1.048559999999999981e+01 0.000000000000000000e+00
3.000000000000000000e+00 -1.633998000000000062e+01 -8.305659999999999599e+00 0.000000000000000000e+00
4.000000000000000000e+00 -1.819985000000000142e+01 -6.929269999999999818e+00 0.000000000000000000e+00
5.000000000000000000e+00 -1.925283999999999907e+01 -5.144630000000000258e+00 0.000000000000000000e+00
6.000000000000000000e+00 -1.834584999999999866e+01 -2.718339999999999979e+00 0.000000000000000000e+00
7.000000000000000000e+00 -1.929129000000000005e+01 -5.286499999999999533e-01 0.000000000000000000e+00
8.000000000000000000e+00 -1.713059000000000154e+01 -7.423100000000000254e-01 0.000000000000000000e+00
9.000000000000000000e+00 -1.808108999999999966e+01 1.187000000000000055e+00 0.000000000000000000e+00
1.000000000000000000e+01 -1.916439000000000092e+01 3.009700000000000042e+00 0.000000000000000000e+00
1.100000000000000000e+01 -1.806146000000000029e+01 4.895010000000000083e+00 0.000000000000000000e+00
1.200000000000000000e+01 -1.698434999999999917e+01 6.777919999999999945e+00 0.000000000000000000e+00
1.300000000000000000e+01 -1.808100999999999914e+01 8.678449999999999775e+00 0.000000000000000000e+00
1.400000000000000000e+01 -1.581892000000000031e+01 8.507089999999999819e+00 0.000000000000000000e+00
1.500000000000000000e+01 -1.695649999999999835e+01 1.056681999999999988e+01 0.000000000000000000e+00
1.600000000000000000e+01 -1.595470000000000077e+01 1.237659000000000020e+01 0.000000000000000000e+00
1.700000000000000000e+01 -1.457513999999999932e+01 1.397326999999999941e+01 0.000000000000000000e+00
1.800000000000000000e+01 -1.273193000000000019e+01 -1.558882000000000012e+01 0.000000000000000000e+00
1.900000000000000000e+01 -1.338954999999999984e+01 -1.341480999999999923e+01 0.000000000000000000e+00
2.000000000000000000e+01 -1.408132999999999946e+01 -1.142482000000000042e+01 0.000000000000000000e+00
2.100000000000000000e+01 -1.441473000000000049e+01 -9.024689999999999657e+00 0.000000000000000000e+00
2.200000000000000000e+01 -1.616844999999999999e+01 -6.251960000000000406e+00 0.000000000000000000e+00
2.300000000000000000e+01 -1.728075000000000117e+01 -4.512679999999999580e+00 0.000000000000000000e+00
2.400000000000000000e+01 -1.513366000000000078e+01 -4.467520000000000380e+00 0.000000000000000000e+00
2.500000000000000000e+01 -1.622148999999999930e+01 -2.684260000000000090e+00 0.000000000000000000e+00
2.600000000000000000e+01 -1.500639999999999930e+01 -6.181999999999999718e-01 0.000000000000000000e+00
2.700000000000000000e+01 -1.592286000000000001e+01 1.218469999999999942e+00 0.000000000000000000e+00
2.800000000000000000e+01 -1.707870000000000132e+01 3.006520000000000081e+00 0.000000000000000000e+00
2.900000000000000000e+01 -1.599102000000000068e+01 4.893900000000000361e+00 0.000000000000000000e+00
3.000000000000000000e+01 -1.484049000000000085e+01 6.691220000000000390e+00 0.000000000000000000e+00
3.100000000000000000e+01 -1.369899000000000022e+01 8.417400000000000659e+00 0.000000000000000000e+00
3.200000000000000000e+01 -1.468130999999999986e+01 1.031539000000000073e+01 0.000000000000000000e+00
3.300000000000000000e+01 -1.346298999999999957e+01 1.202641000000000027e+01 0.000000000000000000e+00
3.400000000000000000e+01 -1.244257999999999953e+01 1.393177999999999983e+01 0.000000000000000000e+00
3.500000000000000000e+01 -1.155322999999999922e+01 1.578616000000000064e+01 0.000000000000000000e+00
3.600000000000000000e+01 -1.057335999999999920e+01 -1.639117999999999853e+01 0.000000000000000000e+00
3.700000000000000000e+01 -1.107259999999999955e+01 -1.433140999999999998e+01 0.000000000000000000e+00
3.800000000000000000e+01 -1.165282999999999980e+01 -1.230172999999999917e+01 0.000000000000000000e+00
3.900000000000000000e+01 -1.233474999999999966e+01 -1.028870000000000040e+01 0.000000000000000000e+00
4.000000000000000000e+01 -1.237134000000000000e+01 -8.224190000000000111e+00 0.000000000000000000e+00
4.100000000000000000e+01 -1.409425000000000061e+01 -6.377720000000000056e+00 0.000000000000000000e+00
4.200000000000000000e+01 -1.302998999999999974e+01 -4.471879999999999633e+00 0.000000000000000000e+00
4.300000000000000000e+01 -1.413340999999999958e+01 -2.494349999999999845e+00 0.000000000000000000e+00
4.400000000000000000e+01 -1.276929999999999943e+01 -7.056799999999999740e-01 0.000000000000000000e+00
4.500000000000000000e+01 -1.381048000000000009e+01 1.192649999999999988e+00 0.000000000000000000e+00
4.600000000000000000e+01 -1.486644000000000077e+01 3.039849999999999941e+00 0.000000000000000000e+00
4.700000000000000000e+01 -1.387190999999999974e+01 4.852759999999999962e+00 0.000000000000000000e+00
4.800000000000000000e+01 -1.267298000000000080e+01 6.543110000000000426e+00 0.000000000000000000e+00
4.900000000000000000e+01 -1.151531999999999911e+01 8.356009999999999494e+00 0.000000000000000000e+00
5.000000000000000000e+01 -1.249272999999999989e+01 1.016370000000000040e+01 0.000000000000000000e+00
5.100000000000000000e+01 -1.137345999999999968e+01 1.196443000000000012e+01 0.000000000000000000e+00
5.200000000000000000e+01 -1.037260999999999989e+01 1.377829999999999977e+01 0.000000000000000000e+00
5.300000000000000000e+01 -9.457359999999999545e+00 1.563124999999999964e+01 0.000000000000000000e+00
5.400000000000000000e+01 -8.532299999999999329e+00 -1.701648000000000138e+01 0.000000000000000000e+00
5.500000000000000000e+01 -8.890909999999999869e+00 -1.486693999999999960e+01 0.000000000000000000e+00
5.600000000000000000e+01 -9.613590000000000302e+00 -1.282071000000000005e+01 0.000000000000000000e+00
5.700000000000000000e+01 -1.026986999999999917e+01 -1.063418000000000063e+01 0.000000000000000000e+00
5.800000000000000000e+01 -1.029773999999999923e+01 -8.436420000000000030e+00 0.000000000000000000e+00
5.900000000000000000e+01 -1.190485999999999933e+01 -6.228900000000000325e+00 0.000000000000000000e+00
6.000000000000000000e+01 -1.079397999999999946e+01 -4.354720000000000368e+00 0.000000000000000000e+00
6.100000000000000000e+01 -1.187749999999999950e+01 -2.596020000000000216e+00 0.000000000000000000e+00
6.200000000000000000e+01 -1.069274000000000058e+01 -6.052100000000000257e-01 0.000000000000000000e+00
6.300000000000000000e+01 -1.172190999999999939e+01 1.199389999999999956e+00 0.000000000000000000e+00
6.400000000000000000e+01 -1.275510000000000055e+01 3.022060000000000191e+00 0.000000000000000000e+00
6.500000000000000000e+01 -1.162053000000000047e+01 4.737260000000000026e+00 0.000000000000000000e+00
6.600000000000000000e+01 -1.048568999999999996e+01 6.501990000000000158e+00 0.000000000000000000e+00
6.700000000000000000e+01 -9.367190000000000794e+00 8.310499999999999332e+00 0.000000000000000000e+00
6.800000000000000000e+01 -1.040269999999999939e+01 1.010458000000000034e+01 0.000000000000000000e+00
6.900000000000000000e+01 -9.294570000000000221e+00 1.189865999999999957e+01 0.000000000000000000e+00
7.000000000000000000e+01 -8.288259999999999295e+00 1.371649000000000029e+01 0.000000000000000000e+00
7.100000000000000000e+01 -8.499859999999999971e+00 1.746113000000000071e+01 0.000000000000000000e+00
7.200000000000000000e+01 -6.615090000000000359e+00 -1.794446999999999903e+01 0.000000000000000000e+00
7.300000000000000000e+01 -6.921780000000000044e+00 -1.559976999999999947e+01 0.000000000000000000e+00
7.400000000000000000e+01 -7.293790000000000440e+00 -1.355690000000000062e+01 0.000000000000000000e+00
7.500000000000000000e+01 -7.935410000000000075e+00 -1.155874000000000024e+01 0.000000000000000000e+00
7.600000000000000000e+01 -8.486969999999999459e+00 -9.516590000000000771e+00 0.000000000000000000e+00
7.700000000000000000e+01 -9.838720000000000354e+00 -6.279679999999999929e+00 0.000000000000000000e+00
7.800000000000000000e+01 -8.709920000000000329e+00 -4.244979999999999976e+00 0.000000000000000000e+00
7.900000000000000000e+01 -9.747650000000000148e+00 -2.477289999999999992e+00 0.000000000000000000e+00
8.000000000000000000e+01 -8.457969999999999544e+00 -8.055600000000000538e-01 0.000000000000000000e+00
8.100000000000000000e+01 -9.457280000000000797e+00 1.033700000000000063e+00 0.000000000000000000e+00
8.200000000000000000e+01 -1.057379000000000069e+01 2.946229999999999905e+00 0.000000000000000000e+00
8.300000000000000000e+01 -8.360730000000000217e+00 2.782270000000000021e+00 0.000000000000000000e+00
8.400000000000000000e+01 -9.371819999999999595e+00 4.672209999999999752e+00 0.000000000000000000e+00
8.500000000000000000e+01 -7.111650000000000027e+00 8.135630000000000805e+00 0.000000000000000000e+00
8.600000000000000000e+01 -8.292770000000000863e+00 1.008084000000000024e+01 0.000000000000000000e+00
8.700000000000000000e+01 -7.120129999999999626e+00 1.186246000000000045e+01 0.000000000000000000e+00
8.800000000000000000e+01 -7.324489999999999945e+00 1.562406000000000006e+01 0.000000000000000000e+00
8.900000000000000000e+01 -6.329460000000000086e+00 1.743861000000000061e+01 0.000000000000000000e+00
9.000000000000000000e+01 -5.438410000000000188e+00 -1.977683999999999997e+01 0.000000000000000000e+00
9.100000000000000000e+01 -4.622539999999999871e+00 -1.601490000000000080e+01 0.000000000000000000e+00
9.200000000000000000e+01 -5.248400000000000176e+00 -1.403855000000000075e+01 0.000000000000000000e+00
9.300000000000000000e+01 -5.760440000000000005e+00 -1.202163000000000004e+01 0.000000000000000000e+00
9.400000000000000000e+01 -6.486239999999999561e+00 -1.008324999999999960e+01 0.000000000000000000e+00
9.500000000000000000e+01 -7.013219999999999565e+00 -8.066010000000000346e+00 0.000000000000000000e+00
9.600000000000000000e+01 -7.786200000000000010e+00 -6.137669999999999959e+00 0.000000000000000000e+00
9.700000000000000000e+01 -6.529200000000000337e+00 -4.497690000000000410e+00 0.000000000000000000e+00
9.800000000000000000e+01 -7.450809999999999711e+00 -2.612589999999999968e+00 0.000000000000000000e+00
9.900000000000000000e+01 -6.348460000000000214e+00 -8.671799999999999509e-01 0.000000000000000000e+00
1.000000000000000000e+02 -7.344789999999999708e+00 9.475700000000000234e-01 0.000000000000000000e+00
1.010000000000000000e+02 -7.207980000000000054e+00 4.544159999999999755e+00 0.000000000000000000e+00
1.020000000000000000e+02 -8.258399999999999963e+00 6.425620000000000331e+00 0.000000000000000000e+00
1.030000000000000000e+02 -5.038100000000000023e+00 8.160040000000000404e+00 0.000000000000000000e+00
1.040000000000000000e+02 -6.084620000000000140e+00 9.942140000000000200e+00 0.000000000000000000e+00
1.050000000000000000e+02 -6.158669999999999867e+00 1.369937000000000005e+01 0.000000000000000000e+00
1.060000000000000000e+02 -5.132299999999999862e+00 1.552350000000000030e+01 0.000000000000000000e+00
1.070000000000000000e+02 -4.346580000000000332e+00 1.943639999999999901e+01 0.000000000000000000e+00
1.080000000000000000e+02 -4.146110000000000184e+00 -1.807618000000000080e+01 0.000000000000000000e+00
1.090000000000000000e+02 -3.144149999999999778e+00 -1.450295999999999985e+01 0.000000000000000000e+00
1.100000000000000000e+02 -3.712149999999999839e+00 -1.239216000000000051e+01 0.000000000000000000e+00
1.110000000000000000e+02 -4.312339999999999840e+00 -1.040435000000000088e+01 0.000000000000000000e+00
1.120000000000000000e+02 -4.963820000000000121e+00 -8.341620000000000701e+00 0.000000000000000000e+00
1.130000000000000000e+02 -5.726580000000000226e+00 -6.393869999999999720e+00 0.000000000000000000e+00
1.140000000000000000e+02 -3.684969999999999857e+00 -6.659399999999999764e+00 0.000000000000000000e+00
1.150000000000000000e+02 -4.456380000000000230e+00 -4.688299999999999912e+00 0.000000000000000000e+00
1.160000000000000000e+02 -5.355760000000000076e+00 -2.715809999999999835e+00 0.000000000000000000e+00
1.170000000000000000e+02 -4.279149999999999565e+00 -9.430100000000000149e-01 0.000000000000000000e+00
1.180000000000000000e+02 -6.242740000000000400e+00 2.699969999999999981e+00 0.000000000000000000e+00
1.190000000000000000e+02 -5.121030000000000193e+00 4.480909999999999727e+00 0.000000000000000000e+00
1.200000000000000000e+02 -6.059630000000000294e+00 6.317269999999999719e+00 0.000000000000000000e+00
1.210000000000000000e+02 -3.906550000000000189e+00 9.956720000000000681e+00 0.000000000000000000e+00
1.220000000000000000e+02 -5.024759999999999671e+00 1.172530000000000072e+01 0.000000000000000000e+00
1.230000000000000000e+02 -2.962880000000000180e+00 1.180451000000000050e+01 0.000000000000000000e+00
1.240000000000000000e+02 -4.083540000000000170e+00 1.358244999999999969e+01 0.000000000000000000e+00
1.250000000000000000e+02 -4.221099999999999852e+00 1.737938000000000116e+01 0.000000000000000000e+00
1.260000000000000000e+02 -2.159839999999999982e+00 -1.863476999999999961e+01 0.000000000000000000e+00
1.270000000000000000e+02 -2.503760000000000208e+00 -1.649247000000000085e+01 0.000000000000000000e+00
1.280000000000000000e+02 -1.670549999999999979e+00 -1.291702000000000083e+01 0.000000000000000000e+00
1.290000000000000000e+02 -2.293400000000000105e+00 -1.086055999999999955e+01 0.000000000000000000e+00
1.300000000000000000e+02 -2.940160000000000107e+00 -8.862959999999999283e+00 0.000000000000000000e+00
1.310000000000000000e+02 -1.631099999999999994e+00 -7.078039999999999665e+00 0.000000000000000000e+00
1.320000000000000000e+02 -2.369660000000000100e+00 -4.849120000000000097e+00 0.000000000000000000e+00
1.330000000000000000e+02 -3.314210000000000100e+00 -2.959769999999999790e+00 0.000000000000000000e+00
1.340000000000000000e+02 -2.170269999999999921e+00 -1.099679999999999991e+00 0.000000000000000000e+00
1.350000000000000000e+02 -5.108430000000000248e+00 9.541199999999999681e-01 0.000000000000000000e+00
1.360000000000000000e+02 -4.027160000000000295e+00 2.739949999999999886e+00 0.000000000000000000e+00
1.370000000000000000e+02 -2.856199999999999850e+00 4.469899999999999984e+00 0.000000000000000000e+00
1.380000000000000000e+02 -3.921510000000000051e+00 6.295219999999999594e+00 0.000000000000000000e+00
1.390000000000000000e+02 -2.890680000000000138e+00 8.086759999999999948e+00 0.000000000000000000e+00
1.400000000000000000e+02 -1.785199999999999898e+00 9.882300000000000750e+00 0.000000000000000000e+00
1.410000000000000000e+02 -1.951279999999999903e+00 1.361984999999999957e+01 0.000000000000000000e+00
1.420000000000000000e+02 -3.009479999999999933e+00 1.542885000000000062e+01 0.000000000000000000e+00
1.430000000000000000e+02 -1.801309999999999967e+00 1.806637999999999877e+01 0.000000000000000000e+00
1.440000000000000000e+02 -5.006800000000000139e-01 -1.705595999999999890e+01 0.000000000000000000e+00
1.450000000000000000e+02 -1.080629999999999979e+00 -1.495299999999999940e+01 0.000000000000000000e+00
1.460000000000000000e+02 3.931600000000000095e-01 -1.325413999999999959e+01 0.000000000000000000e+00
1.470000000000000000e+02 -2.221100000000000019e-01 -1.126576999999999984e+01 0.000000000000000000e+00
1.480000000000000000e+02 -8.942400000000000349e-01 -9.273339999999999250e+00 0.000000000000000000e+00
1.490000000000000000e+02 4.299499999999999988e-01 -7.668370000000000353e+00 0.000000000000000000e+00
1.500000000000000000e+02 -3.495900000000000118e-01 -5.433029999999999582e+00 0.000000000000000000e+00
1.510000000000000000e+02 -1.160160000000000080e+00 -3.188390000000000057e+00 0.000000000000000000e+00
1.520000000000000000e+02 -4.143000000000000155e-02 -1.345439999999999969e+00 0.000000000000000000e+00
1.530000000000000000e+02 -2.979330000000000034e+00 8.117100000000000426e-01 0.000000000000000000e+00
1.540000000000000000e+02 -1.828519999999999923e+00 2.547359999999999847e+00 0.000000000000000000e+00
1.550000000000000000e+02 -7.646800000000000264e-01 4.427950000000000053e+00 0.000000000000000000e+00
1.560000000000000000e+02 -1.784929999999999906e+00 6.323839999999999684e+00 0.000000000000000000e+00
1.570000000000000000e+02 -7.110600000000000254e-01 8.086029999999999163e+00 0.000000000000000000e+00
1.580000000000000000e+02 -7.744699999999999918e-01 1.170634000000000086e+01 0.000000000000000000e+00
1.590000000000000000e+02 2.067199999999999871e-01 1.358948999999999963e+01 0.000000000000000000e+00
1.600000000000000000e+02 -9.491000000000000547e-01 1.544200999999999979e+01 0.000000000000000000e+00
1.610000000000000000e+02 2.079499999999999960e-01 1.716732999999999976e+01 0.000000000000000000e+00
1.620000000000000000e+02 4.707200000000000273e-01 -1.897929999999999851e+01 0.000000000000000000e+00
1.630000000000000000e+02 1.703410000000000091e+00 -1.724471000000000132e+01 0.000000000000000000e+00
1.640000000000000000e+02 1.137629999999999919e+00 -1.522710000000000008e+01 0.000000000000000000e+00
1.650000000000000000e+02 1.829369999999999941e+00 -1.166210000000000058e+01 0.000000000000000000e+00
1.660000000000000000e+02 1.169389999999999930e+00 -9.710559999999999192e+00 0.000000000000000000e+00
1.670000000000000000e+02 1.683499999999999996e+00 -6.025990000000000180e+00 0.000000000000000000e+00
1.680000000000000000e+02 9.048199999999999577e-01 -3.755809999999999871e+00 0.000000000000000000e+00
1.690000000000000000e+02 2.088260000000000005e+00 -2.058510000000000062e+00 0.000000000000000000e+00
1.700000000000000000e+02 1.200790000000000024e+00 3.197400000000000242e-01 0.000000000000000000e+00
1.710000000000000000e+02 -8.958399999999999697e-01 5.518899999999999917e-01 0.000000000000000000e+00
1.720000000000000000e+02 2.836400000000000032e-01 2.566079999999999917e+00 0.000000000000000000e+00
1.730000000000000000e+02 1.380200000000000093e+00 4.420770000000000088e+00 0.000000000000000000e+00
1.740000000000000000e+02 3.282200000000000117e-01 6.241909999999999847e+00 0.000000000000000000e+00
1.750000000000000000e+02 1.365459999999999896e+00 8.130240000000000578e+00 0.000000000000000000e+00
1.760000000000000000e+02 3.221300000000000274e-01 9.925280000000000769e+00 0.000000000000000000e+00
1.770000000000000000e+02 1.287989999999999968e+00 1.175032000000000032e+01 0.000000000000000000e+00
1.780000000000000000e+02 1.338980000000000059e+00 1.541155999999999970e+01 0.000000000000000000e+00
1.790000000000000000e+02 8.355500000000000149e-01 1.915536000000000172e+01 0.000000000000000000e+00
1.800000000000000000e+02 2.679139999999999855e+00 -1.963903000000000176e+01 0.000000000000000000e+00
1.810000000000000000e+02 3.236029999999999962e+00 -1.575897999999999932e+01 0.000000000000000000e+00
1.820000000000000000e+02 2.535149999999999793e+00 -1.365971000000000046e+01 0.000000000000000000e+00
1.830000000000000000e+02 3.305099999999999927e+00 -1.016491000000000078e+01 0.000000000000000000e+00
1.840000000000000000e+02 2.485230000000000050e+00 -8.057280000000000442e+00 0.000000000000000000e+00
1.850000000000000000e+02 3.798290000000000166e+00 -6.469079999999999941e+00 0.000000000000000000e+00
1.860000000000000000e+02 2.992350000000000065e+00 -4.412670000000000314e+00 0.000000000000000000e+00
1.870000000000000000e+02 4.358880000000000088e+00 -2.806350000000000122e+00 0.000000000000000000e+00
1.880000000000000000e+02 3.214830000000000076e+00 -2.920900000000000163e-01 0.000000000000000000e+00
1.890000000000000000e+02 4.346840000000000259e+00 2.661639999999999784e+00 0.000000000000000000e+00
1.900000000000000000e+02 2.311069999999999958e+00 2.075660000000000061e+00 0.000000000000000000e+00
1.910000000000000000e+02 3.464480000000000004e+00 4.531609999999999694e+00 0.000000000000000000e+00
1.920000000000000000e+02 2.454639999999999933e+00 6.387430000000000163e+00 0.000000000000000000e+00
1.930000000000000000e+02 3.626840000000000064e+00 8.159729999999999706e+00 0.000000000000000000e+00
1.940000000000000000e+02 2.379129999999999967e+00 9.948359999999999204e+00 0.000000000000000000e+00
1.950000000000000000e+02 3.370950000000000113e+00 1.175981999999999950e+01 0.000000000000000000e+00
1.960000000000000000e+02 2.358989999999999920e+00 1.359510000000000041e+01 0.000000000000000000e+00
1.970000000000000000e+02 2.436269999999999936e+00 1.729821000000000097e+01 0.000000000000000000e+00
1.980000000000000000e+02 3.791040000000000187e+00 -1.782930999999999955e+01 0.000000000000000000e+00
1.990000000000000000e+02 4.553530000000000300e+00 -1.416718000000000011e+01 0.000000000000000000e+00
2.000000000000000000e+02 3.927350000000000119e+00 -1.213987999999999978e+01 0.000000000000000000e+00
2.010000000000000000e+02 5.408319999999999794e+00 -1.049932000000000087e+01 0.000000000000000000e+00
2.020000000000000000e+02 4.631910000000000416e+00 -8.471019999999999328e+00 0.000000000000000000e+00
2.030000000000000000e+02 5.840550000000000352e+00 -6.749430000000000263e+00 0.000000000000000000e+00
2.040000000000000000e+02 5.062940000000000218e+00 -4.817319999999999602e+00 0.000000000000000000e+00
2.050000000000000000e+02 5.740409999999999791e+00 -1.275749999999999940e+00 0.000000000000000000e+00
2.060000000000000000e+02 5.016779999999999795e+00 7.005599999999999605e-01 0.000000000000000000e+00
2.070000000000000000e+02 6.374410000000000132e+00 2.279150000000000009e+00 0.000000000000000000e+00
2.080000000000000000e+02 5.770590000000000330e+00 4.529189999999999827e+00 0.000000000000000000e+00
2.090000000000000000e+02 7.139529999999999710e+00 6.121819999999999595e+00 0.000000000000000000e+00
2.100000000000000000e+02 4.573229999999999684e+00 6.300950000000000273e+00 0.000000000000000000e+00
2.110000000000000000e+02 4.903389999999999915e+00 9.839930000000000732e+00 0.000000000000000000e+00
2.120000000000000000e+02 5.537420000000000009e+00 1.183841999999999928e+01 0.000000000000000000e+00
2.130000000000000000e+02 4.618710000000000093e+00 1.370482999999999940e+01 0.000000000000000000e+00
2.140000000000000000e+02 3.412739999999999885e+00 1.544767000000000046e+01 0.000000000000000000e+00
2.150000000000000000e+02 3.506400000000000183e+00 1.910574000000000083e+01 0.000000000000000000e+00
2.160000000000000000e+02 5.277829999999999799e+00 -1.639566999999999908e+01 0.000000000000000000e+00
2.170000000000000000e+02 6.631969999999999921e+00 -1.464957000000000065e+01 0.000000000000000000e+00
2.180000000000000000e+02 6.014319999999999666e+00 -1.264757999999999960e+01 0.000000000000000000e+00
2.190000000000000000e+02 7.472129999999999939e+00 -1.088505999999999929e+01 0.000000000000000000e+00
2.200000000000000000e+02 6.771600000000000286e+00 -8.822589999999999932e+00 0.000000000000000000e+00
2.210000000000000000e+02 8.147069999999999368e+00 -7.209730000000000416e+00 0.000000000000000000e+00
2.220000000000000000e+02 7.297959999999999781e+00 -5.242790000000000283e+00 0.000000000000000000e+00
2.230000000000000000e+02 6.508169999999999789e+00 -3.270929999999999893e+00 0.000000000000000000e+00
2.240000000000000000e+02 7.885530000000000150e+00 -1.687000000000000055e+00 0.000000000000000000e+00
2.250000000000000000e+02 7.165600000000000414e+00 2.771100000000000230e-01 0.000000000000000000e+00
2.260000000000000000e+02 8.458970000000000766e+00 1.909080000000000110e+00 0.000000000000000000e+00
2.270000000000000000e+02 7.807529999999999859e+00 3.974530000000000118e+00 0.000000000000000000e+00
2.280000000000000000e+02 5.851519999999999833e+00 7.921140000000000292e+00 0.000000000000000000e+00
2.290000000000000000e+02 7.244640000000000413e+00 9.602869999999999351e+00 0.000000000000000000e+00
2.300000000000000000e+02 7.590760000000000396e+00 1.167642000000000024e+01 0.000000000000000000e+00
2.310000000000000000e+02 6.712970000000000326e+00 1.355419999999999980e+01 0.000000000000000000e+00
2.320000000000000000e+02 5.659239999999999604e+00 1.549066999999999972e+01 0.000000000000000000e+00
2.330000000000000000e+02 4.630300000000000082e+00 1.736441999999999908e+01 0.000000000000000000e+00
2.340000000000000000e+02 7.623039999999999594e+00 -1.686418000000000106e+01 0.000000000000000000e+00
2.350000000000000000e+02 8.791109999999999758e+00 -1.488865000000000016e+01 0.000000000000000000e+00
2.360000000000000000e+02 8.084160000000000679e+00 -1.287332999999999927e+01 0.000000000000000000e+00
2.370000000000000000e+02 9.496869999999999479e+00 -1.131448999999999927e+01 0.000000000000000000e+00
2.380000000000000000e+02 8.852940000000000254e+00 -9.223689999999999500e+00 0.000000000000000000e+00
2.390000000000000000e+02 9.501440000000000552e+00 -5.578829999999999956e+00 0.000000000000000000e+00
2.400000000000000000e+02 8.699659999999999727e+00 -3.594489999999999963e+00 0.000000000000000000e+00
2.410000000000000000e+02 9.980809999999999960e+00 -1.981489999999999974e+00 0.000000000000000000e+00
2.420000000000000000e+02 9.226279999999999148e+00 -5.773999999999999966e-02 0.000000000000000000e+00
2.430000000000000000e+02 1.056272000000000055e+01 1.571769999999999889e+00 0.000000000000000000e+00
2.440000000000000000e+02 9.897090000000000387e+00 3.594500000000000028e+00 0.000000000000000000e+00
2.450000000000000000e+02 9.172060000000000102e+00 5.560130000000000017e+00 0.000000000000000000e+00
2.460000000000000000e+02 8.357060000000000599e+00 7.876470000000000304e+00 0.000000000000000000e+00
2.470000000000000000e+02 9.866360000000000241e+00 9.390240000000000364e+00 0.000000000000000000e+00
2.480000000000000000e+02 9.636760000000000659e+00 1.147544000000000075e+01 0.000000000000000000e+00
2.490000000000000000e+02 8.793870000000000076e+00 1.335698000000000008e+01 0.000000000000000000e+00
2.500000000000000000e+02 7.851810000000000400e+00 1.538648000000000060e+01 0.000000000000000000e+00
2.510000000000000000e+02 7.199880000000000280e+00 1.739984000000000108e+01 0.000000000000000000e+00
2.520000000000000000e+02 1.116353999999999935e+01 -1.539249000000000045e+01 0.000000000000000000e+00
2.530000000000000000e+02 1.030767999999999951e+01 -1.334553999999999974e+01 0.000000000000000000e+00
2.540000000000000000e+02 1.157606999999999964e+01 -1.158117999999999981e+01 0.000000000000000000e+00
2.550000000000000000e+02 1.089292999999999978e+01 -9.624470000000000525e+00 0.000000000000000000e+00
2.560000000000000000e+02 1.019832000000000072e+01 -7.575479999999999769e+00 0.000000000000000000e+00
2.570000000000000000e+02 1.154856999999999978e+01 -5.920829999999999593e+00 0.000000000000000000e+00
2.580000000000000000e+02 1.076843000000000039e+01 -3.887989999999999835e+00 0.000000000000000000e+00
2.590000000000000000e+02 1.209642999999999979e+01 -2.303139999999999965e+00 0.000000000000000000e+00
2.600000000000000000e+02 1.135929999999999929e+01 -3.722199999999999953e-01 0.000000000000000000e+00
2.610000000000000000e+02 1.277543000000000006e+01 1.208269999999999955e+00 0.000000000000000000e+00
2.620000000000000000e+02 1.194947999999999944e+01 3.183640000000000025e+00 0.000000000000000000e+00
2.630000000000000000e+02 1.125642999999999994e+01 5.342509999999999870e+00 0.000000000000000000e+00
2.640000000000000000e+02 1.049290000000000056e+01 7.335309999999999775e+00 0.000000000000000000e+00
2.650000000000000000e+02 1.200980000000000025e+01 8.841430000000000788e+00 0.000000000000000000e+00
2.660000000000000000e+02 1.165278999999999954e+01 1.094358000000000075e+01 0.000000000000000000e+00
2.670000000000000000e+02 1.103260000000000041e+01 1.315611999999999959e+01 0.000000000000000000e+00
2.680000000000000000e+02 1.014671000000000056e+01 1.509168000000000021e+01 0.000000000000000000e+00
2.690000000000000000e+02 9.300060000000000215e+00 1.708239000000000019e+01 0.000000000000000000e+00
2.700000000000000000e+02 1.241934999999999967e+01 -1.371265000000000001e+01 0.000000000000000000e+00
2.710000000000000000e+02 1.364058999999999955e+01 -1.204996000000000045e+01 0.000000000000000000e+00
2.720000000000000000e+02 1.302499000000000073e+01 -1.008201999999999998e+01 0.000000000000000000e+00
2.730000000000000000e+02 1.464716999999999913e+01 -8.439809999999999590e+00 0.000000000000000000e+00
2.740000000000000000e+02 1.226646999999999998e+01 -7.994570000000000398e+00 0.000000000000000000e+00
2.750000000000000000e+02 1.363227999999999973e+01 -6.392489999999999561e+00 0.000000000000000000e+00
2.760000000000000000e+02 1.283248000000000033e+01 -4.249170000000000336e+00 0.000000000000000000e+00
2.770000000000000000e+02 1.427049000000000056e+01 -2.758799999999999919e+00 0.000000000000000000e+00
2.780000000000000000e+02 1.355542999999999942e+01 -7.867499999999999494e-01 0.000000000000000000e+00
2.790000000000000000e+02 1.505387999999999948e+01 9.730199999999999960e-01 0.000000000000000000e+00
2.800000000000000000e+02 1.412142000000000053e+01 2.876840000000000064e+00 0.000000000000000000e+00
2.810000000000000000e+02 1.328436999999999912e+01 4.795630000000000059e+00 0.000000000000000000e+00
2.820000000000000000e+02 1.517520000000000024e+01 6.268559999999999910e+00 0.000000000000000000e+00
2.830000000000000000e+02 1.292080999999999946e+01 6.901139999999999830e+00 0.000000000000000000e+00
2.840000000000000000e+02 1.436331000000000024e+01 8.408129999999999882e+00 0.000000000000000000e+00
2.850000000000000000e+02 1.372761999999999993e+01 1.059563999999999950e+01 0.000000000000000000e+00
2.860000000000000000e+02 1.299554000000000009e+01 1.252025000000000077e+01 0.000000000000000000e+00
2.870000000000000000e+02 1.289948000000000050e+01 1.498221000000000025e+01 0.000000000000000000e+00
2.880000000000000000e+02 1.558344999999999914e+01 -1.312940000000000040e+01 0.000000000000000000e+00
2.890000000000000000e+02 1.530209999999999937e+01 -1.069256999999999991e+01 0.000000000000000000e+00
2.900000000000000000e+02 1.732534000000000063e+01 -9.415990000000000748e+00 0.000000000000000000e+00
2.910000000000000000e+02 1.706228000000000122e+01 -5.117130000000000400e+00 0.000000000000000000e+00
2.920000000000000000e+02 1.597132000000000041e+01 -6.860920000000000130e+00 0.000000000000000000e+00
2.930000000000000000e+02 1.639408999999999850e+01 -3.105949999999999989e+00 0.000000000000000000e+00
2.940000000000000000e+02 1.500543000000000049e+01 -4.730879999999999974e+00 0.000000000000000000e+00
2.950000000000000000e+02 1.772950000000000159e+01 -1.449540000000000051e+00 0.000000000000000000e+00
2.960000000000000000e+02 1.559749000000000052e+01 -1.026769999999999960e+00 0.000000000000000000e+00
2.970000000000000000e+02 1.708566000000000074e+01 5.908900000000000263e-01 0.000000000000000000e+00
2.980000000000000000e+02 1.645945999999999998e+01 2.561370000000000147e+00 0.000000000000000000e+00
2.990000000000000000e+02 1.695004000000000133e+01 5.020719999999999850e+00 0.000000000000000000e+00
