0.000000000000000000e+00 -1.318810000000000038e+01 -1.597108000000000061e+01 0.000000000000000000e+00
1.000000000000000000e+00 -1.438795999999999964e+01 -1.424986999999999959e+01 0.000000000000000000e+00
2.000000000000000000e+00 -1.612426999999999921e+01 -1.295594999999999963e+01 0.000000000000000000e+00
3.000000000000000000e+00 -1.610172999999999988e+01 -8.945069999999999411e+00 0.000000000000000000e+00
4.000000000000000000e+00 -1.506442000000000014e+01 -6.997060000000000279e+00 0.000000000000000000e+00
5.000000000000000000e+00 -1.722134000000000142e+01 -7.164839999999999876e+00 0.000000000000000000e+00
6.000000000000000000e+00 -1.761186000000000007e+01 -3.520640000000000214e+00 0.000000000000000000e+00
7.000000000000000000e+00 -1.896856999999999971e+01 -1.470329999999999915e+00 0.000000000000000000e+00
8.000000000000000000e+00 -1.674121999999999844e+01 -1.503609999999999891e+00 0.000000000000000000e+00
9.000000000000000000e+00 -1.755492999999999881e+01 4.227899999999999991e-01 0.000000000000000000e+00
1.000000000000000000e+01 -1.959200999999999837e+01 3.319739999999999913e+00 0.000000000000000000e+00
1.100000000000000000e+01 -1.770082999999999984e+01 4.145439999999999792e+00 0.000000000000000000e+00
1.200000000000000000e+01 -1.676620000000000132e+01 6.125070000000000014e+00 0.000000000000000000e+00
1.300000000000000000e+01 -1.889984000000000108e+01 5.960440000000000182e+00 0.000000000000000000e+00
1.400000000000000000e+01 -1.791163999999999845e+01 7.887599999999999945e+00 0.000000000000000000e+00
1.500000000000000000e+01 -1.702007000000000048e+01 1.001440000000000019e+01 0.000000000000000000e+00
1.600000000000000000e+01 -1.594304999999999950e+01 1.190033000000000030e+01 0.000000000000000000e+00
1.700000000000000000e+01 -1.467018999999999984e+01 1.372396999999999956e+01 0.000000000000000000e+00
1.800000000000000000e+01 -1.107241999999999926e+01 -1.605891000000000091e+01 0.000000000000000000e+00
1.900000000000000000e+01 -1.230016999999999960e+01 -1.407494999999999941e+01 0.000000000000000000e+00
2.000000000000000000e+01 -1.348967999999999989e+01 -1.234788999999999959e+01 0.000000000000000000e+00
2.100000000000000000e+01 -1.484259999999999913e+01 -1.067351000000000028e+01 0.000000000000000000e+00
2.200000000000000000e+01 -1.366338999999999970e+01 -8.627620000000000289e+00 0.000000000000000000e+00
2.300000000000000000e+01 -1.625958999999999932e+01 -5.117549999999999599e+00 0.000000000000000000e+00
2.400000000000000000e+01 -1.411368000000000045e+01 -5.037709999999999688e+00 0.000000000000000000e+00
2.500000000000000000e+01 -1.550173999999999985e+01 -3.173039999999999861e+00 0.000000000000000000e+00
2.600000000000000000e+01 -1.449091999999999913e+01 -1.332600000000000007e+00 0.000000000000000000e+00
2.700000000000000000e+01 -1.549009999999999998e+01 6.413900000000000157e-01 0.000000000000000000e+00
2.800000000000000000e+01 -1.658961000000000041e+01 2.415470000000000006e+00 0.000000000000000000e+00
2.900000000000000000e+01 -1.564039000000000001e+01 4.285800000000000054e+00 0.000000000000000000e+00
3.000000000000000000e+01 -1.463706999999999958e+01 6.112479999999999691e+00 0.000000000000000000e+00
3.100000000000000000e+01 -1.353045000000000009e+01 8.019209999999999283e+00 0.000000000000000000e+00
3.200000000000000000e+01 -1.573864000000000019e+01 8.001749999999999474e+00 0.000000000000000000e+00
3.300000000000000000e+01 -1.492700999999999922e+01 9.908680000000000376e+00 0.000000000000000000e+00
3.400000000000000000e+01 -1.377632999999999974e+01 1.182896000000000036e+01 0.000000000000000000e+00
3.500000000000000000e+01 -1.256353000000000009e+01 1.365262000000000064e+01 0.000000000000000000e+00
3.600000000000000000e+01 -8.854219999999999757e+00 -1.586255000000000059e+01 0.000000000000000000e+00
3.700000000000000000e+01 -1.007386999999999944e+01 -1.408146999999999949e+01 0.000000000000000000e+00
3.800000000000000000e+01 -1.132831999999999972e+01 -1.224915999999999983e+01 0.000000000000000000e+00
3.900000000000000000e+01 -1.251087000000000060e+01 -1.045498000000000083e+01 0.000000000000000000e+00
4.000000000000000000e+01 -1.154149999999999920e+01 -8.601150000000000517e+00 0.000000000000000000e+00
4.100000000000000000e+01 -1.281931999999999938e+01 -6.755600000000000271e+00 0.000000000000000000e+00
4.200000000000000000e+01 -1.206832999999999956e+01 -4.832279999999999909e+00 0.000000000000000000e+00
4.300000000000000000e+01 -1.334890000000000043e+01 -3.084540000000000060e+00 0.000000000000000000e+00
4.400000000000000000e+01 -1.239798000000000044e+01 -1.148830000000000018e+00 0.000000000000000000e+00
4.500000000000000000e+01 -1.338011000000000017e+01 6.901699999999999502e-01 0.000000000000000000e+00
4.600000000000000000e+01 -1.451868999999999943e+01 2.485749999999999904e+00 0.000000000000000000e+00
4.700000000000000000e+01 -1.345599999999999952e+01 4.389579999999999593e+00 0.000000000000000000e+00
4.800000000000000000e+01 -1.248595000000000077e+01 6.241570000000000285e+00 0.000000000000000000e+00
4.900000000000000000e+01 -1.142833000000000077e+01 8.215090000000000003e+00 0.000000000000000000e+00
5.000000000000000000e+01 -1.249328000000000038e+01 9.963430000000000675e+00 0.000000000000000000e+00
5.100000000000000000e+01 -1.151924999999999955e+01 1.182296000000000014e+01 0.000000000000000000e+00
5.200000000000000000e+01 -1.007577999999999996e+01 1.334023999999999965e+01 0.000000000000000000e+00
5.300000000000000000e+01 -1.130397999999999925e+01 1.532072999999999929e+01 0.000000000000000000e+00
5.400000000000000000e+01 -7.721020000000000216e+00 -1.760133000000000081e+01 0.000000000000000000e+00
5.500000000000000000e+01 -7.958569999999999922e+00 -1.378175000000000061e+01 0.000000000000000000e+00
5.600000000000000000e+01 -9.113609999999999545e+00 -1.203734000000000037e+01 0.000000000000000000e+00
5.700000000000000000e+01 -1.036239999999999917e+01 -1.034761999999999915e+01 0.000000000000000000e+00
5.800000000000000000e+01 -9.496510000000000673e+00 -8.408189999999999387e+00 0.000000000000000000e+00
5.900000000000000000e+01 -1.075308000000000064e+01 -6.635970000000000368e+00 0.000000000000000000e+00
6.000000000000000000e+01 -9.952690000000000481e+00 -4.733660000000000423e+00 0.000000000000000000e+00
6.100000000000000000e+01 -1.126905000000000001e+01 -2.920589999999999797e+00 0.000000000000000000e+00
6.200000000000000000e+01 -1.032499999999999929e+01 -1.060259999999999980e+00 0.000000000000000000e+00
6.300000000000000000e+01 -1.132212999999999958e+01 8.385799999999999921e-01 0.000000000000000000e+00
6.400000000000000000e+01 -1.237618999999999936e+01 2.624690000000000190e+00 0.000000000000000000e+00
6.500000000000000000e+01 -1.135909000000000013e+01 4.481889999999999930e+00 0.000000000000000000e+00
6.600000000000000000e+01 -1.037862999999999936e+01 6.388969999999999594e+00 0.000000000000000000e+00
6.700000000000000000e+01 -9.303219999999999601e+00 8.296659999999999258e+00 0.000000000000000000e+00
6.800000000000000000e+01 -1.037664000000000009e+01 1.009798999999999936e+01 0.000000000000000000e+00
6.900000000000000000e+01 -8.877819999999999823e+00 1.156744999999999912e+01 0.000000000000000000e+00
7.000000000000000000e+01 -9.022769999999999513e+00 1.511158000000000001e+01 0.000000000000000000e+00
7.100000000000000000e+01 -8.875170000000000670e+00 1.727749999999999986e+01 0.000000000000000000e+00
7.200000000000000000e+01 -5.588219999999999743e+00 -1.740619999999999834e+01 0.000000000000000000e+00
7.300000000000000000e+01 -6.706780000000000186e+00 -1.553913999999999973e+01 0.000000000000000000e+00
7.400000000000000000e+01 -7.001949999999999896e+00 -1.188573000000000057e+01 0.000000000000000000e+00
7.500000000000000000e+01 -8.291109999999999758e+00 -1.014616999999999969e+01 0.000000000000000000e+00
7.600000000000000000e+01 -7.412180000000000213e+00 -8.179840000000000444e+00 0.000000000000000000e+00
7.700000000000000000e+01 -8.670120000000000715e+00 -6.507760000000000211e+00 0.000000000000000000e+00
7.800000000000000000e+01 -7.861989999999999590e+00 -4.583599999999999675e+00 0.000000000000000000e+00
7.900000000000000000e+01 -9.132870000000000488e+00 -2.768440000000000012e+00 0.000000000000000000e+00
8.000000000000000000e+01 -8.197380000000000777e+00 -8.897399999999999753e-01 0.000000000000000000e+00
8.100000000000000000e+01 -9.134460000000000690e+00 9.762699999999999712e-01 0.000000000000000000e+00
8.200000000000000000e+01 -1.024349999999999916e+01 2.743669999999999831e+00 0.000000000000000000e+00
8.300000000000000000e+01 -9.289609999999999701e+00 4.625270000000000437e+00 0.000000000000000000e+00
8.400000000000000000e+01 -8.233090000000000686e+00 6.462180000000000035e+00 0.000000000000000000e+00
8.500000000000000000e+01 -7.204430000000000334e+00 8.258739999999999526e+00 0.000000000000000000e+00
8.600000000000000000e+01 -7.192660000000000053e+00 1.033506999999999998e+01 0.000000000000000000e+00
8.700000000000000000e+01 -7.718860000000000277e+00 1.337550000000000061e+01 0.000000000000000000e+00
8.800000000000000000e+01 -6.950829999999999842e+00 1.552430999999999983e+01 0.000000000000000000e+00
8.900000000000000000e+01 -6.588449999999999918e+00 1.757220999999999833e+01 0.000000000000000000e+00
9.000000000000000000e+01 -4.613069999999999560e+00 -1.930870000000000175e+01 0.000000000000000000e+00
9.100000000000000000e+01 -4.306560000000000166e+00 -1.523879999999999946e+01 0.000000000000000000e+00
9.200000000000000000e+01 -5.655079999999999885e+00 -1.356832999999999956e+01 0.000000000000000000e+00
9.300000000000000000e+01 -6.211490000000000400e+00 -9.948629999999999640e+00 0.000000000000000000e+00
9.400000000000000000e+01 -5.267649999999999721e+00 -7.996039999999999814e+00 0.000000000000000000e+00
9.500000000000000000e+01 -6.581769999999999676e+00 -6.296009999999999884e+00 0.000000000000000000e+00
9.600000000000000000e+01 -5.792489999999999917e+00 -4.373009999999999842e+00 0.000000000000000000e+00
9.700000000000000000e+01 -7.035630000000000273e+00 -2.669090000000000185e+00 0.000000000000000000e+00
9.800000000000000000e+01 -6.140699999999999825e+00 -7.371600000000000374e-01 0.000000000000000000e+00
9.900000000000000000e+01 -6.675989999999999647e+00 1.302170000000000050e+00 0.000000000000000000e+00
1.000000000000000000e+02 -8.144780000000000797e+00 2.847059999999999924e+00 0.000000000000000000e+00
1.010000000000000000e+02 -7.098519999999999719e+00 4.728100000000000414e+00 0.000000000000000000e+00
1.020000000000000000e+02 -5.872899999999999565e+00 6.492539999999999978e+00 0.000000000000000000e+00
1.030000000000000000e+02 -5.159790000000000099e+00 8.494160000000000821e+00 0.000000000000000000e+00
1.040000000000000000e+02 -6.031990000000000407e+00 1.203508000000000067e+01 0.000000000000000000e+00
1.050000000000000000e+02 -5.400820000000000398e+00 1.402903000000000056e+01 0.000000000000000000e+00
1.060000000000000000e+02 -4.838599999999999568e+00 1.611682000000000059e+01 0.000000000000000000e+00
1.070000000000000000e+02 -3.180320000000000036e+00 1.864295999999999864e+01 0.000000000000000000e+00
1.080000000000000000e+02 -3.247399999999999842e+00 -1.701933000000000007e+01 0.000000000000000000e+00
1.090000000000000000e+02 -2.205820000000000114e+00 -1.487730999999999959e+01 0.000000000000000000e+00
1.100000000000000000e+02 -3.527439999999999909e+00 -1.328350999999999971e+01 0.000000000000000000e+00
1.110000000000000000e+02 -4.924970000000000070e+00 -1.163007999999999953e+01 0.000000000000000000e+00
1.120000000000000000e+02 -4.072210000000000107e+00 -9.687250000000000583e+00 0.000000000000000000e+00
1.130000000000000000e+02 -4.508460000000000356e+00 -6.000659999999999883e+00 0.000000000000000000e+00
1.140000000000000000e+02 -3.633379999999999832e+00 -4.087449999999999584e+00 0.000000000000000000e+00
1.150000000000000000e+02 -4.914030000000000342e+00 -2.441279999999999895e+00 0.000000000000000000e+00
1.160000000000000000e+02 -4.084529999999999994e+00 -5.349500000000000366e-01 0.000000000000000000e+00
1.170000000000000000e+02 -4.320310000000000095e+00 1.550810000000000022e+00 0.000000000000000000e+00
1.180000000000000000e+02 -5.599140000000000228e+00 3.194669999999999899e+00 0.000000000000000000e+00
1.190000000000000000e+02 -4.390710000000000335e+00 4.947269999999999612e+00 0.000000000000000000e+00
1.200000000000000000e+02 -3.795669999999999877e+00 6.910230000000000317e+00 0.000000000000000000e+00
1.210000000000000000e+02 -3.097140000000000004e+00 8.888609999999999900e+00 0.000000000000000000e+00
1.220000000000000000e+02 -4.586579999999999657e+00 1.052379999999999960e+01 0.000000000000000000e+00
1.230000000000000000e+02 -3.916920000000000179e+00 1.256117000000000061e+01 0.000000000000000000e+00
1.240000000000000000e+02 -3.327900000000000080e+00 1.453151000000000082e+01 0.000000000000000000e+00
1.250000000000000000e+02 -2.783770000000000078e+00 1.660737999999999914e+01 0.000000000000000000e+00
1.260000000000000000e+02 -1.708730000000000082e+00 -1.884900000000000020e+01 0.000000000000000000e+00
1.270000000000000000e+02 -9.127300000000000413e-01 -1.652931999999999846e+01 0.000000000000000000e+00
1.280000000000000000e+02 -1.474339999999999984e+00 -1.291324000000000005e+01 0.000000000000000000e+00
1.290000000000000000e+02 -2.800499999999999989e+00 -1.131973999999999947e+01 0.000000000000000000e+00
1.300000000000000000e+02 -2.029240000000000155e+00 -9.378819999999999268e+00 0.000000000000000000e+00
1.310000000000000000e+02 -3.220779999999999976e+00 -7.702130000000000365e+00 0.000000000000000000e+00
1.320000000000000000e+02 -1.590940000000000021e+00 -3.842299999999999827e+00 0.000000000000000000e+00
1.330000000000000000e+02 -2.815589999999999815e+00 -2.191749999999999865e+00 0.000000000000000000e+00
1.340000000000000000e+02 -2.022320000000000118e+00 -2.757899999999999796e-01 0.000000000000000000e+00
1.350000000000000000e+02 -1.539379999999999971e+00 1.776820000000000066e+00 0.000000000000000000e+00
1.360000000000000000e+02 -3.094879999999999853e+00 3.232979999999999965e+00 0.000000000000000000e+00
1.370000000000000000e+02 -2.357120000000000104e+00 5.283150000000000013e+00 0.000000000000000000e+00
1.380000000000000000e+02 -1.720900000000000096e+00 7.262520000000000309e+00 0.000000000000000000e+00
1.390000000000000000e+02 -1.021009999999999973e+00 9.240479999999999805e+00 0.000000000000000000e+00
1.400000000000000000e+02 -2.508939999999999948e+00 1.087833000000000006e+01 0.000000000000000000e+00
1.410000000000000000e+02 -1.782380000000000075e+00 1.284999000000000002e+01 0.000000000000000000e+00
1.420000000000000000e+02 -1.227379999999999916e+00 1.488841000000000037e+01 0.000000000000000000e+00
1.430000000000000000e+02 -4.464099999999999735e-01 1.688410000000000011e+01 0.000000000000000000e+00
1.440000000000000000e+02 3.631499999999999728e-01 -1.819876999999999967e+01 0.000000000000000000e+00
1.450000000000000000e+02 -1.567900000000000127e-01 -1.452645000000000053e+01 0.000000000000000000e+00
1.460000000000000000e+02 8.014799999999999702e-01 -1.256872000000000078e+01 0.000000000000000000e+00
1.470000000000000000e+02 -6.467899999999999761e-01 -1.090976999999999997e+01 0.000000000000000000e+00
1.480000000000000000e+02 -1.160679999999999934e+00 -7.486030000000000406e+00 0.000000000000000000e+00
1.490000000000000000e+02 -3.331600000000000117e-01 -5.496599999999999930e+00 0.000000000000000000e+00
1.500000000000000000e+02 -2.425429999999999975e+00 -5.781259999999999621e+00 0.000000000000000000e+00
1.510000000000000000e+02 -7.389200000000000212e-01 -1.903200000000000003e+00 0.000000000000000000e+00
1.520000000000000000e+02 5.420000000000000338e-03 1.599899999999999933e-01 0.000000000000000000e+00
1.530000000000000000e+02 4.883600000000000163e-01 2.159590000000000121e+00 0.000000000000000000e+00
1.540000000000000000e+02 -9.411599999999999966e-01 3.795720000000000205e+00 0.000000000000000000e+00
1.550000000000000000e+02 -2.640199999999999769e-01 5.773119999999999585e+00 0.000000000000000000e+00
1.560000000000000000e+02 4.542100000000000026e-01 7.712449999999999584e+00 0.000000000000000000e+00
1.570000000000000000e+02 1.027330000000000076e+00 9.730290000000000106e+00 0.000000000000000000e+00
1.580000000000000000e+02 -3.829799999999999871e-01 1.122465000000000046e+01 0.000000000000000000e+00
1.590000000000000000e+02 2.597999999999999754e-01 1.321228999999999942e+01 0.000000000000000000e+00
1.600000000000000000e+02 8.856500000000000483e-01 1.517492000000000019e+01 0.000000000000000000e+00
1.610000000000000000e+02 2.034510000000000041e+00 1.789039999999999964e+01 0.000000000000000000e+00
1.620000000000000000e+02 1.795520000000000005e+00 -1.982629000000000019e+01 0.000000000000000000e+00
1.630000000000000000e+02 2.709810000000000052e+00 -1.790622000000000114e+01 0.000000000000000000e+00
1.640000000000000000e+02 1.289949999999999930e+00 -1.620522000000000062e+01 0.000000000000000000e+00
1.650000000000000000e+02 1.731060000000000043e+00 -1.068218000000000067e+01 0.000000000000000000e+00
1.660000000000000000e+02 2.562499999999999778e-01 -9.052509999999999835e+00 0.000000000000000000e+00
1.670000000000000000e+02 1.839080000000000048e+00 -5.175650000000000084e+00 0.000000000000000000e+00
1.680000000000000000e+02 5.158700000000000507e-01 -3.558279999999999887e+00 0.000000000000000000e+00
1.690000000000000000e+02 1.287870000000000070e+00 -1.496070000000000011e+00 0.000000000000000000e+00
1.700000000000000000e+02 2.037459999999999827e+00 5.626499999999999835e-01 0.000000000000000000e+00
1.710000000000000000e+02 2.532070000000000043e+00 2.617100000000000204e+00 0.000000000000000000e+00
1.720000000000000000e+02 1.098230000000000040e+00 4.198559999999999626e+00 0.000000000000000000e+00
1.730000000000000000e+02 3.195289999999999964e+00 4.575190000000000090e+00 0.000000000000000000e+00
1.740000000000000000e+02 1.832510000000000083e+00 6.169859999999999900e+00 0.000000000000000000e+00
1.750000000000000000e+02 2.490940000000000154e+00 8.161590000000000344e+00 0.000000000000000000e+00
1.760000000000000000e+02 1.682199999999999918e+00 1.170983000000000018e+01 0.000000000000000000e+00
1.770000000000000000e+02 2.309569999999999901e+00 1.366653999999999947e+01 0.000000000000000000e+00
1.780000000000000000e+02 2.857549999999999812e+00 1.578823000000000043e+01 0.000000000000000000e+00
1.790000000000000000e+02 3.045999999999999819e+00 2.009984999999999999e+01 0.000000000000000000e+00
1.800000000000000000e+02 4.621719999999999828e+00 -1.947637999999999892e+01 0.000000000000000000e+00
1.810000000000000000e+02 2.246150000000000091e+00 -1.418706000000000067e+01 0.000000000000000000e+00
1.820000000000000000e+02 3.214370000000000172e+00 -1.233943000000000012e+01 0.000000000000000000e+00
1.830000000000000000e+02 3.806789999999999896e+00 -1.030336999999999925e+01 0.000000000000000000e+00
1.840000000000000000e+02 2.449640000000000040e+00 -8.628869999999999152e+00 0.000000000000000000e+00
1.850000000000000000e+02 9.734699999999999465e-01 -7.099560000000000315e+00 0.000000000000000000e+00
1.860000000000000000e+02 3.272269999999999790e+00 -6.722540000000000404e+00 0.000000000000000000e+00
1.870000000000000000e+02 2.586450000000000138e+00 -3.213480000000000114e+00 0.000000000000000000e+00
1.880000000000000000e+02 3.348310000000000120e+00 -1.106179999999999941e+00 0.000000000000000000e+00
1.890000000000000000e+02 4.074690000000000367e+00 9.508999999999999675e-01 0.000000000000000000e+00
1.900000000000000000e+02 4.716929999999999623e+00 2.913289999999999935e+00 0.000000000000000000e+00
1.910000000000000000e+02 5.301859999999999573e+00 4.897840000000000416e+00 0.000000000000000000e+00
1.920000000000000000e+02 3.972589999999999844e+00 6.530820000000000292e+00 0.000000000000000000e+00
1.930000000000000000e+02 4.543599999999999639e+00 8.520020000000000593e+00 0.000000000000000000e+00
1.940000000000000000e+02 3.074419999999999931e+00 1.013837000000000010e+01 0.000000000000000000e+00
1.950000000000000000e+02 3.820530000000000204e+00 1.213686000000000043e+01 0.000000000000000000e+00
1.960000000000000000e+02 4.402479999999999727e+00 1.425132999999999939e+01 0.000000000000000000e+00
1.970000000000000000e+02 5.023360000000000269e+00 1.628661999999999921e+01 0.000000000000000000e+00
1.980000000000000000e+02 3.360700000000000021e+00 -1.594782000000000011e+01 0.000000000000000000e+00
1.990000000000000000e+02 4.337790000000000035e+00 -1.411237999999999992e+01 0.000000000000000000e+00
2.000000000000000000e+02 5.280809999999999782e+00 -1.201676999999999929e+01 0.000000000000000000e+00
2.010000000000000000e+02 4.585820000000000007e+00 -8.331089999999999662e+00 0.000000000000000000e+00
2.020000000000000000e+02 5.323039999999999772e+00 -6.380679999999999907e+00 0.000000000000000000e+00
2.030000000000000000e+02 5.991830000000000211e+00 -4.352170000000000094e+00 0.000000000000000000e+00
2.040000000000000000e+02 3.968500000000000139e+00 -4.786529999999999951e+00 0.000000000000000000e+00
2.050000000000000000e+02 4.658870000000000289e+00 -2.746430000000000149e+00 0.000000000000000000e+00
2.060000000000000000e+02 5.427480000000000082e+00 -7.984799999999999676e-01 0.000000000000000000e+00
2.070000000000000000e+02 6.183279999999999887e+00 1.328319999999999945e+00 0.000000000000000000e+00
2.080000000000000000e+02 6.797080000000000233e+00 3.333860000000000046e+00 0.000000000000000000e+00
2.090000000000000000e+02 7.416249999999999787e+00 5.417989999999999640e+00 0.000000000000000000e+00
2.100000000000000000e+02 6.087979999999999947e+00 7.040390000000000370e+00 0.000000000000000000e+00
2.110000000000000000e+02 6.715270000000000294e+00 9.008240000000000691e+00 0.000000000000000000e+00
2.120000000000000000e+02 5.180979999999999919e+00 1.049961000000000055e+01 0.000000000000000000e+00
2.130000000000000000e+02 5.869530000000000136e+00 1.276032000000000011e+01 0.000000000000000000e+00
2.140000000000000000e+02 7.014949999999999797e+00 1.686450999999999922e+01 0.000000000000000000e+00
2.150000000000000000e+02 4.695619999999999905e+00 1.856003000000000114e+01 0.000000000000000000e+00
2.160000000000000000e+02 4.922030000000000349e+00 -1.742437999999999931e+01 0.000000000000000000e+00
2.170000000000000000e+02 5.894300000000000317e+00 -1.554776000000000025e+01 0.000000000000000000e+00
2.180000000000000000e+02 6.698279999999999568e+00 -1.358811999999999998e+01 0.000000000000000000e+00
2.190000000000000000e+02 5.905380000000000074e+00 -9.953219999999999956e+00 0.000000000000000000e+00
2.200000000000000000e+02 6.719280000000000364e+00 -7.938130000000000130e+00 0.000000000000000000e+00
2.210000000000000000e+02 7.437409999999999854e+00 -5.897990000000000066e+00 0.000000000000000000e+00
2.220000000000000000e+02 8.210599999999999454e+00 -3.910779999999999923e+00 0.000000000000000000e+00
2.230000000000000000e+02 6.788050000000000139e+00 -2.387239999999999807e+00 0.000000000000000000e+00
2.240000000000000000e+02 7.487079999999999735e+00 -2.657800000000000162e-01 0.000000000000000000e+00
2.250000000000000000e+02 9.583769999999999456e+00 1.290000000000000036e-01 0.000000000000000000e+00
2.260000000000000000e+02 8.206500000000000128e+00 1.798599999999999977e+00 0.000000000000000000e+00
2.270000000000000000e+02 8.913240000000000052e+00 3.896790000000000198e+00 0.000000000000000000e+00
2.280000000000000000e+02 8.116099999999999426e+00 7.436340000000000394e+00 0.000000000000000000e+00
2.290000000000000000e+02 8.816739999999999355e+00 9.477190000000000225e+00 0.000000000000000000e+00
2.300000000000000000e+02 7.365809999999999746e+00 1.098581000000000074e+01 0.000000000000000000e+00
2.310000000000000000e+02 7.927970000000000184e+00 1.310357999999999912e+01 0.000000000000000000e+00
2.320000000000000000e+02 6.467590000000000394e+00 1.479831000000000074e+01 0.000000000000000000e+00
2.330000000000000000e+02 9.207019999999999982e+00 1.759620999999999924e+01 0.000000000000000000e+00
2.340000000000000000e+02 7.156909999999999883e+00 -1.723933999999999855e+01 0.000000000000000000e+00
2.350000000000000000e+02 8.149570000000000647e+00 -1.520173999999999914e+01 0.000000000000000000e+00
2.360000000000000000e+02 7.313659999999999606e+00 -1.149520000000000053e+01 0.000000000000000000e+00
2.370000000000000000e+02 8.077569999999999695e+00 -9.561289999999999623e+00 0.000000000000000000e+00
2.380000000000000000e+02 8.801660000000000039e+00 -7.497919999999999696e+00 0.000000000000000000e+00
2.390000000000000000e+02 9.523640000000000327e+00 -5.533649999999999736e+00 0.000000000000000000e+00
2.400000000000000000e+02 1.025442999999999927e+01 -3.429510000000000058e+00 0.000000000000000000e+00
2.410000000000000000e+02 8.855740000000000833e+00 -1.812089999999999979e+00 0.000000000000000000e+00
2.420000000000000000e+02 1.109089999999999954e+01 -1.330039999999999889e+00 0.000000000000000000e+00
2.430000000000000000e+02 1.174240999999999957e+01 6.682799999999999851e-01 0.000000000000000000e+00
2.440000000000000000e+02 1.026351000000000013e+01 2.130119999999999791e+00 0.000000000000000000e+00
2.450000000000000000e+02 1.101595000000000013e+01 4.153550000000000075e+00 0.000000000000000000e+00
2.460000000000000000e+02 9.502079999999999416e+00 5.879520000000000302e+00 0.000000000000000000e+00
2.470000000000000000e+02 1.013476999999999961e+01 7.893399999999999750e+00 0.000000000000000000e+00
2.480000000000000000e+02 9.461589999999999279e+00 1.146712999999999916e+01 0.000000000000000000e+00
2.490000000000000000e+02 1.170959000000000039e+01 1.187101000000000006e+01 0.000000000000000000e+00
2.500000000000000000e+02 9.981680000000000774e+00 1.346171999999999969e+01 0.000000000000000000e+00
2.510000000000000000e+02 8.620189999999999131e+00 1.507493000000000016e+01 0.000000000000000000e+00
2.520000000000000000e+02 1.029166000000000025e+01 -1.474136000000000024e+01 0.000000000000000000e+00
2.530000000000000000e+02 8.815549999999999997e+00 -1.322045999999999921e+01 0.000000000000000000e+00
2.540000000000000000e+02 9.477119999999999322e+00 -1.113739999999999952e+01 0.000000000000000000e+00
2.550000000000000000e+02 1.016779000000000011e+01 -9.163669999999999760e+00 0.000000000000000000e+00
2.560000000000000000e+02 1.096706000000000003e+01 -7.065859999999999808e+00 0.000000000000000000e+00
2.570000000000000000e+02 1.168224999999999980e+01 -5.009009999999999962e+00 0.000000000000000000e+00
2.580000000000000000e+02 1.395659000000000027e+01 -4.670189999999999841e+00 0.000000000000000000e+00
2.590000000000000000e+02 1.247653999999999996e+01 -2.991109999999999935e+00 0.000000000000000000e+00
2.600000000000000000e+02 1.322714999999999996e+01 -1.052650000000000086e+00 0.000000000000000000e+00
2.610000000000000000e+02 1.381967999999999996e+01 1.076780000000000070e+00 0.000000000000000000e+00
2.620000000000000000e+02 1.245214999999999961e+01 2.640420000000000211e+00 0.000000000000000000e+00
2.630000000000000000e+02 1.306864000000000026e+01 4.606440000000000090e+00 0.000000000000000000e+00
2.640000000000000000e+02 1.161997999999999998e+01 6.182310000000000194e+00 0.000000000000000000e+00
2.650000000000000000e+02 1.224136000000000024e+01 8.186040000000000205e+00 0.000000000000000000e+00
2.660000000000000000e+02 1.084783999999999970e+01 9.870889999999999276e+00 0.000000000000000000e+00
2.670000000000000000e+02 1.316771999999999920e+01 1.023353999999999964e+01 0.000000000000000000e+00
2.680000000000000000e+02 1.217469999999999963e+01 1.396293000000000006e+01 0.000000000000000000e+00
2.690000000000000000e+02 1.077702999999999989e+01 1.549672999999999945e+01 0.000000000000000000e+00
2.700000000000000000e+02 1.243601999999999919e+01 -1.459060999999999986e+01 0.000000000000000000e+00
2.710000000000000000e+02 1.094758000000000031e+01 -1.268035000000000068e+01 0.000000000000000000e+00
2.720000000000000000e+02 1.164888999999999974e+01 -1.059606999999999921e+01 0.000000000000000000e+00
2.730000000000000000e+02 1.238076000000000043e+01 -8.601119999999999877e+00 0.000000000000000000e+00
2.740000000000000000e+02 1.300256000000000078e+01 -6.596619999999999706e+00 0.000000000000000000e+00
2.750000000000000000e+02 1.529804999999999993e+01 -6.245479999999999698e+00 0.000000000000000000e+00
2.760000000000000000e+02 1.607675000000000054e+01 -4.257880000000000109e+00 0.000000000000000000e+00
2.770000000000000000e+02 1.459417999999999971e+01 -2.678459999999999841e+00 0.000000000000000000e+00
2.780000000000000000e+02 1.530122000000000071e+01 -7.278799999999999715e-01 0.000000000000000000e+00
2.790000000000000000e+02 1.586825999999999937e+01 1.337539999999999951e+00 0.000000000000000000e+00
2.800000000000000000e+02 1.457923000000000080e+01 3.013980000000000103e+00 0.000000000000000000e+00
2.810000000000000000e+02 1.529847000000000001e+01 5.175119999999999720e+00 0.000000000000000000e+00
2.820000000000000000e+02 1.740765000000000029e+01 5.612919999999999909e+00 0.000000000000000000e+00
2.830000000000000000e+02 1.378468999999999944e+01 6.644379999999999953e+00 0.000000000000000000e+00
2.840000000000000000e+02 1.463935999999999993e+01 8.779149999999999565e+00 0.000000000000000000e+00
2.850000000000000000e+02 1.619352999999999909e+01 7.411539999999999573e+00 0.000000000000000000e+00
2.860000000000000000e+02 1.521908999999999956e+01 1.082898999999999923e+01 0.000000000000000000e+00
2.870000000000000000e+02 1.369912000000000063e+01 1.246893999999999991e+01 0.000000000000000000e+00
2.880000000000000000e+02 1.302403999999999940e+01 -1.252463000000000015e+01 0.000000000000000000e+00
2.890000000000000000e+02 1.381818999999999953e+01 -1.059679000000000038e+01 0.000000000000000000e+00
2.900000000000000000e+02 1.598719000000000001e+01 -9.963010000000000588e+00 0.000000000000000000e+00
2.910000000000000000e+02 1.671809000000000012e+01 -7.806180000000000341e+00 0.000000000000000000e+00
2.920000000000000000e+02 1.445260000000000034e+01 -8.156549999999999301e+00 0.000000000000000000e+00
2.930000000000000000e+02 1.755924999999999869e+01 -5.774090000000000167e+00 0.000000000000000000e+00
2.940000000000000000e+02 1.827309999999999945e+01 -3.801759999999999806e+00 0.000000000000000000e+00
2.950000000000000000e+02 1.688706000000000174e+01 -2.167910000000000004e+00 0.000000000000000000e+00
2.960000000000000000e+02 1.890867000000000075e+01 -1.774880000000000013e+00 0.000000000000000000e+00
2.970000000000000000e+02 1.837876999999999938e+01 1.904009999999999980e+00 0.000000000000000000e+00
2.980000000000000000e+02 1.731969000000000136e+01 -1.179199999999999970e-01 0.000000000000000000e+00
2.990000000000000000e+02 1.692343999999999937e+01 3.384949999999999903e+00 0.000000000000000000e+00
