0.000000000000000000e+00 -1.393084999999999951e+01 -1.541596000000000011e+01 0.000000000000000000e+00
1.000000000000000000e+00 -1.498996999999999957e+01 -1.325958999999999932e+01 0.000000000000000000e+00
2.000000000000000000e+00 -1.576927000000000056e+01 -1.109431000000000012e+01 0.000000000000000000e+00
3.000000000000000000e+00 -1.653444999999999965e+01 -9.128030000000000754e+00 0.000000000000000000e+00
4.000000000000000000e+00 -1.739142999999999972e+01 -7.173659999999999926e+00 0.000000000000000000e+00
5.000000000000000000e+00 -1.817229000000000028e+01 -4.331680000000000419e+00 0.000000000000000000e+00
6.000000000000000000e+00 -1.610858999999999952e+01 -4.334839999999999804e+00 0.000000000000000000e+00
7.000000000000000000e+00 -1.854420000000000002e+01 -3.551099999999999812e-01 0.000000000000000000e+00
8.000000000000000000e+00 -1.735970999999999975e+01 -2.173239999999999839e+00 0.000000000000000000e+00
9.000000000000000000e+00 -1.848236999999999952e+01 1.722320000000000073e+00 0.000000000000000000e+00
1.000000000000000000e+01 -1.640039000000000158e+01 1.359199999999999964e+00 0.000000000000000000e+00
1.100000000000000000e+01 -1.732192999999999827e+01 3.493059999999999832e+00 0.000000000000000000e+00
1.200000000000000000e+01 -1.652439000000000036e+01 7.071869999999999656e+00 0.000000000000000000e+00
1.300000000000000000e+01 -1.869329000000000107e+01 5.119849999999999568e+00 0.000000000000000000e+00
1.400000000000000000e+01 -1.860581000000000174e+01 7.417080000000000339e+00 0.000000000000000000e+00
1.500000000000000000e+01 -1.706128000000000000e+01 9.262059999999999960e+00 0.000000000000000000e+00
1.600000000000000000e+01 -1.559840999999999944e+01 1.078303000000000011e+01 0.000000000000000000e+00
1.700000000000000000e+01 -1.551425000000000054e+01 1.359764000000000017e+01 0.000000000000000000e+00
1.800000000000000000e+01 -1.153950000000000031e+01 -1.618318999999999974e+01 0.000000000000000000e+00
1.900000000000000000e+01 -1.221054999999999957e+01 -1.420743000000000045e+01 0.000000000000000000e+00
2.000000000000000000e+01 -1.303242999999999974e+01 -1.231954999999999956e+01 0.000000000000000000e+00
2.100000000000000000e+01 -1.380741000000000085e+01 -1.034065000000000012e+01 0.000000000000000000e+00
2.200000000000000000e+01 -1.448218999999999923e+01 -8.345050000000000523e+00 0.000000000000000000e+00
2.300000000000000000e+01 -1.527505000000000024e+01 -6.435360000000000191e+00 0.000000000000000000e+00
2.400000000000000000e+01 -1.397739999999999938e+01 -4.543709999999999916e+00 0.000000000000000000e+00
2.500000000000000000e+01 -1.474263999999999974e+01 -2.616960000000000175e+00 0.000000000000000000e+00
2.600000000000000000e+01 -1.347273000000000032e+01 -9.121399999999999508e-01 0.000000000000000000e+00
2.700000000000000000e+01 -1.559756999999999927e+01 -6.911699999999999511e-01 0.000000000000000000e+00
2.800000000000000000e+01 -1.435300999999999938e+01 1.007220000000000004e+00 0.000000000000000000e+00
2.900000000000000000e+01 -1.504588999999999999e+01 2.991909999999999847e+00 0.000000000000000000e+00
3.000000000000000000e+01 -1.579123000000000054e+01 4.950590000000000046e+00 0.000000000000000000e+00
3.100000000000000000e+01 -1.443970999999999982e+01 6.633639999999999759e+00 0.000000000000000000e+00
3.200000000000000000e+01 -1.507422000000000040e+01 8.672650000000000858e+00 0.000000000000000000e+00
3.300000000000000000e+01 -1.391272000000000020e+01 1.203162000000000020e+01 0.000000000000000000e+00
3.400000000000000000e+01 -1.336167000000000016e+01 1.401796000000000042e+01 0.000000000000000000e+00
3.500000000000000000e+01 -1.261837000000000053e+01 1.611957999999999913e+01 0.000000000000000000e+00
3.600000000000000000e+01 -9.304800000000000182e+00 -1.657422000000000040e+01 0.000000000000000000e+00
3.700000000000000000e+01 -1.011186000000000007e+01 -1.452539999999999942e+01 0.000000000000000000e+00
3.800000000000000000e+01 -1.082788000000000039e+01 -1.252039000000000080e+01 0.000000000000000000e+00
3.900000000000000000e+01 -1.175139000000000067e+01 -1.057544000000000040e+01 0.000000000000000000e+00
4.000000000000000000e+01 -1.237550000000000061e+01 -8.509159999999999613e+00 0.000000000000000000e+00
4.100000000000000000e+01 -1.316388000000000069e+01 -6.508090000000000153e+00 0.000000000000000000e+00
4.200000000000000000e+01 -1.186719000000000079e+01 -4.838169999999999860e+00 0.000000000000000000e+00
4.300000000000000000e+01 -1.268037999999999954e+01 -2.937520000000000131e+00 0.000000000000000000e+00
4.400000000000000000e+01 -1.131329999999999991e+01 -1.285330000000000084e+00 0.000000000000000000e+00
4.500000000000000000e+01 -1.203303000000000011e+01 6.459000000000000297e-01 0.000000000000000000e+00
4.600000000000000000e+01 -1.300113999999999947e+01 2.582739999999999814e+00 0.000000000000000000e+00
4.700000000000000000e+01 -1.366034999999999933e+01 4.574600000000000222e+00 0.000000000000000000e+00
4.800000000000000000e+01 -1.237115999999999971e+01 6.204539999999999722e+00 0.000000000000000000e+00
4.900000000000000000e+01 -1.276811000000000007e+01 8.319559999999999178e+00 0.000000000000000000e+00
5.000000000000000000e+01 -1.265526999999999980e+01 1.040240000000000009e+01 0.000000000000000000e+00
5.100000000000000000e+01 -1.186208000000000062e+01 1.234465999999999930e+01 0.000000000000000000e+00
5.200000000000000000e+01 -1.104312999999999967e+01 1.438998999999999917e+01 0.000000000000000000e+00
5.300000000000000000e+01 -1.043235999999999919e+01 1.638680000000000092e+01 0.000000000000000000e+00
5.400000000000000000e+01 -7.253540000000000099e+00 -1.693412000000000006e+01 0.000000000000000000e+00
5.500000000000000000e+01 -8.065609999999999502e+00 -1.486599000000000004e+01 0.000000000000000000e+00
5.600000000000000000e+01 -8.784850000000000492e+00 -1.290462999999999916e+01 0.000000000000000000e+00
5.700000000000000000e+01 -9.490389999999999660e+00 -1.088504000000000005e+01 0.000000000000000000e+00
5.800000000000000000e+01 -1.024740000000000073e+01 -8.905879999999999797e+00 0.000000000000000000e+00
5.900000000000000000e+01 -1.106152999999999942e+01 -6.764710000000000001e+00 0.000000000000000000e+00
6.000000000000000000e+01 -9.701650000000000773e+00 -5.192529999999999646e+00 0.000000000000000000e+00
6.100000000000000000e+01 -1.055911000000000044e+01 -3.232779999999999987e+00 0.000000000000000000e+00
6.200000000000000000e+01 -9.095520000000000493e+00 -1.618149999999999977e+00 0.000000000000000000e+00
6.300000000000000000e+01 -9.905469999999999331e+00 3.829699999999999771e-01 0.000000000000000000e+00
6.400000000000000000e+01 -1.077267999999999937e+01 2.308009999999999895e+00 0.000000000000000000e+00
6.500000000000000000e+01 -1.158425000000000082e+01 4.237070000000000114e+00 0.000000000000000000e+00
6.600000000000000000e+01 -1.029711999999999961e+01 5.843270000000000408e+00 0.000000000000000000e+00
6.700000000000000000e+01 -1.067656999999999989e+01 8.381539999999999324e+00 0.000000000000000000e+00
6.800000000000000000e+01 -1.052159999999999940e+01 1.044026999999999994e+01 0.000000000000000000e+00
6.900000000000000000e+01 -9.830709999999999837e+00 1.267843000000000053e+01 0.000000000000000000e+00
7.000000000000000000e+01 -8.670780000000000598e+00 1.446336999999999939e+01 0.000000000000000000e+00
7.100000000000000000e+01 -7.969890000000000363e+00 1.646360999999999919e+01 0.000000000000000000e+00
7.200000000000000000e+01 -5.617090000000000138e+00 -1.824558999999999997e+01 0.000000000000000000e+00
7.300000000000000000e+01 -6.042250000000000121e+00 -1.521124999999999972e+01 0.000000000000000000e+00
7.400000000000000000e+01 -6.716319999999999624e+00 -1.318764999999999965e+01 0.000000000000000000e+00
7.500000000000000000e+01 -7.423709999999999809e+00 -1.121953000000000067e+01 0.000000000000000000e+00
7.600000000000000000e+01 -8.161319999999999908e+00 -9.247019999999999129e+00 0.000000000000000000e+00
7.700000000000000000e+01 -8.983710000000000306e+00 -7.197930000000000383e+00 0.000000000000000000e+00
7.800000000000000000e+01 -7.625949999999999562e+00 -5.534469999999999779e+00 0.000000000000000000e+00
7.900000000000000000e+01 -8.307079999999999131e+00 -3.524939999999999962e+00 0.000000000000000000e+00
8.000000000000000000e+01 -7.753610000000000113e+00 -2.602000000000000146e-02 0.000000000000000000e+00
8.100000000000000000e+01 -8.513299999999999201e+00 1.945240000000000080e+00 0.000000000000000000e+00
8.200000000000000000e+01 -9.316159999999999997e+00 3.848009999999999931e+00 0.000000000000000000e+00
8.300000000000000000e+01 -8.015610000000000568e+00 5.440450000000000230e+00 0.000000000000000000e+00
8.400000000000000000e+01 -8.865700000000000358e+00 7.360009999999999941e+00 0.000000000000000000e+00
8.500000000000000000e+01 -7.780009999999999870e+00 9.122189999999999799e+00 0.000000000000000000e+00
8.600000000000000000e+01 -8.544470000000000454e+00 1.104889000000000010e+01 0.000000000000000000e+00
8.700000000000000000e+01 -7.330040000000000333e+00 1.276097999999999999e+01 0.000000000000000000e+00
8.800000000000000000e+01 -6.529250000000000220e+00 1.467470999999999925e+01 0.000000000000000000e+00
8.900000000000000000e+01 -6.391860000000000319e+00 1.806011000000000166e+01 0.000000000000000000e+00
9.000000000000000000e+01 -2.618479999999999919e+00 -1.974477999999999867e+01 0.000000000000000000e+00
9.100000000000000000e+01 -3.983379999999999921e+00 -1.568449999999999989e+01 0.000000000000000000e+00
9.200000000000000000e+01 -4.638659999999999783e+00 -1.366831999999999958e+01 0.000000000000000000e+00
9.300000000000000000e+01 -5.311390000000000278e+00 -1.160917000000000066e+01 0.000000000000000000e+00
9.400000000000000000e+01 -6.111259999999999692e+00 -9.615579999999999572e+00 0.000000000000000000e+00
9.500000000000000000e+01 -6.907420000000000115e+00 -7.546199999999999797e+00 0.000000000000000000e+00
9.600000000000000000e+01 -6.229079999999999728e+00 -3.889149999999999885e+00 0.000000000000000000e+00
9.700000000000000000e+01 -6.936779999999999724e+00 -1.940190000000000081e+00 0.000000000000000000e+00
9.800000000000000000e+01 -5.580350000000000144e+00 -2.697800000000000198e-01 0.000000000000000000e+00
9.900000000000000000e+01 -6.369180000000000064e+00 1.644099999999999895e+00 0.000000000000000000e+00
1.000000000000000000e+02 -7.154580000000000162e+00 3.555480000000000196e+00 0.000000000000000000e+00
1.010000000000000000e+02 -5.845860000000000056e+00 5.323159999999999670e+00 0.000000000000000000e+00
1.020000000000000000e+02 -6.797310000000000407e+00 7.257710000000000328e+00 0.000000000000000000e+00
1.030000000000000000e+02 -5.343720000000000248e+00 8.909959999999999880e+00 0.000000000000000000e+00
1.040000000000000000e+02 -6.446019999999999861e+00 1.072743000000000002e+01 0.000000000000000000e+00
1.050000000000000000e+02 -5.217089999999999783e+00 1.239339000000000013e+01 0.000000000000000000e+00
1.060000000000000000e+02 -5.230559999999999654e+00 1.628329000000000093e+01 0.000000000000000000e+00
1.070000000000000000e+02 -2.277620000000000200e+00 1.924117000000000033e+01 0.000000000000000000e+00
1.080000000000000000e+02 -3.362220000000000208e+00 -1.768315000000000126e+01 0.000000000000000000e+00
1.090000000000000000e+02 -2.461440000000000072e+00 -1.395789000000000080e+01 0.000000000000000000e+00
1.100000000000000000e+02 -3.236810000000000187e+00 -1.196294999999999931e+01 0.000000000000000000e+00
1.110000000000000000e+02 -4.011840000000000295e+00 -9.984920000000000684e+00 0.000000000000000000e+00
1.120000000000000000e+02 -4.796039999999999637e+00 -7.920449999999999768e+00 0.000000000000000000e+00
1.130000000000000000e+02 -5.566729999999999734e+00 -5.970309999999999562e+00 0.000000000000000000e+00
1.140000000000000000e+02 -4.095559999999999867e+00 -4.211339999999999861e+00 0.000000000000000000e+00
1.150000000000000000e+02 -4.856250000000000178e+00 -2.292380000000000084e+00 0.000000000000000000e+00
1.160000000000000000e+02 -3.484840000000000160e+00 -6.476499999999999480e-01 0.000000000000000000e+00
1.170000000000000000e+02 -4.315660000000000274e+00 1.363539999999999974e+00 0.000000000000000000e+00
1.180000000000000000e+02 -5.076859999999999928e+00 3.367780000000000218e+00 0.000000000000000000e+00
1.190000000000000000e+02 -3.719959999999999933e+00 4.995059999999999611e+00 0.000000000000000000e+00
1.200000000000000000e+02 -4.587729999999999642e+00 6.956389999999999851e+00 0.000000000000000000e+00
1.210000000000000000e+02 -3.277080000000000215e+00 8.547420000000000684e+00 0.000000000000000000e+00
1.220000000000000000e+02 -4.003140000000000143e+00 1.055972000000000044e+01 0.000000000000000000e+00
1.230000000000000000e+02 -3.162609999999999921e+00 1.251016000000000084e+01 0.000000000000000000e+00
1.240000000000000000e+02 -4.398900000000000254e+00 1.429635000000000034e+01 0.000000000000000000e+00
1.250000000000000000e+02 -3.477129999999999832e+00 1.749916999999999945e+01 0.000000000000000000e+00
1.260000000000000000e+02 -1.204690000000000039e+00 -1.792747999999999919e+01 0.000000000000000000e+00
1.270000000000000000e+02 -1.932439999999999936e+00 -1.597864000000000040e+01 0.000000000000000000e+00
1.280000000000000000e+02 -1.113650000000000029e+00 -1.227646000000000015e+01 0.000000000000000000e+00
1.290000000000000000e+02 -1.877899999999999903e+00 -1.022334999999999994e+01 0.000000000000000000e+00
1.300000000000000000e+02 -2.717639999999999834e+00 -8.224080000000000723e+00 0.000000000000000000e+00
1.310000000000000000e+02 -3.517259999999999831e+00 -6.184110000000000440e+00 0.000000000000000000e+00
1.320000000000000000e+02 -2.007270000000000110e+00 -4.563659999999999606e+00 0.000000000000000000e+00
1.330000000000000000e+02 -2.729019999999999779e+00 -2.600659999999999972e+00 0.000000000000000000e+00
1.340000000000000000e+02 -1.394190000000000040e+00 -9.705799999999999983e-01 0.000000000000000000e+00
1.350000000000000000e+02 -2.229039999999999910e+00 1.013009999999999966e+00 0.000000000000000000e+00
1.360000000000000000e+02 -2.919130000000000003e+00 2.995760000000000201e+00 0.000000000000000000e+00
1.370000000000000000e+02 -1.590940000000000021e+00 4.665160000000000196e+00 0.000000000000000000e+00
1.380000000000000000e+02 -2.372209999999999930e+00 6.660129999999999661e+00 0.000000000000000000e+00
1.390000000000000000e+02 -1.039020000000000055e+00 8.273260000000000502e+00 0.000000000000000000e+00
1.400000000000000000e+02 -1.884710000000000107e+00 1.031647000000000070e+01 0.000000000000000000e+00
1.410000000000000000e+02 -1.447889999999999899e+00 1.375155999999999956e+01 0.000000000000000000e+00
1.420000000000000000e+02 -2.606819999999999915e+00 1.551165999999999912e+01 0.000000000000000000e+00
1.430000000000000000e+02 -1.287830000000000030e+00 1.719911000000000101e+01 0.000000000000000000e+00
1.440000000000000000e+02 1.062389999999999946e+00 -1.861944000000000088e+01 0.000000000000000000e+00
1.450000000000000000e+02 4.259000000000000008e-01 -1.636978999999999829e+01 0.000000000000000000e+00
1.460000000000000000e+02 -3.763900000000000023e-01 -1.430898999999999965e+01 0.000000000000000000e+00
1.470000000000000000e+02 1.640000000000000069e-01 -1.062879000000000040e+01 0.000000000000000000e+00
1.480000000000000000e+02 -6.036000000000000254e-01 -8.559210000000000207e+00 0.000000000000000000e+00
1.490000000000000000e+02 -1.304400000000000004e+00 -6.600559999999999761e+00 0.000000000000000000e+00
1.500000000000000000e+02 4.290999999999999676e-02 -5.026810000000000223e+00 0.000000000000000000e+00
1.510000000000000000e+02 -6.582500000000000018e-01 -2.980900000000000105e+00 0.000000000000000000e+00
1.520000000000000000e+02 6.354699999999999793e-01 -1.359169999999999989e+00 0.000000000000000000e+00
1.530000000000000000e+02 -8.895999999999999741e-02 6.714999999999999858e-01 0.000000000000000000e+00
1.540000000000000000e+02 -8.565000000000000391e-01 2.662790000000000212e+00 0.000000000000000000e+00
1.550000000000000000e+02 4.722100000000000186e-01 4.268629999999999924e+00 0.000000000000000000e+00
1.560000000000000000e+02 -3.212300000000000155e-01 6.337650000000000006e+00 0.000000000000000000e+00
1.570000000000000000e+02 1.027400000000000091e+00 7.980830000000000091e+00 0.000000000000000000e+00
1.580000000000000000e+02 1.896299999999999930e-01 9.948499999999999233e+00 0.000000000000000000e+00
1.590000000000000000e+02 -4.306300000000000128e-01 1.194181999999999988e+01 0.000000000000000000e+00
1.600000000000000000e+02 -2.010999999999999940e-02 1.545974999999999966e+01 0.000000000000000000e+00
1.610000000000000000e+02 1.068189999999999973e+00 1.721376000000000062e+01 0.000000000000000000e+00
1.620000000000000000e+02 3.264740000000000197e+00 -1.875319000000000003e+01 0.000000000000000000e+00
1.630000000000000000e+02 2.491719999999999935e+00 -1.667311000000000121e+01 0.000000000000000000e+00
1.640000000000000000e+02 1.766159999999999952e+00 -1.463316999999999979e+01 0.000000000000000000e+00
1.650000000000000000e+02 9.757900000000000462e-01 -1.270481000000000016e+01 0.000000000000000000e+00
1.660000000000000000e+02 1.572689999999999921e+00 -8.946939999999999671e+00 0.000000000000000000e+00
1.670000000000000000e+02 8.062399999999999567e-01 -6.968300000000000161e+00 0.000000000000000000e+00
1.680000000000000000e+02 2.152789999999999981e+00 -5.319309999999999761e+00 0.000000000000000000e+00
1.690000000000000000e+02 1.358309999999999906e+00 -3.383599999999999941e+00 0.000000000000000000e+00
1.700000000000000000e+02 2.695289999999999964e+00 -1.722939999999999916e+00 0.000000000000000000e+00
1.710000000000000000e+02 1.968920000000000003e+00 2.716999999999999971e-01 0.000000000000000000e+00
1.720000000000000000e+02 1.223119999999999985e+00 2.305229999999999890e+00 0.000000000000000000e+00
1.730000000000000000e+02 2.536599999999999966e+00 4.015719999999999956e+00 0.000000000000000000e+00
1.740000000000000000e+02 1.730949999999999989e+00 5.927509999999999835e+00 0.000000000000000000e+00
1.750000000000000000e+02 3.058380000000000098e+00 7.666419999999999568e+00 0.000000000000000000e+00
1.760000000000000000e+02 2.416980000000000128e+00 9.658689999999999998e+00 0.000000000000000000e+00
1.770000000000000000e+02 1.639289999999999914e+00 1.158028000000000013e+01 0.000000000000000000e+00
1.780000000000000000e+02 8.771099999999999453e-01 1.355300000000000082e+01 0.000000000000000000e+00
1.790000000000000000e+02 2.434499999999999997e-01 1.914120000000000132e+01 0.000000000000000000e+00
1.800000000000000000e+02 4.543309999999999960e+00 -1.691537999999999897e+01 0.000000000000000000e+00
1.810000000000000000e+02 3.787119999999999820e+00 -1.499544999999999995e+01 0.000000000000000000e+00
1.820000000000000000e+02 3.058310000000000084e+00 -1.292704999999999949e+01 0.000000000000000000e+00
1.830000000000000000e+02 2.239619999999999944e+00 -1.101868999999999943e+01 0.000000000000000000e+00
1.840000000000000000e+02 3.613989999999999814e+00 -9.277419999999999334e+00 0.000000000000000000e+00
1.850000000000000000e+02 2.889679999999999804e+00 -7.313010000000000232e+00 0.000000000000000000e+00
1.860000000000000000e+02 4.187829999999999941e+00 -5.694650000000000212e+00 0.000000000000000000e+00
1.870000000000000000e+02 3.465219999999999967e+00 -3.716479999999999784e+00 0.000000000000000000e+00
1.880000000000000000e+02 3.997949999999999893e+00 -3.141999999999999654e-02 0.000000000000000000e+00
1.890000000000000000e+02 3.281210000000000182e+00 2.034069999999999823e+00 0.000000000000000000e+00
1.900000000000000000e+02 4.631389999999999674e+00 3.634619999999999962e+00 0.000000000000000000e+00
1.910000000000000000e+02 3.901990000000000069e+00 5.569890000000000008e+00 0.000000000000000000e+00
1.920000000000000000e+02 5.210960000000000036e+00 7.183159999999999989e+00 0.000000000000000000e+00
1.930000000000000000e+02 4.443690000000000140e+00 9.283699999999999619e+00 0.000000000000000000e+00
1.940000000000000000e+02 3.774169999999999803e+00 1.124949999999999939e+01 0.000000000000000000e+00
1.950000000000000000e+02 2.953050000000000175e+00 1.321458999999999939e+01 0.000000000000000000e+00
1.960000000000000000e+02 2.097690000000000055e+00 1.542896000000000001e+01 0.000000000000000000e+00
1.970000000000000000e+02 2.547639999999999905e+00 1.868209999999999837e+01 0.000000000000000000e+00
1.980000000000000000e+02 6.687969999999999970e+00 -1.735716000000000037e+01 0.000000000000000000e+00
1.990000000000000000e+02 5.892789999999999750e+00 -1.531142000000000003e+01 0.000000000000000000e+00
2.000000000000000000e+02 5.107050000000000090e+00 -1.326394999999999946e+01 0.000000000000000000e+00
2.010000000000000000e+02 4.336149999999999949e+00 -1.124640999999999913e+01 0.000000000000000000e+00
2.020000000000000000e+02 4.968329999999999913e+00 -7.666809999999999903e+00 0.000000000000000000e+00
2.030000000000000000e+02 6.233469999999999622e+00 -5.987860000000000404e+00 0.000000000000000000e+00
2.040000000000000000e+02 5.533159999999999634e+00 -4.039369999999999905e+00 0.000000000000000000e+00
2.050000000000000000e+02 4.778319999999999901e+00 -2.085510000000000197e+00 0.000000000000000000e+00
2.060000000000000000e+02 6.082919999999999661e+00 -3.806499999999999884e-01 0.000000000000000000e+00
2.070000000000000000e+02 5.304470000000000240e+00 1.638689999999999980e+00 0.000000000000000000e+00
2.080000000000000000e+02 6.711859999999999715e+00 3.249429999999999819e+00 0.000000000000000000e+00
2.090000000000000000e+02 5.945090000000000430e+00 5.265240000000000364e+00 0.000000000000000000e+00
2.100000000000000000e+02 6.550659999999999705e+00 8.948779999999999291e+00 0.000000000000000000e+00
2.110000000000000000e+02 5.854630000000000223e+00 1.089400999999999975e+01 0.000000000000000000e+00
2.120000000000000000e+02 5.113889999999999603e+00 1.293553999999999959e+01 0.000000000000000000e+00
2.130000000000000000e+02 4.529639999999999667e+00 1.493209000000000053e+01 0.000000000000000000e+00
2.140000000000000000e+02 3.644460000000000033e+00 1.681288999999999945e+01 0.000000000000000000e+00
2.150000000000000000e+02 4.916310000000000180e+00 1.861149999999999949e+01 0.000000000000000000e+00
2.160000000000000000e+02 5.334030000000000271e+00 -1.890250999999999948e+01 0.000000000000000000e+00
2.170000000000000000e+02 7.968309999999999782e+00 -1.570701999999999998e+01 0.000000000000000000e+00
2.180000000000000000e+02 7.232440000000000424e+00 -1.373452999999999946e+01 0.000000000000000000e+00
2.190000000000000000e+02 6.485490000000000421e+00 -1.165814999999999912e+01 0.000000000000000000e+00
2.200000000000000000e+02 5.696189999999999642e+00 -9.675959999999999894e+00 0.000000000000000000e+00
2.210000000000000000e+02 7.025629999999999598e+00 -7.937289999999999957e+00 0.000000000000000000e+00
2.220000000000000000e+02 7.666520000000000223e+00 -4.315669999999999895e+00 0.000000000000000000e+00
2.230000000000000000e+02 6.841179999999999595e+00 -2.307170000000000165e+00 0.000000000000000000e+00
2.240000000000000000e+02 8.154640000000000555e+00 -7.224199999999999511e-01 0.000000000000000000e+00
2.250000000000000000e+02 7.369299999999999962e+00 1.286880000000000024e+00 0.000000000000000000e+00
2.260000000000000000e+02 8.779059999999999420e+00 2.852759999999999962e+00 0.000000000000000000e+00
2.270000000000000000e+02 7.971799999999999997e+00 4.907630000000000159e+00 0.000000000000000000e+00
2.280000000000000000e+02 7.345209999999999795e+00 6.890600000000000058e+00 0.000000000000000000e+00
2.290000000000000000e+02 8.638320000000000221e+00 8.486560000000000770e+00 0.000000000000000000e+00
2.300000000000000000e+02 8.084369999999999834e+00 1.052951999999999977e+01 0.000000000000000000e+00
2.310000000000000000e+02 7.269160000000000288e+00 1.244356999999999935e+01 0.000000000000000000e+00
2.320000000000000000e+02 6.549229999999999663e+00 1.453325000000000067e+01 0.000000000000000000e+00
2.330000000000000000e+02 7.432369999999999699e+00 1.826195999999999842e+01 0.000000000000000000e+00
2.340000000000000000e+02 9.201259999999999550e+00 -1.784910999999999959e+01 0.000000000000000000e+00
2.350000000000000000e+02 9.283060000000000755e+00 -1.401589000000000063e+01 0.000000000000000000e+00
2.360000000000000000e+02 8.560140000000000526e+00 -1.201027000000000022e+01 0.000000000000000000e+00
2.370000000000000000e+02 9.892110000000000625e+00 -1.028725999999999985e+01 0.000000000000000000e+00
2.380000000000000000e+02 7.835289999999999644e+00 -9.866630000000000678e+00 0.000000000000000000e+00
2.390000000000000000e+02 8.418419999999999348e+00 -6.273590000000000444e+00 0.000000000000000000e+00
2.400000000000000000e+02 9.706889999999999574e+00 -4.585890000000000022e+00 0.000000000000000000e+00
2.410000000000000000e+02 8.935100000000000264e+00 -2.659899999999999931e+00 0.000000000000000000e+00
2.420000000000000000e+02 1.030240000000000045e+01 -1.017139999999999933e+00 0.000000000000000000e+00
2.430000000000000000e+02 9.504009999999999181e+00 9.062400000000000455e-01 0.000000000000000000e+00
2.440000000000000000e+02 1.087232999999999983e+01 2.528319999999999901e+00 0.000000000000000000e+00
2.450000000000000000e+02 1.013189000000000028e+01 4.568200000000000038e+00 0.000000000000000000e+00
2.460000000000000000e+02 9.407959999999999212e+00 6.544649999999999856e+00 0.000000000000000000e+00
2.470000000000000000e+02 1.079111999999999938e+01 8.213689999999999714e+00 0.000000000000000000e+00
2.480000000000000000e+02 1.012318999999999924e+01 1.021687000000000012e+01 0.000000000000000000e+00
2.490000000000000000e+02 9.335950000000000415e+00 1.218862999999999985e+01 0.000000000000000000e+00
2.500000000000000000e+02 8.606149999999999523e+00 1.427225999999999928e+01 0.000000000000000000e+00
2.510000000000000000e+02 5.840860000000000163e+00 1.673696999999999946e+01 0.000000000000000000e+00
2.520000000000000000e+02 1.010155999999999921e+01 -1.593509000000000064e+01 0.000000000000000000e+00
2.530000000000000000e+02 1.134540999999999933e+01 -1.414636999999999922e+01 0.000000000000000000e+00
2.540000000000000000e+02 1.068601999999999919e+01 -1.218908000000000058e+01 0.000000000000000000e+00
2.550000000000000000e+02 1.203514999999999979e+01 -1.061170000000000080e+01 0.000000000000000000e+00
2.560000000000000000e+02 9.166449999999999321e+00 -8.291240000000000165e+00 0.000000000000000000e+00
2.570000000000000000e+02 1.045649000000000051e+01 -6.632430000000000270e+00 0.000000000000000000e+00
2.580000000000000000e+02 1.175913000000000075e+01 -4.895100000000000229e+00 0.000000000000000000e+00
2.590000000000000000e+02 1.106217000000000006e+01 -2.950940000000000119e+00 0.000000000000000000e+00
2.600000000000000000e+02 1.243146999999999913e+01 -1.375310000000000032e+00 0.000000000000000000e+00
2.610000000000000000e+02 1.161727999999999916e+01 5.862699999999999578e-01 0.000000000000000000e+00
2.620000000000000000e+02 1.217553999999999981e+01 4.131899999999999906e+00 0.000000000000000000e+00
2.630000000000000000e+02 1.370960999999999963e+01 5.766539999999999999e+00 0.000000000000000000e+00
2.640000000000000000e+02 1.154029000000000060e+01 6.119869999999999699e+00 0.000000000000000000e+00
2.650000000000000000e+02 1.312878000000000078e+01 7.820030000000000037e+00 0.000000000000000000e+00
2.660000000000000000e+02 1.258070000000000022e+01 9.885139999999999816e+00 0.000000000000000000e+00
2.670000000000000000e+02 1.152322000000000024e+01 1.173942000000000085e+01 0.000000000000000000e+00
2.680000000000000000e+02 1.073945999999999934e+01 1.370571999999999946e+01 0.000000000000000000e+00
2.690000000000000000e+02 8.041009999999999991e+00 1.627261999999999986e+01 0.000000000000000000e+00
2.700000000000000000e+02 1.223902000000000001e+01 -1.615212999999999965e+01 0.000000000000000000e+00
2.710000000000000000e+02 1.276018999999999970e+01 -1.257347999999999999e+01 0.000000000000000000e+00
2.720000000000000000e+02 1.413194000000000017e+01 -1.085492999999999952e+01 0.000000000000000000e+00
2.730000000000000000e+02 1.329791999999999952e+01 -8.900660000000000238e+00 0.000000000000000000e+00
2.740000000000000000e+02 1.121653000000000056e+01 -8.649919999999999831e+00 0.000000000000000000e+00
2.750000000000000000e+02 1.255671000000000070e+01 -6.890450000000000408e+00 0.000000000000000000e+00
2.760000000000000000e+02 1.400080999999999953e+01 -5.300519999999999676e+00 0.000000000000000000e+00
2.770000000000000000e+02 1.329522000000000048e+01 -3.293200000000000127e+00 0.000000000000000000e+00
2.780000000000000000e+02 1.537584000000000017e+01 -3.535629999999999828e+00 0.000000000000000000e+00
2.790000000000000000e+02 1.369209000000000032e+01 2.809099999999999930e-01 0.000000000000000000e+00
2.800000000000000000e+02 1.290654999999999930e+01 2.199980000000000047e+00 0.000000000000000000e+00
2.810000000000000000e+02 1.432611999999999952e+01 3.771339999999999915e+00 0.000000000000000000e+00
2.820000000000000000e+02 1.583596999999999966e+01 5.355990000000000251e+00 0.000000000000000000e+00
2.830000000000000000e+02 1.523883000000000010e+01 7.370549999999999713e+00 0.000000000000000000e+00
2.840000000000000000e+02 1.472188000000000052e+01 9.500700000000000145e+00 0.000000000000000000e+00
2.850000000000000000e+02 1.394103999999999921e+01 1.143914999999999971e+01 0.000000000000000000e+00
2.860000000000000000e+02 1.283586999999999989e+01 1.341170999999999935e+01 0.000000000000000000e+00
2.870000000000000000e+02 1.020961999999999925e+01 1.571991000000000049e+01 0.000000000000000000e+00
2.880000000000000000e+02 1.355533999999999928e+01 -1.448747999999999969e+01 0.000000000000000000e+00
2.890000000000000000e+02 1.484811000000000014e+01 -1.282025999999999932e+01 0.000000000000000000e+00
2.900000000000000000e+02 1.560502999999999929e+01 -9.357810000000000628e+00 0.000000000000000000e+00
2.910000000000000000e+02 1.699073999999999884e+01 -7.567980000000000373e+00 0.000000000000000000e+00
2.920000000000000000e+02 1.489826000000000050e+01 -7.279930000000000234e+00 0.000000000000000000e+00
2.930000000000000000e+02 1.625513000000000119e+01 -5.590620000000000367e+00 0.000000000000000000e+00
2.940000000000000000e+02 1.727267000000000152e+01 -2.638819999999999943e+00 0.000000000000000000e+00
2.950000000000000000e+02 1.629048999999999836e+01 -4.036299999999999888e-01 0.000000000000000000e+00
2.960000000000000000e+02 1.451927000000000056e+01 -1.612829999999999986e+00 0.000000000000000000e+00
2.970000000000000000e+02 1.779502000000000095e+01 1.503319999999999990e+00 0.000000000000000000e+00
2.980000000000000000e+02 1.514156999999999975e+01 1.798740000000000006e+00 0.000000000000000000e+00
2.990000000000000000e+02 1.660854000000000141e+01 3.369689999999999852e+00 0.000000000000000000e+00
