0.000000000000000000e+00 -1.266221999999999959e+01 -1.527557000000000009e+01 0.000000000000000000e+00
1.000000000000000000e+00 -1.337179000000000073e+01 -1.329245000000000054e+01 0.000000000000000000e+00
2.000000000000000000e+00 -1.479424999999999990e+01 -1.163330999999999982e+01 0.000000000000000000e+00
3.000000000000000000e+00 -1.577102000000000004e+01 -9.764269999999999783e+00 0.000000000000000000e+00
4.000000000000000000e+00 -1.660573000000000121e+01 -7.515629999999999811e+00 0.000000000000000000e+00
5.000000000000000000e+00 -1.794265000000000043e+01 -4.991439999999999877e+00 0.000000000000000000e+00
6.000000000000000000e+00 -1.620784000000000091e+01 -3.803659999999999819e+00 0.000000000000000000e+00
7.000000000000000000e+00 -1.949461000000000155e+01 -3.583340000000000192e+00 0.000000000000000000e+00
8.000000000000000000e+00 -1.916682000000000130e+01 -3.230399999999999938e-01 0.000000000000000000e+00
9.000000000000000000e+00 -1.858626999999999896e+01 1.979179999999999939e+00 0.000000000000000000e+00
1.000000000000000000e+01 -1.653031999999999968e+01 2.894390000000000018e+00 0.000000000000000000e+00
1.100000000000000000e+01 -1.816991000000000156e+01 4.401869999999999727e+00 0.000000000000000000e+00
1.200000000000000000e+01 -1.513583999999999996e+01 6.970740000000000158e+00 0.000000000000000000e+00
1.300000000000000000e+01 -1.744876000000000005e+01 6.451249999999999929e+00 0.000000000000000000e+00
1.400000000000000000e+01 -1.685460000000000136e+01 8.464140000000000441e+00 0.000000000000000000e+00
1.500000000000000000e+01 -1.584450999999999965e+01 1.082934999999999981e+01 0.000000000000000000e+00
1.600000000000000000e+01 -1.508755999999999986e+01 1.278335000000000043e+01 0.000000000000000000e+00
1.700000000000000000e+01 -1.424144000000000077e+01 1.483869999999999933e+01 0.000000000000000000e+00
1.800000000000000000e+01 -1.174280000000000079e+01 -1.716093000000000046e+01 0.000000000000000000e+00
1.900000000000000000e+01 -1.131731000000000087e+01 -1.346996000000000038e+01 0.000000000000000000e+00
2.000000000000000000e+01 -1.242985999999999969e+01 -1.144284999999999997e+01 0.000000000000000000e+00
2.100000000000000000e+01 -1.352312000000000047e+01 -9.613550000000000040e+00 0.000000000000000000e+00
2.200000000000000000e+01 -1.438030999999999970e+01 -7.687560000000000393e+00 0.000000000000000000e+00
2.300000000000000000e+01 -1.527031000000000027e+01 -5.701019999999999754e+00 0.000000000000000000e+00
2.400000000000000000e+01 -1.413344000000000023e+01 -3.501570000000000071e+00 0.000000000000000000e+00
2.500000000000000000e+01 -1.550915999999999961e+01 -1.810659999999999936e+00 0.000000000000000000e+00
2.600000000000000000e+01 -1.754823000000000022e+01 -2.053609999999999935e+00 0.000000000000000000e+00
2.700000000000000000e+01 -1.698114999999999952e+01 5.424999999999999961e-02 0.000000000000000000e+00
2.800000000000000000e+01 -1.452914999999999957e+01 3.511979999999999880e+00 0.000000000000000000e+00
2.900000000000000000e+01 -1.589983999999999931e+01 5.051020000000000287e+00 0.000000000000000000e+00
3.000000000000000000e+01 -1.376177999999999990e+01 5.435349999999999682e+00 0.000000000000000000e+00
3.100000000000000000e+01 -1.311273000000000089e+01 7.406620000000000203e+00 0.000000000000000000e+00
3.200000000000000000e+01 -1.455902999999999992e+01 9.081789999999999807e+00 0.000000000000000000e+00
3.300000000000000000e+01 -1.376153000000000048e+01 1.109750000000000014e+01 0.000000000000000000e+00
3.400000000000000000e+01 -1.298198999999999970e+01 1.299727000000000032e+01 0.000000000000000000e+00
3.500000000000000000e+01 -1.218568999999999924e+01 1.536447000000000074e+01 0.000000000000000000e+00
3.600000000000000000e+01 -9.593270000000000408e+00 -1.763237000000000165e+01 0.000000000000000000e+00
3.700000000000000000e+01 -1.031134999999999913e+01 -1.537917000000000023e+01 0.000000000000000000e+00
3.800000000000000000e+01 -1.031114999999999959e+01 -1.164625000000000021e+01 0.000000000000000000e+00
3.900000000000000000e+01 -1.120391000000000048e+01 -9.748319999999999652e+00 0.000000000000000000e+00
4.000000000000000000e+01 -1.227413999999999916e+01 -7.864670000000000272e+00 0.000000000000000000e+00
4.100000000000000000e+01 -1.318401000000000067e+01 -5.933589999999999698e+00 0.000000000000000000e+00
4.200000000000000000e+01 -1.216621999999999915e+01 -4.117919999999999803e+00 0.000000000000000000e+00
4.300000000000000000e+01 -1.252011000000000074e+01 -1.921550000000000091e+00 0.000000000000000000e+00
4.400000000000000000e+01 -1.396185999999999972e+01 -4.175200000000000022e-01 0.000000000000000000e+00
4.500000000000000000e+01 -1.526449000000000034e+01 1.252490000000000103e+00 0.000000000000000000e+00
4.600000000000000000e+01 -1.310441999999999929e+01 1.802370000000000028e+00 0.000000000000000000e+00
4.700000000000000000e+01 -1.243703000000000003e+01 3.753600000000000048e+00 0.000000000000000000e+00
4.800000000000000000e+01 -1.164465000000000039e+01 5.813469999999999693e+00 0.000000000000000000e+00
4.900000000000000000e+01 -1.100433999999999912e+01 7.779790000000000205e+00 0.000000000000000000e+00
5.000000000000000000e+01 -1.244797999999999938e+01 9.422169999999999490e+00 0.000000000000000000e+00
5.100000000000000000e+01 -1.155968999999999980e+01 1.149765000000000015e+01 0.000000000000000000e+00
5.200000000000000000e+01 -1.081170999999999971e+01 1.368867999999999974e+01 0.000000000000000000e+00
5.300000000000000000e+01 -1.003796999999999962e+01 1.590279999999999916e+01 0.000000000000000000e+00
5.400000000000000000e+01 -7.118809999999999860e+00 -1.727554999999999907e+01 0.000000000000000000e+00
5.500000000000000000e+01 -8.077469999999999928e+00 -1.541835000000000022e+01 0.000000000000000000e+00
5.600000000000000000e+01 -9.180830000000000268e+00 -1.354587000000000074e+01 0.000000000000000000e+00
5.700000000000000000e+01 -9.094530000000000669e+00 -9.956739999999999924e+00 0.000000000000000000e+00
5.800000000000000000e+01 -1.017812999999999946e+01 -7.922990000000000421e+00 0.000000000000000000e+00
5.900000000000000000e+01 -1.110294999999999987e+01 -5.946640000000000370e+00 0.000000000000000000e+00
6.000000000000000000e+01 -9.032400000000000873e+00 -6.220410000000000217e+00 0.000000000000000000e+00
6.100000000000000000e+01 -1.005641999999999925e+01 -3.672800000000000065e+00 0.000000000000000000e+00
6.200000000000000000e+01 -1.041668999999999912e+01 -1.491740000000000066e+00 0.000000000000000000e+00
6.300000000000000000e+01 -1.185849999999999937e+01 7.362000000000000488e-02 0.000000000000000000e+00
6.400000000000000000e+01 -1.101237000000000066e+01 2.169239999999999835e+00 0.000000000000000000e+00
6.500000000000000000e+01 -1.033240999999999943e+01 4.153690000000000104e+00 0.000000000000000000e+00
6.600000000000000000e+01 -9.616379999999999484e+00 6.101069999999999993e+00 0.000000000000000000e+00
6.700000000000000000e+01 -8.937440000000000495e+00 8.162419999999999121e+00 0.000000000000000000e+00
6.800000000000000000e+01 -1.025952000000000019e+01 9.756019999999999470e+00 0.000000000000000000e+00
6.900000000000000000e+01 -9.534349999999999881e+00 1.206479999999999997e+01 0.000000000000000000e+00
7.000000000000000000e+01 -8.718080000000000496e+00 1.431573000000000029e+01 0.000000000000000000e+00
7.100000000000000000e+01 -7.798460000000000392e+00 1.646779000000000082e+01 0.000000000000000000e+00
7.200000000000000000e+01 -4.927539999999999587e+00 -1.737657000000000096e+01 0.000000000000000000e+00
7.300000000000000000e+01 -5.985249999999999737e+00 -1.552049000000000056e+01 0.000000000000000000e+00
7.400000000000000000e+01 -6.970200000000000173e+00 -1.356146999999999991e+01 0.000000000000000000e+00
7.500000000000000000e+01 -8.054090000000000416e+00 -1.179842000000000013e+01 0.000000000000000000e+00
7.600000000000000000e+01 -8.010970000000000368e+00 -8.038589999999999236e+00 0.000000000000000000e+00
7.700000000000000000e+01 -6.882229999999999848e+00 -6.249360000000000248e+00 0.000000000000000000e+00
7.800000000000000000e+01 -7.996400000000000396e+00 -4.362669999999999604e+00 0.000000000000000000e+00
7.900000000000000000e+01 -8.374470000000000525e+00 -1.211039999999999894e+00 0.000000000000000000e+00
8.000000000000000000e+01 -9.753750000000000142e+00 5.048799999999999955e-01 0.000000000000000000e+00
8.100000000000000000e+01 -7.649770000000000181e+00 7.302600000000000202e-01 0.000000000000000000e+00
8.200000000000000000e+01 -8.868359999999999133e+00 2.482299999999999951e+00 0.000000000000000000e+00
8.300000000000000000e+01 -8.231859999999999289e+00 4.476689999999999614e+00 0.000000000000000000e+00
8.400000000000000000e+01 -7.575510000000000410e+00 6.552240000000000286e+00 0.000000000000000000e+00
8.500000000000000000e+01 -6.883709999999999773e+00 8.705909999999999371e+00 0.000000000000000000e+00
8.600000000000000000e+01 -8.238929999999999865e+00 1.040183999999999997e+01 0.000000000000000000e+00
8.700000000000000000e+01 -7.463129999999999598e+00 1.247722000000000087e+01 0.000000000000000000e+00
8.800000000000000000e+01 -6.533400000000000318e+00 1.466968999999999923e+01 0.000000000000000000e+00
8.900000000000000000e+01 -4.496199999999999974e+00 1.840393999999999863e+01 0.000000000000000000e+00
9.000000000000000000e+01 -5.022680000000000256e+00 -1.946236999999999995e+01 0.000000000000000000e+00
9.100000000000000000e+01 -3.864549999999999930e+00 -1.540564999999999962e+01 0.000000000000000000e+00
9.200000000000000000e+01 -4.903209999999999624e+00 -1.361317000000000021e+01 0.000000000000000000e+00
9.300000000000000000e+01 -5.894129999999999647e+00 -1.180319000000000074e+01 0.000000000000000000e+00
9.400000000000000000e+01 -6.952530000000000321e+00 -1.000666999999999973e+01 0.000000000000000000e+00
9.500000000000000000e+01 -5.932280000000000442e+00 -8.140520000000000422e+00 0.000000000000000000e+00
9.600000000000000000e+01 -5.845089999999999897e+00 -4.429809999999999803e+00 0.000000000000000000e+00
9.700000000000000000e+01 -6.846199999999999619e+00 -2.623069999999999791e+00 0.000000000000000000e+00
9.800000000000000000e+01 -5.960829999999999629e+00 -7.018600000000000394e-01 0.000000000000000000e+00
9.900000000000000000e+01 -4.765900000000000247e+00 3.326220000000000176e+00 0.000000000000000000e+00
1.000000000000000000e+02 -6.811659999999999826e+00 2.888040000000000163e+00 0.000000000000000000e+00
1.010000000000000000e+02 -6.154759999999999565e+00 4.871550000000000047e+00 0.000000000000000000e+00
1.020000000000000000e+02 -5.480540000000000411e+00 6.901290000000000369e+00 0.000000000000000000e+00
1.030000000000000000e+02 -4.783949999999999925e+00 9.172069999999999723e+00 0.000000000000000000e+00
1.040000000000000000e+02 -6.065100000000000158e+00 1.092611999999999917e+01 0.000000000000000000e+00
1.050000000000000000e+02 -5.320159999999999556e+00 1.286370999999999931e+01 0.000000000000000000e+00
1.060000000000000000e+02 -5.665879999999999583e+00 1.652994999999999948e+01 0.000000000000000000e+00
1.070000000000000000e+02 -2.584719999999999906e+00 1.924032000000000053e+01 0.000000000000000000e+00
1.080000000000000000e+02 -2.807939999999999880e+00 -1.729909999999999926e+01 0.000000000000000000e+00
1.090000000000000000e+02 -1.755819999999999936e+00 -1.545346999999999937e+01 0.000000000000000000e+00
1.100000000000000000e+02 -2.725119999999999987e+00 -1.355176999999999943e+01 0.000000000000000000e+00
1.110000000000000000e+02 -3.776879999999999793e+00 -1.172611000000000026e+01 0.000000000000000000e+00
1.120000000000000000e+02 -4.885460000000000136e+00 -9.975600000000000023e+00 0.000000000000000000e+00
1.130000000000000000e+02 -3.807139999999999969e+00 -8.161670000000000869e+00 0.000000000000000000e+00
1.140000000000000000e+02 -4.822440000000000282e+00 -6.307010000000000005e+00 0.000000000000000000e+00
1.150000000000000000e+02 -3.712330000000000130e+00 -4.495739999999999625e+00 0.000000000000000000e+00
1.160000000000000000e+02 -4.778349999999999653e+00 -2.516500000000000181e+00 0.000000000000000000e+00
1.170000000000000000e+02 -5.429669999999999774e+00 1.347229999999999928e+00 0.000000000000000000e+00
1.180000000000000000e+02 -2.686609999999999943e+00 3.302789999999999893e+00 0.000000000000000000e+00
1.190000000000000000e+02 -4.137640000000000207e+00 5.319650000000000212e+00 0.000000000000000000e+00
1.200000000000000000e+02 -3.367259999999999920e+00 7.663170000000000037e+00 0.000000000000000000e+00
1.210000000000000000e+02 -2.546559999999999935e+00 9.719910000000000494e+00 0.000000000000000000e+00
1.220000000000000000e+02 -3.873200000000000198e+00 1.133047000000000004e+01 0.000000000000000000e+00
1.230000000000000000e+02 -2.978779999999999983e+00 1.323334000000000010e+01 0.000000000000000000e+00
1.240000000000000000e+02 -4.410120000000000040e+00 1.471645999999999965e+01 0.000000000000000000e+00
1.250000000000000000e+02 -3.537520000000000220e+00 1.659112000000000009e+01 0.000000000000000000e+00
1.260000000000000000e+02 -1.586049999999999960e+00 -1.903800000000000026e+01 0.000000000000000000e+00
1.270000000000000000e+02 -6.150499999999999856e-01 -1.719490000000000052e+01 0.000000000000000000e+00
1.280000000000000000e+02 -6.570700000000000429e-01 -1.358234999999999992e+01 0.000000000000000000e+00
1.290000000000000000e+02 -1.676630000000000065e+00 -1.173662999999999990e+01 0.000000000000000000e+00
1.300000000000000000e+02 -2.716509999999999980e+00 -9.910780000000000811e+00 0.000000000000000000e+00
1.310000000000000000e+02 -2.706189999999999873e+00 -6.352400000000000269e+00 0.000000000000000000e+00
1.320000000000000000e+02 -1.610000000000000098e+00 -4.546899999999999942e+00 0.000000000000000000e+00
1.330000000000000000e+02 -2.682920000000000194e+00 -2.622069999999999901e+00 0.000000000000000000e+00
1.340000000000000000e+02 -1.623210000000000042e+00 -7.511999999999999789e-01 0.000000000000000000e+00
1.350000000000000000e+02 -3.695460000000000189e+00 -7.325599999999999890e-01 0.000000000000000000e+00
1.360000000000000000e+02 -3.358150000000000190e+00 1.310429999999999984e+00 0.000000000000000000e+00
1.370000000000000000e+02 -8.759900000000000464e-01 4.356349999999999945e+00 0.000000000000000000e+00
1.380000000000000000e+02 -2.174729999999999830e+00 5.959649999999999892e+00 0.000000000000000000e+00
1.390000000000000000e+02 -1.325960000000000027e+00 7.996999999999999886e+00 0.000000000000000000e+00
1.400000000000000000e+02 -1.677000000000000046e+00 1.159515000000000029e+01 0.000000000000000000e+00
1.410000000000000000e+02 -7.503499999999999615e-01 1.346444999999999936e+01 0.000000000000000000e+00
1.420000000000000000e+02 -2.033929999999999794e+00 1.514447000000000010e+01 0.000000000000000000e+00
1.430000000000000000e+02 -1.039090000000000069e+00 1.736512000000000100e+01 0.000000000000000000e+00
1.440000000000000000e+02 1.532040000000000068e+00 -1.721865999999999985e+01 0.000000000000000000e+00
1.450000000000000000e+02 5.635299999999999754e-01 -1.535589000000000048e+01 0.000000000000000000e+00
1.460000000000000000e+02 5.289099999999999913e-01 -1.176889000000000074e+01 0.000000000000000000e+00
1.470000000000000000e+02 -5.655000000000000027e-01 -9.971790000000000376e+00 0.000000000000000000e+00
1.480000000000000000e+02 -1.616309999999999913e+00 -8.143990000000000506e+00 0.000000000000000000e+00
1.490000000000000000e+02 4.891499999999999737e-01 -8.117160000000000153e+00 0.000000000000000000e+00
1.500000000000000000e+02 -5.254100000000000437e-01 -6.308580000000000076e+00 0.000000000000000000e+00
1.510000000000000000e+02 -6.303400000000000114e-01 -2.674150000000000027e+00 0.000000000000000000e+00
1.520000000000000000e+02 4.255200000000000093e-01 -8.984499999999999709e-01 0.000000000000000000e+00
1.530000000000000000e+02 -1.281139999999999946e+00 1.309870000000000090e+00 0.000000000000000000e+00
1.540000000000000000e+02 3.048899999999999944e-01 2.667019999999999946e+00 0.000000000000000000e+00
1.550000000000000000e+02 1.264019999999999921e+00 4.556470000000000020e+00 0.000000000000000000e+00
1.560000000000000000e+02 -1.322000000000000085e-02 6.273869999999999614e+00 0.000000000000000000e+00
1.570000000000000000e+02 -4.277799999999999936e-01 9.893670000000000186e+00 0.000000000000000000e+00
1.580000000000000000e+02 4.549500000000000210e-01 1.176379999999999981e+01 0.000000000000000000e+00
1.590000000000000000e+02 1.430649999999999977e+00 1.364633000000000074e+01 0.000000000000000000e+00
1.600000000000000000e+02 1.097299999999999942e-01 1.542789999999999928e+01 0.000000000000000000e+00
1.610000000000000000e+02 1.081990000000000007e+00 1.734735999999999834e+01 0.000000000000000000e+00
1.620000000000000000e+02 2.091110000000000024e+00 -1.934044000000000096e+01 0.000000000000000000e+00
1.630000000000000000e+02 2.719879999999999853e+00 -1.537396999999999991e+01 0.000000000000000000e+00
1.640000000000000000e+02 1.639089999999999936e+00 -1.357409999999999961e+01 0.000000000000000000e+00
1.650000000000000000e+02 2.591740000000000155e+00 -1.171738000000000035e+01 0.000000000000000000e+00
1.660000000000000000e+02 1.512000000000000011e+00 -9.937030000000000030e+00 0.000000000000000000e+00
1.670000000000000000e+02 1.612039999999999917e+00 -6.282890000000000086e+00 0.000000000000000000e+00
1.680000000000000000e+02 4.816500000000000226e-01 -4.468119999999999870e+00 0.000000000000000000e+00
1.690000000000000000e+02 1.511549999999999949e+00 -2.670720000000000205e+00 0.000000000000000000e+00
1.700000000000000000e+02 2.533889999999999976e+00 -8.453100000000000058e-01 0.000000000000000000e+00
1.710000000000000000e+02 1.442830000000000057e+00 9.197400000000000020e-01 0.000000000000000000e+00
1.720000000000000000e+02 2.367140000000000022e+00 2.789079999999999782e+00 0.000000000000000000e+00
1.730000000000000000e+02 3.351690000000000058e+00 4.636079999999999757e+00 0.000000000000000000e+00
1.740000000000000000e+02 2.116400000000000059e+00 6.475640000000000285e+00 0.000000000000000000e+00
1.750000000000000000e+02 8.908500000000000307e-01 8.174369999999999692e+00 0.000000000000000000e+00
1.760000000000000000e+02 1.773789999999999978e+00 1.006173000000000073e+01 0.000000000000000000e+00
1.770000000000000000e+02 2.667590000000000128e+00 1.191705999999999932e+01 0.000000000000000000e+00
1.780000000000000000e+02 2.322690000000000143e+00 1.563814999999999955e+01 0.000000000000000000e+00
1.790000000000000000e+02 1.610479999999999912e+00 1.937853000000000137e+01 0.000000000000000000e+00
1.800000000000000000e+02 3.758999999999999897e+00 -1.738726000000000127e+01 0.000000000000000000e+00
1.810000000000000000e+02 3.749589999999999979e+00 -1.350707000000000058e+01 0.000000000000000000e+00
1.820000000000000000e+02 4.778780000000000250e+00 -1.168886999999999965e+01 0.000000000000000000e+00
1.830000000000000000e+02 3.654300000000000104e+00 -9.922370000000000800e+00 0.000000000000000000e+00
1.840000000000000000e+02 2.617379999999999818e+00 -8.100049999999999528e+00 0.000000000000000000e+00
1.850000000000000000e+02 3.730770000000000142e+00 -6.243310000000000137e+00 0.000000000000000000e+00
1.860000000000000000e+02 2.657570000000000210e+00 -4.440030000000000143e+00 0.000000000000000000e+00
1.870000000000000000e+02 3.719889999999999919e+00 -2.604620000000000157e+00 0.000000000000000000e+00
1.880000000000000000e+02 4.628899999999999793e+00 -7.137400000000000411e-01 0.000000000000000000e+00
1.890000000000000000e+02 3.512449999999999850e+00 1.029970000000000052e+00 0.000000000000000000e+00
1.900000000000000000e+02 4.439379999999999882e+00 2.880700000000000038e+00 0.000000000000000000e+00
1.910000000000000000e+02 5.433460000000000178e+00 4.683740000000000236e+00 0.000000000000000000e+00
1.920000000000000000e+02 4.190100000000000158e+00 6.590110000000000134e+00 0.000000000000000000e+00
1.930000000000000000e+02 3.023769999999999847e+00 8.403010000000000090e+00 0.000000000000000000e+00
1.940000000000000000e+02 4.000659999999999883e+00 1.024937000000000076e+01 0.000000000000000000e+00
1.950000000000000000e+02 4.736170000000000435e+00 1.220376000000000083e+01 0.000000000000000000e+00
1.960000000000000000e+02 3.528620000000000090e+00 1.388072000000000017e+01 0.000000000000000000e+00
1.970000000000000000e+02 4.398880000000000123e+00 1.578140999999999927e+01 0.000000000000000000e+00
1.980000000000000000e+02 4.844100000000000072e+00 -1.530831000000000053e+01 0.000000000000000000e+00
1.990000000000000000e+02 6.026340000000000252e+00 -1.338508999999999993e+01 0.000000000000000000e+00
2.000000000000000000e+02 5.953700000000000436e+00 -9.810890000000000555e+00 0.000000000000000000e+00
2.010000000000000000e+02 4.807409999999999961e+00 -8.010630000000000805e+00 0.000000000000000000e+00
2.020000000000000000e+02 5.987980000000000302e+00 -6.131879999999999775e+00 0.000000000000000000e+00
2.030000000000000000e+02 6.889689999999999870e+00 -4.238419999999999632e+00 0.000000000000000000e+00
2.040000000000000000e+02 4.772310000000000052e+00 -4.386999999999999567e+00 0.000000000000000000e+00
2.050000000000000000e+02 5.807070000000000398e+00 -2.463330000000000020e+00 0.000000000000000000e+00
2.060000000000000000e+02 6.690459999999999852e+00 -5.986700000000000355e-01 0.000000000000000000e+00
2.070000000000000000e+02 7.718790000000000262e+00 1.244199999999999973e+00 0.000000000000000000e+00
2.080000000000000000e+02 6.535230000000000317e+00 2.941870000000000207e+00 0.000000000000000000e+00
2.090000000000000000e+02 7.497189999999999799e+00 4.827469999999999928e+00 0.000000000000000000e+00
2.100000000000000000e+02 6.349990000000000023e+00 6.640609999999999680e+00 0.000000000000000000e+00
2.110000000000000000e+02 5.093440000000000190e+00 8.503869999999999152e+00 0.000000000000000000e+00
2.120000000000000000e+02 6.103089999999999904e+00 1.046349999999999980e+01 0.000000000000000000e+00
2.130000000000000000e+02 6.898390000000000022e+00 1.239047000000000054e+01 0.000000000000000000e+00
2.140000000000000000e+02 5.690199999999999925e+00 1.415188000000000024e+01 0.000000000000000000e+00
2.150000000000000000e+02 3.530670000000000197e+00 1.772812000000000054e+01 0.000000000000000000e+00
2.160000000000000000e+02 5.914469999999999672e+00 -1.712370999999999910e+01 0.000000000000000000e+00
2.170000000000000000e+02 6.985380000000000145e+00 -1.523315000000000019e+01 0.000000000000000000e+00
2.180000000000000000e+02 7.031419999999999781e+00 -1.158636000000000088e+01 0.000000000000000000e+00
2.190000000000000000e+02 8.075079999999999814e+00 -9.744920000000000471e+00 0.000000000000000000e+00
2.200000000000000000e+02 6.946559999999999846e+00 -7.961750000000000327e+00 0.000000000000000000e+00
2.210000000000000000e+02 8.098449999999999704e+00 -6.055979999999999919e+00 0.000000000000000000e+00
2.220000000000000000e+02 8.991870000000000474e+00 -4.149110000000000298e+00 0.000000000000000000e+00
2.230000000000000000e+02 7.884640000000000093e+00 -2.394989999999999952e+00 0.000000000000000000e+00
2.240000000000000000e+02 8.874930000000000874e+00 -4.707200000000000273e-01 0.000000000000000000e+00
2.250000000000000000e+02 9.828369999999999607e+00 1.363869999999999916e+00 0.000000000000000000e+00
2.260000000000000000e+02 8.639490000000000336e+00 3.098520000000000163e+00 0.000000000000000000e+00
2.270000000000000000e+02 9.660080000000000666e+00 5.037490000000000023e+00 0.000000000000000000e+00
2.280000000000000000e+02 8.438439999999999941e+00 6.759940000000000282e+00 0.000000000000000000e+00
2.290000000000000000e+02 7.241319999999999979e+00 8.511509999999999465e+00 0.000000000000000000e+00
2.300000000000000000e+02 8.236670000000000158e+00 1.045248999999999917e+01 0.000000000000000000e+00
2.310000000000000000e+02 9.352650000000000574e+00 1.240404999999999980e+01 0.000000000000000000e+00
2.320000000000000000e+02 7.838560000000000194e+00 1.432473000000000063e+01 0.000000000000000000e+00
2.330000000000000000e+02 6.692689999999999806e+00 1.608354999999999890e+01 0.000000000000000000e+00
2.340000000000000000e+02 8.028140000000000498e+00 -1.715858000000000061e+01 0.000000000000000000e+00
2.350000000000000000e+02 8.098480000000000345e+00 -1.340995000000000026e+01 0.000000000000000000e+00
2.360000000000000000e+02 9.192740000000000578e+00 -1.157229000000000063e+01 0.000000000000000000e+00
2.370000000000000000e+02 1.018918999999999997e+01 -9.729229999999999379e+00 0.000000000000000000e+00
2.380000000000000000e+02 9.036659999999999471e+00 -7.898030000000000328e+00 0.000000000000000000e+00
2.390000000000000000e+02 1.019963000000000086e+01 -5.925229999999999997e+00 0.000000000000000000e+00
2.400000000000000000e+02 1.120298999999999978e+01 -4.048549999999999649e+00 0.000000000000000000e+00
2.410000000000000000e+02 1.002358000000000082e+01 -2.313849999999999962e+00 0.000000000000000000e+00
2.420000000000000000e+02 1.098717000000000077e+01 -4.723800000000000221e-01 0.000000000000000000e+00
2.430000000000000000e+02 1.202148000000000039e+01 1.466869999999999896e+00 0.000000000000000000e+00
2.440000000000000000e+02 1.088212000000000046e+01 3.190980000000000150e+00 0.000000000000000000e+00
2.450000000000000000e+02 1.181283999999999956e+01 5.094219999999999970e+00 0.000000000000000000e+00
2.460000000000000000e+02 1.072639999999999993e+01 6.866229999999999833e+00 0.000000000000000000e+00
2.470000000000000000e+02 9.369429999999999481e+00 8.634589999999999321e+00 0.000000000000000000e+00
2.480000000000000000e+02 1.042545999999999928e+01 1.059596999999999944e+01 0.000000000000000000e+00
2.490000000000000000e+02 1.141337000000000046e+01 1.253378999999999976e+01 0.000000000000000000e+00
2.500000000000000000e+02 1.003168999999999933e+01 1.442342999999999975e+01 0.000000000000000000e+00
2.510000000000000000e+02 8.940709999999999269e+00 1.625922999999999874e+01 0.000000000000000000e+00
2.520000000000000000e+02 9.209329999999999572e+00 -1.527574000000000076e+01 0.000000000000000000e+00
2.530000000000000000e+02 1.021438999999999986e+01 -1.341624000000000017e+01 0.000000000000000000e+00
2.540000000000000000e+02 1.136349000000000053e+01 -1.148054999999999914e+01 0.000000000000000000e+00
2.550000000000000000e+02 1.236514000000000024e+01 -9.603979999999999961e+00 0.000000000000000000e+00
2.560000000000000000e+02 1.118384000000000000e+01 -7.845299999999999940e+00 0.000000000000000000e+00
2.570000000000000000e+02 1.229438999999999993e+01 -5.787980000000000125e+00 0.000000000000000000e+00
2.580000000000000000e+02 1.330039999999999978e+01 -3.966670000000000140e+00 0.000000000000000000e+00
2.590000000000000000e+02 1.220115000000000016e+01 -2.172699999999999854e+00 0.000000000000000000e+00
2.600000000000000000e+02 1.321915000000000084e+01 -3.102199999999999958e-01 0.000000000000000000e+00
2.610000000000000000e+02 1.428149999999999942e+01 1.450990000000000002e+00 0.000000000000000000e+00
2.620000000000000000e+02 1.297042000000000073e+01 3.326210000000000111e+00 0.000000000000000000e+00
2.630000000000000000e+02 1.392366999999999955e+01 5.188790000000000013e+00 0.000000000000000000e+00
2.640000000000000000e+02 1.280884000000000000e+01 7.046960000000000335e+00 0.000000000000000000e+00
2.650000000000000000e+02 1.155389000000000088e+01 8.768750000000000711e+00 0.000000000000000000e+00
2.660000000000000000e+02 1.251069999999999993e+01 1.078180000000000049e+01 0.000000000000000000e+00
2.670000000000000000e+02 1.349953000000000003e+01 1.262683999999999962e+01 0.000000000000000000e+00
2.680000000000000000e+02 1.210253999999999941e+01 1.455256999999999934e+01 0.000000000000000000e+00
2.690000000000000000e+02 1.102552999999999983e+01 1.632007000000000119e+01 0.000000000000000000e+00
2.700000000000000000e+02 1.128800000000000026e+01 -1.521493000000000073e+01 0.000000000000000000e+00
2.710000000000000000e+02 1.262439999999999962e+01 -1.321519999999999939e+01 0.000000000000000000e+00
2.720000000000000000e+02 1.364230000000000054e+01 -1.141792000000000051e+01 0.000000000000000000e+00
2.730000000000000000e+02 1.461994999999999933e+01 -9.473760000000000403e+00 0.000000000000000000e+00
2.740000000000000000e+02 1.327777000000000029e+01 -7.604949999999999655e+00 0.000000000000000000e+00
2.750000000000000000e+02 1.441757999999999917e+01 -5.782029999999999781e+00 0.000000000000000000e+00
2.760000000000000000e+02 1.554944000000000059e+01 -3.959509999999999863e+00 0.000000000000000000e+00
2.770000000000000000e+02 1.430028000000000077e+01 -2.102889999999999926e+00 0.000000000000000000e+00
2.780000000000000000e+02 1.551717999999999975e+01 -2.483599999999999974e-01 0.000000000000000000e+00
2.790000000000000000e+02 1.647380000000000067e+01 1.672269999999999923e+00 0.000000000000000000e+00
2.800000000000000000e+02 1.521521000000000079e+01 3.320079999999999920e+00 0.000000000000000000e+00
2.810000000000000000e+02 1.636727000000000132e+01 5.178239999999999732e+00 0.000000000000000000e+00
2.820000000000000000e+02 1.492886999999999986e+01 7.202759999999999607e+00 0.000000000000000000e+00
2.830000000000000000e+02 1.365318000000000076e+01 9.048450000000000770e+00 0.000000000000000000e+00
2.840000000000000000e+02 1.466423999999999950e+01 1.089952000000000076e+01 0.000000000000000000e+00
2.850000000000000000e+02 1.588926999999999978e+01 9.137779999999999347e+00 0.000000000000000000e+00
2.860000000000000000e+02 1.575872000000000028e+01 1.281076000000000015e+01 0.000000000000000000e+00
2.870000000000000000e+02 1.423996999999999957e+01 1.460732999999999926e+01 0.000000000000000000e+00
2.880000000000000000e+02 1.503176999999999985e+01 -1.311758000000000024e+01 0.000000000000000000e+00
2.890000000000000000e+02 1.592577999999999960e+01 -1.124549999999999983e+01 0.000000000000000000e+00
2.900000000000000000e+02 1.699502999999999986e+01 -9.473760000000000403e+00 0.000000000000000000e+00
2.910000000000000000e+02 1.828766999999999854e+01 -7.192709999999999937e+00 0.000000000000000000e+00
2.920000000000000000e+02 1.555963999999999992e+01 -7.619819999999999816e+00 0.000000000000000000e+00
2.930000000000000000e+02 1.659174000000000149e+01 -5.767689999999999984e+00 0.000000000000000000e+00
2.940000000000000000e+02 1.788998000000000133e+01 -3.675209999999999866e+00 0.000000000000000000e+00
2.950000000000000000e+02 1.651603000000000065e+01 -2.097949999999999982e+00 0.000000000000000000e+00
2.960000000000000000e+02 1.757545999999999964e+01 -2.467399999999999871e-01 0.000000000000000000e+00
2.970000000000000000e+02 1.923548999999999864e+01 1.468930000000000069e+00 0.000000000000000000e+00
2.980000000000000000e+02 1.776033999999999935e+01 3.501770000000000049e+00 0.000000000000000000e+00
2.990000000000000000e+02 1.710166999999999859e+01 7.207930000000000170e+00 0.000000000000000000e+00
