0.000000000000000000e+00 -1.357001999999999953e+01 -1.606197999999999837e+01 0.000000000000000000e+00
1.000000000000000000e+00 -1.481634999999999991e+01 -1.432585000000000086e+01 0.000000000000000000e+00
2.000000000000000000e+00 -1.584744000000000064e+01 -1.253628999999999927e+01 0.000000000000000000e+00
3.000000000000000000e+00 -1.634431000000000012e+01 -8.434459999999999624e+00 0.000000000000000000e+00
4.000000000000000000e+00 -1.508299000000000056e+01 -6.799970000000000070e+00 0.000000000000000000e+00
5.000000000000000000e+00 -1.774240999999999957e+01 -6.804949999999999832e+00 0.000000000000000000e+00
6.000000000000000000e+00 -1.770082000000000022e+01 -3.276909999999999989e+00 0.000000000000000000e+00
7.000000000000000000e+00 -1.910510000000000019e+01 -1.038340000000000041e+00 0.000000000000000000e+00
8.000000000000000000e+00 -1.642352999999999952e+01 -1.351679999999999993e+00 0.000000000000000000e+00
9.000000000000000000e+00 -1.761356999999999928e+01 5.697499999999999787e-01 0.000000000000000000e+00
1.000000000000000000e+01 -1.934420000000000073e+01 1.922379999999999978e+00 0.000000000000000000e+00
1.100000000000000000e+01 -1.759255999999999887e+01 4.341560000000000308e+00 0.000000000000000000e+00
1.200000000000000000e+01 -1.661579000000000050e+01 6.255720000000000169e+00 0.000000000000000000e+00
1.300000000000000000e+01 -1.918833000000000055e+01 6.632240000000000357e+00 0.000000000000000000e+00
1.400000000000000000e+01 -1.782326000000000121e+01 8.248049999999999216e+00 0.000000000000000000e+00
1.500000000000000000e+01 -1.679007000000000005e+01 1.014527999999999963e+01 0.000000000000000000e+00
1.600000000000000000e+01 -1.557014999999999993e+01 1.196048000000000044e+01 0.000000000000000000e+00
1.700000000000000000e+01 -1.459132999999999925e+01 1.381268000000000029e+01 0.000000000000000000e+00
1.800000000000000000e+01 -1.151693999999999996e+01 -1.599155999999999977e+01 0.000000000000000000e+00
1.900000000000000000e+01 -1.256443999999999939e+01 -1.406479999999999997e+01 0.000000000000000000e+00
2.000000000000000000e+01 -1.367797999999999981e+01 -1.230741000000000085e+01 0.000000000000000000e+00
2.100000000000000000e+01 -1.521474000000000082e+01 -1.025780999999999921e+01 0.000000000000000000e+00
2.200000000000000000e+01 -1.395796999999999954e+01 -8.596959999999999269e+00 0.000000000000000000e+00
2.300000000000000000e+01 -1.636604000000000170e+01 -5.124270000000000103e+00 0.000000000000000000e+00
2.400000000000000000e+01 -1.422123000000000026e+01 -4.879299999999999748e+00 0.000000000000000000e+00
2.500000000000000000e+01 -1.535406000000000049e+01 -3.160870000000000068e+00 0.000000000000000000e+00
2.600000000000000000e+01 -1.436313999999999957e+01 -1.191899999999999959e+00 0.000000000000000000e+00
2.700000000000000000e+01 -1.553281999999999918e+01 5.486299999999999510e-01 0.000000000000000000e+00
2.800000000000000000e+01 -1.656166999999999945e+01 2.368450000000000166e+00 0.000000000000000000e+00
2.900000000000000000e+01 -1.552811999999999948e+01 4.436250000000000249e+00 0.000000000000000000e+00
3.000000000000000000e+01 -1.452472999999999992e+01 6.269409999999999705e+00 0.000000000000000000e+00
3.100000000000000000e+01 -1.350153000000000070e+01 8.137999999999999901e+00 0.000000000000000000e+00
3.200000000000000000e+01 -1.570649000000000051e+01 8.304280000000000328e+00 0.000000000000000000e+00
3.300000000000000000e+01 -1.455711999999999939e+01 1.001052999999999926e+01 0.000000000000000000e+00
3.400000000000000000e+01 -1.350919999999999987e+01 1.194781000000000049e+01 0.000000000000000000e+00
3.500000000000000000e+01 -1.253724000000000061e+01 1.475563999999999965e+01 0.000000000000000000e+00
3.600000000000000000e+01 -9.169430000000000192e+00 -1.579644000000000048e+01 0.000000000000000000e+00
3.700000000000000000e+01 -1.037758000000000003e+01 -1.408093000000000039e+01 0.000000000000000000e+00
3.800000000000000000e+01 -1.143810000000000038e+01 -1.222329000000000043e+01 0.000000000000000000e+00
3.900000000000000000e+01 -1.267225999999999964e+01 -1.047099000000000046e+01 0.000000000000000000e+00
4.000000000000000000e+01 -1.179109000000000052e+01 -8.600979999999999848e+00 0.000000000000000000e+00
4.100000000000000000e+01 -1.298798999999999992e+01 -6.719409999999999883e+00 0.000000000000000000e+00
4.200000000000000000e+01 -1.205823000000000000e+01 -4.875469999999999970e+00 0.000000000000000000e+00
4.300000000000000000e+01 -1.327505000000000024e+01 -2.989580000000000126e+00 0.000000000000000000e+00
4.400000000000000000e+01 -1.230124999999999957e+01 -1.109459999999999891e+00 0.000000000000000000e+00
4.500000000000000000e+01 -1.323090000000000011e+01 7.576800000000000201e-01 0.000000000000000000e+00
4.600000000000000000e+01 -1.447498000000000040e+01 2.413250000000000117e+00 0.000000000000000000e+00
4.700000000000000000e+01 -1.334925999999999924e+01 4.391009999999999636e+00 0.000000000000000000e+00
4.800000000000000000e+01 -1.244172000000000011e+01 6.267590000000000217e+00 0.000000000000000000e+00
4.900000000000000000e+01 -1.132423999999999964e+01 8.328620000000000800e+00 0.000000000000000000e+00
5.000000000000000000e+01 -1.250169999999999959e+01 1.009519000000000055e+01 0.000000000000000000e+00
5.100000000000000000e+01 -1.141887000000000008e+01 1.186739000000000033e+01 0.000000000000000000e+00
5.200000000000000000e+01 -1.062692999999999977e+01 1.376257999999999981e+01 0.000000000000000000e+00
5.300000000000000000e+01 -1.078871000000000002e+01 1.600749000000000066e+01 0.000000000000000000e+00
5.400000000000000000e+01 -8.089219999999999189e+00 -1.784536999999999907e+01 0.000000000000000000e+00
5.500000000000000000e+01 -8.145239999999999370e+00 -1.377519999999999989e+01 0.000000000000000000e+00
5.600000000000000000e+01 -9.304570000000000007e+00 -1.201281999999999961e+01 0.000000000000000000e+00
5.700000000000000000e+01 -1.054213000000000022e+01 -1.034254999999999924e+01 0.000000000000000000e+00
5.800000000000000000e+01 -9.715859999999999275e+00 -8.435330000000000439e+00 0.000000000000000000e+00
5.900000000000000000e+01 -1.092849999999999966e+01 -6.641600000000000392e+00 0.000000000000000000e+00
6.000000000000000000e+01 -1.000949999999999918e+01 -4.657910000000000217e+00 0.000000000000000000e+00
6.100000000000000000e+01 -1.121794000000000047e+01 -2.921660000000000146e+00 0.000000000000000000e+00
6.200000000000000000e+01 -1.023367999999999967e+01 -1.057109999999999994e+00 0.000000000000000000e+00
6.300000000000000000e+01 -1.116088000000000058e+01 8.418999999999999817e-01 0.000000000000000000e+00
6.400000000000000000e+01 -1.228007000000000026e+01 2.628620000000000179e+00 0.000000000000000000e+00
6.500000000000000000e+01 -1.125441999999999965e+01 4.563449999999999562e+00 0.000000000000000000e+00
6.600000000000000000e+01 -1.030776000000000003e+01 6.509109999999999729e+00 0.000000000000000000e+00
6.700000000000000000e+01 -9.244669999999999277e+00 8.357390000000000541e+00 0.000000000000000000e+00
6.800000000000000000e+01 -1.011285999999999952e+01 1.025580000000000069e+01 0.000000000000000000e+00
6.900000000000000000e+01 -9.277599999999999625e+00 1.218458000000000041e+01 0.000000000000000000e+00
7.000000000000000000e+01 -8.900199999999999889e+00 1.491446999999999967e+01 0.000000000000000000e+00
7.100000000000000000e+01 -8.999779999999999447e+00 1.709547999999999845e+01 0.000000000000000000e+00
7.200000000000000000e+01 -5.615660000000000096e+00 -1.720813000000000059e+01 0.000000000000000000e+00
7.300000000000000000e+01 -6.917819999999999858e+00 -1.543660999999999994e+01 0.000000000000000000e+00
7.400000000000000000e+01 -7.146279999999999966e+00 -1.181822999999999979e+01 0.000000000000000000e+00
7.500000000000000000e+01 -8.368380000000000152e+00 -1.007671999999999990e+01 0.000000000000000000e+00
7.600000000000000000e+01 -7.514370000000000438e+00 -8.125489999999999213e+00 0.000000000000000000e+00
7.700000000000000000e+01 -8.874290000000000234e+00 -6.384210000000000385e+00 0.000000000000000000e+00
7.800000000000000000e+01 -7.844610000000000305e+00 -4.571620000000000239e+00 0.000000000000000000e+00
7.900000000000000000e+01 -9.029560000000000031e+00 -2.843109999999999804e+00 0.000000000000000000e+00
8.000000000000000000e+01 -8.150859999999999772e+00 -8.608299999999999841e-01 0.000000000000000000e+00
8.100000000000000000e+01 -9.103630000000000777e+00 9.920700000000000074e-01 0.000000000000000000e+00
8.200000000000000000e+01 -1.022770000000000046e+01 2.736730000000000107e+00 0.000000000000000000e+00
8.300000000000000000e+01 -9.183350000000000790e+00 4.756610000000000227e+00 0.000000000000000000e+00
8.400000000000000000e+01 -8.184380000000000877e+00 6.552950000000000053e+00 0.000000000000000000e+00
8.500000000000000000e+01 -7.101029999999999731e+00 8.541430000000000078e+00 0.000000000000000000e+00
8.600000000000000000e+01 -7.896469999999999878e+00 1.054127000000000081e+01 0.000000000000000000e+00
8.700000000000000000e+01 -7.502510000000000012e+00 1.333066999999999958e+01 0.000000000000000000e+00
8.800000000000000000e+01 -6.968090000000000117e+00 1.572447999999999979e+01 0.000000000000000000e+00
8.900000000000000000e+01 -6.065739999999999910e+00 1.784038999999999930e+01 0.000000000000000000e+00
9.000000000000000000e+01 -4.719100000000000072e+00 -1.913803000000000054e+01 0.000000000000000000e+00
9.100000000000000000e+01 -4.860470000000000290e+00 -1.529245000000000054e+01 0.000000000000000000e+00
9.200000000000000000e+01 -5.900529999999999831e+00 -1.348576000000000086e+01 0.000000000000000000e+00
9.300000000000000000e+01 -6.313519999999999577e+00 -9.868980000000000530e+00 0.000000000000000000e+00
9.400000000000000000e+01 -5.413789999999999658e+00 -7.964710000000000178e+00 0.000000000000000000e+00
9.500000000000000000e+01 -6.574919999999999654e+00 -6.235149999999999970e+00 0.000000000000000000e+00
9.600000000000000000e+01 -5.766700000000000159e+00 -4.341590000000000060e+00 0.000000000000000000e+00
9.700000000000000000e+01 -6.927789999999999893e+00 -2.594819999999999904e+00 0.000000000000000000e+00
9.800000000000000000e+01 -6.065540000000000376e+00 -7.057299999999999685e-01 0.000000000000000000e+00
9.900000000000000000e+01 -6.952490000000000059e+00 1.201959999999999917e+00 0.000000000000000000e+00
1.000000000000000000e+02 -8.106619999999999493e+00 2.919970000000000176e+00 0.000000000000000000e+00
1.010000000000000000e+02 -7.077300000000000146e+00 4.776119999999999699e+00 0.000000000000000000e+00
1.020000000000000000e+02 -5.728360000000000340e+00 6.333929999999999616e+00 0.000000000000000000e+00
1.030000000000000000e+02 -5.023320000000000007e+00 8.265150000000000219e+00 0.000000000000000000e+00
1.040000000000000000e+02 -6.099470000000000169e+00 1.170903000000000027e+01 0.000000000000000000e+00
1.050000000000000000e+02 -5.481600000000000250e+00 1.394304999999999950e+01 0.000000000000000000e+00
1.060000000000000000e+02 -4.896040000000000170e+00 1.593679000000000023e+01 0.000000000000000000e+00
1.070000000000000000e+02 -3.934550000000000214e+00 1.832691000000000159e+01 0.000000000000000000e+00
1.080000000000000000e+02 -3.502670000000000172e+00 -1.697183000000000064e+01 0.000000000000000000e+00
1.090000000000000000e+02 -2.594269999999999854e+00 -1.490013000000000076e+01 0.000000000000000000e+00
1.100000000000000000e+02 -3.831139999999999990e+00 -1.319256000000000029e+01 0.000000000000000000e+00
1.110000000000000000e+02 -5.090939999999999799e+00 -1.152785000000000082e+01 0.000000000000000000e+00
1.120000000000000000e+02 -4.143440000000000012e+00 -9.684829999999999828e+00 0.000000000000000000e+00
1.130000000000000000e+02 -4.489160000000000039e+00 -6.047749999999999737e+00 0.000000000000000000e+00
1.140000000000000000e+02 -3.618939999999999824e+00 -4.130519999999999747e+00 0.000000000000000000e+00
1.150000000000000000e+02 -4.871389999999999887e+00 -2.408770000000000078e+00 0.000000000000000000e+00
1.160000000000000000e+02 -3.998880000000000212e+00 -5.235499999999999599e-01 0.000000000000000000e+00
1.170000000000000000e+02 -4.600600000000000023e+00 1.479230000000000045e+00 0.000000000000000000e+00
1.180000000000000000e+02 -5.878320000000000434e+00 3.091800000000000104e+00 0.000000000000000000e+00
1.190000000000000000e+02 -4.426359999999999850e+00 4.656640000000000335e+00 0.000000000000000000e+00
1.200000000000000000e+02 -3.658589999999999787e+00 6.691309999999999647e+00 0.000000000000000000e+00
1.210000000000000000e+02 -3.017040000000000166e+00 8.856939999999999813e+00 0.000000000000000000e+00
1.220000000000000000e+02 -4.574329999999999785e+00 1.029378999999999955e+01 0.000000000000000000e+00
1.230000000000000000e+02 -4.137620000000000076e+00 1.235223000000000049e+01 0.000000000000000000e+00
1.240000000000000000e+02 -3.425609999999999822e+00 1.443191000000000024e+01 0.000000000000000000e+00
1.250000000000000000e+02 -2.854719999999999924e+00 1.650516000000000005e+01 0.000000000000000000e+00
1.260000000000000000e+02 -2.555849999999999955e+00 -1.883202999999999960e+01 0.000000000000000000e+00
1.270000000000000000e+02 -1.299609999999999932e+00 -1.668633000000000166e+01 0.000000000000000000e+00
1.280000000000000000e+02 -1.451310000000000100e+00 -1.304865999999999993e+01 0.000000000000000000e+00
1.290000000000000000e+02 -2.866519999999999957e+00 -1.135548000000000002e+01 0.000000000000000000e+00
1.300000000000000000e+02 -2.025720000000000187e+00 -9.451769999999999783e+00 0.000000000000000000e+00
1.310000000000000000e+02 -3.303370000000000140e+00 -7.793050000000000033e+00 0.000000000000000000e+00
1.320000000000000000e+02 -1.527560000000000029e+00 -3.955459999999999976e+00 0.000000000000000000e+00
1.330000000000000000e+02 -2.751269999999999882e+00 -2.229140000000000121e+00 0.000000000000000000e+00
1.340000000000000000e+02 -1.934330000000000105e+00 -3.309400000000000119e-01 0.000000000000000000e+00
1.350000000000000000e+02 -1.501970000000000027e+00 1.708869999999999889e+00 0.000000000000000000e+00
1.360000000000000000e+02 -3.125690000000000079e+00 2.991659999999999986e+00 0.000000000000000000e+00
1.370000000000000000e+02 -2.217389999999999972e+00 5.047539999999999694e+00 0.000000000000000000e+00
1.380000000000000000e+02 -1.608309999999999906e+00 7.199720000000000120e+00 0.000000000000000000e+00
1.390000000000000000e+02 -9.810499999999999776e-01 9.311360000000000525e+00 0.000000000000000000e+00
1.400000000000000000e+02 -2.452510000000000190e+00 1.086904999999999966e+01 0.000000000000000000e+00
1.410000000000000000e+02 -1.992070000000000007e+00 1.291830000000000034e+01 0.000000000000000000e+00
1.420000000000000000e+02 -1.386879999999999891e+00 1.496432000000000073e+01 0.000000000000000000e+00
1.430000000000000000e+02 -7.902000000000000135e-01 1.694479000000000113e+01 0.000000000000000000e+00
1.440000000000000000e+02 -1.796000000000000096e-01 -1.844681999999999888e+01 0.000000000000000000e+00
1.450000000000000000e+02 -3.559399999999999786e-01 -1.484556000000000076e+01 0.000000000000000000e+00
1.460000000000000000e+02 7.484899999999999887e-01 -1.306474000000000046e+01 0.000000000000000000e+00
1.470000000000000000e+02 -7.476500000000000368e-01 -1.108845999999999954e+01 0.000000000000000000e+00
1.480000000000000000e+02 -1.203780000000000072e+00 -7.545239999999999725e+00 0.000000000000000000e+00
1.490000000000000000e+02 -2.468200000000000116e-01 -5.577849999999999753e+00 0.000000000000000000e+00
1.500000000000000000e+02 -2.381520000000000081e+00 -5.844769999999999577e+00 0.000000000000000000e+00
1.510000000000000000e+02 -6.821800000000000086e-01 -1.983999999999999986e+00 0.000000000000000000e+00
1.520000000000000000e+02 1.221200000000000063e-01 5.167999999999999677e-02 0.000000000000000000e+00
1.530000000000000000e+02 6.793400000000000549e-01 2.044399999999999995e+00 0.000000000000000000e+00
1.540000000000000000e+02 -6.801800000000000068e-01 3.630720000000000169e+00 0.000000000000000000e+00
1.550000000000000000e+02 -4.816999999999999754e-02 5.634070000000000356e+00 0.000000000000000000e+00
1.560000000000000000e+02 5.511099999999999888e-01 7.679789999999999672e+00 0.000000000000000000e+00
1.570000000000000000e+02 1.081939999999999902e+00 9.731199999999999406e+00 0.000000000000000000e+00
1.580000000000000000e+02 -3.295799999999999841e-01 1.128848999999999947e+01 0.000000000000000000e+00
1.590000000000000000e+02 2.341999999999999915e-01 1.333971000000000018e+01 0.000000000000000000e+00
1.600000000000000000e+02 6.514999999999999680e-01 1.544711999999999996e+01 0.000000000000000000e+00
1.610000000000000000e+02 1.233800000000000008e+00 1.747510000000000119e+01 0.000000000000000000e+00
1.620000000000000000e+02 1.593450000000000033e+00 -1.989791999999999916e+01 0.000000000000000000e+00
1.630000000000000000e+02 2.496890000000000054e+00 -1.799744000000000099e+01 0.000000000000000000e+00
1.640000000000000000e+02 8.850099999999999634e-01 -1.650936000000000092e+01 0.000000000000000000e+00
1.650000000000000000e+02 1.417329999999999979e+00 -1.105416999999999916e+01 0.000000000000000000e+00
1.660000000000000000e+02 2.258300000000000030e-01 -9.161030000000000229e+00 0.000000000000000000e+00
1.670000000000000000e+02 1.921550000000000091e+00 -5.262920000000000265e+00 0.000000000000000000e+00
1.680000000000000000e+02 5.809100000000000374e-01 -3.632660000000000000e+00 0.000000000000000000e+00
1.690000000000000000e+02 1.370730000000000004e+00 -1.595890000000000031e+00 0.000000000000000000e+00
1.700000000000000000e+02 2.159499999999999975e+00 4.650799999999999934e-01 0.000000000000000000e+00
1.710000000000000000e+02 2.811780000000000168e+00 2.425240000000000062e+00 0.000000000000000000e+00
1.720000000000000000e+02 1.331120000000000081e+00 4.064379999999999882e+00 0.000000000000000000e+00
1.730000000000000000e+02 3.447630000000000194e+00 4.454690000000000261e+00 0.000000000000000000e+00
1.740000000000000000e+02 2.051019999999999843e+00 6.096280000000000143e+00 0.000000000000000000e+00
1.750000000000000000e+02 2.561290000000000067e+00 8.197010000000000574e+00 0.000000000000000000e+00
1.760000000000000000e+02 1.687310000000000088e+00 1.177616000000000085e+01 0.000000000000000000e+00
1.770000000000000000e+02 2.222879999999999967e+00 1.388254000000000055e+01 0.000000000000000000e+00
1.780000000000000000e+02 2.744029999999999969e+00 1.591731000000000051e+01 0.000000000000000000e+00
1.790000000000000000e+02 3.478289999999999882e+00 1.808999000000000024e+01 0.000000000000000000e+00
1.800000000000000000e+02 4.366259999999999586e+00 -1.907806000000000068e+01 0.000000000000000000e+00
1.810000000000000000e+02 2.006580000000000030e+00 -1.472563000000000066e+01 0.000000000000000000e+00
1.820000000000000000e+02 2.896430000000000060e+00 -1.265551999999999921e+01 0.000000000000000000e+00
1.830000000000000000e+02 3.491420000000000190e+00 -1.061189000000000071e+01 0.000000000000000000e+00
1.840000000000000000e+02 2.321829999999999838e+00 -8.843040000000000234e+00 0.000000000000000000e+00
1.850000000000000000e+02 1.026170000000000027e+00 -7.210740000000000371e+00 0.000000000000000000e+00
1.860000000000000000e+02 3.188169999999999948e+00 -6.910669999999999646e+00 0.000000000000000000e+00
1.870000000000000000e+02 2.672449999999999992e+00 -3.324879999999999836e+00 0.000000000000000000e+00
1.880000000000000000e+02 3.420780000000000154e+00 -1.222739999999999938e+00 0.000000000000000000e+00
1.890000000000000000e+02 4.182809999999999917e+00 8.459200000000000053e-01 0.000000000000000000e+00
1.900000000000000000e+02 4.833179999999999588e+00 2.921450000000000102e+00 0.000000000000000000e+00
1.910000000000000000e+02 5.476309999999999789e+00 5.029189999999999827e+00 0.000000000000000000e+00
1.920000000000000000e+02 4.135139999999999816e+00 6.636560000000000237e+00 0.000000000000000000e+00
1.930000000000000000e+02 4.647689999999999877e+00 8.646890000000000853e+00 0.000000000000000000e+00
1.940000000000000000e+02 3.118840000000000057e+00 1.023441000000000045e+01 0.000000000000000000e+00
1.950000000000000000e+02 3.692779999999999951e+00 1.228844999999999921e+01 0.000000000000000000e+00
1.960000000000000000e+02 4.353640000000000398e+00 1.436476000000000042e+01 0.000000000000000000e+00
1.970000000000000000e+02 4.752250000000000085e+00 1.639116999999999891e+01 0.000000000000000000e+00
1.980000000000000000e+02 3.797689999999999788e+00 -1.625358999999999909e+01 0.000000000000000000e+00
1.990000000000000000e+02 4.341260000000000119e+00 -1.417517999999999923e+01 0.000000000000000000e+00
2.000000000000000000e+02 5.095189999999999664e+00 -1.193520000000000003e+01 0.000000000000000000e+00
2.010000000000000000e+02 4.403459999999999930e+00 -8.627480000000000260e+00 0.000000000000000000e+00
2.020000000000000000e+02 5.254209999999999603e+00 -6.727630000000000443e+00 0.000000000000000000e+00
2.030000000000000000e+02 6.176910000000000345e+00 -4.453909999999999592e+00 0.000000000000000000e+00
2.040000000000000000e+02 4.144870000000000054e+00 -4.883320000000000327e+00 0.000000000000000000e+00
2.050000000000000000e+02 4.713339999999999641e+00 -2.839409999999999989e+00 0.000000000000000000e+00
2.060000000000000000e+02 5.564470000000000027e+00 -7.080800000000000427e-01 0.000000000000000000e+00
2.070000000000000000e+02 6.312859999999999694e+00 1.306230000000000002e+00 0.000000000000000000e+00
2.080000000000000000e+02 6.978480000000000238e+00 3.578390000000000182e+00 0.000000000000000000e+00
2.090000000000000000e+02 7.599960000000000271e+00 5.584579999999999878e+00 0.000000000000000000e+00
2.100000000000000000e+02 6.149530000000000385e+00 7.150879999999999903e+00 0.000000000000000000e+00
2.110000000000000000e+02 6.677059999999999995e+00 9.168110000000000426e+00 0.000000000000000000e+00
2.120000000000000000e+02 5.177990000000000315e+00 1.065837999999999930e+01 0.000000000000000000e+00
2.130000000000000000e+02 5.738209999999999589e+00 1.271086000000000027e+01 0.000000000000000000e+00
2.140000000000000000e+02 6.778909999999999769e+00 1.686439999999999984e+01 0.000000000000000000e+00
2.150000000000000000e+02 5.728030000000000399e+00 1.866461999999999932e+01 0.000000000000000000e+00
2.160000000000000000e+02 6.029219999999999580e+00 -1.770699000000000112e+01 0.000000000000000000e+00
2.170000000000000000e+02 5.910639999999999894e+00 -1.564080000000000048e+01 0.000000000000000000e+00
2.180000000000000000e+02 6.348969999999999558e+00 -1.360815999999999981e+01 0.000000000000000000e+00
2.190000000000000000e+02 5.937380000000000102e+00 -1.001205000000000034e+01 0.000000000000000000e+00
2.200000000000000000e+02 6.816569999999999574e+00 -8.140069999999999695e+00 0.000000000000000000e+00
2.210000000000000000e+02 7.549949999999999939e+00 -6.003049999999999997e+00 0.000000000000000000e+00
2.220000000000000000e+02 8.227990000000000137e+00 -4.030850000000000044e+00 0.000000000000000000e+00
2.230000000000000000e+02 6.938830000000000275e+00 -2.399459999999999926e+00 0.000000000000000000e+00
2.240000000000000000e+02 7.583890000000000242e+00 -3.547799999999999843e-01 0.000000000000000000e+00
2.250000000000000000e+02 9.628510000000000346e+00 1.930099999999999871e-01 0.000000000000000000e+00
2.260000000000000000e+02 8.283379999999999299e+00 1.903459999999999930e+00 0.000000000000000000e+00
2.270000000000000000e+02 9.006949999999999790e+00 4.040289999999999715e+00 0.000000000000000000e+00
2.280000000000000000e+02 8.193199999999999150e+00 7.589970000000000105e+00 0.000000000000000000e+00
2.290000000000000000e+02 8.861940000000000595e+00 9.692769999999999442e+00 0.000000000000000000e+00
2.300000000000000000e+02 7.177570000000000228e+00 1.121561999999999948e+01 0.000000000000000000e+00
2.310000000000000000e+02 7.859029999999999738e+00 1.318956000000000017e+01 0.000000000000000000e+00
2.320000000000000000e+02 6.433049999999999713e+00 1.472441000000000066e+01 0.000000000000000000e+00
2.330000000000000000e+02 9.165969999999999729e+00 1.735814999999999841e+01 0.000000000000000000e+00
2.340000000000000000e+02 7.991600000000000037e+00 -1.686489999999999867e+01 0.000000000000000000e+00
2.350000000000000000e+02 8.098039999999999239e+00 -1.480368999999999957e+01 0.000000000000000000e+00
2.360000000000000000e+02 7.272359999999999935e+00 -1.172272000000000070e+01 0.000000000000000000e+00
2.370000000000000000e+02 8.156470000000000553e+00 -9.742879999999999541e+00 0.000000000000000000e+00
2.380000000000000000e+02 8.929460000000000619e+00 -7.617219999999999658e+00 0.000000000000000000e+00
2.390000000000000000e+02 9.693559999999999732e+00 -5.513480000000000381e+00 0.000000000000000000e+00
2.400000000000000000e+02 1.051187999999999967e+01 -3.468490000000000073e+00 0.000000000000000000e+00
2.410000000000000000e+02 8.966870000000000118e+00 -1.902989999999999959e+00 0.000000000000000000e+00
2.420000000000000000e+02 1.102567999999999948e+01 -1.407089999999999952e+00 0.000000000000000000e+00
2.430000000000000000e+02 1.173010999999999981e+01 5.714000000000000190e-01 0.000000000000000000e+00
2.440000000000000000e+02 1.037809000000000026e+01 2.273779999999999912e+00 0.000000000000000000e+00
2.450000000000000000e+02 1.115305000000000035e+01 4.509649999999999714e+00 0.000000000000000000e+00
2.460000000000000000e+02 9.651899999999999480e+00 6.018589999999999662e+00 0.000000000000000000e+00
2.470000000000000000e+02 1.025744000000000078e+01 8.158960000000000434e+00 0.000000000000000000e+00
2.480000000000000000e+02 9.326599999999999113e+00 1.170484000000000080e+01 0.000000000000000000e+00
2.490000000000000000e+02 1.148047000000000040e+01 1.230625000000000036e+01 0.000000000000000000e+00
2.500000000000000000e+02 9.959479999999999222e+00 1.376443000000000083e+01 0.000000000000000000e+00
2.510000000000000000e+02 8.488799999999999457e+00 1.534666999999999959e+01 0.000000000000000000e+00
2.520000000000000000e+02 1.009226999999999919e+01 -1.620591999999999899e+01 0.000000000000000000e+00
2.530000000000000000e+02 9.511229999999999407e+00 -1.330471000000000004e+01 0.000000000000000000e+00
2.540000000000000000e+02 9.590680000000000760e+00 -1.124404000000000003e+01 0.000000000000000000e+00
2.550000000000000000e+02 1.038442000000000043e+01 -9.278230000000000643e+00 0.000000000000000000e+00
2.560000000000000000e+02 1.096945999999999977e+01 -7.152190000000000047e+00 0.000000000000000000e+00
2.570000000000000000e+02 1.176167000000000051e+01 -5.143430000000000391e+00 0.000000000000000000e+00
2.580000000000000000e+02 1.382483000000000040e+01 -4.601930000000000298e+00 0.000000000000000000e+00
2.590000000000000000e+02 1.254798000000000080e+01 -2.902109999999999967e+00 0.000000000000000000e+00
2.600000000000000000e+02 1.322157999999999944e+01 -8.570100000000000495e-01 0.000000000000000000e+00
2.610000000000000000e+02 1.378688999999999965e+01 1.125930000000000097e+00 0.000000000000000000e+00
2.620000000000000000e+02 1.244372000000000078e+01 2.829200000000000159e+00 0.000000000000000000e+00
2.630000000000000000e+02 1.323292999999999964e+01 4.921199999999999797e+00 0.000000000000000000e+00
2.640000000000000000e+02 1.171568000000000076e+01 6.604610000000000092e+00 0.000000000000000000e+00
2.650000000000000000e+02 1.231399000000000044e+01 8.757139999999999702e+00 0.000000000000000000e+00
2.660000000000000000e+02 1.084822999999999915e+01 1.022392999999999930e+01 0.000000000000000000e+00
2.670000000000000000e+02 1.300572000000000017e+01 1.082849000000000039e+01 0.000000000000000000e+00
2.680000000000000000e+02 1.214809999999999945e+01 1.443581000000000003e+01 0.000000000000000000e+00
2.690000000000000000e+02 1.069247999999999976e+01 1.594142000000000081e+01 0.000000000000000000e+00
2.700000000000000000e+02 1.185022000000000020e+01 -1.497805999999999926e+01 0.000000000000000000e+00
2.710000000000000000e+02 1.152448000000000050e+01 -1.279468999999999923e+01 0.000000000000000000e+00
2.720000000000000000e+02 1.202142000000000088e+01 -1.077491999999999983e+01 0.000000000000000000e+00
2.730000000000000000e+02 1.251253999999999955e+01 -8.695700000000000429e+00 0.000000000000000000e+00
2.740000000000000000e+02 1.314696999999999960e+01 -6.674730000000000274e+00 0.000000000000000000e+00
2.750000000000000000e+02 1.520941000000000010e+01 -6.204379999999999562e+00 0.000000000000000000e+00
2.760000000000000000e+02 1.593121999999999971e+01 -4.212900000000000311e+00 0.000000000000000000e+00
2.770000000000000000e+02 1.457582000000000022e+01 -2.430639999999999912e+00 0.000000000000000000e+00
2.780000000000000000e+02 1.526382000000000083e+01 -3.568299999999999805e-01 0.000000000000000000e+00
2.790000000000000000e+02 1.599902999999999942e+01 1.593520000000000048e+00 0.000000000000000000e+00
2.800000000000000000e+02 1.449943999999999988e+01 3.153950000000000031e+00 0.000000000000000000e+00
2.810000000000000000e+02 1.528284999999999982e+01 5.511110000000000397e+00 0.000000000000000000e+00
2.820000000000000000e+02 1.729613000000000156e+01 6.018299999999999983e+00 0.000000000000000000e+00
2.830000000000000000e+02 1.369941999999999993e+01 7.136429999999999829e+00 0.000000000000000000e+00
2.840000000000000000e+02 1.432944999999999958e+01 9.187039999999999651e+00 0.000000000000000000e+00
2.850000000000000000e+02 1.574599000000000082e+01 7.551759999999999806e+00 0.000000000000000000e+00
2.860000000000000000e+02 1.522189999999999976e+01 1.110387000000000057e+01 0.000000000000000000e+00
2.870000000000000000e+02 1.387550000000000061e+01 1.270424000000000042e+01 0.000000000000000000e+00
2.880000000000000000e+02 1.354570999999999970e+01 -1.328696000000000055e+01 0.000000000000000000e+00
2.890000000000000000e+02 1.417271000000000036e+01 -1.115315000000000012e+01 0.000000000000000000e+00
2.900000000000000000e+02 1.608584000000000103e+01 -9.934680000000000177e+00 0.000000000000000000e+00
2.910000000000000000e+02 1.674504999999999910e+01 -7.792279999999999873e+00 0.000000000000000000e+00
2.920000000000000000e+02 1.454163999999999923e+01 -8.269080000000000652e+00 0.000000000000000000e+00
2.930000000000000000e+02 1.760290000000000177e+01 -5.910400000000000098e+00 0.000000000000000000e+00
2.940000000000000000e+02 1.803434000000000026e+01 -3.876689999999999969e+00 0.000000000000000000e+00
2.950000000000000000e+02 1.672216999999999842e+01 -2.160480000000000178e+00 0.000000000000000000e+00
2.960000000000000000e+02 1.877589000000000041e+01 -1.878659999999999997e+00 0.000000000000000000e+00
2.970000000000000000e+02 1.811016000000000048e+01 1.972089999999999899e+00 0.000000000000000000e+00
2.980000000000000000e+02 1.746507000000000076e+01 -2.425000000000000072e-02 0.000000000000000000e+00
2.990000000000000000e+02 1.659807999999999950e+01 3.901440000000000019e+00 0.000000000000000000e+00
