0.000000000000000000e+00 -1.446485000000000021e+01 -1.439710999999999963e+01 0.000000000000000000e+00
1.000000000000000000e+00 -1.396241000000000021e+01 -1.238437000000000054e+01 0.000000000000000000e+00
2.000000000000000000e+00 -1.529870999999999981e+01 -1.074943999999999988e+01 0.000000000000000000e+00
3.000000000000000000e+00 -1.647041000000000111e+01 -8.753420000000000201e+00 0.000000000000000000e+00
4.000000000000000000e+00 -1.784843000000000046e+01 -7.110920000000000130e+00 0.000000000000000000e+00
5.000000000000000000e+00 -1.882486000000000104e+01 -5.181199999999999584e+00 0.000000000000000000e+00
6.000000000000000000e+00 -1.794874000000000080e+01 -3.297829999999999817e+00 0.000000000000000000e+00
7.000000000000000000e+00 -1.928582000000000107e+01 -1.342279999999999918e+00 0.000000000000000000e+00
8.000000000000000000e+00 -1.717416000000000054e+01 -1.219109999999999916e+00 0.000000000000000000e+00
9.000000000000000000e+00 -1.836390000000000100e+01 9.756299999999999972e-01 0.000000000000000000e+00
1.000000000000000000e+01 -1.969601000000000113e+01 3.195640000000000036e+00 0.000000000000000000e+00
1.100000000000000000e+01 -1.813783000000000101e+01 4.551700000000000301e+00 0.000000000000000000e+00
1.200000000000000000e+01 -1.690208000000000155e+01 6.508060000000000400e+00 0.000000000000000000e+00
1.300000000000000000e+01 -1.907152999999999921e+01 6.911880000000000024e+00 0.000000000000000000e+00
1.400000000000000000e+01 -1.799459999999999837e+01 8.908749999999999503e+00 0.000000000000000000e+00
1.500000000000000000e+01 -1.684123999999999910e+01 1.073972999999999978e+01 0.000000000000000000e+00
1.600000000000000000e+01 -1.536208000000000062e+01 1.224285000000000068e+01 0.000000000000000000e+00
1.700000000000000000e+01 -1.431958000000000020e+01 1.404521000000000086e+01 0.000000000000000000e+00
1.800000000000000000e+01 -1.121992999999999974e+01 -1.623042999999999836e+01 0.000000000000000000e+00
1.900000000000000000e+01 -1.238190999999999953e+01 -1.452637999999999963e+01 0.000000000000000000e+00
2.000000000000000000e+01 -1.316524000000000072e+01 -1.043238000000000021e+01 0.000000000000000000e+00
2.100000000000000000e+01 -1.437241000000000035e+01 -8.721209999999999241e+00 0.000000000000000000e+00
2.200000000000000000e+01 -1.553531000000000084e+01 -6.875309999999999810e+00 0.000000000000000000e+00
2.300000000000000000e+01 -1.672401999999999944e+01 -5.104119999999999990e+00 0.000000000000000000e+00
2.400000000000000000e+01 -1.464775999999999989e+01 -4.734860000000000291e+00 0.000000000000000000e+00
2.500000000000000000e+01 -1.583083000000000062e+01 -2.956339999999999968e+00 0.000000000000000000e+00
2.600000000000000000e+01 -1.494561999999999991e+01 -1.095460000000000100e+00 0.000000000000000000e+00
2.700000000000000000e+01 -1.616489999999999938e+01 7.296099999999999808e-01 0.000000000000000000e+00
2.800000000000000000e+01 -1.706961000000000084e+01 2.615959999999999841e+00 0.000000000000000000e+00
2.900000000000000000e+01 -1.599070000000000036e+01 4.406200000000000117e+00 0.000000000000000000e+00
3.000000000000000000e+01 -1.481487000000000087e+01 6.315929999999999822e+00 0.000000000000000000e+00
3.100000000000000000e+01 -1.372361000000000075e+01 8.141980000000000217e+00 0.000000000000000000e+00
3.200000000000000000e+01 -1.579715000000000025e+01 8.374530000000000030e+00 0.000000000000000000e+00
3.300000000000000000e+01 -1.484683000000000064e+01 1.019313999999999965e+01 0.000000000000000000e+00
3.400000000000000000e+01 -1.326537000000000077e+01 1.209934999999999938e+01 0.000000000000000000e+00
3.500000000000000000e+01 -1.222103000000000073e+01 1.389188000000000045e+01 0.000000000000000000e+00
3.600000000000000000e+01 -1.000188999999999950e+01 -1.799004000000000048e+01 0.000000000000000000e+00
3.700000000000000000e+01 -1.008924000000000021e+01 -1.442342000000000013e+01 0.000000000000000000e+00
3.800000000000000000e+01 -1.162972000000000072e+01 -1.241324000000000005e+01 0.000000000000000000e+00
3.900000000000000000e+01 -1.073929000000000045e+01 -1.049574999999999925e+01 0.000000000000000000e+00
4.000000000000000000e+01 -1.201645000000000074e+01 -8.715379999999999683e+00 0.000000000000000000e+00
4.100000000000000000e+01 -1.317277999999999949e+01 -6.937890000000000335e+00 0.000000000000000000e+00
4.200000000000000000e+01 -1.249595000000000056e+01 -4.880799999999999805e+00 0.000000000000000000e+00
4.300000000000000000e+01 -1.364310000000000045e+01 -2.920510000000000161e+00 0.000000000000000000e+00
4.400000000000000000e+01 -1.261194000000000059e+01 -1.060710000000000042e+00 0.000000000000000000e+00
4.500000000000000000e+01 -1.380730999999999931e+01 6.796600000000000419e-01 0.000000000000000000e+00
4.600000000000000000e+01 -1.498193000000000019e+01 2.582069999999999865e+00 0.000000000000000000e+00
4.700000000000000000e+01 -1.382071999999999967e+01 4.396759999999999557e+00 0.000000000000000000e+00
4.800000000000000000e+01 -1.267375999999999969e+01 6.306980000000000253e+00 0.000000000000000000e+00
4.900000000000000000e+01 -1.163754999999999917e+01 8.115769999999999484e+00 0.000000000000000000e+00
5.000000000000000000e+01 -1.278955000000000020e+01 1.003911000000000087e+01 0.000000000000000000e+00
5.100000000000000000e+01 -1.105372999999999983e+01 1.201504000000000083e+01 0.000000000000000000e+00
5.200000000000000000e+01 -1.004208000000000034e+01 1.387354999999999983e+01 0.000000000000000000e+00
5.300000000000000000e+01 -1.125595000000000034e+01 1.579795000000000016e+01 0.000000000000000000e+00
5.400000000000000000e+01 -8.993109999999999715e+00 -1.615174000000000021e+01 0.000000000000000000e+00
5.500000000000000000e+01 -7.959600000000000009e+00 -1.436383999999999972e+01 0.000000000000000000e+00
5.600000000000000000e+01 -9.560919999999999419e+00 -1.228589999999999982e+01 0.000000000000000000e+00
5.700000000000000000e+01 -8.567330000000000112e+00 -1.037443999999999988e+01 0.000000000000000000e+00
5.800000000000000000e+01 -9.912259999999999849e+00 -8.574439999999999173e+00 0.000000000000000000e+00
5.900000000000000000e+01 -1.110615999999999914e+01 -6.814790000000000347e+00 0.000000000000000000e+00
6.000000000000000000e+01 -1.040211000000000041e+01 -4.849669999999999703e+00 0.000000000000000000e+00
6.100000000000000000e+01 -1.157718999999999987e+01 -3.008770000000000167e+00 0.000000000000000000e+00
6.200000000000000000e+01 -1.049925999999999959e+01 -1.034359999999999946e+00 0.000000000000000000e+00
6.300000000000000000e+01 -1.162404000000000082e+01 8.665500000000000425e-01 0.000000000000000000e+00
6.400000000000000000e+01 -1.276709999999999923e+01 2.599489999999999856e+00 0.000000000000000000e+00
6.500000000000000000e+01 -1.162288999999999994e+01 4.365910000000000402e+00 0.000000000000000000e+00
6.600000000000000000e+01 -1.043302000000000085e+01 6.221949999999999648e+00 0.000000000000000000e+00
6.700000000000000000e+01 -9.557639999999999247e+00 8.122339999999999449e+00 0.000000000000000000e+00
6.800000000000000000e+01 -1.063251999999999953e+01 9.964219999999999189e+00 0.000000000000000000e+00
6.900000000000000000e+01 -8.603719999999999146e+00 1.205733999999999995e+01 0.000000000000000000e+00
7.000000000000000000e+01 -9.098489999999999966e+00 1.574319000000000024e+01 0.000000000000000000e+00
7.100000000000000000e+01 -8.025339999999999918e+00 1.751285000000000025e+01 0.000000000000000000e+00
7.200000000000000000e+01 -7.490899999999999892e+00 -1.805354000000000170e+01 0.000000000000000000e+00
7.300000000000000000e+01 -6.725929999999999964e+00 -1.612162000000000006e+01 0.000000000000000000e+00
7.400000000000000000e+01 -7.399169999999999803e+00 -1.228419000000000061e+01 0.000000000000000000e+00
7.500000000000000000e+01 -6.471420000000000172e+00 -1.019341000000000008e+01 0.000000000000000000e+00
7.600000000000000000e+01 -7.806930000000000369e+00 -8.458270000000000621e+00 0.000000000000000000e+00
7.700000000000000000e+01 -9.037029999999999674e+00 -6.723019999999999996e+00 0.000000000000000000e+00
7.800000000000000000e+01 -8.268720000000000070e+00 -4.724949999999999761e+00 0.000000000000000000e+00
7.900000000000000000e+01 -9.491669999999999163e+00 -2.941679999999999851e+00 0.000000000000000000e+00
8.000000000000000000e+01 -8.150199999999999889e+00 -8.531199999999999894e-01 0.000000000000000000e+00
8.100000000000000000e+01 -9.284100000000000463e+00 9.001200000000000312e-01 0.000000000000000000e+00
8.200000000000000000e+01 -1.044904999999999973e+01 2.600369999999999848e+00 0.000000000000000000e+00
8.300000000000000000e+01 -9.328829999999999956e+00 4.465449999999999697e+00 0.000000000000000000e+00
8.400000000000000000e+01 -8.279769999999999186e+00 6.370989999999999931e+00 0.000000000000000000e+00
8.500000000000000000e+01 -7.269580000000000375e+00 8.201869999999999550e+00 0.000000000000000000e+00
8.600000000000000000e+01 -8.551040000000000418e+00 9.936479999999999535e+00 0.000000000000000000e+00
8.700000000000000000e+01 -7.227199999999999847e+00 1.359309000000000012e+01 0.000000000000000000e+00
8.800000000000000000e+01 -6.924070000000000391e+00 1.573497000000000057e+01 0.000000000000000000e+00
8.900000000000000000e+01 -5.977719999999999700e+00 1.869386000000000081e+01 0.000000000000000000e+00
9.000000000000000000e+01 -4.444549999999999557e+00 -1.986120999999999981e+01 0.000000000000000000e+00
9.100000000000000000e+01 -5.129959999999999631e+00 -1.782354000000000127e+01 0.000000000000000000e+00
9.200000000000000000e+01 -5.807409999999999961e+00 -1.400501000000000040e+01 0.000000000000000000e+00
9.300000000000000000e+01 -5.358290000000000219e+00 -1.196219999999999928e+01 0.000000000000000000e+00
9.400000000000000000e+01 -5.615610000000000213e+00 -8.259679999999999467e+00 0.000000000000000000e+00
9.500000000000000000e+01 -6.978110000000000035e+00 -6.571180000000000021e+00 0.000000000000000000e+00
9.600000000000000000e+01 -6.175440000000000040e+00 -4.668280000000000207e+00 0.000000000000000000e+00
9.700000000000000000e+01 -7.428180000000000227e+00 -2.794319999999999915e+00 0.000000000000000000e+00
9.800000000000000000e+01 -7.136250000000000426e+00 9.630699999999999816e-01 0.000000000000000000e+00
9.900000000000000000e+01 -5.909290000000000376e+00 2.698659999999999837e+00 0.000000000000000000e+00
1.000000000000000000e+02 -8.220259999999999678e+00 2.715170000000000083e+00 0.000000000000000000e+00
1.010000000000000000e+02 -7.189910000000000245e+00 4.550220000000000375e+00 0.000000000000000000e+00
1.020000000000000000e+02 -6.171759999999999913e+00 6.343469999999999942e+00 0.000000000000000000e+00
1.030000000000000000e+02 -6.472730000000000317e+00 1.014985000000000070e+01 0.000000000000000000e+00
1.040000000000000000e+02 -5.789220000000000255e+00 1.209694000000000003e+01 0.000000000000000000e+00
1.050000000000000000e+02 -5.206669999999999909e+00 1.438186999999999927e+01 0.000000000000000000e+00
1.060000000000000000e+02 -4.877869999999999706e+00 1.645730000000000004e+01 0.000000000000000000e+00
1.070000000000000000e+02 -2.525189999999999824e+00 1.853060999999999936e+01 0.000000000000000000e+00
1.080000000000000000e+02 -3.039629999999999832e+00 -1.728689999999999927e+01 0.000000000000000000e+00
1.090000000000000000e+02 -4.625740000000000407e+00 -1.576786000000000065e+01 0.000000000000000000e+00
1.100000000000000000e+02 -3.750129999999999963e+00 -1.366008000000000067e+01 0.000000000000000000e+00
1.110000000000000000e+02 -4.408400000000000318e+00 -1.007362999999999964e+01 0.000000000000000000e+00
1.120000000000000000e+02 -3.566590000000000149e+00 -8.077629999999999200e+00 0.000000000000000000e+00
1.130000000000000000e+02 -4.923029999999999795e+00 -6.323529999999999873e+00 0.000000000000000000e+00
1.140000000000000000e+02 -4.084290000000000198e+00 -4.397820000000000285e+00 0.000000000000000000e+00
1.150000000000000000e+02 -5.365569999999999951e+00 -2.765810000000000102e+00 0.000000000000000000e+00
1.160000000000000000e+02 -5.709349999999999703e+00 -6.596600000000000241e-01 0.000000000000000000e+00
1.170000000000000000e+02 -4.569469999999999921e+00 1.108880000000000088e+00 0.000000000000000000e+00
1.180000000000000000e+02 -3.695530000000000204e+00 3.010990000000000055e+00 0.000000000000000000e+00
1.190000000000000000e+02 -5.040009999999999657e+00 4.588409999999999656e+00 0.000000000000000000e+00
1.200000000000000000e+02 -4.123680000000000234e+00 6.638189999999999813e+00 0.000000000000000000e+00
1.210000000000000000e+02 -5.217579999999999885e+00 8.500120000000000786e+00 0.000000000000000000e+00
1.220000000000000000e+02 -4.387220000000000120e+00 1.045457000000000036e+01 0.000000000000000000e+00
1.230000000000000000e+02 -3.731809999999999850e+00 1.240344999999999942e+01 0.000000000000000000e+00
1.240000000000000000e+02 -3.148880000000000123e+00 1.439631999999999934e+01 0.000000000000000000e+00
1.250000000000000000e+02 -2.800149999999999917e+00 1.649530000000000030e+01 0.000000000000000000e+00
1.260000000000000000e+02 -1.905140000000000056e+00 -1.915145000000000053e+01 0.000000000000000000e+00
1.270000000000000000e+02 -2.455890000000000128e+00 -1.529236000000000040e+01 0.000000000000000000e+00
1.280000000000000000e+02 -1.689619999999999900e+00 -1.337066000000000088e+01 0.000000000000000000e+00
1.290000000000000000e+02 -3.075110000000000010e+00 -1.169402999999999970e+01 0.000000000000000000e+00
1.300000000000000000e+02 -2.298690000000000122e+00 -9.743809999999999860e+00 0.000000000000000000e+00
1.310000000000000000e+02 -2.760479999999999823e+00 -6.013530000000000264e+00 0.000000000000000000e+00
1.320000000000000000e+02 -2.015820000000000167e+00 -4.091990000000000016e+00 0.000000000000000000e+00
1.330000000000000000e+02 -3.333209999999999784e+00 -2.395070000000000032e+00 0.000000000000000000e+00
1.340000000000000000e+02 -2.980609999999999982e+00 -3.199500000000000122e-01 0.000000000000000000e+00
1.350000000000000000e+02 -2.139930000000000110e+00 1.571560000000000068e+00 0.000000000000000000e+00
1.360000000000000000e+02 -1.295749999999999957e+00 3.549920000000000186e+00 0.000000000000000000e+00
1.370000000000000000e+02 -2.856170000000000098e+00 4.961809999999999832e+00 0.000000000000000000e+00
1.380000000000000000e+02 -1.809690000000000021e+00 7.111530000000000129e+00 0.000000000000000000e+00
1.390000000000000000e+02 -3.158819999999999961e+00 8.759740000000000748e+00 0.000000000000000000e+00
1.400000000000000000e+02 -2.349860000000000060e+00 1.085905999999999949e+01 0.000000000000000000e+00
1.410000000000000000e+02 -1.699799999999999978e+00 1.289720999999999940e+01 0.000000000000000000e+00
1.420000000000000000e+02 -1.137590000000000101e+00 1.489051000000000080e+01 0.000000000000000000e+00
1.430000000000000000e+02 -4.634300000000000086e-01 1.697053000000000011e+01 0.000000000000000000e+00
1.440000000000000000e+02 -9.578999999999999737e-01 -1.702691000000000088e+01 0.000000000000000000e+00
1.450000000000000000e+02 -3.002699999999999814e-01 -1.499544999999999995e+01 0.000000000000000000e+00
1.460000000000000000e+02 -9.809799999999999631e-01 -1.138852999999999938e+01 0.000000000000000000e+00
1.470000000000000000e+02 -1.025699999999999945e-01 -9.367779999999999774e+00 0.000000000000000000e+00
1.480000000000000000e+02 -1.457950000000000079e+00 -7.696600000000000108e+00 0.000000000000000000e+00
1.490000000000000000e+02 -6.656199999999999894e-01 -5.751079999999999970e+00 0.000000000000000000e+00
1.500000000000000000e+02 2.517000000000000140e-02 -3.808079999999999909e+00 0.000000000000000000e+00
1.510000000000000000e+02 -1.256669999999999954e+00 -2.138090000000000046e+00 0.000000000000000000e+00
1.520000000000000000e+02 -8.318299999999999583e-01 -3.474000000000000005e-02 0.000000000000000000e+00
1.530000000000000000e+02 -4.988999999999999685e-02 1.894009999999999971e+00 0.000000000000000000e+00
1.540000000000000000e+02 7.663600000000000412e-01 3.834849999999999870e+00 0.000000000000000000e+00
1.550000000000000000e+02 -4.906300000000000106e-01 5.535580000000000389e+00 0.000000000000000000e+00
1.560000000000000000e+02 2.248699999999999866e-01 7.519540000000000113e+00 0.000000000000000000e+00
1.570000000000000000e+02 -1.114139999999999908e+00 9.154889999999999972e+00 0.000000000000000000e+00
1.580000000000000000e+02 -2.688400000000000234e-01 1.134923999999999999e+01 0.000000000000000000e+00
1.590000000000000000e+02 3.389800000000000035e-01 1.344134000000000029e+01 0.000000000000000000e+00
1.600000000000000000e+02 9.595399999999999485e-01 1.544008000000000003e+01 0.000000000000000000e+00
1.610000000000000000e+02 1.180299999999999960e-01 1.906928999999999874e+01 0.000000000000000000e+00
1.620000000000000000e+02 3.791599999999999970e-01 -1.883988000000000085e+01 0.000000000000000000e+00
1.630000000000000000e+02 1.134800000000000031e+00 -1.682519999999999882e+01 0.000000000000000000e+00
1.640000000000000000e+02 3.700899999999999745e-01 -1.303603000000000023e+01 0.000000000000000000e+00
1.650000000000000000e+02 1.143820000000000059e+00 -1.103678999999999988e+01 0.000000000000000000e+00
1.660000000000000000e+02 6.849399999999999933e-01 -7.399540000000000006e+00 0.000000000000000000e+00
1.670000000000000000e+02 1.378619999999999957e+00 -5.429090000000000416e+00 0.000000000000000000e+00
1.680000000000000000e+02 2.126020000000000021e+00 -3.393029999999999990e+00 0.000000000000000000e+00
1.690000000000000000e+02 8.098800000000000443e-01 -1.793220000000000036e+00 0.000000000000000000e+00
1.700000000000000000e+02 2.860399999999999832e+00 -1.447119999999999962e+00 0.000000000000000000e+00
1.710000000000000000e+02 1.253849999999999909e+00 2.960499999999999798e-01 0.000000000000000000e+00
1.720000000000000000e+02 2.164569999999999883e+00 2.296159999999999979e+00 0.000000000000000000e+00
1.730000000000000000e+02 2.906019999999999825e+00 4.235850000000000115e+00 0.000000000000000000e+00
1.740000000000000000e+02 1.568759999999999932e+00 5.856119999999999770e+00 0.000000000000000000e+00
1.750000000000000000e+02 2.264130000000000198e+00 7.895809999999999995e+00 0.000000000000000000e+00
1.760000000000000000e+02 9.604700000000000459e-01 9.622170000000000556e+00 0.000000000000000000e+00
1.770000000000000000e+02 1.910570000000000102e+00 1.159670999999999985e+01 0.000000000000000000e+00
1.780000000000000000e+02 2.414050000000000029e+00 1.364695000000000036e+01 0.000000000000000000e+00
1.790000000000000000e+02 2.405429999999999957e+00 1.931700000000000017e+01 0.000000000000000000e+00
1.800000000000000000e+02 2.916949999999999932e+00 -1.847544999999999860e+01 0.000000000000000000e+00
1.810000000000000000e+02 1.806310000000000082e+00 -1.487057000000000073e+01 0.000000000000000000e+00
1.820000000000000000e+02 2.587099999999999955e+00 -1.283558000000000021e+01 0.000000000000000000e+00
1.830000000000000000e+02 3.228489999999999860e+00 -1.085829000000000022e+01 0.000000000000000000e+00
1.840000000000000000e+02 1.946069999999999967e+00 -9.058619999999999450e+00 0.000000000000000000e+00
1.850000000000000000e+02 2.769579999999999931e+00 -7.158970000000000056e+00 0.000000000000000000e+00
1.860000000000000000e+02 3.436799999999999855e+00 -5.124859999999999971e+00 0.000000000000000000e+00
1.870000000000000000e+02 4.173989999999999867e+00 -3.058539999999999814e+00 0.000000000000000000e+00
1.880000000000000000e+02 4.917670000000000208e+00 -1.125920000000000032e+00 0.000000000000000000e+00
1.890000000000000000e+02 3.359700000000000131e+00 6.128299999999999859e-01 0.000000000000000000e+00
1.900000000000000000e+02 4.303480000000000416e+00 2.544309999999999850e+00 0.000000000000000000e+00
1.910000000000000000e+02 4.968890000000000029e+00 4.565769999999999662e+00 0.000000000000000000e+00
1.920000000000000000e+02 3.618079999999999963e+00 6.166970000000000063e+00 0.000000000000000000e+00
1.930000000000000000e+02 4.431759999999999700e+00 8.086710000000000065e+00 0.000000000000000000e+00
1.940000000000000000e+02 3.163240000000000052e+00 9.956300000000000594e+00 0.000000000000000000e+00
1.950000000000000000e+02 3.978699999999999903e+00 1.192963999999999913e+01 0.000000000000000000e+00
1.960000000000000000e+02 3.071369999999999933e+00 1.561342999999999925e+01 0.000000000000000000e+00
1.970000000000000000e+02 1.737640000000000073e+00 1.735889999999999844e+01 0.000000000000000000e+00
1.980000000000000000e+02 3.227570000000000050e+00 -1.642742000000000147e+01 0.000000000000000000e+00
1.990000000000000000e+02 3.854200000000000070e+00 -1.446510999999999925e+01 0.000000000000000000e+00
2.000000000000000000e+02 4.655990000000000073e+00 -1.246302000000000021e+01 0.000000000000000000e+00
2.010000000000000000e+02 5.382559999999999789e+00 -1.051196000000000019e+01 0.000000000000000000e+00
2.020000000000000000e+02 4.011339999999999684e+00 -8.883259999999999934e+00 0.000000000000000000e+00
2.030000000000000000e+02 4.818069999999999631e+00 -6.799900000000000055e+00 0.000000000000000000e+00
2.040000000000000000e+02 5.556689999999999685e+00 -4.849590000000000067e+00 0.000000000000000000e+00
2.050000000000000000e+02 6.239069999999999894e+00 -2.861839999999999939e+00 0.000000000000000000e+00
2.060000000000000000e+02 7.827689999999999593e+00 1.178709999999999924e+00 0.000000000000000000e+00
2.070000000000000000e+02 5.709439999999999849e+00 9.155400000000000205e-01 0.000000000000000000e+00
2.080000000000000000e+02 6.418739999999999668e+00 2.897190000000000154e+00 0.000000000000000000e+00
2.090000000000000000e+02 7.206909999999999705e+00 4.812800000000000189e+00 0.000000000000000000e+00
2.100000000000000000e+02 5.788920000000000066e+00 6.530039999999999623e+00 0.000000000000000000e+00
2.110000000000000000e+02 6.477800000000000225e+00 8.603640000000000398e+00 0.000000000000000000e+00
2.120000000000000000e+02 5.244539999999999758e+00 1.025414999999999921e+01 0.000000000000000000e+00
2.130000000000000000e+02 6.022590000000000110e+00 1.234023000000000003e+01 0.000000000000000000e+00
2.140000000000000000e+02 4.524939999999999962e+00 1.407437999999999967e+01 0.000000000000000000e+00
2.150000000000000000e+02 3.938410000000000188e+00 1.791739000000000104e+01 0.000000000000000000e+00
2.160000000000000000e+02 5.291080000000000005e+00 -1.626379999999999981e+01 0.000000000000000000e+00
2.170000000000000000e+02 5.928279999999999994e+00 -1.420494000000000057e+01 0.000000000000000000e+00
2.180000000000000000e+02 6.708739999999999704e+00 -1.230150000000000077e+01 0.000000000000000000e+00
2.190000000000000000e+02 7.473340000000000316e+00 -1.025703000000000031e+01 0.000000000000000000e+00
2.200000000000000000e+02 6.137209999999999610e+00 -8.456939999999999458e+00 0.000000000000000000e+00
2.210000000000000000e+02 6.878149999999999764e+00 -6.516210000000000058e+00 0.000000000000000000e+00
2.220000000000000000e+02 7.632030000000000314e+00 -4.460280000000000022e+00 0.000000000000000000e+00
2.230000000000000000e+02 8.345430000000000348e+00 -2.528640000000000221e+00 0.000000000000000000e+00
2.240000000000000000e+02 6.955930000000000391e+00 -7.312899999999999956e-01 0.000000000000000000e+00
2.250000000000000000e+02 9.911490000000000578e+00 1.593059999999999921e+00 0.000000000000000000e+00
2.260000000000000000e+02 8.504099999999999326e+00 3.202339999999999964e+00 0.000000000000000000e+00
2.270000000000000000e+02 9.228030000000000399e+00 5.238730000000000331e+00 0.000000000000000000e+00
2.280000000000000000e+02 7.866500000000000270e+00 6.841380000000000017e+00 0.000000000000000000e+00
2.290000000000000000e+02 8.602230000000000487e+00 8.837300000000000821e+00 0.000000000000000000e+00
2.300000000000000000e+02 7.336129999999999818e+00 1.048389000000000060e+01 0.000000000000000000e+00
2.310000000000000000e+02 8.095750000000000668e+00 1.239148999999999923e+01 0.000000000000000000e+00
2.320000000000000000e+02 6.664450000000000429e+00 1.450168999999999997e+01 0.000000000000000000e+00
2.330000000000000000e+02 5.159019999999999939e+00 1.613076999999999828e+01 0.000000000000000000e+00
2.340000000000000000e+02 7.438189999999999635e+00 -1.596735999999999933e+01 0.000000000000000000e+00
2.350000000000000000e+02 8.032339999999999591e+00 -1.397563000000000066e+01 0.000000000000000000e+00
2.360000000000000000e+02 8.770039999999999836e+00 -1.194417999999999935e+01 0.000000000000000000e+00
2.370000000000000000e+02 9.516030000000000655e+00 -9.866130000000000067e+00 0.000000000000000000e+00
2.380000000000000000e+02 8.182840000000000558e+00 -8.162720000000000198e+00 0.000000000000000000e+00
2.390000000000000000e+02 8.898110000000000852e+00 -6.105380000000000251e+00 0.000000000000000000e+00
2.400000000000000000e+02 9.777110000000000412e+00 -4.188659999999999606e+00 0.000000000000000000e+00
2.410000000000000000e+02 1.038743000000000016e+01 -2.171730000000000160e+00 0.000000000000000000e+00
2.420000000000000000e+02 9.053179999999999339e+00 -5.637499999999999734e-01 0.000000000000000000e+00
2.430000000000000000e+02 1.196479000000000070e+01 1.963850000000000096e+00 0.000000000000000000e+00
2.440000000000000000e+02 1.062911000000000072e+01 3.548259999999999970e+00 0.000000000000000000e+00
2.450000000000000000e+02 1.136332999999999949e+01 5.499760000000000204e+00 0.000000000000000000e+00
2.460000000000000000e+02 1.000849000000000011e+01 7.181289999999999729e+00 0.000000000000000000e+00
2.470000000000000000e+02 1.080009000000000086e+01 9.129459999999999908e+00 0.000000000000000000e+00
2.480000000000000000e+02 9.419159999999999755e+00 1.074461999999999939e+01 0.000000000000000000e+00
2.490000000000000000e+02 1.015424999999999933e+01 1.274230999999999980e+01 0.000000000000000000e+00
2.500000000000000000e+02 8.795279999999999987e+00 1.435567999999999955e+01 0.000000000000000000e+00
2.510000000000000000e+02 7.399840000000000195e+00 1.658162000000000091e+01 0.000000000000000000e+00
2.520000000000000000e+02 9.550129999999999342e+00 -1.582577999999999996e+01 0.000000000000000000e+00
2.530000000000000000e+02 1.015035999999999916e+01 -1.366966000000000037e+01 0.000000000000000000e+00
2.540000000000000000e+02 1.079701000000000022e+01 -1.158741000000000021e+01 0.000000000000000000e+00
2.550000000000000000e+02 1.163934000000000069e+01 -9.597120000000000317e+00 0.000000000000000000e+00
2.560000000000000000e+02 1.025644999999999918e+01 -7.914019999999999833e+00 0.000000000000000000e+00
2.570000000000000000e+02 1.099826000000000015e+01 -5.868970000000000020e+00 0.000000000000000000e+00
2.580000000000000000e+02 1.183416000000000068e+01 -3.808679999999999843e+00 0.000000000000000000e+00
2.590000000000000000e+02 1.252857999999999983e+01 -1.819069999999999965e+00 0.000000000000000000e+00
2.600000000000000000e+02 1.116727999999999987e+01 -2.070099999999999996e-01 0.000000000000000000e+00
2.610000000000000000e+02 1.410303000000000040e+01 2.099930000000000074e+00 0.000000000000000000e+00
2.620000000000000000e+02 1.269988999999999990e+01 3.909370000000000012e+00 0.000000000000000000e+00
2.630000000000000000e+02 1.354640999999999984e+01 5.900409999999999933e+00 0.000000000000000000e+00
2.640000000000000000e+02 1.209816000000000003e+01 7.426479999999999748e+00 0.000000000000000000e+00
2.650000000000000000e+02 1.300108999999999959e+01 9.493000000000000327e+00 0.000000000000000000e+00
2.660000000000000000e+02 1.168749000000000038e+01 1.109587999999999930e+01 0.000000000000000000e+00
2.670000000000000000e+02 1.225755000000000017e+01 1.316757999999999917e+01 0.000000000000000000e+00
2.680000000000000000e+02 1.091118999999999950e+01 1.476275000000000048e+01 0.000000000000000000e+00
2.690000000000000000e+02 9.499050000000000438e+00 1.630517000000000039e+01 0.000000000000000000e+00
2.700000000000000000e+02 1.157794999999999952e+01 -1.540889999999999915e+01 0.000000000000000000e+00
2.710000000000000000e+02 1.229620000000000068e+01 -1.301674000000000042e+01 0.000000000000000000e+00
2.720000000000000000e+02 1.325116000000000049e+01 -1.119661999999999935e+01 0.000000000000000000e+00
2.730000000000000000e+02 1.369439000000000028e+01 -9.141769999999999285e+00 0.000000000000000000e+00
2.740000000000000000e+02 1.231752999999999965e+01 -7.541619999999999990e+00 0.000000000000000000e+00
2.750000000000000000e+02 1.303927000000000014e+01 -5.579329999999999679e+00 0.000000000000000000e+00
2.760000000000000000e+02 1.511988999999999983e+01 -5.216160000000000352e+00 0.000000000000000000e+00
2.770000000000000000e+02 1.390691999999999950e+01 -3.484700000000000131e+00 0.000000000000000000e+00
2.780000000000000000e+02 1.343219999999999992e+01 8.906000000000000028e-02 0.000000000000000000e+00
2.790000000000000000e+02 1.561481999999999992e+01 3.781200000000000117e-01 0.000000000000000000e+00
2.800000000000000000e+02 1.484690999999999939e+01 4.110260000000000247e+00 0.000000000000000000e+00
2.810000000000000000e+02 1.657688999999999879e+01 5.274289999999999701e+00 0.000000000000000000e+00
2.820000000000000000e+02 1.647897999999999996e+01 8.386049999999999116e+00 0.000000000000000000e+00
2.830000000000000000e+02 1.431067000000000000e+01 7.822000000000000064e+00 0.000000000000000000e+00
2.840000000000000000e+02 1.370012999999999970e+01 1.156839000000000084e+01 0.000000000000000000e+00
2.850000000000000000e+02 1.510764999999999958e+01 9.980669999999999931e+00 0.000000000000000000e+00
2.860000000000000000e+02 1.484781000000000084e+01 1.372125999999999912e+01 0.000000000000000000e+00
2.870000000000000000e+02 1.335397000000000034e+01 1.523947000000000074e+01 0.000000000000000000e+00
2.880000000000000000e+02 1.365901000000000032e+01 -1.464101999999999926e+01 0.000000000000000000e+00
2.890000000000000000e+02 1.482179999999999964e+01 -1.266000999999999976e+01 0.000000000000000000e+00
2.900000000000000000e+02 1.522403000000000084e+01 -1.061430000000000007e+01 0.000000000000000000e+00
2.910000000000000000e+02 1.620810000000000173e+01 -8.568250000000000810e+00 0.000000000000000000e+00
2.920000000000000000e+02 1.450099999999999945e+01 -7.244510000000000005e+00 0.000000000000000000e+00
2.930000000000000000e+02 1.672293000000000163e+01 -6.510270000000000223e+00 0.000000000000000000e+00
2.940000000000000000e+02 1.781697000000000131e+01 -4.546050000000000146e+00 0.000000000000000000e+00
2.950000000000000000e+02 1.600989999999999824e+01 -3.332230000000000025e+00 0.000000000000000000e+00
2.960000000000000000e+02 1.471493000000000073e+01 -1.565399999999999903e+00 0.000000000000000000e+00
2.970000000000000000e+02 1.684007000000000076e+01 -1.384020000000000028e+00 0.000000000000000000e+00
2.980000000000000000e+02 1.770520000000000138e+01 5.995899999999999563e-01 0.000000000000000000e+00
2.990000000000000000e+02 1.639002999999999943e+01 2.569609999999999950e+00 0.000000000000000000e+00
