0.000000000000000000e+00 -1.108919999999999995e+01 -1.610184999999999889e+01 0.000000000000000000e+00
1.000000000000000000e+00 -1.413871999999999929e+01 -1.412663000000000046e+01 0.000000000000000000e+00
2.000000000000000000e+00 -1.557015999999999956e+01 -1.259262000000000015e+01 0.000000000000000000e+00
3.000000000000000000e+00 -1.662704000000000093e+01 -1.007258999999999993e+01 0.000000000000000000e+00
4.000000000000000000e+00 -1.771302000000000021e+01 -7.990870000000000140e+00 0.000000000000000000e+00
5.000000000000000000e+00 -1.873898000000000152e+01 -6.043459999999999610e+00 0.000000000000000000e+00
6.000000000000000000e+00 -1.742366000000000170e+01 -3.981570000000000054e+00 0.000000000000000000e+00
7.000000000000000000e+00 -1.810581000000000174e+01 -1.976690000000000058e+00 0.000000000000000000e+00
8.000000000000000000e+00 -1.685160000000000124e+01 -2.886099999999999777e-01 0.000000000000000000e+00
9.000000000000000000e+00 -2.001753000000000071e+01 -8.692199999999999926e-01 0.000000000000000000e+00
1.000000000000000000e+01 -1.937386000000000053e+01 2.939109999999999889e+00 0.000000000000000000e+00
1.100000000000000000e+01 -1.827976999999999919e+01 4.681980000000000253e+00 0.000000000000000000e+00
1.200000000000000000e+01 -1.626003000000000043e+01 5.176140000000000185e+00 0.000000000000000000e+00
1.300000000000000000e+01 -1.767850999999999928e+01 6.946620000000000239e+00 0.000000000000000000e+00
1.400000000000000000e+01 -1.541756999999999955e+01 7.171109999999999651e+00 0.000000000000000000e+00
1.500000000000000000e+01 -1.673356000000000066e+01 8.906610000000000582e+00 0.000000000000000000e+00
1.600000000000000000e+01 -1.611961000000000155e+01 1.093458000000000041e+01 0.000000000000000000e+00
1.700000000000000000e+01 -1.538169000000000075e+01 1.291615999999999964e+01 0.000000000000000000e+00
1.800000000000000000e+01 -9.017640000000000100e+00 -1.670353000000000065e+01 0.000000000000000000e+00
1.900000000000000000e+01 -1.205648000000000053e+01 -1.419083000000000006e+01 0.000000000000000000e+00
2.000000000000000000e+01 -1.312124000000000024e+01 -1.231489999999999974e+01 0.000000000000000000e+00
2.100000000000000000e+01 -1.452397000000000027e+01 -1.051917000000000080e+01 0.000000000000000000e+00
2.200000000000000000e+01 -1.557987999999999928e+01 -8.061199999999999477e+00 0.000000000000000000e+00
2.300000000000000000e+01 -1.652296000000000120e+01 -6.049940000000000317e+00 0.000000000000000000e+00
2.400000000000000000e+01 -1.516291999999999973e+01 -4.214909999999999712e+00 0.000000000000000000e+00
2.500000000000000000e+01 -1.604695999999999856e+01 -2.305200000000000138e+00 0.000000000000000000e+00
2.600000000000000000e+01 -1.430779000000000067e+01 -3.311799999999999744e-01 0.000000000000000000e+00
2.700000000000000000e+01 -1.555133999999999972e+01 1.350270000000000081e+00 0.000000000000000000e+00
2.800000000000000000e+01 -1.864509999999999934e+01 8.008100000000000218e-01 0.000000000000000000e+00
2.900000000000000000e+01 -1.718948999999999927e+01 2.830519999999999925e+00 0.000000000000000000e+00
3.000000000000000000e+01 -1.408342000000000027e+01 5.511330000000000062e+00 0.000000000000000000e+00
3.100000000000000000e+01 -1.338189000000000028e+01 7.599499999999999922e+00 0.000000000000000000e+00
3.200000000000000000e+01 -1.464245999999999981e+01 9.274869999999999948e+00 0.000000000000000000e+00
3.300000000000000000e+01 -1.395330000000000048e+01 1.127011000000000074e+01 0.000000000000000000e+00
3.400000000000000000e+01 -1.332666000000000039e+01 1.336788999999999916e+01 0.000000000000000000e+00
3.500000000000000000e+01 -1.244069999999999965e+01 1.542078000000000060e+01 0.000000000000000000e+00
3.600000000000000000e+01 -7.610699999999999577e+00 -1.836141999999999896e+01 0.000000000000000000e+00
3.700000000000000000e+01 -9.736100000000000421e+00 -1.441316999999999915e+01 0.000000000000000000e+00
3.800000000000000000e+01 -1.095032999999999923e+01 -1.231930000000000014e+01 0.000000000000000000e+00
3.900000000000000000e+01 -1.239767999999999937e+01 -1.027727999999999930e+01 0.000000000000000000e+00
4.000000000000000000e+01 -1.353706000000000031e+01 -8.434290000000000731e+00 0.000000000000000000e+00
4.100000000000000000e+01 -1.441793000000000013e+01 -6.216779999999999973e+00 0.000000000000000000e+00
4.200000000000000000e+01 -1.310202999999999918e+01 -4.505309999999999704e+00 0.000000000000000000e+00
4.300000000000000000e+01 -1.396452000000000027e+01 -2.434849999999999959e+00 0.000000000000000000e+00
4.400000000000000000e+01 -1.219458000000000020e+01 3.524999999999999661e-02 0.000000000000000000e+00
4.500000000000000000e+01 -1.351703000000000010e+01 1.769069999999999920e+00 0.000000000000000000e+00
4.600000000000000000e+01 -1.491676999999999964e+01 3.453050000000000175e+00 0.000000000000000000e+00
4.700000000000000000e+01 -1.283233000000000068e+01 3.752120000000000122e+00 0.000000000000000000e+00
4.800000000000000000e+01 -1.200876000000000055e+01 5.734340000000000437e+00 0.000000000000000000e+00
4.900000000000000000e+01 -1.134829000000000043e+01 7.992149999999999643e+00 0.000000000000000000e+00
5.000000000000000000e+01 -1.261895999999999951e+01 9.659380000000000521e+00 0.000000000000000000e+00
5.100000000000000000e+01 -1.189847999999999928e+01 1.161556999999999995e+01 0.000000000000000000e+00
5.200000000000000000e+01 -1.123489000000000004e+01 1.365948999999999991e+01 0.000000000000000000e+00
5.300000000000000000e+01 -1.022714000000000034e+01 1.612217000000000056e+01 0.000000000000000000e+00
5.400000000000000000e+01 -6.151860000000000106e+00 -1.639912999999999954e+01 0.000000000000000000e+00
5.500000000000000000e+01 -7.700990000000000002e+00 -1.489223999999999926e+01 0.000000000000000000e+00
5.600000000000000000e+01 -8.829610000000000625e+00 -1.249705999999999939e+01 0.000000000000000000e+00
5.700000000000000000e+01 -1.028519999999999968e+01 -1.013673000000000002e+01 0.000000000000000000e+00
5.800000000000000000e+01 -1.144665999999999961e+01 -8.395379999999999399e+00 0.000000000000000000e+00
5.900000000000000000e+01 -1.236805000000000021e+01 -6.492700000000000138e+00 0.000000000000000000e+00
6.000000000000000000e+01 -1.089306999999999981e+01 -4.705009999999999692e+00 0.000000000000000000e+00
6.100000000000000000e+01 -1.189384000000000086e+01 -2.763959999999999972e+00 0.000000000000000000e+00
6.200000000000000000e+01 -1.034801000000000037e+01 -1.384619999999999962e+00 0.000000000000000000e+00
6.300000000000000000e+01 -9.848420000000000840e+00 6.219099999999999628e-01 0.000000000000000000e+00
6.400000000000000000e+01 -1.143532000000000082e+01 2.241340000000000110e+00 0.000000000000000000e+00
6.500000000000000000e+01 -1.063584999999999958e+01 4.146449999999999747e+00 0.000000000000000000e+00
6.600000000000000000e+01 -9.982910000000000394e+00 6.209670000000000023e+00 0.000000000000000000e+00
6.700000000000000000e+01 -9.213210000000000122e+00 8.284209999999999852e+00 0.000000000000000000e+00
6.800000000000000000e+01 -1.050624000000000002e+01 9.964840000000000586e+00 0.000000000000000000e+00
6.900000000000000000e+01 -9.849819999999999354e+00 1.194161000000000072e+01 0.000000000000000000e+00
7.000000000000000000e+01 -9.121449999999999392e+00 1.403233999999999959e+01 0.000000000000000000e+00
7.100000000000000000e+01 -8.023780000000000356e+00 1.643243999999999971e+01 0.000000000000000000e+00
7.200000000000000000e+01 -3.820969999999999978e+00 -1.604722999999999900e+01 0.000000000000000000e+00
7.300000000000000000e+01 -5.332880000000000287e+00 -1.445636000000000010e+01 0.000000000000000000e+00
7.400000000000000000e+01 -6.830940000000000012e+00 -1.299089000000000027e+01 0.000000000000000000e+00
7.500000000000000000e+01 -8.177120000000000388e+00 -1.030657000000000068e+01 0.000000000000000000e+00
7.600000000000000000e+01 -9.080080000000000595e+00 -8.367509999999999337e+00 0.000000000000000000e+00
7.700000000000000000e+01 -1.028082000000000029e+01 -6.675900000000000389e+00 0.000000000000000000e+00
7.800000000000000000e+01 -8.845610000000000639e+00 -5.144910000000000316e+00 0.000000000000000000e+00
7.900000000000000000e+01 -9.134579999999999700e+00 -3.089690000000000047e+00 0.000000000000000000e+00
8.000000000000000000e+01 -7.775140000000000384e+00 9.047100000000000142e-01 0.000000000000000000e+00
8.100000000000000000e+01 -9.255869999999999820e+00 2.595320000000000071e+00 0.000000000000000000e+00
8.200000000000000000e+01 -8.589689999999999159e+00 4.659740000000000215e+00 0.000000000000000000e+00
8.300000000000000000e+01 -6.490910000000000402e+00 5.007670000000000066e+00 0.000000000000000000e+00
8.400000000000000000e+01 -7.917469999999999786e+00 6.685019999999999740e+00 0.000000000000000000e+00
8.500000000000000000e+01 -7.091840000000000366e+00 8.608200000000000074e+00 0.000000000000000000e+00
8.600000000000000000e+01 -8.408250000000000668e+00 1.040855999999999959e+01 0.000000000000000000e+00
8.700000000000000000e+01 -7.743520000000000181e+00 1.236898000000000053e+01 0.000000000000000000e+00
8.800000000000000000e+01 -6.883790000000000298e+00 1.444373000000000040e+01 0.000000000000000000e+00
8.900000000000000000e+01 -5.039380000000000415e+00 1.814395999999999987e+01 0.000000000000000000e+00
9.000000000000000000e+01 -5.298060000000000436e+00 -1.831305000000000049e+01 0.000000000000000000e+00
9.100000000000000000e+01 -3.158669999999999867e+00 -1.390836999999999968e+01 0.000000000000000000e+00
9.200000000000000000e+01 -4.645559999999999690e+00 -1.244819999999999993e+01 0.000000000000000000e+00
9.300000000000000000e+01 -6.148329999999999629e+00 -1.104077000000000019e+01 0.000000000000000000e+00
9.400000000000000000e+01 -5.807979999999999698e+00 -8.947620000000000573e+00 0.000000000000000000e+00
9.500000000000000000e+01 -7.552489999999999704e+00 -6.969599999999999795e+00 0.000000000000000000e+00
9.600000000000000000e+01 -6.774320000000000341e+00 -5.003389999999999560e+00 0.000000000000000000e+00
9.700000000000000000e+01 -6.881499999999999950e+00 -2.823570000000000135e+00 0.000000000000000000e+00
9.800000000000000000e+01 -8.304370000000000474e+00 -1.104570000000000052e+00 0.000000000000000000e+00
9.900000000000000000e+01 -5.700380000000000003e+00 1.237460000000000004e+00 0.000000000000000000e+00
1.000000000000000000e+02 -7.225340000000000096e+00 2.974110000000000031e+00 0.000000000000000000e+00
1.010000000000000000e+02 -4.453769999999999563e+00 5.334419999999999717e+00 0.000000000000000000e+00
1.020000000000000000e+02 -5.819689999999999586e+00 6.965819999999999901e+00 0.000000000000000000e+00
1.030000000000000000e+02 -5.068710000000000271e+00 9.034110000000000085e+00 0.000000000000000000e+00
1.040000000000000000e+02 -6.356969999999999565e+00 1.066153000000000084e+01 0.000000000000000000e+00
1.050000000000000000e+02 -5.678239999999999732e+00 1.264837999999999951e+01 0.000000000000000000e+00
1.060000000000000000e+02 -5.869439999999999991e+00 1.623580000000000112e+01 0.000000000000000000e+00
1.070000000000000000e+02 -2.935529999999999973e+00 1.844365000000000165e+01 0.000000000000000000e+00
1.080000000000000000e+02 -1.791619999999999990e+00 -1.545232999999999990e+01 0.000000000000000000e+00
1.090000000000000000e+02 -1.053449999999999998e+00 -1.325976999999999961e+01 0.000000000000000000e+00
1.100000000000000000e+02 -2.614100000000000090e+00 -1.190454000000000079e+01 0.000000000000000000e+00
1.110000000000000000e+02 -4.180710000000000370e+00 -1.042465999999999937e+01 0.000000000000000000e+00
1.120000000000000000e+02 -3.843599999999999905e+00 -8.252480000000000260e+00 0.000000000000000000e+00
1.130000000000000000e+02 -5.461649999999999672e+00 -6.718259999999999899e+00 0.000000000000000000e+00
1.140000000000000000e+02 -4.741150000000000198e+00 -4.619609999999999772e+00 0.000000000000000000e+00
1.150000000000000000e+02 -4.376699999999999591e+00 -2.484789999999999832e+00 0.000000000000000000e+00
1.160000000000000000e+02 -6.063790000000000013e+00 -9.169300000000000228e-01 0.000000000000000000e+00
1.170000000000000000e+02 -3.694739999999999913e+00 1.766909999999999981e+00 0.000000000000000000e+00
1.180000000000000000e+02 -5.149840000000000195e+00 3.301779999999999937e+00 0.000000000000000000e+00
1.190000000000000000e+02 -2.417159999999999975e+00 5.786349999999999660e+00 0.000000000000000000e+00
1.200000000000000000e+02 -3.759349999999999969e+00 7.377309999999999590e+00 0.000000000000000000e+00
1.210000000000000000e+02 -2.988890000000000047e+00 9.380060000000000286e+00 0.000000000000000000e+00
1.220000000000000000e+02 -4.312459999999999738e+00 1.101750000000000007e+01 0.000000000000000000e+00
1.230000000000000000e+02 -3.291619999999999990e+00 1.283663999999999916e+01 0.000000000000000000e+00
1.240000000000000000e+02 -4.615479999999999805e+00 1.449605999999999995e+01 0.000000000000000000e+00
1.250000000000000000e+02 -3.757039999999999935e+00 1.640713999999999828e+01 0.000000000000000000e+00
1.260000000000000000e+02 -2.320800000000000196e+00 -1.749202999999999975e+01 0.000000000000000000e+00
1.270000000000000000e+02 3.219999999999999946e-02 -1.692524999999999835e+01 0.000000000000000000e+00
1.280000000000000000e+02 -7.064599999999999769e-01 -1.106811000000000078e+01 0.000000000000000000e+00
1.290000000000000000e+02 -2.247720000000000162e+00 -9.641140000000000043e+00 0.000000000000000000e+00
1.300000000000000000e+02 -1.764150000000000107e+00 -7.525940000000000296e+00 0.000000000000000000e+00
1.310000000000000000e+02 -3.315199999999999925e+00 -6.146090000000000053e+00 0.000000000000000000e+00
1.320000000000000000e+02 -2.359090000000000131e+00 -2.020360000000000156e+00 0.000000000000000000e+00
1.330000000000000000e+02 -4.050650000000000084e+00 -3.826200000000000156e-01 0.000000000000000000e+00
1.340000000000000000e+02 -1.957549999999999901e+00 2.818000000000000019e-02 0.000000000000000000e+00
1.350000000000000000e+02 -1.632319999999999993e+00 2.152810000000000112e+00 0.000000000000000000e+00
1.360000000000000000e+02 -2.990850000000000009e+00 3.742269999999999985e+00 0.000000000000000000e+00
1.370000000000000000e+02 -9.655200000000000449e-01 4.171840000000000437e+00 0.000000000000000000e+00
1.380000000000000000e+02 -1.678600000000000092e+00 7.776650000000000063e+00 0.000000000000000000e+00
1.390000000000000000e+02 -4.136199999999999877e-01 9.421989999999999199e+00 0.000000000000000000e+00
1.400000000000000000e+02 -1.860840000000000050e+00 1.118188999999999922e+01 0.000000000000000000e+00
1.410000000000000000e+02 -9.919200000000000239e-01 1.305039000000000016e+01 0.000000000000000000e+00
1.420000000000000000e+02 -2.372560000000000002e+00 1.477951000000000015e+01 0.000000000000000000e+00
1.430000000000000000e+02 -7.916900000000000048e-01 1.867670000000000030e+01 0.000000000000000000e+00
1.440000000000000000e+02 1.849429999999999907e+00 -1.837472999999999956e+01 0.000000000000000000e+00
1.450000000000000000e+02 4.049200000000000021e-01 -1.489574999999999960e+01 0.000000000000000000e+00
1.460000000000000000e+02 8.728700000000000347e-01 -1.247544000000000075e+01 0.000000000000000000e+00
1.470000000000000000e+02 -1.879300000000000137e-01 -8.993410000000000792e+00 0.000000000000000000e+00
1.480000000000000000e+02 3.147199999999999998e-01 -6.945289999999999964e+00 0.000000000000000000e+00
1.490000000000000000e+02 -1.180029999999999912e+00 -5.518659999999999677e+00 0.000000000000000000e+00
1.500000000000000000e+02 -2.712559999999999860e+00 -4.115459999999999674e+00 0.000000000000000000e+00
1.510000000000000000e+02 -7.831399999999999473e-01 -3.394810000000000105e+00 0.000000000000000000e+00
1.520000000000000000e+02 -3.573799999999999755e-01 -1.369510000000000005e+00 0.000000000000000000e+00
1.530000000000000000e+02 1.099999999999999936e-02 6.516800000000000370e-01 0.000000000000000000e+00
1.540000000000000000e+02 6.029400000000000315e-01 2.667190000000000172e+00 0.000000000000000000e+00
1.550000000000000000e+02 1.058659999999999934e+00 4.702340000000000408e+00 0.000000000000000000e+00
1.560000000000000000e+02 -3.965799999999999881e-01 6.175410000000000288e+00 0.000000000000000000e+00
1.570000000000000000e+02 1.662169999999999925e+00 9.564629999999999299e+00 0.000000000000000000e+00
1.580000000000000000e+02 3.489499999999999824e-01 1.137426999999999921e+01 0.000000000000000000e+00
1.590000000000000000e+02 -2.952199999999999824e-01 1.503054999999999986e+01 0.000000000000000000e+00
1.600000000000000000e+02 -1.613339999999999996e+00 1.672054999999999936e+01 0.000000000000000000e+00
1.610000000000000000e+02 5.771199999999999664e-01 1.702830000000000155e+01 0.000000000000000000e+00
1.620000000000000000e+02 -1.028019999999999934e+00 -1.918658999999999892e+01 0.000000000000000000e+00
1.630000000000000000e+02 2.091579999999999995e+00 -1.621099999999999852e+01 0.000000000000000000e+00
1.640000000000000000e+02 2.336679999999999868e+00 -1.408221999999999952e+01 0.000000000000000000e+00
1.650000000000000000e+02 1.414390000000000036e+00 -1.043439000000000050e+01 0.000000000000000000e+00
1.660000000000000000e+02 1.843380000000000019e+00 -8.350210000000000576e+00 0.000000000000000000e+00
1.670000000000000000e+02 2.329750000000000210e+00 -6.345979999999999954e+00 0.000000000000000000e+00
1.680000000000000000e+02 8.045799999999999619e-01 -4.885699999999999932e+00 0.000000000000000000e+00
1.690000000000000000e+02 1.270759999999999890e+00 -2.811869999999999870e+00 0.000000000000000000e+00
1.700000000000000000e+02 1.629979999999999984e+00 -7.718000000000000416e-01 0.000000000000000000e+00
1.710000000000000000e+02 2.183089999999999975e+00 1.286070000000000046e+00 0.000000000000000000e+00
1.720000000000000000e+02 2.616410000000000124e+00 3.304139999999999855e+00 0.000000000000000000e+00
1.730000000000000000e+02 2.935610000000000053e+00 5.696019999999999861e+00 0.000000000000000000e+00
1.740000000000000000e+02 1.231910000000000061e+00 7.497740000000000293e+00 0.000000000000000000e+00
1.750000000000000000e+02 3.697810000000000041e+00 1.003372000000000064e+01 0.000000000000000000e+00
1.760000000000000000e+02 2.422759999999999803e+00 1.168445000000000000e+01 0.000000000000000000e+00
1.770000000000000000e+02 1.153459999999999930e+00 1.341305999999999976e+01 0.000000000000000000e+00
1.780000000000000000e+02 1.802869999999999973e+00 1.536683999999999983e+01 0.000000000000000000e+00
1.790000000000000000e+02 1.546820000000000084e+00 1.905746999999999858e+01 0.000000000000000000e+00
1.800000000000000000e+02 3.769149999999999778e+00 -1.749810000000000088e+01 0.000000000000000000e+00
1.810000000000000000e+02 4.315889999999999560e+00 -1.548553000000000068e+01 0.000000000000000000e+00
1.820000000000000000e+02 3.013059999999999850e+00 -1.190114999999999945e+01 0.000000000000000000e+00
1.830000000000000000e+02 3.551320000000000032e+00 -9.852759999999999962e+00 0.000000000000000000e+00
1.840000000000000000e+02 3.862839999999999829e+00 -7.768760000000000332e+00 0.000000000000000000e+00
1.850000000000000000e+02 4.349510000000000431e+00 -5.686060000000000336e+00 0.000000000000000000e+00
1.860000000000000000e+02 2.804749999999999854e+00 -4.307750000000000412e+00 0.000000000000000000e+00
1.870000000000000000e+02 3.286680000000000046e+00 -2.155110000000000081e+00 0.000000000000000000e+00
1.880000000000000000e+02 3.693750000000000089e+00 -1.163700000000000012e-01 0.000000000000000000e+00
1.890000000000000000e+02 4.169889999999999652e+00 1.913350000000000106e+00 0.000000000000000000e+00
1.900000000000000000e+02 4.589529999999999887e+00 3.994629999999999903e+00 0.000000000000000000e+00
1.910000000000000000e+02 4.941489999999999938e+00 6.209970000000000212e+00 0.000000000000000000e+00
1.920000000000000000e+02 3.350639999999999841e+00 7.974289999999999878e+00 0.000000000000000000e+00
1.930000000000000000e+02 5.427220000000000155e+00 8.226490000000000080e+00 0.000000000000000000e+00
1.940000000000000000e+02 5.771869999999999834e+00 1.025164000000000009e+01 0.000000000000000000e+00
1.950000000000000000e+02 3.265449999999999964e+00 1.366127000000000002e+01 0.000000000000000000e+00
1.960000000000000000e+02 3.958320000000000061e+00 1.562236000000000047e+01 0.000000000000000000e+00
1.970000000000000000e+02 2.638650000000000162e+00 1.728077000000000041e+01 0.000000000000000000e+00
1.980000000000000000e+02 5.820269999999999833e+00 -1.697187999999999874e+01 0.000000000000000000e+00
1.990000000000000000e+02 4.558290000000000397e+00 -1.343335000000000079e+01 0.000000000000000000e+00
2.000000000000000000e+02 5.024680000000000035e+00 -1.129473999999999911e+01 0.000000000000000000e+00
2.010000000000000000e+02 5.500350000000000072e+00 -9.190089999999999648e+00 0.000000000000000000e+00
2.020000000000000000e+02 5.964699999999999669e+00 -7.175029999999999575e+00 0.000000000000000000e+00
2.030000000000000000e+02 6.373999999999999666e+00 -5.111869999999999692e+00 0.000000000000000000e+00
2.040000000000000000e+02 4.786240000000000272e+00 -3.665970000000000173e+00 0.000000000000000000e+00
2.050000000000000000e+02 5.261400000000000077e+00 -1.457039999999999891e+00 0.000000000000000000e+00
2.060000000000000000e+02 5.724890000000000256e+00 5.572799999999999976e-01 0.000000000000000000e+00
2.070000000000000000e+02 6.138790000000000191e+00 2.626170000000000115e+00 0.000000000000000000e+00
2.080000000000000000e+02 6.531900000000000261e+00 4.766600000000000392e+00 0.000000000000000000e+00
2.090000000000000000e+02 6.937490000000000379e+00 6.812540000000000262e+00 0.000000000000000000e+00
2.100000000000000000e+02 7.442949999999999733e+00 8.932079999999999131e+00 0.000000000000000000e+00
2.110000000000000000e+02 7.812610000000000277e+00 1.097577000000000069e+01 0.000000000000000000e+00
2.120000000000000000e+02 4.540160000000000196e+00 1.196889000000000003e+01 0.000000000000000000e+00
2.130000000000000000e+02 5.393989999999999618e+00 1.414517999999999986e+01 0.000000000000000000e+00
2.140000000000000000e+02 4.748649999999999594e+00 1.766300999999999988e+01 0.000000000000000000e+00
2.150000000000000000e+02 4.595830000000000304e+00 1.988560000000000016e+01 0.000000000000000000e+00
2.160000000000000000e+02 3.921159999999999979e+00 -1.955114000000000019e+01 0.000000000000000000e+00
2.170000000000000000e+02 6.312879999999999825e+00 -1.477731999999999957e+01 0.000000000000000000e+00
2.180000000000000000e+02 6.546359999999999957e+00 -1.270134999999999970e+01 0.000000000000000000e+00
2.190000000000000000e+02 7.142019999999999591e+00 -1.064190999999999931e+01 0.000000000000000000e+00
2.200000000000000000e+02 7.658100000000000129e+00 -8.591310000000000002e+00 0.000000000000000000e+00
2.210000000000000000e+02 7.935920000000000307e+00 -6.548750000000000071e+00 0.000000000000000000e+00
2.220000000000000000e+02 8.384489999999999554e+00 -4.395199999999999996e+00 0.000000000000000000e+00
2.230000000000000000e+02 6.759830000000000005e+00 -2.966019999999999879e+00 0.000000000000000000e+00
2.240000000000000000e+02 7.274329999999999963e+00 -9.465000000000000080e-01 0.000000000000000000e+00
2.250000000000000000e+02 7.733850000000000335e+00 1.161189999999999944e+00 0.000000000000000000e+00
2.260000000000000000e+02 8.173700000000000188e+00 3.265579999999999927e+00 0.000000000000000000e+00
2.270000000000000000e+02 8.518660000000000565e+00 5.426370000000000360e+00 0.000000000000000000e+00
2.280000000000000000e+02 8.940879999999999939e+00 7.460359999999999658e+00 0.000000000000000000e+00
2.290000000000000000e+02 9.389979999999999549e+00 9.605579999999999785e+00 0.000000000000000000e+00
2.300000000000000000e+02 9.780319999999999681e+00 1.166144000000000069e+01 0.000000000000000000e+00
2.310000000000000000e+02 7.136090000000000266e+00 1.294061999999999912e+01 0.000000000000000000e+00
2.320000000000000000e+02 6.193410000000000082e+00 1.621565000000000012e+01 0.000000000000000000e+00
2.330000000000000000e+02 6.661179999999999879e+00 1.841075000000000017e+01 0.000000000000000000e+00
2.340000000000000000e+02 7.834419999999999717e+00 -1.619638000000000133e+01 0.000000000000000000e+00
2.350000000000000000e+02 8.437879999999999825e+00 -1.420670999999999928e+01 0.000000000000000000e+00
2.360000000000000000e+02 8.668990000000000862e+00 -1.213315000000000055e+01 0.000000000000000000e+00
2.370000000000000000e+02 9.182930000000000703e+00 -1.008139000000000074e+01 0.000000000000000000e+00
2.380000000000000000e+02 9.716630000000000322e+00 -8.011369999999999436e+00 0.000000000000000000e+00
2.390000000000000000e+02 9.991630000000000678e+00 -5.932459999999999845e+00 0.000000000000000000e+00
2.400000000000000000e+02 1.042783000000000015e+01 -3.877289999999999903e+00 0.000000000000000000e+00
2.410000000000000000e+02 8.855119999999999436e+00 -2.324699999999999989e+00 0.000000000000000000e+00
2.420000000000000000e+02 9.285310000000000841e+00 -2.982099999999999751e-01 0.000000000000000000e+00
2.430000000000000000e+02 9.756729999999999237e+00 1.739840000000000053e+00 0.000000000000000000e+00
2.440000000000000000e+02 1.014577000000000062e+01 3.866509999999999891e+00 0.000000000000000000e+00
2.450000000000000000e+02 1.053686000000000078e+01 6.044880000000000031e+00 0.000000000000000000e+00
2.460000000000000000e+02 1.098424999999999940e+01 8.107060000000000599e+00 0.000000000000000000e+00
2.470000000000000000e+02 1.139067999999999969e+01 1.011973000000000056e+01 0.000000000000000000e+00
2.480000000000000000e+02 1.177659000000000056e+01 1.240146000000000015e+01 0.000000000000000000e+00
2.490000000000000000e+02 9.564569999999999794e+00 1.372497000000000078e+01 0.000000000000000000e+00
2.500000000000000000e+02 7.939890000000000114e+00 1.501018000000000008e+01 0.000000000000000000e+00
2.510000000000000000e+02 8.358190000000000452e+00 1.706560999999999950e+01 0.000000000000000000e+00
2.520000000000000000e+02 9.899940000000000850e+00 -1.585674999999999990e+01 0.000000000000000000e+00
2.530000000000000000e+02 1.035834999999999972e+01 -1.341269999999999918e+01 0.000000000000000000e+00
2.540000000000000000e+02 1.090024000000000015e+01 -1.135915999999999926e+01 0.000000000000000000e+00
2.550000000000000000e+02 1.129138000000000019e+01 -9.338459999999999539e+00 0.000000000000000000e+00
2.560000000000000000e+02 1.171263000000000076e+01 -7.213320000000000398e+00 0.000000000000000000e+00
2.570000000000000000e+02 1.213063999999999965e+01 -5.103329999999999700e+00 0.000000000000000000e+00
2.580000000000000000e+02 1.257118999999999964e+01 -3.079009999999999803e+00 0.000000000000000000e+00
2.590000000000000000e+02 1.090813999999999950e+01 -1.725919999999999899e+00 0.000000000000000000e+00
2.600000000000000000e+02 1.304981000000000080e+01 -1.060759999999999925e+00 0.000000000000000000e+00
2.610000000000000000e+02 1.136558999999999919e+01 3.521900000000000031e-01 0.000000000000000000e+00
2.620000000000000000e+02 1.173174999999999990e+01 2.416790000000000216e+00 0.000000000000000000e+00
2.630000000000000000e+02 1.210052999999999912e+01 4.648369999999999891e+00 0.000000000000000000e+00
2.640000000000000000e+02 1.265020999999999951e+01 6.711359999999999992e+00 0.000000000000000000e+00
2.650000000000000000e+02 1.303553999999999924e+01 8.840389999999999304e+00 0.000000000000000000e+00
2.660000000000000000e+02 1.329270999999999958e+01 1.093845999999999918e+01 0.000000000000000000e+00
2.670000000000000000e+02 1.534656000000000020e+01 1.131433999999999962e+01 0.000000000000000000e+00
2.680000000000000000e+02 1.172855999999999987e+01 1.466559999999999953e+01 0.000000000000000000e+00
2.690000000000000000e+02 1.011284000000000027e+01 1.594847000000000037e+01 0.000000000000000000e+00
2.700000000000000000e+02 1.193238000000000021e+01 -1.514977999999999980e+01 0.000000000000000000e+00
2.710000000000000000e+02 1.256465999999999994e+01 -1.296528999999999954e+01 0.000000000000000000e+00
2.720000000000000000e+02 1.289783000000000079e+01 -1.068654000000000082e+01 0.000000000000000000e+00
2.730000000000000000e+02 1.337018999999999913e+01 -8.639499999999999957e+00 0.000000000000000000e+00
2.740000000000000000e+02 1.383140000000000036e+01 -6.604849999999999888e+00 0.000000000000000000e+00
2.750000000000000000e+02 1.583332000000000050e+01 -5.980290000000000106e+00 0.000000000000000000e+00
2.760000000000000000e+02 1.423370000000000068e+01 -4.505709999999999660e+00 0.000000000000000000e+00
2.770000000000000000e+02 1.459657999999999944e+01 -2.453419999999999934e+00 0.000000000000000000e+00
2.780000000000000000e+02 1.508773000000000053e+01 -3.558700000000000196e-01 0.000000000000000000e+00
2.790000000000000000e+02 1.340208999999999939e+01 9.899799999999999711e-01 0.000000000000000000e+00
2.800000000000000000e+02 1.536591999999999913e+01 1.854070000000000107e+00 0.000000000000000000e+00
2.810000000000000000e+02 1.373293999999999926e+01 3.182700000000000085e+00 0.000000000000000000e+00
2.820000000000000000e+02 1.582421000000000078e+01 3.889909999999999979e+00 0.000000000000000000e+00
2.830000000000000000e+02 1.421288000000000018e+01 5.266860000000000319e+00 0.000000000000000000e+00
2.840000000000000000e+02 1.549849999999999994e+01 6.987969999999999793e+00 0.000000000000000000e+00
2.850000000000000000e+02 1.703693000000000168e+01 5.562680000000000291e+00 0.000000000000000000e+00
2.860000000000000000e+02 1.512170000000000059e+01 9.136910000000000309e+00 0.000000000000000000e+00
2.870000000000000000e+02 1.393329999999999913e+01 1.290975000000000072e+01 0.000000000000000000e+00
2.880000000000000000e+02 1.393683000000000050e+01 -1.452153999999999989e+01 0.000000000000000000e+00
2.890000000000000000e+02 1.446629000000000076e+01 -1.215203999999999951e+01 0.000000000000000000e+00
2.900000000000000000e+02 1.547428999999999988e+01 -1.024048999999999943e+01 0.000000000000000000e+00
2.910000000000000000e+02 1.739041999999999888e+01 -7.460670000000000357e+00 0.000000000000000000e+00
2.920000000000000000e+02 1.539211000000000062e+01 -8.173189999999999955e+00 0.000000000000000000e+00
2.930000000000000000e+02 1.830758000000000152e+01 -4.051800000000000068e+00 0.000000000000000000e+00
2.940000000000000000e+02 1.873028000000000048e+01 -6.266500000000000403e-01 0.000000000000000000e+00
2.950000000000000000e+02 1.624640000000000128e+01 -3.845209999999999795e+00 0.000000000000000000e+00
2.960000000000000000e+02 1.690497999999999834e+01 -1.798000000000000043e+00 0.000000000000000000e+00
2.970000000000000000e+02 1.697953000000000046e+01 5.306999999999999496e-01 0.000000000000000000e+00
2.980000000000000000e+02 1.955800999999999945e+01 1.940090000000000092e+00 0.000000000000000000e+00
2.990000000000000000e+02 1.748911000000000016e+01 2.642049999999999788e+00 0.000000000000000000e+00
