0.000000000000000000e+00 -1.417131000000000007e+01 -1.499858000000000047e+01 0.000000000000000000e+00
1.000000000000000000e+00 -1.491890000000000072e+01 -1.298908999999999914e+01 0.000000000000000000e+00
2.000000000000000000e+00 -1.579695000000000071e+01 -1.109300999999999959e+01 0.000000000000000000e+00
3.000000000000000000e+00 -1.715040000000000120e+01 -9.389570000000000860e+00 0.000000000000000000e+00
4.000000000000000000e+00 -1.732967999999999975e+01 -7.151550000000000296e+00 0.000000000000000000e+00
5.000000000000000000e+00 -1.811446000000000112e+01 -5.149140000000000050e+00 0.000000000000000000e+00
6.000000000000000000e+00 -1.694201999999999941e+01 -3.371649999999999814e+00 0.000000000000000000e+00
7.000000000000000000e+00 -1.900266999999999840e+01 -3.113910000000000178e+00 0.000000000000000000e+00
8.000000000000000000e+00 -1.760460000000000136e+01 -1.339639999999999942e+00 0.000000000000000000e+00
9.000000000000000000e+00 -1.835550999999999888e+01 7.880800000000000027e-01 0.000000000000000000e+00
1.000000000000000000e+01 -1.713656999999999897e+01 2.520150000000000112e+00 0.000000000000000000e+00
1.100000000000000000e+01 -1.916546999999999912e+01 3.057160000000000100e+00 0.000000000000000000e+00
1.200000000000000000e+01 -1.710329000000000121e+01 5.751579999999999693e+00 0.000000000000000000e+00
1.300000000000000000e+01 -1.825797999999999988e+01 7.500250000000000306e+00 0.000000000000000000e+00
1.400000000000000000e+01 -1.608906999999999954e+01 7.762179999999999858e+00 0.000000000000000000e+00
1.500000000000000000e+01 -1.738109000000000037e+01 9.466639999999999944e+00 0.000000000000000000e+00
1.600000000000000000e+01 -1.660172000000000025e+01 1.160352999999999923e+01 0.000000000000000000e+00
1.700000000000000000e+01 -1.285673000000000066e+01 1.575741000000000014e+01 0.000000000000000000e+00
1.800000000000000000e+01 -1.209102000000000032e+01 -1.540456999999999965e+01 0.000000000000000000e+00
1.900000000000000000e+01 -1.277829999999999977e+01 -1.329620000000000068e+01 0.000000000000000000e+00
2.000000000000000000e+01 -1.364024999999999999e+01 -1.138588000000000022e+01 0.000000000000000000e+00
2.100000000000000000e+01 -1.447653000000000034e+01 -9.448249999999999815e+00 0.000000000000000000e+00
2.200000000000000000e+01 -1.527331000000000039e+01 -7.540790000000000326e+00 0.000000000000000000e+00
2.300000000000000000e+01 -1.597836000000000034e+01 -5.575680000000000192e+00 0.000000000000000000e+00
2.400000000000000000e+01 -1.483562000000000047e+01 -3.779409999999999936e+00 0.000000000000000000e+00
2.500000000000000000e+01 -1.556316999999999950e+01 -1.753779999999999895e+00 0.000000000000000000e+00
2.600000000000000000e+01 -1.415720999999999918e+01 8.777000000000000079e-02 0.000000000000000000e+00
2.700000000000000000e+01 -1.627338999999999913e+01 3.295600000000000196e-01 0.000000000000000000e+00
2.800000000000000000e+01 -1.507451000000000008e+01 2.130500000000000060e+00 0.000000000000000000e+00
2.900000000000000000e+01 -1.578144999999999953e+01 4.128560000000000230e+00 0.000000000000000000e+00
3.000000000000000000e+01 -1.489371000000000045e+01 6.070240000000000080e+00 0.000000000000000000e+00
3.100000000000000000e+01 -1.404339000000000048e+01 8.175570000000000448e+00 0.000000000000000000e+00
3.200000000000000000e+01 -1.534434000000000076e+01 9.845359999999999445e+00 0.000000000000000000e+00
3.300000000000000000e+01 -1.443219999999999992e+01 1.181723999999999997e+01 0.000000000000000000e+00
3.400000000000000000e+01 -1.348897000000000013e+01 1.365268999999999977e+01 0.000000000000000000e+00
3.500000000000000000e+01 -1.063132000000000055e+01 1.597408000000000072e+01 0.000000000000000000e+00
3.600000000000000000e+01 -9.882680000000000575e+00 -1.569067000000000078e+01 0.000000000000000000e+00
3.700000000000000000e+01 -1.073809999999999931e+01 -1.363541000000000025e+01 0.000000000000000000e+00
3.800000000000000000e+01 -1.152133000000000074e+01 -1.164204999999999934e+01 0.000000000000000000e+00
3.900000000000000000e+01 -1.230522000000000027e+01 -9.721940000000000026e+00 0.000000000000000000e+00
4.000000000000000000e+01 -1.312767999999999979e+01 -7.817719999999999558e+00 0.000000000000000000e+00
4.100000000000000000e+01 -1.391627000000000081e+01 -5.838750000000000107e+00 0.000000000000000000e+00
4.200000000000000000e+01 -1.248576000000000086e+01 -4.154349999999999987e+00 0.000000000000000000e+00
4.300000000000000000e+01 -1.341192999999999991e+01 -2.258309999999999818e+00 0.000000000000000000e+00
4.400000000000000000e+01 -1.218440000000000012e+01 -5.624400000000000510e-01 0.000000000000000000e+00
4.500000000000000000e+01 -1.297522000000000020e+01 2.004379999999999828e+00 0.000000000000000000e+00
4.600000000000000000e+01 -1.024552000000000085e+01 3.089360000000000106e+00 0.000000000000000000e+00
4.700000000000000000e+01 -1.370363000000000042e+01 4.199959999999999916e+00 0.000000000000000000e+00
4.800000000000000000e+01 -1.284553999999999974e+01 6.386510000000000353e+00 0.000000000000000000e+00
4.900000000000000000e+01 -1.196214999999999939e+01 8.324980000000000047e+00 0.000000000000000000e+00
5.000000000000000000e+01 -1.315770000000000017e+01 1.010642999999999958e+01 0.000000000000000000e+00
5.100000000000000000e+01 -1.223520000000000074e+01 1.200004999999999988e+01 0.000000000000000000e+00
5.200000000000000000e+01 -1.138903999999999961e+01 1.402502999999999922e+01 0.000000000000000000e+00
5.300000000000000000e+01 -8.540269999999999584e+00 1.608875000000000099e+01 0.000000000000000000e+00
5.400000000000000000e+01 -7.842609999999999637e+00 -1.601980000000000004e+01 0.000000000000000000e+00
5.500000000000000000e+01 -8.539960000000000662e+00 -1.396982999999999997e+01 0.000000000000000000e+00
5.600000000000000000e+01 -9.448639999999999262e+00 -1.198616999999999955e+01 0.000000000000000000e+00
5.700000000000000000e+01 -1.021723000000000070e+01 -1.002577999999999925e+01 0.000000000000000000e+00
5.800000000000000000e+01 -1.090362000000000009e+01 -8.047489999999999810e+00 0.000000000000000000e+00
5.900000000000000000e+01 -1.171898999999999980e+01 -6.119869999999999699e+00 0.000000000000000000e+00
6.000000000000000000e+01 -1.041173999999999999e+01 -4.311410000000000409e+00 0.000000000000000000e+00
6.100000000000000000e+01 -1.129637999999999920e+01 -2.436900000000000066e+00 0.000000000000000000e+00
6.200000000000000000e+01 -1.010327000000000019e+01 -6.459700000000000442e-01 0.000000000000000000e+00
6.300000000000000000e+01 -9.000209999999999155e+00 1.376959999999999962e+00 0.000000000000000000e+00
6.400000000000000000e+01 -1.106216000000000044e+01 1.180839999999999890e+00 0.000000000000000000e+00
6.500000000000000000e+01 -1.146465000000000067e+01 4.781990000000000407e+00 0.000000000000000000e+00
6.600000000000000000e+01 -1.066450000000000031e+01 6.716120000000000090e+00 0.000000000000000000e+00
6.700000000000000000e+01 -9.812350000000000350e+00 8.591620000000000701e+00 0.000000000000000000e+00
6.800000000000000000e+01 -1.108236999999999917e+01 1.021856999999999971e+01 0.000000000000000000e+00
6.900000000000000000e+01 -1.010520999999999958e+01 1.223277000000000037e+01 0.000000000000000000e+00
7.000000000000000000e+01 -9.321939999999999671e+00 1.415484999999999971e+01 0.000000000000000000e+00
7.100000000000000000e+01 -8.042210000000000747e+00 1.809986999999999924e+01 0.000000000000000000e+00
7.200000000000000000e+01 -5.868290000000000006e+00 -1.676021000000000072e+01 0.000000000000000000e+00
7.300000000000000000e+01 -6.497209999999999930e+00 -1.426252999999999993e+01 0.000000000000000000e+00
7.400000000000000000e+01 -7.225159999999999805e+00 -1.231301999999999985e+01 0.000000000000000000e+00
7.500000000000000000e+01 -8.166040000000000632e+00 -1.030438999999999972e+01 0.000000000000000000e+00
7.600000000000000000e+01 -8.854749999999999233e+00 -8.339280000000000470e+00 0.000000000000000000e+00
7.700000000000000000e+01 -9.574790000000000134e+00 -6.203759999999999941e+00 0.000000000000000000e+00
7.800000000000000000e+01 -8.273780000000000356e+00 -4.556820000000000093e+00 0.000000000000000000e+00
7.900000000000000000e+01 -9.101990000000000691e+00 -2.491870000000000029e+00 0.000000000000000000e+00
8.000000000000000000e+01 -7.942099999999999937e+00 -3.972899999999999765e-01 0.000000000000000000e+00
8.100000000000000000e+01 -8.160740000000000549e+00 3.341849999999999987e+00 0.000000000000000000e+00
8.200000000000000000e+01 -9.297399999999999665e+00 5.068959999999999688e+00 0.000000000000000000e+00
8.300000000000000000e+01 -7.242449999999999832e+00 5.222159999999999691e+00 0.000000000000000000e+00
8.400000000000000000e+01 -8.460129999999999484e+00 6.986419999999999852e+00 0.000000000000000000e+00
8.500000000000000000e+01 -7.509579999999999700e+00 8.886659999999999116e+00 0.000000000000000000e+00
8.600000000000000000e+01 -8.900520000000000209e+00 1.051333999999999946e+01 0.000000000000000000e+00
8.700000000000000000e+01 -7.975760000000000183e+00 1.254603999999999964e+01 0.000000000000000000e+00
8.800000000000000000e+01 -7.217060000000000031e+00 1.446782999999999930e+01 0.000000000000000000e+00
8.900000000000000000e+01 -6.396969999999999601e+00 1.637284999999999968e+01 0.000000000000000000e+00
9.000000000000000000e+01 -4.852549999999999919e+00 -1.858529000000000053e+01 0.000000000000000000e+00
9.100000000000000000e+01 -4.505930000000000213e+00 -1.478514999999999979e+01 0.000000000000000000e+00
9.200000000000000000e+01 -4.982610000000000205e+00 -1.259725000000000072e+01 0.000000000000000000e+00
9.300000000000000000e+01 -5.921289999999999942e+00 -1.069447000000000081e+01 0.000000000000000000e+00
9.400000000000000000e+01 -6.762780000000000236e+00 -8.637299999999999756e+00 0.000000000000000000e+00
9.500000000000000000e+01 -7.521600000000000286e+00 -6.614110000000000156e+00 0.000000000000000000e+00
9.600000000000000000e+01 -6.188399999999999679e+00 -4.349890000000000256e+00 0.000000000000000000e+00
9.700000000000000000e+01 -6.797509999999999941e+00 -2.370299999999999851e+00 0.000000000000000000e+00
9.800000000000000000e+01 -6.930589999999999584e+00 1.580840000000000023e+00 0.000000000000000000e+00
9.900000000000000000e+01 -4.821110000000000007e+00 1.753349999999999964e+00 0.000000000000000000e+00
1.000000000000000000e+02 -6.077960000000000029e+00 3.496070000000000011e+00 0.000000000000000000e+00
1.010000000000000000e+02 -5.136449999999999960e+00 5.365569999999999951e+00 0.000000000000000000e+00
1.020000000000000000e+02 -6.331819999999999560e+00 7.095229999999999926e+00 0.000000000000000000e+00
1.030000000000000000e+02 -5.431869999999999976e+00 9.067899999999999849e+00 0.000000000000000000e+00
1.040000000000000000e+02 -6.708610000000000184e+00 1.080709000000000053e+01 0.000000000000000000e+00
1.050000000000000000e+02 -5.913689999999999891e+00 1.273312999999999917e+01 0.000000000000000000e+00
1.060000000000000000e+02 -4.191469999999999807e+00 1.668581000000000003e+01 0.000000000000000000e+00
1.070000000000000000e+02 -5.524840000000000195e+00 1.825919999999999987e+01 0.000000000000000000e+00
1.080000000000000000e+02 -3.743869999999999809e+00 -1.681110999999999933e+01 0.000000000000000000e+00
1.090000000000000000e+02 -2.407610000000000028e+00 -1.515996999999999950e+01 0.000000000000000000e+00
1.100000000000000000e+02 -2.875319999999999876e+00 -1.313537999999999961e+01 0.000000000000000000e+00
1.110000000000000000e+02 -3.710179999999999811e+00 -1.091078000000000081e+01 0.000000000000000000e+00
1.120000000000000000e+02 -4.600740000000000052e+00 -9.008340000000000458e+00 0.000000000000000000e+00
1.130000000000000000e+02 -5.465110000000000134e+00 -7.032490000000000130e+00 0.000000000000000000e+00
1.140000000000000000e+02 -4.321399999999999686e+00 -5.301669999999999661e+00 0.000000000000000000e+00
1.150000000000000000e+02 -4.669629999999999725e+00 -1.903680000000000039e+00 0.000000000000000000e+00
1.160000000000000000e+02 -5.889310000000000045e+00 -1.999900000000000011e-01 0.000000000000000000e+00
1.170000000000000000e+02 -3.698049999999999837e+00 9.579999999999999974e-03 0.000000000000000000e+00
1.180000000000000000e+02 -3.984360000000000124e+00 3.646910000000000096e+00 0.000000000000000000e+00
1.190000000000000000e+02 -3.022069999999999812e+00 5.628239999999999910e+00 0.000000000000000000e+00
1.200000000000000000e+02 -4.262170000000000236e+00 7.317309999999999981e+00 0.000000000000000000e+00
1.210000000000000000e+02 -3.351919999999999789e+00 9.297019999999999840e+00 0.000000000000000000e+00
1.220000000000000000e+02 -4.589570000000000149e+00 1.096357000000000070e+01 0.000000000000000000e+00
1.230000000000000000e+02 -3.779980000000000118e+00 1.290654999999999930e+01 0.000000000000000000e+00
1.240000000000000000e+02 -5.121310000000000251e+00 1.467071999999999932e+01 0.000000000000000000e+00
1.250000000000000000e+02 -3.274420000000000108e+00 1.876413000000000153e+01 0.000000000000000000e+00
1.260000000000000000e+02 -2.805229999999999890e+00 -1.891658999999999935e+01 0.000000000000000000e+00
1.270000000000000000e+02 -1.465170000000000083e+00 -1.727368999999999843e+01 0.000000000000000000e+00
1.280000000000000000e+02 -8.920299999999999896e-01 -1.371419999999999995e+01 0.000000000000000000e+00
1.290000000000000000e+02 -2.453339999999999854e+00 -9.226739999999999498e+00 0.000000000000000000e+00
1.300000000000000000e+02 -3.377099999999999991e+00 -7.243699999999999584e+00 0.000000000000000000e+00
1.310000000000000000e+02 -2.186220000000000052e+00 -5.273520000000000429e+00 0.000000000000000000e+00
1.320000000000000000e+02 -3.316959999999999908e+00 -3.468210000000000015e+00 0.000000000000000000e+00
1.330000000000000000e+02 -2.349149999999999849e+00 -1.615289999999999893e+00 0.000000000000000000e+00
1.340000000000000000e+02 -1.437089999999999979e+00 2.321600000000000052e-01 0.000000000000000000e+00
1.350000000000000000e+02 -2.753810000000000091e+00 1.851650000000000018e+00 0.000000000000000000e+00
1.360000000000000000e+02 -1.782990000000000075e+00 3.962829999999999853e+00 0.000000000000000000e+00
1.370000000000000000e+02 -9.406700000000000061e-01 5.907650000000000290e+00 0.000000000000000000e+00
1.380000000000000000e+02 -2.192390000000000061e+00 7.565089999999999648e+00 0.000000000000000000e+00
1.390000000000000000e+02 -1.213889999999999914e+00 9.540190000000000836e+00 0.000000000000000000e+00
1.400000000000000000e+02 -2.538050000000000139e+00 1.118352999999999930e+01 0.000000000000000000e+00
1.410000000000000000e+02 -1.708800000000000097e+00 1.310161000000000087e+01 0.000000000000000000e+00
1.420000000000000000e+02 -2.951179999999999914e+00 1.486522000000000077e+01 0.000000000000000000e+00
1.430000000000000000e+02 -2.097389999999999866e+00 1.678933999999999926e+01 0.000000000000000000e+00
1.440000000000000000e+02 -4.098999999999999866e-02 -1.894323999999999941e+01 0.000000000000000000e+00
1.450000000000000000e+02 6.072000000000000314e-02 -1.561021000000000036e+01 0.000000000000000000e+00
1.460000000000000000e+02 3.153599999999999737e-01 -1.203616000000000064e+01 0.000000000000000000e+00
1.470000000000000000e+02 -1.621620000000000061e+00 -1.120336999999999961e+01 0.000000000000000000e+00
1.480000000000000000e+02 -3.837900000000000200e-01 -9.234239999999999782e+00 0.000000000000000000e+00
1.490000000000000000e+02 -1.209649999999999892e+00 -7.143690000000000317e+00 0.000000000000000000e+00
1.500000000000000000e+02 -1.007200000000000040e-01 -5.148460000000000036e+00 0.000000000000000000e+00
1.510000000000000000e+02 -1.241440000000000099e+00 -3.412129999999999885e+00 0.000000000000000000e+00
1.520000000000000000e+02 -2.860400000000000165e-01 -1.516950000000000021e+00 0.000000000000000000e+00
1.530000000000000000e+02 6.546699999999999742e-01 3.575200000000000045e-01 0.000000000000000000e+00
1.540000000000000000e+02 -6.453999999999999737e-01 2.175730000000000164e+00 0.000000000000000000e+00
1.550000000000000000e+02 2.976800000000000002e-01 4.100789999999999935e+00 0.000000000000000000e+00
1.560000000000000000e+02 -4.585000000000000187e-02 7.804719999999999658e+00 0.000000000000000000e+00
1.570000000000000000e+02 8.538400000000000434e-01 9.676009999999999778e+00 0.000000000000000000e+00
1.580000000000000000e+02 -4.380499999999999949e-01 1.145589000000000013e+01 0.000000000000000000e+00
1.590000000000000000e+02 5.099599999999999689e-01 1.331686000000000014e+01 0.000000000000000000e+00
1.600000000000000000e+02 -8.330199999999999827e-01 1.503843999999999959e+01 0.000000000000000000e+00
1.610000000000000000e+02 1.707700000000000051e-01 1.738119000000000014e+01 0.000000000000000000e+00
1.620000000000000000e+02 -1.388619999999999965e+00 -2.051347000000000165e+01 0.000000000000000000e+00
1.630000000000000000e+02 1.412239999999999940e+00 -1.744452000000000069e+01 0.000000000000000000e+00
1.640000000000000000e+02 1.289789999999999992e+00 -1.386806999999999945e+01 0.000000000000000000e+00
1.650000000000000000e+02 2.570829999999999949e+00 -1.216483000000000025e+01 0.000000000000000000e+00
1.660000000000000000e+02 1.427899999999999947e+00 -1.031147999999999954e+01 0.000000000000000000e+00
1.670000000000000000e+02 8.662199999999999900e-01 -7.012839999999999741e+00 0.000000000000000000e+00
1.680000000000000000e+02 1.972050000000000081e+00 -5.054240000000000066e+00 0.000000000000000000e+00
1.690000000000000000e+02 8.259400000000000075e-01 -3.263349999999999973e+00 0.000000000000000000e+00
1.700000000000000000e+02 1.796980000000000022e+00 -1.381429999999999936e+00 0.000000000000000000e+00
1.710000000000000000e+02 2.792269999999999808e+00 6.231200000000000072e-01 0.000000000000000000e+00
1.720000000000000000e+02 1.459540000000000060e+00 2.350020000000000220e+00 0.000000000000000000e+00
1.730000000000000000e+02 2.380710000000000104e+00 4.262229999999999741e+00 0.000000000000000000e+00
1.740000000000000000e+02 1.189799999999999969e+00 6.059529999999999639e+00 0.000000000000000000e+00
1.750000000000000000e+02 2.021389999999999798e+00 7.944810000000000372e+00 0.000000000000000000e+00
1.760000000000000000e+02 3.005520000000000191e+00 9.874109999999999943e+00 0.000000000000000000e+00
1.770000000000000000e+02 1.774829999999999908e+00 1.154007000000000005e+01 0.000000000000000000e+00
1.780000000000000000e+02 1.438420000000000032e+00 1.517455999999999960e+01 0.000000000000000000e+00
1.790000000000000000e+02 -1.196739999999999915e+00 1.902549000000000134e+01 0.000000000000000000e+00
1.800000000000000000e+02 2.894429999999999836e+00 -1.923695999999999984e+01 0.000000000000000000e+00
1.810000000000000000e+02 2.399519999999999875e+00 -1.563427000000000078e+01 0.000000000000000000e+00
1.820000000000000000e+02 3.667209999999999859e+00 -1.399343000000000004e+01 0.000000000000000000e+00
1.830000000000000000e+02 3.516900000000000137e+00 -1.028328999999999915e+01 0.000000000000000000e+00
1.840000000000000000e+02 2.393040000000000056e+00 -8.451909999999999812e+00 0.000000000000000000e+00
1.850000000000000000e+02 3.338330000000000020e+00 -6.602710000000000079e+00 0.000000000000000000e+00
1.860000000000000000e+02 4.258499999999999730e+00 -4.709710000000000285e+00 0.000000000000000000e+00
1.870000000000000000e+02 2.909279999999999866e+00 -3.133140000000000036e+00 0.000000000000000000e+00
1.880000000000000000e+02 4.007460000000000022e+00 -1.082480000000000109e+00 0.000000000000000000e+00
1.890000000000000000e+02 4.841210000000000235e+00 8.299199999999999910e-01 0.000000000000000000e+00
1.900000000000000000e+02 3.574860000000000149e+00 2.535899999999999821e+00 0.000000000000000000e+00
1.910000000000000000e+02 4.458269999999999733e+00 4.484130000000000393e+00 0.000000000000000000e+00
1.920000000000000000e+02 3.285400000000000098e+00 6.240129999999999733e+00 0.000000000000000000e+00
1.930000000000000000e+02 4.195260000000000211e+00 8.193300000000000693e+00 0.000000000000000000e+00
1.940000000000000000e+02 5.138939999999999841e+00 1.006901000000000046e+01 0.000000000000000000e+00
1.950000000000000000e+02 3.884970000000000034e+00 1.174897999999999954e+01 0.000000000000000000e+00
1.960000000000000000e+02 2.657150000000000123e+00 1.342206999999999972e+01 0.000000000000000000e+00
1.970000000000000000e+02 2.397390000000000132e+00 1.709712999999999994e+01 0.000000000000000000e+00
1.980000000000000000e+02 3.728849999999999998e+00 -1.732668999999999926e+01 0.000000000000000000e+00
1.990000000000000000e+02 4.942669999999999675e+00 -1.562021000000000015e+01 0.000000000000000000e+00
2.000000000000000000e+02 4.706579999999999764e+00 -1.205879999999999974e+01 0.000000000000000000e+00
2.010000000000000000e+02 5.639509999999999579e+00 -1.014940999999999960e+01 0.000000000000000000e+00
2.020000000000000000e+02 4.460659999999999847e+00 -8.361520000000000508e+00 0.000000000000000000e+00
2.030000000000000000e+02 5.412550000000000416e+00 -6.463599999999999568e+00 0.000000000000000000e+00
2.040000000000000000e+02 6.365660000000000096e+00 -4.524829999999999686e+00 0.000000000000000000e+00
2.050000000000000000e+02 5.144730000000000025e+00 -2.838000000000000078e+00 0.000000000000000000e+00
2.060000000000000000e+02 6.126369999999999649e+00 -8.817700000000000538e-01 0.000000000000000000e+00
2.070000000000000000e+02 6.903699999999999726e+00 1.064659999999999940e+00 0.000000000000000000e+00
2.080000000000000000e+02 5.697610000000000063e+00 2.759450000000000180e+00 0.000000000000000000e+00
2.090000000000000000e+02 6.573059999999999903e+00 4.644379999999999953e+00 0.000000000000000000e+00
2.100000000000000000e+02 5.335130000000000372e+00 6.346140000000000114e+00 0.000000000000000000e+00
2.110000000000000000e+02 6.372469999999999857e+00 8.391310000000000713e+00 0.000000000000000000e+00
2.120000000000000000e+02 6.017459999999999809e+00 1.197688999999999915e+01 0.000000000000000000e+00
2.130000000000000000e+02 4.796800000000000175e+00 1.369923999999999964e+01 0.000000000000000000e+00
2.140000000000000000e+02 3.556280000000000108e+00 1.535576000000000008e+01 0.000000000000000000e+00
2.150000000000000000e+02 3.239669999999999828e+00 1.904708000000000112e+01 0.000000000000000000e+00
2.160000000000000000e+02 7.071469999999999700e+00 -1.559576999999999991e+01 0.000000000000000000e+00
2.170000000000000000e+02 5.920079999999999565e+00 -1.378555000000000064e+01 0.000000000000000000e+00
2.180000000000000000e+02 6.794310000000000294e+00 -1.189287000000000027e+01 0.000000000000000000e+00
2.190000000000000000e+02 7.735459999999999781e+00 -1.000347000000000008e+01 0.000000000000000000e+00
2.200000000000000000e+02 6.587240000000000428e+00 -8.174770000000000536e+00 0.000000000000000000e+00
2.210000000000000000e+02 7.506140000000000256e+00 -6.269409999999999705e+00 0.000000000000000000e+00
2.220000000000000000e+02 8.459870000000000445e+00 -4.418440000000000367e+00 0.000000000000000000e+00
2.230000000000000000e+02 7.238039999999999807e+00 -2.653880000000000017e+00 0.000000000000000000e+00
2.240000000000000000e+02 8.228600000000000136e+00 -6.119799999999999685e-01 0.000000000000000000e+00
2.250000000000000000e+02 9.141890000000000072e+00 1.292300000000000004e+00 0.000000000000000000e+00
2.260000000000000000e+02 7.932870000000000310e+00 2.964010000000000034e+00 0.000000000000000000e+00
2.270000000000000000e+02 8.706830000000000069e+00 4.958999999999999631e+00 0.000000000000000000e+00
2.280000000000000000e+02 7.475159999999999805e+00 6.642999999999999794e+00 0.000000000000000000e+00
2.290000000000000000e+02 8.480959999999999610e+00 8.602090000000000458e+00 0.000000000000000000e+00
2.300000000000000000e+02 7.249900000000000233e+00 1.026125000000000043e+01 0.000000000000000000e+00
2.310000000000000000e+02 6.874810000000000088e+00 1.389398000000000089e+01 0.000000000000000000e+00
2.320000000000000000e+02 5.743159999999999599e+00 1.563524999999999920e+01 0.000000000000000000e+00
2.330000000000000000e+02 4.506140000000000256e+00 1.729774000000000100e+01 0.000000000000000000e+00
2.340000000000000000e+02 6.342139999999999667e+00 -1.753873000000000104e+01 0.000000000000000000e+00
2.350000000000000000e+02 8.008250000000000313e+00 -1.361727999999999916e+01 0.000000000000000000e+00
2.360000000000000000e+02 9.050319999999999254e+00 -1.180236000000000018e+01 0.000000000000000000e+00
2.370000000000000000e+02 9.813739999999999242e+00 -9.844079999999999941e+00 0.000000000000000000e+00
2.380000000000000000e+02 8.695990000000000109e+00 -8.074519999999999698e+00 0.000000000000000000e+00
2.390000000000000000e+02 9.606149999999999523e+00 -6.156039999999999957e+00 0.000000000000000000e+00
2.400000000000000000e+02 1.054443000000000019e+01 -4.088630000000000209e+00 0.000000000000000000e+00
2.410000000000000000e+02 9.316190000000000637e+00 -2.410210000000000186e+00 0.000000000000000000e+00
2.420000000000000000e+02 1.030410000000000004e+01 -5.058099999999999818e-01 0.000000000000000000e+00
2.430000000000000000e+02 1.124704000000000015e+01 1.378330000000000055e+00 0.000000000000000000e+00
2.440000000000000000e+02 1.008890000000000065e+01 3.188889999999999780e+00 0.000000000000000000e+00
2.450000000000000000e+02 1.084140999999999977e+01 5.108559999999999768e+00 0.000000000000000000e+00
2.460000000000000000e+02 9.647830000000000794e+00 6.845839999999999925e+00 0.000000000000000000e+00
2.470000000000000000e+02 1.065498000000000012e+01 8.791539999999999466e+00 0.000000000000000000e+00
2.480000000000000000e+02 9.339359999999999218e+00 1.051260000000000083e+01 0.000000000000000000e+00
2.490000000000000000e+02 8.105430000000000135e+00 1.217915999999999954e+01 0.000000000000000000e+00
2.500000000000000000e+02 7.980410000000000004e+00 1.576200000000000045e+01 0.000000000000000000e+00
2.510000000000000000e+02 6.735619999999999941e+00 1.760457999999999856e+01 0.000000000000000000e+00
2.520000000000000000e+02 8.464919999999999334e+00 -1.731797999999999860e+01 0.000000000000000000e+00
2.530000000000000000e+02 1.024610000000000021e+01 -1.354221000000000075e+01 0.000000000000000000e+00
2.540000000000000000e+02 1.109318999999999988e+01 -1.152069999999999972e+01 0.000000000000000000e+00
2.550000000000000000e+02 1.209090999999999916e+01 -9.605520000000000280e+00 0.000000000000000000e+00
2.560000000000000000e+02 1.080546000000000006e+01 -7.912139999999999951e+00 0.000000000000000000e+00
2.570000000000000000e+02 1.166135000000000055e+01 -5.870930000000000426e+00 0.000000000000000000e+00
2.580000000000000000e+02 1.263845000000000063e+01 -4.037499999999999645e+00 0.000000000000000000e+00
2.590000000000000000e+02 1.150719999999999921e+01 -2.229179999999999939e+00 0.000000000000000000e+00
2.600000000000000000e+02 1.235965000000000025e+01 -3.619299999999999740e-01 0.000000000000000000e+00
2.610000000000000000e+02 1.330499999999999972e+01 1.749249999999999972e+00 0.000000000000000000e+00
2.620000000000000000e+02 1.218052999999999919e+01 3.521300000000000097e+00 0.000000000000000000e+00
2.630000000000000000e+02 1.323855000000000004e+01 5.407939999999999969e+00 0.000000000000000000e+00
2.640000000000000000e+02 1.178603999999999985e+01 6.992849999999999788e+00 0.000000000000000000e+00
2.650000000000000000e+02 1.292913000000000068e+01 8.919579999999999842e+00 0.000000000000000000e+00
2.660000000000000000e+02 1.175328000000000017e+01 1.066277999999999970e+01 0.000000000000000000e+00
2.670000000000000000e+02 1.061036999999999964e+01 1.244354000000000049e+01 0.000000000000000000e+00
2.680000000000000000e+02 9.231740000000000279e+00 1.407356000000000051e+01 0.000000000000000000e+00
2.690000000000000000e+02 1.016053999999999924e+01 1.604926000000000030e+01 0.000000000000000000e+00
2.700000000000000000e+02 9.520260000000000389e+00 -1.548733999999999966e+01 0.000000000000000000e+00
2.710000000000000000e+02 1.241483999999999988e+01 -1.333616999999999919e+01 0.000000000000000000e+00
2.720000000000000000e+02 1.328940000000000055e+01 -1.139710000000000001e+01 0.000000000000000000e+00
2.730000000000000000e+02 1.418403999999999954e+01 -9.452600000000000335e+00 0.000000000000000000e+00
2.740000000000000000e+02 1.284970999999999997e+01 -7.568150000000000155e+00 0.000000000000000000e+00
2.750000000000000000e+02 1.390376999999999974e+01 -5.792690000000000339e+00 0.000000000000000000e+00
2.760000000000000000e+02 1.481419999999999959e+01 -3.874899999999999789e+00 0.000000000000000000e+00
2.770000000000000000e+02 1.366627000000000081e+01 -1.974199999999999955e+00 0.000000000000000000e+00
2.780000000000000000e+02 1.440074000000000076e+01 -1.791999999999999843e-02 0.000000000000000000e+00
2.790000000000000000e+02 1.538560000000000016e+01 1.808009999999999895e+00 0.000000000000000000e+00
2.800000000000000000e+02 1.429255999999999993e+01 3.584970000000000212e+00 0.000000000000000000e+00
2.810000000000000000e+02 1.552931000000000061e+01 5.392909999999999648e+00 0.000000000000000000e+00
2.820000000000000000e+02 1.770123999999999853e+01 5.464199999999999946e+00 0.000000000000000000e+00
2.830000000000000000e+02 1.437667000000000073e+01 7.179619999999999891e+00 0.000000000000000000e+00
2.840000000000000000e+02 1.514085000000000036e+01 9.261730000000000018e+00 0.000000000000000000e+00
2.850000000000000000e+02 1.404632999999999932e+01 1.105245000000000033e+01 0.000000000000000000e+00
2.860000000000000000e+02 1.279265999999999970e+01 1.283132999999999946e+01 0.000000000000000000e+00
2.870000000000000000e+02 1.160990999999999929e+01 1.453096999999999994e+01 0.000000000000000000e+00
2.880000000000000000e+02 1.453206999999999915e+01 -1.318612000000000073e+01 0.000000000000000000e+00
2.890000000000000000e+02 1.543186999999999998e+01 -1.122086999999999968e+01 0.000000000000000000e+00
2.900000000000000000e+02 1.681690000000000040e+01 -8.675349999999999895e+00 0.000000000000000000e+00
2.910000000000000000e+02 1.781607999999999947e+01 -6.730680000000000440e+00 0.000000000000000000e+00
2.920000000000000000e+02 1.508337000000000039e+01 -7.525879999999999903e+00 0.000000000000000000e+00
2.930000000000000000e+02 1.606678000000000139e+01 -5.604529999999999568e+00 0.000000000000000000e+00
2.940000000000000000e+02 1.695702999999999960e+01 -3.694479999999999986e+00 0.000000000000000000e+00
2.950000000000000000e+02 1.815308999999999884e+01 -1.583210000000000006e+00 0.000000000000000000e+00
2.960000000000000000e+02 1.583206000000000024e+01 -1.865830000000000100e+00 0.000000000000000000e+00
2.970000000000000000e+02 1.668337999999999965e+01 5.528999999999999887e-02 0.000000000000000000e+00
2.980000000000000000e+02 1.793589000000000055e+01 1.874139999999999917e+00 0.000000000000000000e+00
2.990000000000000000e+02 1.670011999999999830e+01 3.558279999999999887e+00 0.000000000000000000e+00
