0.000000000000000000e+00 -1.249906000000000006e+01 -1.571124999999999972e+01 0.000000000000000000e+00
1.000000000000000000e+00 -1.331348999999999982e+01 -1.378294999999999959e+01 0.000000000000000000e+00
2.000000000000000000e+00 -1.456216000000000044e+01 -1.205052000000000056e+01 0.000000000000000000e+00
3.000000000000000000e+00 -1.668721000000000032e+01 -8.261279999999999291e+00 0.000000000000000000e+00
4.000000000000000000e+00 -1.544904000000000011e+01 -1.001384999999999970e+01 0.000000000000000000e+00
5.000000000000000000e+00 -1.737658000000000058e+01 -6.238690000000000069e+00 0.000000000000000000e+00
6.000000000000000000e+00 -1.626039000000000101e+01 -4.308390000000000164e+00 0.000000000000000000e+00
7.000000000000000000e+00 -1.959976999999999947e+01 -2.116890000000000160e+00 0.000000000000000000e+00
8.000000000000000000e+00 -1.740981000000000023e+01 -2.524760000000000115e+00 0.000000000000000000e+00
9.000000000000000000e+00 -1.808662999999999954e+01 -4.186099999999999821e-01 0.000000000000000000e+00
1.000000000000000000e+01 -1.687614999999999910e+01 1.446620000000000017e+00 0.000000000000000000e+00
1.100000000000000000e+01 -1.906134000000000128e+01 1.893049999999999899e+00 0.000000000000000000e+00
1.200000000000000000e+01 -1.768177000000000021e+01 3.733830000000000204e+00 0.000000000000000000e+00
1.300000000000000000e+01 -1.783080999999999960e+01 6.623330000000000162e+00 0.000000000000000000e+00
1.400000000000000000e+01 -1.618115999999999843e+01 5.357730000000000103e+00 0.000000000000000000e+00
1.500000000000000000e+01 -1.614152999999999949e+01 7.834360000000000213e+00 0.000000000000000000e+00
1.600000000000000000e+01 -1.641223000000000098e+01 1.015483000000000047e+01 0.000000000000000000e+00
1.700000000000000000e+01 -1.491768000000000072e+01 1.169622999999999990e+01 0.000000000000000000e+00
1.800000000000000000e+01 -1.035867000000000004e+01 -1.567572000000000010e+01 0.000000000000000000e+00
1.900000000000000000e+01 -1.123038000000000025e+01 -1.380050999999999917e+01 0.000000000000000000e+00
2.000000000000000000e+01 -1.219088999999999956e+01 -1.194584000000000046e+01 0.000000000000000000e+00
2.100000000000000000e+01 -1.339104000000000028e+01 -1.023475000000000001e+01 0.000000000000000000e+00
2.200000000000000000e+01 -1.418994999999999962e+01 -8.186270000000000380e+00 0.000000000000000000e+00
2.300000000000000000e+01 -1.526680999999999955e+01 -6.260900000000000354e+00 0.000000000000000000e+00
2.400000000000000000e+01 -1.416366999999999976e+01 -4.440979999999999706e+00 0.000000000000000000e+00
2.500000000000000000e+01 -1.834629999999999939e+01 -4.347220000000000084e+00 0.000000000000000000e+00
2.600000000000000000e+01 -1.511973000000000056e+01 -2.578030000000000044e+00 0.000000000000000000e+00
2.700000000000000000e+01 -1.599602999999999930e+01 -5.421700000000000408e-01 0.000000000000000000e+00
2.800000000000000000e+01 -1.480489999999999995e+01 1.229109999999999925e+00 0.000000000000000000e+00
2.900000000000000000e+01 -1.560426999999999964e+01 3.250640000000000196e+00 0.000000000000000000e+00
3.000000000000000000e+01 -1.351085999999999920e+01 3.049430000000000085e+00 0.000000000000000000e+00
3.100000000000000000e+01 -1.408634999999999948e+01 5.103880000000000194e+00 0.000000000000000000e+00
3.200000000000000000e+01 -1.356589999999999918e+01 7.182179999999999787e+00 0.000000000000000000e+00
3.300000000000000000e+01 -1.443360999999999983e+01 9.113530000000000797e+00 0.000000000000000000e+00
3.400000000000000000e+01 -1.299266000000000076e+01 1.088026999999999944e+01 0.000000000000000000e+00
3.500000000000000000e+01 -1.325355000000000061e+01 1.314926999999999957e+01 0.000000000000000000e+00
3.600000000000000000e+01 -8.227280000000000371e+00 -1.580954999999999977e+01 0.000000000000000000e+00
3.700000000000000000e+01 -9.125569999999999737e+00 -1.382487000000000066e+01 0.000000000000000000e+00
3.800000000000000000e+01 -1.012495000000000012e+01 -1.200500000000000078e+01 0.000000000000000000e+00
3.900000000000000000e+01 -1.121860999999999997e+01 -1.008055000000000057e+01 0.000000000000000000e+00
4.000000000000000000e+01 -1.210758000000000045e+01 -8.144420000000000215e+00 0.000000000000000000e+00
4.100000000000000000e+01 -1.319683000000000028e+01 -6.352570000000000050e+00 0.000000000000000000e+00
4.200000000000000000e+01 -1.198311999999999955e+01 -4.595600000000000129e+00 0.000000000000000000e+00
4.300000000000000000e+01 -1.298410999999999937e+01 -2.603390000000000093e+00 0.000000000000000000e+00
4.400000000000000000e+01 -1.169877999999999929e+01 -8.886100000000000110e-01 0.000000000000000000e+00
4.500000000000000000e+01 -1.384938999999999965e+01 -6.683299999999999796e-01 0.000000000000000000e+00
4.600000000000000000e+01 -1.262119000000000035e+01 1.181480000000000086e+00 0.000000000000000000e+00
4.700000000000000000e+01 -1.141483999999999988e+01 2.855259999999999909e+00 0.000000000000000000e+00
4.800000000000000000e+01 -1.203219999999999956e+01 4.863749999999999574e+00 0.000000000000000000e+00
4.900000000000000000e+01 -1.153857999999999961e+01 6.885729999999999684e+00 0.000000000000000000e+00
5.000000000000000000e+01 -1.235330000000000084e+01 8.884270000000000778e+00 0.000000000000000000e+00
5.100000000000000000e+01 -1.044398999999999944e+01 9.721109999999999474e+00 0.000000000000000000e+00
5.200000000000000000e+01 -1.123826999999999998e+01 1.197686000000000028e+01 0.000000000000000000e+00
5.300000000000000000e+01 -1.144311000000000078e+01 1.412974999999999959e+01 0.000000000000000000e+00
5.400000000000000000e+01 -7.093359999999999665e+00 -1.804000999999999877e+01 0.000000000000000000e+00
5.500000000000000000e+01 -7.070090000000000430e+00 -1.400328000000000017e+01 0.000000000000000000e+00
5.600000000000000000e+01 -7.982809999999999739e+00 -1.202589000000000041e+01 0.000000000000000000e+00
5.700000000000000000e+01 -8.951869999999999550e+00 -1.019800000000000040e+01 0.000000000000000000e+00
5.800000000000000000e+01 -1.000600999999999985e+01 -8.374320000000000874e+00 0.000000000000000000e+00
5.900000000000000000e+01 -1.084422999999999959e+01 -6.449220000000000397e+00 0.000000000000000000e+00
6.000000000000000000e+01 -9.791399999999999437e+00 -4.650299999999999656e+00 0.000000000000000000e+00
6.100000000000000000e+01 -1.076293000000000077e+01 -2.828180000000000138e+00 0.000000000000000000e+00
6.200000000000000000e+01 -9.573869999999999436e+00 -1.082989999999999897e+00 0.000000000000000000e+00
6.300000000000000000e+01 -1.054800000000000004e+01 9.019899999999999585e-01 0.000000000000000000e+00
6.400000000000000000e+01 -8.320489999999999498e+00 7.467599999999999794e-01 0.000000000000000000e+00
6.500000000000000000e+01 -9.363709999999999312e+00 2.663559999999999928e+00 0.000000000000000000e+00
6.600000000000000000e+01 -9.601020000000000110e+00 7.616220000000000212e+00 0.000000000000000000e+00
6.700000000000000000e+01 -6.114740000000000286e+00 7.850240000000000329e+00 0.000000000000000000e+00
6.800000000000000000e+01 -7.936329999999999885e+00 8.832720000000000127e+00 0.000000000000000000e+00
6.900000000000000000e+01 -8.815030000000000143e+00 1.100552000000000064e+01 0.000000000000000000e+00
7.000000000000000000e+01 -9.580550000000000566e+00 1.322791999999999923e+01 0.000000000000000000e+00
7.100000000000000000e+01 -8.566560000000000841e+00 1.511448999999999998e+01 0.000000000000000000e+00
7.200000000000000000e+01 -3.525710000000000122e+00 -1.812412000000000134e+01 0.000000000000000000e+00
7.300000000000000000e+01 -6.157280000000000086e+00 -1.589869999999999983e+01 0.000000000000000000e+00
7.400000000000000000e+01 -5.930410000000000181e+00 -1.215991000000000000e+01 0.000000000000000000e+00
7.500000000000000000e+01 -6.848930000000000184e+00 -1.028003999999999962e+01 0.000000000000000000e+00
7.600000000000000000e+01 -7.793379999999999974e+00 -8.449230000000000018e+00 0.000000000000000000e+00
7.700000000000000000e+01 -8.766540000000000887e+00 -6.507640000000000313e+00 0.000000000000000000e+00
7.800000000000000000e+01 -7.649009999999999643e+00 -4.763670000000000293e+00 0.000000000000000000e+00
7.900000000000000000e+01 -8.615790000000000504e+00 -2.920040000000000191e+00 0.000000000000000000e+00
8.000000000000000000e+01 -7.429000000000000270e+00 -1.159990000000000077e+00 0.000000000000000000e+00
8.100000000000000000e+01 -6.204819999999999780e+00 6.410500000000000087e-01 0.000000000000000000e+00
8.200000000000000000e+01 -7.275380000000000180e+00 2.528509999999999813e+00 0.000000000000000000e+00
8.300000000000000000e+01 -8.230109999999999815e+00 4.408710000000000129e+00 0.000000000000000000e+00
8.400000000000000000e+01 -9.920799999999999841e+00 5.577670000000000350e+00 0.000000000000000000e+00
8.500000000000000000e+01 -3.661119999999999930e+00 1.139123999999999981e+01 0.000000000000000000e+00
8.600000000000000000e+01 -6.759549999999999947e+00 1.069561999999999991e+01 0.000000000000000000e+00
8.700000000000000000e+01 -7.343289999999999651e+00 1.281700999999999979e+01 0.000000000000000000e+00
8.800000000000000000e+01 -6.513939999999999841e+00 1.473485999999999940e+01 0.000000000000000000e+00
8.900000000000000000e+01 -7.552999999999999936e+00 1.697547000000000139e+01 0.000000000000000000e+00
9.000000000000000000e+01 1.314060000000000006e+00 -1.832103999999999999e+01 0.000000000000000000e+00
9.100000000000000000e+01 -4.080630000000000202e+00 -1.604560000000000031e+01 0.000000000000000000e+00
9.200000000000000000e+01 -4.906360000000000277e+00 -1.411327999999999960e+01 0.000000000000000000e+00
9.300000000000000000e+01 -4.765049999999999564e+00 -1.039425999999999917e+01 0.000000000000000000e+00
9.400000000000000000e+01 -5.676599999999999646e+00 -8.531679999999999708e+00 0.000000000000000000e+00
9.500000000000000000e+01 -6.706030000000000157e+00 -6.661100000000000243e+00 0.000000000000000000e+00
9.600000000000000000e+01 -5.576730000000000409e+00 -4.906250000000000000e+00 0.000000000000000000e+00
9.700000000000000000e+01 -6.408870000000000289e+00 -2.968999999999999861e+00 0.000000000000000000e+00
9.800000000000000000e+01 -5.268950000000000244e+00 -1.223260000000000014e+00 0.000000000000000000e+00
9.900000000000000000e+01 -4.138569999999999638e+00 5.207800000000000207e-01 0.000000000000000000e+00
1.000000000000000000e+02 -5.218720000000000248e+00 2.458899999999999864e+00 0.000000000000000000e+00
1.010000000000000000e+02 -4.973340000000000316e+00 6.043969999999999843e+00 0.000000000000000000e+00
1.020000000000000000e+02 -7.663299999999999557e+00 6.474330000000000140e+00 0.000000000000000000e+00
1.030000000000000000e+02 -4.937409999999999854e+00 9.628360000000000696e+00 0.000000000000000000e+00
1.040000000000000000e+02 -5.176129999999999676e+00 1.282184999999999953e+01 0.000000000000000000e+00
1.050000000000000000e+02 -4.035180000000000433e+00 1.477258999999999922e+01 0.000000000000000000e+00
1.060000000000000000e+02 -5.284130000000000216e+00 1.642477999999999838e+01 0.000000000000000000e+00
1.070000000000000000e+02 -4.353539999999999743e+00 1.828622999999999976e+01 0.000000000000000000e+00
1.080000000000000000e+02 -1.377899999999999903e+00 -1.818222000000000094e+01 0.000000000000000000e+00
1.090000000000000000e+02 -2.847900000000000098e+00 -1.427382000000000062e+01 0.000000000000000000e+00
1.100000000000000000e+02 -3.841839999999999922e+00 -1.233544999999999980e+01 0.000000000000000000e+00
1.110000000000000000e+02 -2.697919999999999874e+00 -1.051008999999999993e+01 0.000000000000000000e+00
1.120000000000000000e+02 -3.603380000000000027e+00 -8.654540000000000788e+00 0.000000000000000000e+00
1.130000000000000000e+02 -4.572180000000000355e+00 -6.775199999999999889e+00 0.000000000000000000e+00
1.140000000000000000e+02 -3.364440000000000097e+00 -4.990179999999999616e+00 0.000000000000000000e+00
1.150000000000000000e+02 -4.330269999999999619e+00 -3.153999999999999915e+00 0.000000000000000000e+00
1.160000000000000000e+02 -3.052569999999999784e+00 2.330560000000000187e+00 0.000000000000000000e+00
1.170000000000000000e+02 -4.042049999999999699e+00 4.213079999999999714e+00 0.000000000000000000e+00
1.180000000000000000e+02 -6.156880000000000130e+00 4.356729999999999769e+00 0.000000000000000000e+00
1.190000000000000000e+02 -2.915070000000000050e+00 5.951039999999999885e+00 0.000000000000000000e+00
1.200000000000000000e+02 -3.805839999999999890e+00 7.801879999999999704e+00 0.000000000000000000e+00
1.210000000000000000e+02 -2.677430000000000199e+00 9.554410000000000736e+00 0.000000000000000000e+00
1.220000000000000000e+02 -2.586479999999999890e+00 1.316480999999999923e+01 0.000000000000000000e+00
1.230000000000000000e+02 -1.558079999999999909e+00 1.495734000000000030e+01 0.000000000000000000e+00
1.240000000000000000e+02 -2.992080000000000073e+00 1.666203000000000145e+01 0.000000000000000000e+00
1.250000000000000000e+02 -1.923110000000000097e+00 1.844271000000000171e+01 0.000000000000000000e+00
1.260000000000000000e+02 3.798329999999999984e+00 -1.846208000000000027e+01 0.000000000000000000e+00
1.270000000000000000e+02 -2.005609999999999893e+00 -1.620811000000000135e+01 0.000000000000000000e+00
1.280000000000000000e+02 -1.765390000000000015e+00 -1.241258000000000017e+01 0.000000000000000000e+00
1.290000000000000000e+02 -1.532359999999999944e+00 -8.777120000000000033e+00 0.000000000000000000e+00
1.300000000000000000e+02 -2.439290000000000180e+00 -6.910809999999999675e+00 0.000000000000000000e+00
1.310000000000000000e+02 -1.187259999999999982e+00 -5.082010000000000360e+00 0.000000000000000000e+00
1.320000000000000000e+02 -2.208639999999999937e+00 -3.171879999999999811e+00 0.000000000000000000e+00
1.330000000000000000e+02 -3.190809999999999924e+00 -1.327919999999999989e+00 0.000000000000000000e+00
1.340000000000000000e+02 -2.073900000000000077e+00 4.035000000000000253e-01 0.000000000000000000e+00
1.350000000000000000e+02 -9.716200000000000392e-01 2.182300000000000129e+00 0.000000000000000000e+00
1.360000000000000000e+02 -1.965729999999999977e+00 4.110610000000000319e+00 0.000000000000000000e+00
1.370000000000000000e+02 -7.734199999999999964e-01 5.793859999999999566e+00 0.000000000000000000e+00
1.380000000000000000e+02 -1.676479999999999970e+00 7.684599999999999653e+00 0.000000000000000000e+00
1.390000000000000000e+02 -1.548089999999999966e+00 1.130020000000000024e+01 0.000000000000000000e+00
1.400000000000000000e+02 -4.698200000000000154e-01 1.309525000000000006e+01 0.000000000000000000e+00
1.410000000000000000e+02 5.502599999999999714e-01 1.491272000000000020e+01 0.000000000000000000e+00
1.420000000000000000e+02 -6.294899999999999940e-01 1.682704000000000022e+01 0.000000000000000000e+00
1.430000000000000000e+02 3.885399999999999965e-01 1.864667999999999992e+01 0.000000000000000000e+00
1.440000000000000000e+02 9.647999999999999632e-02 -1.656481000000000137e+01 0.000000000000000000e+00
1.450000000000000000e+02 -7.094799999999999995e-01 -1.421238999999999919e+01 0.000000000000000000e+00
1.460000000000000000e+02 3.952399999999999802e-01 -1.245787999999999940e+01 0.000000000000000000e+00
1.470000000000000000e+02 -5.081799999999999651e-01 -1.059619999999999962e+01 0.000000000000000000e+00
1.480000000000000000e+02 -3.245000000000000107e-01 -6.951830000000000176e+00 0.000000000000000000e+00
1.490000000000000000e+02 8.656000000000000361e-01 -5.264879999999999782e+00 0.000000000000000000e+00
1.500000000000000000e+02 -6.275000000000000022e-02 -3.266049999999999898e+00 0.000000000000000000e+00
1.510000000000000000e+02 -1.090440000000000076e+00 -1.419089999999999963e+00 0.000000000000000000e+00
1.520000000000000000e+02 1.352000000000000077e-02 3.279500000000000193e-01 0.000000000000000000e+00
1.530000000000000000e+02 1.165059999999999985e+00 2.084529999999999994e+00 0.000000000000000000e+00
1.540000000000000000e+02 1.843299999999999939e-01 3.937489999999999934e+00 0.000000000000000000e+00
1.550000000000000000e+02 1.330440000000000067e+00 5.677380000000000315e+00 0.000000000000000000e+00
1.560000000000000000e+02 4.062299999999999800e-01 7.642789999999999750e+00 0.000000000000000000e+00
1.570000000000000000e+02 -5.978400000000000380e-01 9.465279999999999916e+00 0.000000000000000000e+00
1.580000000000000000e+02 5.146699999999999608e-01 1.120139999999999958e+01 0.000000000000000000e+00
1.590000000000000000e+02 1.637720000000000065e+00 1.305298999999999943e+01 0.000000000000000000e+00
1.600000000000000000e+02 1.503379999999999939e+00 1.674586000000000041e+01 0.000000000000000000e+00
1.610000000000000000e+02 2.864189999999999792e+00 1.846464999999999890e+01 0.000000000000000000e+00
1.620000000000000000e+02 2.264780000000000015e+00 -1.644648000000000110e+01 0.000000000000000000e+00
1.630000000000000000e+02 1.344629999999999992e+00 -1.448174999999999990e+01 0.000000000000000000e+00
1.640000000000000000e+02 1.566389999999999949e+00 -1.073423000000000016e+01 0.000000000000000000e+00
1.650000000000000000e+02 6.316100000000000048e-01 -8.851919999999999789e+00 0.000000000000000000e+00
1.660000000000000000e+02 1.827800000000000091e+00 -7.139039999999999608e+00 0.000000000000000000e+00
1.670000000000000000e+02 2.942349999999999799e+00 -5.313509999999999955e+00 0.000000000000000000e+00
1.680000000000000000e+02 2.005339999999999900e+00 -3.429930000000000145e+00 0.000000000000000000e+00
1.690000000000000000e+02 1.030540000000000012e+00 -1.491730000000000000e+00 0.000000000000000000e+00
1.700000000000000000e+02 2.196270000000000167e+00 2.818599999999999994e-01 0.000000000000000000e+00
1.710000000000000000e+02 3.375550000000000050e+00 2.070310000000000095e+00 0.000000000000000000e+00
1.720000000000000000e+02 2.299770000000000092e+00 3.844440000000000079e+00 0.000000000000000000e+00
1.730000000000000000e+02 3.454649999999999999e+00 5.729940000000000033e+00 0.000000000000000000e+00
1.740000000000000000e+02 2.508750000000000036e+00 7.580359999999999765e+00 0.000000000000000000e+00
1.750000000000000000e+02 1.514999999999999902e+00 9.379860000000000753e+00 0.000000000000000000e+00
1.760000000000000000e+02 2.699160000000000004e+00 1.123318000000000083e+01 0.000000000000000000e+00
1.770000000000000000e+02 2.744629999999999903e+00 1.482774000000000036e+01 0.000000000000000000e+00
1.780000000000000000e+02 3.941139999999999866e+00 1.665491000000000099e+01 0.000000000000000000e+00
1.790000000000000000e+02 -3.393920000000000048e+00 2.010353999999999886e+01 0.000000000000000000e+00
1.800000000000000000e+02 4.489600000000000257e+00 -1.646436999999999884e+01 0.000000000000000000e+00
1.810000000000000000e+02 2.480140000000000011e+00 -1.272536999999999985e+01 0.000000000000000000e+00
1.820000000000000000e+02 3.618850000000000122e+00 -1.093641000000000041e+01 0.000000000000000000e+00
1.830000000000000000e+02 2.801239999999999952e+00 -8.985900000000000887e+00 0.000000000000000000e+00
1.840000000000000000e+02 3.908160000000000078e+00 -7.202609999999999957e+00 0.000000000000000000e+00
1.850000000000000000e+02 5.082539999999999836e+00 -5.424330000000000318e+00 0.000000000000000000e+00
1.860000000000000000e+02 4.139630000000000365e+00 -3.522260000000000169e+00 0.000000000000000000e+00
1.870000000000000000e+02 3.088929999999999954e+00 -1.609380000000000033e+00 0.000000000000000000e+00
1.880000000000000000e+02 4.290540000000000020e+00 1.164700000000000041e-01 0.000000000000000000e+00
1.890000000000000000e+02 4.421929999999999694e+00 3.872250000000000192e+00 0.000000000000000000e+00
1.900000000000000000e+02 5.600229999999999819e+00 5.581249999999999822e+00 0.000000000000000000e+00
1.910000000000000000e+02 4.622410000000000352e+00 7.481379999999999697e+00 0.000000000000000000e+00
1.920000000000000000e+02 3.623219999999999885e+00 9.374489999999999768e+00 0.000000000000000000e+00
1.930000000000000000e+02 4.757810000000000095e+00 1.114151000000000025e+01 0.000000000000000000e+00
1.940000000000000000e+02 3.806589999999999918e+00 1.298873999999999995e+01 0.000000000000000000e+00
1.950000000000000000e+02 4.843210000000000015e+00 1.479514999999999958e+01 0.000000000000000000e+00
1.960000000000000000e+02 4.985960000000000392e+00 1.848751999999999995e+01 0.000000000000000000e+00
1.970000000000000000e+02 -9.287300000000000555e-01 2.030958000000000041e+01 0.000000000000000000e+00
1.980000000000000000e+02 3.476150000000000073e+00 -1.465015999999999963e+01 0.000000000000000000e+00
1.990000000000000000e+02 4.578090000000000437e+00 -1.277693999999999974e+01 0.000000000000000000e+00
2.000000000000000000e+02 5.747910000000000075e+00 -1.101179999999999914e+01 0.000000000000000000e+00
2.010000000000000000e+02 4.888340000000000352e+00 -9.038059999999999761e+00 0.000000000000000000e+00
2.020000000000000000e+02 6.026580000000000048e+00 -7.270629999999999704e+00 0.000000000000000000e+00
2.030000000000000000e+02 7.150019999999999598e+00 -5.497049999999999770e+00 0.000000000000000000e+00
2.040000000000000000e+02 6.190369999999999706e+00 -3.646199999999999886e+00 0.000000000000000000e+00
2.050000000000000000e+02 5.286480000000000068e+00 -1.759640000000000093e+00 0.000000000000000000e+00
2.060000000000000000e+02 6.417430000000000412e+00 1.052700000000000025e-01 0.000000000000000000e+00
2.070000000000000000e+02 5.471829999999999750e+00 1.968259999999999899e+00 0.000000000000000000e+00
2.080000000000000000e+02 6.548000000000000043e+00 3.750989999999999824e+00 0.000000000000000000e+00
2.090000000000000000e+02 6.675670000000000215e+00 7.345180000000000042e+00 0.000000000000000000e+00
2.100000000000000000e+02 5.707910000000000039e+00 9.237610000000000099e+00 0.000000000000000000e+00
2.110000000000000000e+02 6.863400000000000389e+00 1.105298999999999943e+01 0.000000000000000000e+00
2.120000000000000000e+02 5.979079999999999728e+00 1.302755999999999936e+01 0.000000000000000000e+00
2.130000000000000000e+02 7.079729999999999634e+00 1.476703000000000010e+01 0.000000000000000000e+00
2.140000000000000000e+02 6.017570000000000086e+00 1.656055999999999884e+01 0.000000000000000000e+00
2.150000000000000000e+02 3.849359999999999893e+00 2.027968999999999866e+01 0.000000000000000000e+00
2.160000000000000000e+02 5.643570000000000420e+00 -1.469448000000000043e+01 0.000000000000000000e+00
2.170000000000000000e+02 6.638399999999999856e+00 -1.288214999999999932e+01 0.000000000000000000e+00
2.180000000000000000e+02 7.906670000000000087e+00 -1.102022999999999975e+01 0.000000000000000000e+00
2.190000000000000000e+02 6.967570000000000263e+00 -9.144180000000000419e+00 0.000000000000000000e+00
2.200000000000000000e+02 8.116049999999999542e+00 -7.385650000000000048e+00 0.000000000000000000e+00
2.210000000000000000e+02 9.324690000000000367e+00 -5.634870000000000267e+00 0.000000000000000000e+00
2.220000000000000000e+02 8.370469999999999189e+00 -3.811830000000000052e+00 0.000000000000000000e+00
2.230000000000000000e+02 7.393749999999999822e+00 -1.930770000000000097e+00 0.000000000000000000e+00
2.240000000000000000e+02 8.498310000000000031e+00 -4.873999999999999860e-02 0.000000000000000000e+00
2.250000000000000000e+02 7.548289999999999722e+00 1.821970000000000089e+00 0.000000000000000000e+00
2.260000000000000000e+02 8.629739999999999966e+00 3.582669999999999799e+00 0.000000000000000000e+00
2.270000000000000000e+02 7.695159999999999556e+00 5.558060000000000223e+00 0.000000000000000000e+00
2.280000000000000000e+02 8.860319999999999752e+00 7.280450000000000088e+00 0.000000000000000000e+00
2.290000000000000000e+02 7.775929999999999787e+00 9.114430000000000476e+00 0.000000000000000000e+00
2.300000000000000000e+02 8.066079999999999472e+00 1.287252999999999936e+01 0.000000000000000000e+00
2.310000000000000000e+02 9.251459999999999795e+00 1.466065000000000040e+01 0.000000000000000000e+00
2.320000000000000000e+02 8.213029999999999831e+00 1.651272000000000162e+01 0.000000000000000000e+00
2.330000000000000000e+02 7.412819999999999965e+00 1.841149000000000058e+01 0.000000000000000000e+00
2.340000000000000000e+02 6.624640000000000306e+00 -1.659844000000000008e+01 0.000000000000000000e+00
2.350000000000000000e+02 7.743000000000000327e+00 -1.481727000000000061e+01 0.000000000000000000e+00
2.360000000000000000e+02 8.842909999999999826e+00 -1.291785999999999923e+01 0.000000000000000000e+00
2.370000000000000000e+02 9.033770000000000522e+00 -9.267099999999999227e+00 0.000000000000000000e+00
2.380000000000000000e+02 1.028579000000000043e+01 -7.475509999999999877e+00 0.000000000000000000e+00
2.390000000000000000e+02 1.141521999999999970e+01 -5.730559999999999654e+00 0.000000000000000000e+00
2.400000000000000000e+02 1.049746999999999986e+01 -3.821989999999999998e+00 0.000000000000000000e+00
2.410000000000000000e+02 9.470510000000000872e+00 -1.945089999999999986e+00 0.000000000000000000e+00
2.420000000000000000e+02 1.060699999999999932e+01 -1.432400000000000062e-01 0.000000000000000000e+00
2.430000000000000000e+02 9.682140000000000413e+00 1.727649999999999908e+00 0.000000000000000000e+00
2.440000000000000000e+02 1.074599000000000082e+01 3.557939999999999880e+00 0.000000000000000000e+00
2.450000000000000000e+02 9.777919999999999945e+00 5.413949999999999818e+00 0.000000000000000000e+00
2.460000000000000000e+02 1.093138000000000076e+01 7.158400000000000318e+00 0.000000000000000000e+00
2.470000000000000000e+02 9.832440000000000069e+00 9.136039999999999495e+00 0.000000000000000000e+00
2.480000000000000000e+02 8.992330000000000823e+00 1.102917000000000058e+01 0.000000000000000000e+00
2.490000000000000000e+02 1.015854999999999997e+01 1.278997000000000028e+01 0.000000000000000000e+00
2.500000000000000000e+02 1.132606000000000002e+01 1.461078999999999972e+01 0.000000000000000000e+00
2.510000000000000000e+02 1.039034000000000013e+01 1.671672999999999831e+01 0.000000000000000000e+00
2.520000000000000000e+02 7.265909999999999869e+00 -1.860774999999999935e+01 0.000000000000000000e+00
2.530000000000000000e+02 9.880520000000000636e+00 -1.476637000000000022e+01 0.000000000000000000e+00
2.540000000000000000e+02 1.000493999999999950e+01 -1.116680000000000028e+01 0.000000000000000000e+00
2.550000000000000000e+02 1.113527999999999984e+01 -9.421310000000000073e+00 0.000000000000000000e+00
2.560000000000000000e+02 1.236467000000000027e+01 -7.638029999999999653e+00 0.000000000000000000e+00
2.570000000000000000e+02 1.355148999999999937e+01 -5.906920000000000393e+00 0.000000000000000000e+00
2.580000000000000000e+02 1.262204000000000015e+01 -3.968890000000000029e+00 0.000000000000000000e+00
2.590000000000000000e+02 1.153908000000000023e+01 -2.036470000000000002e+00 0.000000000000000000e+00
2.600000000000000000e+02 1.268408999999999942e+01 -2.393200000000000049e-01 0.000000000000000000e+00
2.610000000000000000e+02 1.173305000000000042e+01 1.661710000000000020e+00 0.000000000000000000e+00
2.620000000000000000e+02 1.291891000000000034e+01 3.402299999999999880e+00 0.000000000000000000e+00
2.630000000000000000e+02 1.402346999999999966e+01 5.151229999999999976e+00 0.000000000000000000e+00
2.640000000000000000e+02 1.187405000000000044e+01 5.310430000000000206e+00 0.000000000000000000e+00
2.650000000000000000e+02 1.195320000000000071e+01 8.962659999999999627e+00 0.000000000000000000e+00
2.660000000000000000e+02 1.111382000000000048e+01 1.086302000000000056e+01 0.000000000000000000e+00
2.670000000000000000e+02 1.437707999999999942e+01 8.814949999999999619e+00 0.000000000000000000e+00
2.680000000000000000e+02 1.340104999999999968e+01 1.061936999999999998e+01 0.000000000000000000e+00
2.690000000000000000e+02 1.240135000000000076e+01 1.273555999999999955e+01 0.000000000000000000e+00
2.700000000000000000e+02 8.922309999999999519e+00 -1.662479000000000084e+01 0.000000000000000000e+00
2.710000000000000000e+02 1.113072000000000017e+01 -1.309933999999999976e+01 0.000000000000000000e+00
2.720000000000000000e+02 1.230303999999999931e+01 -1.138377000000000017e+01 0.000000000000000000e+00
2.730000000000000000e+02 1.324624000000000024e+01 -9.527079999999999771e+00 0.000000000000000000e+00
2.740000000000000000e+02 1.445745999999999931e+01 -7.855400000000000382e+00 0.000000000000000000e+00
2.750000000000000000e+02 1.568698999999999977e+01 -5.883090000000000153e+00 0.000000000000000000e+00
2.760000000000000000e+02 1.468290999999999968e+01 -3.984410000000000007e+00 0.000000000000000000e+00
2.770000000000000000e+02 1.361883000000000088e+01 -2.150329999999999853e+00 0.000000000000000000e+00
2.780000000000000000e+02 1.475249999999999950e+01 -3.679399999999999893e-01 0.000000000000000000e+00
2.790000000000000000e+02 1.386452000000000062e+01 1.492050000000000098e+00 0.000000000000000000e+00
2.800000000000000000e+02 1.500797999999999988e+01 3.275180000000000202e+00 0.000000000000000000e+00
2.810000000000000000e+02 1.748714000000000013e+01 3.166710000000000136e+00 0.000000000000000000e+00
2.820000000000000000e+02 1.313795999999999964e+01 7.038969999999999949e+00 0.000000000000000000e+00
2.830000000000000000e+02 1.625112999999999985e+01 4.943100000000000271e+00 0.000000000000000000e+00
2.840000000000000000e+02 1.530416999999999916e+01 6.886820000000000164e+00 0.000000000000000000e+00
2.850000000000000000e+02 1.840757999999999939e+01 5.213650000000000340e+00 0.000000000000000000e+00
2.860000000000000000e+02 1.695695999999999870e+01 8.251440000000000552e+00 0.000000000000000000e+00
2.870000000000000000e+02 1.576721000000000039e+01 1.042980000000000018e+01 0.000000000000000000e+00
2.880000000000000000e+02 1.204133000000000031e+01 -1.507202999999999982e+01 0.000000000000000000e+00
2.890000000000000000e+02 1.318496000000000024e+01 -1.323546999999999940e+01 0.000000000000000000e+00
2.900000000000000000e+02 1.436753999999999998e+01 -1.155508999999999986e+01 0.000000000000000000e+00
2.910000000000000000e+02 1.568801000000000023e+01 -9.885030000000000427e+00 0.000000000000000000e+00
2.920000000000000000e+02 1.656766999999999967e+01 -7.997790000000000177e+00 0.000000000000000000e+00
2.930000000000000000e+02 1.679578000000000060e+01 -4.121509999999999785e+00 0.000000000000000000e+00
2.940000000000000000e+02 1.778042999999999907e+01 -6.189560000000000173e+00 0.000000000000000000e+00
2.950000000000000000e+02 1.581194999999999951e+01 -2.189150000000000151e+00 0.000000000000000000e+00
2.960000000000000000e+02 1.832687999999999917e+01 -2.524919999999999831e+00 0.000000000000000000e+00
2.970000000000000000e+02 1.712659000000000020e+01 -4.991599999999999926e-01 0.000000000000000000e+00
2.980000000000000000e+02 1.605027000000000115e+01 1.279330000000000078e+00 0.000000000000000000e+00
2.990000000000000000e+02 1.855500999999999934e+01 1.334160000000000013e+00 0.000000000000000000e+00
