0.000000000000000000e+00 -1.409552000000000049e+01 -1.346502000000000088e+01 0.000000000000000000e+00
1.000000000000000000e+00 -1.508314999999999984e+01 -1.163415999999999961e+01 0.000000000000000000e+00
2.000000000000000000e+00 -1.626493999999999929e+01 -9.894660000000000011e+00 0.000000000000000000e+00
3.000000000000000000e+00 -1.727640999999999849e+01 -7.910260000000000069e+00 0.000000000000000000e+00
4.000000000000000000e+00 -1.818429000000000073e+01 -5.928200000000000358e+00 0.000000000000000000e+00
5.000000000000000000e+00 -1.959131999999999962e+01 -3.130180000000000184e+00 0.000000000000000000e+00
6.000000000000000000e+00 -1.671163999999999916e+01 -3.997529999999999806e+00 0.000000000000000000e+00
7.000000000000000000e+00 -1.774030000000000129e+01 -2.139889999999999848e+00 0.000000000000000000e+00
8.000000000000000000e+00 -1.653574000000000055e+01 -3.764000000000000123e-01 0.000000000000000000e+00
9.000000000000000000e+00 -1.897416000000000125e+01 -2.874099999999999988e-01 0.000000000000000000e+00
1.000000000000000000e+01 -1.771662999999999855e+01 1.455400000000000027e+00 0.000000000000000000e+00
1.100000000000000000e+01 -1.717551999999999879e+01 5.196790000000000020e+00 0.000000000000000000e+00
1.200000000000000000e+01 -1.581146999999999991e+01 7.161200000000000010e+00 0.000000000000000000e+00
1.300000000000000000e+01 -1.810335999999999856e+01 7.393099999999999561e+00 0.000000000000000000e+00
1.400000000000000000e+01 -1.686452999999999847e+01 9.077310000000000656e+00 0.000000000000000000e+00
1.500000000000000000e+01 -1.576246000000000080e+01 1.087604999999999933e+01 0.000000000000000000e+00
1.600000000000000000e+01 -1.447729999999999961e+01 1.248905000000000065e+01 0.000000000000000000e+00
1.700000000000000000e+01 -1.340672999999999959e+01 1.429603000000000002e+01 0.000000000000000000e+00
1.800000000000000000e+01 -1.321363999999999983e+01 -1.534473000000000020e+01 0.000000000000000000e+00
1.900000000000000000e+01 -1.197606000000000037e+01 -1.353046999999999933e+01 0.000000000000000000e+00
2.000000000000000000e+01 -1.289476999999999940e+01 -1.161378999999999984e+01 0.000000000000000000e+00
2.100000000000000000e+01 -1.391854000000000013e+01 -9.827339999999999520e+00 0.000000000000000000e+00
2.200000000000000000e+01 -1.519940000000000069e+01 -7.971879999999999633e+00 0.000000000000000000e+00
2.300000000000000000e+01 -1.605721000000000132e+01 -6.030199999999999783e+00 0.000000000000000000e+00
2.400000000000000000e+01 -1.462914999999999921e+01 -4.213020000000000209e+00 0.000000000000000000e+00
2.500000000000000000e+01 -1.554776999999999987e+01 -2.244330000000000158e+00 0.000000000000000000e+00
2.600000000000000000e+01 -1.439990000000000059e+01 -4.898100000000000231e-01 0.000000000000000000e+00
2.700000000000000000e+01 -1.531423000000000023e+01 1.429419999999999913e+00 0.000000000000000000e+00
2.800000000000000000e+01 -1.618211000000000155e+01 3.337779999999999969e+00 0.000000000000000000e+00
2.900000000000000000e+01 -1.501205999999999996e+01 5.178219999999999601e+00 0.000000000000000000e+00
3.000000000000000000e+01 -1.370383999999999958e+01 6.838210000000000122e+00 0.000000000000000000e+00
3.100000000000000000e+01 -1.261391000000000062e+01 8.640719999999999956e+00 0.000000000000000000e+00
3.200000000000000000e+01 -1.475308000000000064e+01 9.016529999999999490e+00 0.000000000000000000e+00
3.300000000000000000e+01 -1.340207000000000015e+01 1.057199999999999918e+01 0.000000000000000000e+00
3.400000000000000000e+01 -1.240719999999999956e+01 1.237058000000000035e+01 0.000000000000000000e+00
3.500000000000000000e+01 -1.250792000000000037e+01 1.621208000000000027e+01 0.000000000000000000e+00
3.600000000000000000e+01 -1.015440000000000076e+01 -1.735620000000000118e+01 0.000000000000000000e+00
3.700000000000000000e+01 -1.106099000000000032e+01 -1.544915999999999912e+01 0.000000000000000000e+00
3.800000000000000000e+01 -1.080274000000000001e+01 -1.180824999999999925e+01 0.000000000000000000e+00
3.900000000000000000e+01 -1.167276999999999987e+01 -9.790200000000000458e+00 0.000000000000000000e+00
4.000000000000000000e+01 -1.270646999999999949e+01 -7.923390000000000377e+00 0.000000000000000000e+00
4.100000000000000000e+01 -1.387795000000000023e+01 -6.177749999999999631e+00 0.000000000000000000e+00
4.200000000000000000e+01 -1.241663999999999923e+01 -4.191779999999999617e+00 0.000000000000000000e+00
4.300000000000000000e+01 -1.346824999999999939e+01 -2.358979999999999855e+00 0.000000000000000000e+00
4.400000000000000000e+01 -1.215925000000000011e+01 -5.423099999999999588e-01 0.000000000000000000e+00
4.500000000000000000e+01 -1.323231000000000002e+01 1.232569999999999943e+00 0.000000000000000000e+00
4.600000000000000000e+01 -1.401657999999999937e+01 3.177070000000000061e+00 0.000000000000000000e+00
4.700000000000000000e+01 -1.283647999999999989e+01 4.966719999999999580e+00 0.000000000000000000e+00
4.800000000000000000e+01 -1.161020000000000074e+01 6.765939999999999621e+00 0.000000000000000000e+00
4.900000000000000000e+01 -1.049920000000000009e+01 8.548450000000000770e+00 0.000000000000000000e+00
5.000000000000000000e+01 -1.132596999999999987e+01 1.048013000000000083e+01 0.000000000000000000e+00
5.100000000000000000e+01 -1.019931000000000054e+01 1.222091999999999956e+01 0.000000000000000000e+00
5.200000000000000000e+01 -1.113115999999999950e+01 1.409365999999999985e+01 0.000000000000000000e+00
5.300000000000000000e+01 -9.944770000000000110e+00 1.583502999999999972e+01 0.000000000000000000e+00
5.400000000000000000e+01 -7.781500000000000306e+00 -1.755547999999999931e+01 0.000000000000000000e+00
5.500000000000000000e+01 -8.817690000000000694e+00 -1.555880999999999936e+01 0.000000000000000000e+00
5.600000000000000000e+01 -9.777469999999999217e+00 -1.370001000000000069e+01 0.000000000000000000e+00
5.700000000000000000e+01 -9.595430000000000348e+00 -9.952690000000000481e+00 0.000000000000000000e+00
5.800000000000000000e+01 -1.061445999999999934e+01 -7.991439999999999877e+00 0.000000000000000000e+00
5.900000000000000000e+01 -1.163386999999999993e+01 -6.108670000000000044e+00 0.000000000000000000e+00
6.000000000000000000e+01 -1.030090000000000039e+01 -4.355400000000000382e+00 0.000000000000000000e+00
6.100000000000000000e+01 -1.129147000000000034e+01 -2.452570000000000139e+00 0.000000000000000000e+00
6.200000000000000000e+01 -1.005499999999999972e+01 -7.212600000000000122e-01 0.000000000000000000e+00
6.300000000000000000e+01 -1.093826999999999927e+01 1.187480000000000091e+00 0.000000000000000000e+00
6.400000000000000000e+01 -1.177580999999999989e+01 3.093080000000000052e+00 0.000000000000000000e+00
6.500000000000000000e+01 -1.066985999999999990e+01 4.913700000000000401e+00 0.000000000000000000e+00
6.600000000000000000e+01 -9.534639999999999560e+00 6.680889999999999773e+00 0.000000000000000000e+00
6.700000000000000000e+01 -8.351770000000000138e+00 8.435499999999999332e+00 0.000000000000000000e+00
6.800000000000000000e+01 -9.236470000000000624e+00 1.028642999999999930e+01 0.000000000000000000e+00
6.900000000000000000e+01 -8.019519999999999982e+00 1.197040999999999933e+01 0.000000000000000000e+00
7.000000000000000000e+01 -9.040100000000000691e+00 1.392564999999999920e+01 0.000000000000000000e+00
7.100000000000000000e+01 -7.874080000000000190e+00 1.563059999999999938e+01 0.000000000000000000e+00
7.200000000000000000e+01 -5.703759999999999941e+00 -1.771101000000000170e+01 0.000000000000000000e+00
7.300000000000000000e+01 -6.559800000000000075e+00 -1.576318999999999981e+01 0.000000000000000000e+00
7.400000000000000000e+01 -7.624719999999999942e+00 -1.369908000000000037e+01 0.000000000000000000e+00
7.500000000000000000e+01 -8.571889999999999787e+00 -1.181126000000000076e+01 0.000000000000000000e+00
7.600000000000000000e+01 -8.503669999999999618e+00 -8.196590000000000487e+00 0.000000000000000000e+00
7.700000000000000000e+01 -9.350529999999999120e+00 -6.196579999999999977e+00 0.000000000000000000e+00
7.800000000000000000e+01 -8.105299999999999727e+00 -4.526839999999999975e+00 0.000000000000000000e+00
7.900000000000000000e+01 -9.165029999999999788e+00 -2.630570000000000075e+00 0.000000000000000000e+00
8.000000000000000000e+01 -7.946390000000000065e+00 -8.188299999999999468e-01 0.000000000000000000e+00
8.100000000000000000e+01 -8.834039999999999893e+00 1.102880000000000082e+00 0.000000000000000000e+00
8.200000000000000000e+01 -9.719429999999999126e+00 2.984379999999999811e+00 0.000000000000000000e+00
8.300000000000000000e+01 -7.604739999999999611e+00 2.886680000000000135e+00 0.000000000000000000e+00
8.400000000000000000e+01 -8.602679999999999438e+00 4.778279999999999639e+00 0.000000000000000000e+00
8.500000000000000000e+01 -6.193190000000000417e+00 8.232810000000000628e+00 0.000000000000000000e+00
8.600000000000000000e+01 -7.094590000000000174e+00 1.011236000000000068e+01 0.000000000000000000e+00
8.700000000000000000e+01 -5.891379999999999839e+00 1.184998000000000040e+01 0.000000000000000000e+00
8.800000000000000000e+01 -6.973349999999999937e+00 1.373827999999999960e+01 0.000000000000000000e+00
8.900000000000000000e+01 -6.885369999999999990e+00 1.744314999999999927e+01 0.000000000000000000e+00
9.000000000000000000e+01 -4.545180000000000220e+00 -1.954059000000000168e+01 0.000000000000000000e+00
9.100000000000000000e+01 -4.455110000000000348e+00 -1.577319999999999922e+01 0.000000000000000000e+00
9.200000000000000000e+01 -5.512010000000000076e+00 -1.386407999999999952e+01 0.000000000000000000e+00
9.300000000000000000e+01 -6.479460000000000441e+00 -1.194002000000000052e+01 0.000000000000000000e+00
9.400000000000000000e+01 -7.453159999999999563e+00 -1.007341000000000086e+01 0.000000000000000000e+00
9.500000000000000000e+01 -7.285309999999999953e+00 -6.446489999999999831e+00 0.000000000000000000e+00
9.600000000000000000e+01 -6.049719999999999764e+00 -4.593860000000000277e+00 0.000000000000000000e+00
9.700000000000000000e+01 -7.071290000000000298e+00 -2.707629999999999981e+00 0.000000000000000000e+00
9.800000000000000000e+01 -5.839859999999999829e+00 -9.419199999999999795e-01 0.000000000000000000e+00
9.900000000000000000e+01 -6.774429999999999730e+00 9.735599999999999810e-01 0.000000000000000000e+00
1.000000000000000000e+02 -5.541890000000000427e+00 2.743259999999999810e+00 0.000000000000000000e+00
1.010000000000000000e+02 -6.383589999999999876e+00 4.656089999999999840e+00 0.000000000000000000e+00
1.020000000000000000e+02 -7.352439999999999642e+00 6.518769999999999953e+00 0.000000000000000000e+00
1.030000000000000000e+02 -4.042760000000000353e+00 8.104340000000000543e+00 0.000000000000000000e+00
1.040000000000000000e+02 -4.996979999999999755e+00 9.961159999999999570e+00 0.000000000000000000e+00
1.050000000000000000e+02 -3.801750000000000185e+00 1.178035999999999994e+01 0.000000000000000000e+00
1.060000000000000000e+02 -5.742180000000000284e+00 1.565208999999999939e+01 0.000000000000000000e+00
1.070000000000000000e+02 -2.833079999999999821e+00 1.940571999999999875e+01 0.000000000000000000e+00
1.080000000000000000e+02 -3.614650000000000141e+00 -1.768042000000000158e+01 0.000000000000000000e+00
1.090000000000000000e+02 -3.420389999999999819e+00 -1.393609000000000009e+01 0.000000000000000000e+00
1.100000000000000000e+02 -4.293300000000000338e+00 -1.205489000000000033e+01 0.000000000000000000e+00
1.110000000000000000e+02 -5.292049999999999699e+00 -1.007320999999999955e+01 0.000000000000000000e+00
1.120000000000000000e+02 -6.334240000000000315e+00 -8.282920000000000726e+00 0.000000000000000000e+00
1.130000000000000000e+02 -5.208890000000000242e+00 -6.517319999999999780e+00 0.000000000000000000e+00
1.140000000000000000e+02 -3.825579999999999981e+00 -4.736919999999999575e+00 0.000000000000000000e+00
1.150000000000000000e+02 -4.843210000000000015e+00 -2.920659999999999812e+00 0.000000000000000000e+00
1.160000000000000000e+02 -3.715349999999999930e+00 -1.093239999999999990e+00 0.000000000000000000e+00
1.170000000000000000e+02 -4.650059999999999860e+00 8.103000000000000203e-01 0.000000000000000000e+00
1.180000000000000000e+02 -3.454819999999999780e+00 2.500970000000000137e+00 0.000000000000000000e+00
1.190000000000000000e+02 -4.257290000000000241e+00 4.479930000000000412e+00 0.000000000000000000e+00
1.200000000000000000e+02 -5.220430000000000348e+00 6.367840000000000167e+00 0.000000000000000000e+00
1.210000000000000000e+02 -1.966099999999999959e+00 7.987339999999999662e+00 0.000000000000000000e+00
1.220000000000000000e+02 -2.886890000000000178e+00 9.836560000000000414e+00 0.000000000000000000e+00
1.230000000000000000e+02 -1.741559999999999997e+00 1.166771999999999920e+01 0.000000000000000000e+00
1.240000000000000000e+02 -4.849090000000000344e+00 1.377068000000000048e+01 0.000000000000000000e+00
1.250000000000000000e+02 -4.543720000000000425e+00 1.743045000000000044e+01 0.000000000000000000e+00
1.260000000000000000e+02 -1.253910000000000080e+00 -1.974438999999999922e+01 0.000000000000000000e+00
1.270000000000000000e+02 -2.374849999999999905e+00 -1.587181999999999960e+01 0.000000000000000000e+00
1.280000000000000000e+02 -2.183549999999999880e+00 -1.221571999999999925e+01 0.000000000000000000e+00
1.290000000000000000e+02 -3.211780000000000079e+00 -1.025517999999999930e+01 0.000000000000000000e+00
1.300000000000000000e+02 -4.077289999999999637e+00 -8.318830000000000169e+00 0.000000000000000000e+00
1.310000000000000000e+02 -2.877229999999999954e+00 -6.578920000000000101e+00 0.000000000000000000e+00
1.320000000000000000e+02 -1.750720000000000054e+00 -4.836520000000000152e+00 0.000000000000000000e+00
1.330000000000000000e+02 -2.720310000000000006e+00 -2.937860000000000138e+00 0.000000000000000000e+00
1.340000000000000000e+02 -1.564820000000000100e+00 -1.220879999999999965e+00 0.000000000000000000e+00
1.350000000000000000e+02 -2.531769999999999854e+00 6.455699999999999772e-01 0.000000000000000000e+00
1.360000000000000000e+02 -1.343250000000000055e+00 2.450099999999999945e+00 0.000000000000000000e+00
1.370000000000000000e+02 -2.197630000000000194e+00 4.351910000000000167e+00 0.000000000000000000e+00
1.380000000000000000e+02 -3.145709999999999784e+00 6.205790000000000362e+00 0.000000000000000000e+00
1.390000000000000000e+02 1.612500000000000044e-01 7.996900000000000119e+00 0.000000000000000000e+00
1.400000000000000000e+02 -7.888399999999999856e-01 9.838050000000000850e+00 0.000000000000000000e+00
1.410000000000000000e+02 -2.679539999999999811e+00 1.355311000000000021e+01 0.000000000000000000e+00
1.420000000000000000e+02 -3.534120000000000150e+00 1.545639000000000074e+01 0.000000000000000000e+00
1.430000000000000000e+02 -2.353520000000000056e+00 1.735919000000000167e+01 0.000000000000000000e+00
1.440000000000000000e+02 -1.373269999999999991e+00 -1.769228000000000023e+01 0.000000000000000000e+00
1.450000000000000000e+02 8.724499999999999478e-01 -1.623995999999999995e+01 0.000000000000000000e+00
1.460000000000000000e+02 -1.282880000000000020e+00 -1.412402999999999942e+01 0.000000000000000000e+00
1.470000000000000000e+02 -1.115860000000000074e+00 -1.045618999999999943e+01 0.000000000000000000e+00
1.480000000000000000e+02 1.070799999999999946e-01 -8.586349999999999483e+00 0.000000000000000000e+00
1.490000000000000000e+02 -1.979719999999999924e+00 -8.475429999999999353e+00 0.000000000000000000e+00
1.500000000000000000e+02 -8.190499999999999448e-01 -6.712939999999999685e+00 0.000000000000000000e+00
1.510000000000000000e+02 -5.786299999999999777e-01 -3.084410000000000096e+00 0.000000000000000000e+00
1.520000000000000000e+02 5.824099999999999833e-01 -1.323020000000000085e+00 0.000000000000000000e+00
1.530000000000000000e+02 -3.596199999999999952e-01 6.263900000000000023e-01 0.000000000000000000e+00
1.540000000000000000e+02 9.131899999999999462e-01 2.350750000000000117e+00 0.000000000000000000e+00
1.550000000000000000e+02 -5.479999999999999628e-03 4.232079999999999842e+00 0.000000000000000000e+00
1.560000000000000000e+02 -1.017360000000000042e+00 6.123350000000000293e+00 0.000000000000000000e+00
1.570000000000000000e+02 1.318759999999999932e+00 9.720299999999999940e+00 0.000000000000000000e+00
1.580000000000000000e+02 4.279800000000000271e-01 1.161541000000000068e+01 0.000000000000000000e+00
1.590000000000000000e+02 -6.065700000000000536e-01 1.347001999999999988e+01 0.000000000000000000e+00
1.600000000000000000e+02 -1.396009999999999973e+00 1.538909999999999911e+01 0.000000000000000000e+00
1.610000000000000000e+02 -2.880300000000000082e-01 1.720641000000000176e+01 0.000000000000000000e+00
1.620000000000000000e+02 8.278499999999999748e-01 -1.838576000000000121e+01 0.000000000000000000e+00
1.630000000000000000e+02 2.713029999999999831e+00 -1.726250999999999891e+01 0.000000000000000000e+00
1.640000000000000000e+02 8.164000000000000146e-01 -1.417596999999999952e+01 0.000000000000000000e+00
1.650000000000000000e+02 -3.413000000000000062e-02 -1.224684000000000061e+01 0.000000000000000000e+00
1.660000000000000000e+02 1.000019999999999909e+00 -1.047193000000000040e+01 0.000000000000000000e+00
1.670000000000000000e+02 1.263379999999999947e+00 -6.791960000000000441e+00 0.000000000000000000e+00
1.680000000000000000e+02 3.207499999999999796e-01 -4.943800000000000416e+00 0.000000000000000000e+00
1.690000000000000000e+02 1.506939999999999946e+00 -3.173740000000000006e+00 0.000000000000000000e+00
1.700000000000000000e+02 2.667699999999999960e+00 -1.419499999999999984e+00 0.000000000000000000e+00
1.710000000000000000e+02 1.786129999999999995e+00 4.567899999999999738e-01 0.000000000000000000e+00
1.720000000000000000e+02 2.990709999999999980e+00 2.187279999999999891e+00 0.000000000000000000e+00
1.730000000000000000e+02 2.046720000000000095e+00 4.138209999999999944e+00 0.000000000000000000e+00
1.740000000000000000e+02 1.060219999999999940e+00 6.029659999999999798e+00 0.000000000000000000e+00
1.750000000000000000e+02 2.253890000000000171e+00 7.804129999999999789e+00 0.000000000000000000e+00
1.760000000000000000e+02 2.540410000000000057e+00 1.147570999999999941e+01 0.000000000000000000e+00
1.770000000000000000e+02 1.657520000000000104e+00 1.335192999999999941e+01 0.000000000000000000e+00
1.780000000000000000e+02 6.904599999999999627e-01 1.524975000000000058e+01 0.000000000000000000e+00
1.790000000000000000e+02 -3.007600000000000273e-01 1.927235999999999905e+01 0.000000000000000000e+00
1.800000000000000000e+02 3.255240000000000133e+00 -1.937693000000000154e+01 0.000000000000000000e+00
1.810000000000000000e+02 2.720800000000000107e+00 -1.497701999999999956e+01 0.000000000000000000e+00
1.820000000000000000e+02 2.460970000000000102e+00 -1.279650999999999961e+01 0.000000000000000000e+00
1.830000000000000000e+02 3.043210000000000193e+00 -1.069028999999999918e+01 0.000000000000000000e+00
1.840000000000000000e+02 2.183380000000000098e+00 -8.707280000000000797e+00 0.000000000000000000e+00
1.850000000000000000e+02 3.378270000000000106e+00 -7.006000000000000227e+00 0.000000000000000000e+00
1.860000000000000000e+02 2.486460000000000115e+00 -5.058290000000000397e+00 0.000000000000000000e+00
1.870000000000000000e+02 3.713550000000000129e+00 -3.317530000000000090e+00 0.000000000000000000e+00
1.880000000000000000e+02 3.888900000000000023e+00 3.052099999999999813e-01 0.000000000000000000e+00
1.890000000000000000e+02 5.059680000000000177e+00 2.012230000000000185e+00 0.000000000000000000e+00
1.900000000000000000e+02 4.103060000000000151e+00 3.918140000000000178e+00 0.000000000000000000e+00
1.910000000000000000e+02 5.396320000000000228e+00 5.728790000000000049e+00 0.000000000000000000e+00
1.920000000000000000e+02 3.132730000000000015e+00 5.927500000000000213e+00 0.000000000000000000e+00
1.930000000000000000e+02 4.388659999999999783e+00 7.695070000000000299e+00 0.000000000000000000e+00
1.940000000000000000e+02 3.414400000000000102e+00 9.539849999999999497e+00 0.000000000000000000e+00
1.950000000000000000e+02 3.765359999999999818e+00 1.320844999999999914e+01 0.000000000000000000e+00
1.960000000000000000e+02 2.837829999999999853e+00 1.505691000000000024e+01 0.000000000000000000e+00
1.970000000000000000e+02 1.947519999999999918e+00 1.704965999999999937e+01 0.000000000000000000e+00
1.980000000000000000e+02 4.695299999999999585e+00 -1.638935999999999993e+01 0.000000000000000000e+00
1.990000000000000000e+02 4.641650000000000276e+00 -1.422964999999999947e+01 0.000000000000000000e+00
2.000000000000000000e+02 4.544920000000000293e+00 -1.210717999999999961e+01 0.000000000000000000e+00
2.010000000000000000e+02 4.235879999999999868e+00 -8.957300000000000040e+00 0.000000000000000000e+00
2.020000000000000000e+02 5.450739999999999696e+00 -7.127419999999999867e+00 0.000000000000000000e+00
2.030000000000000000e+02 4.546800000000000175e+00 -5.270109999999999850e+00 0.000000000000000000e+00
2.040000000000000000e+02 5.788689999999999891e+00 -3.539250000000000007e+00 0.000000000000000000e+00
2.050000000000000000e+02 4.916489999999999583e+00 -1.618999999999999995e+00 0.000000000000000000e+00
2.060000000000000000e+02 5.998840000000000394e+00 1.648300000000000043e-01 0.000000000000000000e+00
2.070000000000000000e+02 7.208599999999999675e+00 1.850389999999999979e+00 0.000000000000000000e+00
2.080000000000000000e+02 6.220819999999999794e+00 3.830109999999999904e+00 0.000000000000000000e+00
2.090000000000000000e+02 7.521200000000000330e+00 5.448210000000000441e+00 0.000000000000000000e+00
2.100000000000000000e+02 6.514490000000000336e+00 7.467990000000000350e+00 0.000000000000000000e+00
2.110000000000000000e+02 5.596140000000000114e+00 9.457010000000000360e+00 0.000000000000000000e+00
2.120000000000000000e+02 4.711920000000000108e+00 1.136369000000000007e+01 0.000000000000000000e+00
2.130000000000000000e+02 5.905170000000000030e+00 1.304801999999999929e+01 0.000000000000000000e+00
2.140000000000000000e+02 5.107490000000000308e+00 1.512514999999999965e+01 0.000000000000000000e+00
2.150000000000000000e+02 4.293339999999999712e+00 1.734784000000000148e+01 0.000000000000000000e+00
2.160000000000000000e+02 6.570599999999999774e+00 -1.763010999999999839e+01 0.000000000000000000e+00
2.170000000000000000e+02 6.482269999999999754e+00 -1.526362999999999914e+01 0.000000000000000000e+00
2.180000000000000000e+02 6.450709999999999944e+00 -1.318919999999999959e+01 0.000000000000000000e+00
2.190000000000000000e+02 6.360990000000000144e+00 -1.110801000000000016e+01 0.000000000000000000e+00
2.200000000000000000e+02 6.289810000000000123e+00 -9.045260000000000744e+00 0.000000000000000000e+00
2.210000000000000000e+02 6.694379999999999775e+00 -5.449410000000000309e+00 0.000000000000000000e+00
2.220000000000000000e+02 7.866030000000000300e+00 -3.744180000000000064e+00 0.000000000000000000e+00
2.230000000000000000e+02 6.982120000000000104e+00 -1.792519999999999891e+00 0.000000000000000000e+00
2.240000000000000000e+02 8.188299999999999912e+00 -6.278999999999999859e-02 0.000000000000000000e+00
2.250000000000000000e+02 9.385899999999999466e+00 1.632970000000000033e+00 0.000000000000000000e+00
2.260000000000000000e+02 8.485279999999999490e+00 3.502880000000000216e+00 0.000000000000000000e+00
2.270000000000000000e+02 9.627539999999999765e+00 5.221199999999999619e+00 0.000000000000000000e+00
2.280000000000000000e+02 8.603220000000000312e+00 7.234440000000000204e+00 0.000000000000000000e+00
2.290000000000000000e+02 7.650520000000000209e+00 9.181319999999999482e+00 0.000000000000000000e+00
2.300000000000000000e+02 6.803679999999999950e+00 1.117066999999999943e+01 0.000000000000000000e+00
2.310000000000000000e+02 8.154019999999999158e+00 1.300755000000000017e+01 0.000000000000000000e+00
2.320000000000000000e+02 7.203570000000000029e+00 1.483070999999999984e+01 0.000000000000000000e+00
2.330000000000000000e+02 6.439300000000000246e+00 1.675465000000000160e+01 0.000000000000000000e+00
2.340000000000000000e+02 8.302220000000000155e+00 -1.638436000000000092e+01 0.000000000000000000e+00
2.350000000000000000e+02 8.492330000000000823e+00 -1.413803000000000054e+01 0.000000000000000000e+00
2.360000000000000000e+02 8.306279999999999220e+00 -1.199937000000000076e+01 0.000000000000000000e+00
2.370000000000000000e+02 8.184419999999999362e+00 -9.921900000000000830e+00 0.000000000000000000e+00
2.380000000000000000e+02 7.648760000000000225e+00 -7.443030000000000257e+00 0.000000000000000000e+00
2.390000000000000000e+02 8.782360000000000610e+00 -5.711159999999999570e+00 0.000000000000000000e+00
2.400000000000000000e+02 9.951240000000000308e+00 -3.973310000000000120e+00 0.000000000000000000e+00
2.410000000000000000e+02 9.060100000000000264e+00 -1.997649999999999926e+00 0.000000000000000000e+00
2.420000000000000000e+02 1.024314999999999998e+01 -2.747800000000000242e-01 0.000000000000000000e+00
2.430000000000000000e+02 1.146757000000000026e+01 1.391480000000000050e+00 0.000000000000000000e+00
2.440000000000000000e+02 1.060310999999999915e+01 3.348009999999999931e+00 0.000000000000000000e+00
2.450000000000000000e+02 1.173991999999999969e+01 5.080099999999999838e+00 0.000000000000000000e+00
2.460000000000000000e+02 1.069547000000000025e+01 7.044410000000000061e+00 0.000000000000000000e+00
2.470000000000000000e+02 9.788040000000000518e+00 9.000970000000000582e+00 0.000000000000000000e+00
2.480000000000000000e+02 8.977539999999999409e+00 1.096884999999999977e+01 0.000000000000000000e+00
2.490000000000000000e+02 9.595159999999999911e+00 1.460566000000000031e+01 0.000000000000000000e+00
2.500000000000000000e+02 8.552690000000000126e+00 1.648638000000000048e+01 0.000000000000000000e+00
2.510000000000000000e+02 3.846029999999999838e+00 1.935060000000000002e+01 0.000000000000000000e+00
2.520000000000000000e+02 1.064683999999999919e+01 -1.535702999999999996e+01 0.000000000000000000e+00
2.530000000000000000e+02 1.028044000000000047e+01 -1.310665999999999976e+01 0.000000000000000000e+00
2.540000000000000000e+02 1.010759999999999970e+01 -1.097134999999999927e+01 0.000000000000000000e+00
2.550000000000000000e+02 1.190761000000000003e+01 -9.917809999999999349e+00 0.000000000000000000e+00
2.560000000000000000e+02 9.771750000000000824e+00 -8.606999999999999318e+00 0.000000000000000000e+00
2.570000000000000000e+02 1.090173000000000059e+01 -5.908470000000000333e+00 0.000000000000000000e+00
2.580000000000000000e+02 1.209310999999999936e+01 -4.094769999999999577e+00 0.000000000000000000e+00
2.590000000000000000e+02 1.114858000000000082e+01 -2.192940000000000111e+00 0.000000000000000000e+00
2.600000000000000000e+02 1.234942000000000029e+01 -4.732000000000000095e-01 0.000000000000000000e+00
2.610000000000000000e+02 1.367047999999999952e+01 1.302030000000000021e+00 0.000000000000000000e+00
2.620000000000000000e+02 1.277767000000000053e+01 3.222890000000000033e+00 0.000000000000000000e+00
2.630000000000000000e+02 1.385603000000000051e+01 4.975859999999999950e+00 0.000000000000000000e+00
2.640000000000000000e+02 1.279865999999999993e+01 6.844000000000000306e+00 0.000000000000000000e+00
2.650000000000000000e+02 1.191507999999999967e+01 8.746779999999999333e+00 0.000000000000000000e+00
2.660000000000000000e+02 1.102467000000000041e+01 1.065109999999999957e+01 0.000000000000000000e+00
2.670000000000000000e+02 1.318068000000000062e+01 1.036852000000000018e+01 0.000000000000000000e+00
2.680000000000000000e+02 1.029412999999999911e+01 1.261957999999999913e+01 0.000000000000000000e+00
2.690000000000000000e+02 1.066384000000000043e+01 1.649033000000000015e+01 0.000000000000000000e+00
2.700000000000000000e+02 1.241661000000000037e+01 -1.411905999999999928e+01 0.000000000000000000e+00
2.710000000000000000e+02 1.210210000000000008e+01 -1.197119999999999962e+01 0.000000000000000000e+00
2.720000000000000000e+02 1.409407999999999994e+01 -1.018140000000000001e+01 0.000000000000000000e+00
2.730000000000000000e+02 1.409266000000000041e+01 -7.836949999999999861e+00 0.000000000000000000e+00
2.740000000000000000e+02 1.199958999999999953e+01 -7.785949999999999704e+00 0.000000000000000000e+00
2.750000000000000000e+02 1.307587999999999973e+01 -5.989449999999999719e+00 0.000000000000000000e+00
2.760000000000000000e+02 1.418465999999999916e+01 -4.211960000000000370e+00 0.000000000000000000e+00
2.770000000000000000e+02 1.321550000000000047e+01 -2.355059999999999931e+00 0.000000000000000000e+00
2.780000000000000000e+02 1.440484000000000009e+01 -6.313600000000000323e-01 0.000000000000000000e+00
2.790000000000000000e+02 1.614722000000000079e+01 1.402169999999999916e+00 0.000000000000000000e+00
2.800000000000000000e+02 1.493045000000000044e+01 3.065549999999999997e+00 0.000000000000000000e+00
2.810000000000000000e+02 1.616240000000000165e+01 4.726580000000000226e+00 0.000000000000000000e+00
2.820000000000000000e+02 1.520095000000000063e+01 6.681169999999999831e+00 0.000000000000000000e+00
2.830000000000000000e+02 1.686520000000000152e+01 8.450200000000000600e+00 0.000000000000000000e+00
2.840000000000000000e+02 1.414326999999999934e+01 8.540089999999999293e+00 0.000000000000000000e+00
2.850000000000000000e+02 1.556098000000000070e+01 1.003345000000000020e+01 0.000000000000000000e+00
2.860000000000000000e+02 1.236917000000000044e+01 1.236547000000000018e+01 0.000000000000000000e+00
2.870000000000000000e+02 1.165174999999999983e+01 1.429812000000000083e+01 0.000000000000000000e+00
2.880000000000000000e+02 1.427682000000000073e+01 -1.235876000000000019e+01 0.000000000000000000e+00
2.890000000000000000e+02 1.615599999999999881e+01 -1.026528000000000063e+01 0.000000000000000000e+00
2.900000000000000000e+02 1.621815000000000140e+01 -8.079879999999999285e+00 0.000000000000000000e+00
2.910000000000000000e+02 1.727930999999999884e+01 -6.270999999999999908e+00 0.000000000000000000e+00
2.920000000000000000e+02 1.515648999999999980e+01 -6.077499999999999680e+00 0.000000000000000000e+00
2.930000000000000000e+02 1.644126999999999938e+01 -4.282469999999999999e+00 0.000000000000000000e+00
2.940000000000000000e+02 1.818816999999999950e+01 -3.165329999999999977e+00 0.000000000000000000e+00
2.950000000000000000e+02 1.539303999999999917e+01 -2.467900000000000205e+00 0.000000000000000000e+00
2.960000000000000000e+02 1.656060000000000088e+01 -6.558800000000000185e-01 0.000000000000000000e+00
2.970000000000000000e+02 1.834703999999999979e+01 6.155800000000000161e-01 0.000000000000000000e+00
2.980000000000000000e+02 1.759223000000000070e+01 2.998409999999999798e+00 0.000000000000000000e+00
2.990000000000000000e+02 1.756486999999999910e+01 6.289410000000000167e+00 0.000000000000000000e+00
