0.000000000000000000e+00 -1.357567000000000057e+01 -1.351726000000000028e+01 0.000000000000000000e+00
1.000000000000000000e+00 -1.482232999999999912e+01 -1.169519999999999982e+01 0.000000000000000000e+00
2.000000000000000000e+00 -1.612925999999999860e+01 -1.007130000000000081e+01 0.000000000000000000e+00
3.000000000000000000e+00 -1.544480000000000075e+01 -7.815990000000000215e+00 0.000000000000000000e+00
4.000000000000000000e+00 -1.675572000000000017e+01 -6.124539999999999651e+00 0.000000000000000000e+00
5.000000000000000000e+00 -1.830606999999999829e+01 -4.726869999999999905e+00 0.000000000000000000e+00
6.000000000000000000e+00 -1.600369999999999848e+01 -4.157189999999999941e+00 0.000000000000000000e+00
7.000000000000000000e+00 -1.931969000000000136e+01 -2.806579999999999853e+00 0.000000000000000000e+00
8.000000000000000000e+00 -1.723413000000000039e+01 -2.486479999999999801e+00 0.000000000000000000e+00
9.000000000000000000e+00 -1.865539000000000058e+01 -6.091600000000000348e-01 0.000000000000000000e+00
1.000000000000000000e+01 -1.772411999999999921e+01 1.350039999999999907e+00 0.000000000000000000e+00
1.100000000000000000e+01 -1.613176999999999950e+01 5.144059999999999633e+00 0.000000000000000000e+00
1.200000000000000000e+01 -1.742606999999999928e+01 6.854829999999999757e+00 0.000000000000000000e+00
1.300000000000000000e+01 -1.727334000000000103e+01 3.399410000000000043e+00 0.000000000000000000e+00
1.400000000000000000e+01 -1.530333000000000077e+01 7.119550000000000267e+00 0.000000000000000000e+00
1.500000000000000000e+01 -1.694311000000000078e+01 8.944350000000000023e+00 0.000000000000000000e+00
1.600000000000000000e+01 -1.573792000000000080e+01 1.086285999999999952e+01 0.000000000000000000e+00
1.700000000000000000e+01 -1.481312999999999924e+01 1.281639999999999979e+01 0.000000000000000000e+00
1.800000000000000000e+01 -1.230306000000000033e+01 -1.518404999999999916e+01 0.000000000000000000e+00
1.900000000000000000e+01 -1.141295000000000037e+01 -1.303613000000000000e+01 0.000000000000000000e+00
2.000000000000000000e+01 -1.273363999999999940e+01 -1.142179999999999929e+01 0.000000000000000000e+00
2.100000000000000000e+01 -1.404346999999999923e+01 -9.636240000000000805e+00 0.000000000000000000e+00
2.200000000000000000e+01 -1.331490999999999936e+01 -7.632249999999999979e+00 0.000000000000000000e+00
2.300000000000000000e+01 -1.462249000000000088e+01 -5.825719999999999565e+00 0.000000000000000000e+00
2.400000000000000000e+01 -1.376220999999999961e+01 -3.912279999999999980e+00 0.000000000000000000e+00
2.500000000000000000e+01 -1.519217000000000084e+01 -2.162500000000000089e+00 0.000000000000000000e+00
2.600000000000000000e+01 -1.299943000000000026e+01 -1.968760000000000066e+00 0.000000000000000000e+00
2.700000000000000000e+01 -1.658484999999999943e+01 -4.375899999999999790e-01 0.000000000000000000e+00
2.800000000000000000e+01 -1.564588999999999963e+01 1.463680000000000092e+00 0.000000000000000000e+00
2.900000000000000000e+01 -1.482236999999999938e+01 3.491220000000000212e+00 0.000000000000000000e+00
3.000000000000000000e+01 -1.403553999999999924e+01 5.453579999999999650e+00 0.000000000000000000e+00
3.100000000000000000e+01 -1.316980000000000040e+01 7.321100000000000385e+00 0.000000000000000000e+00
3.200000000000000000e+01 -1.444048000000000087e+01 9.059300000000000352e+00 0.000000000000000000e+00
3.300000000000000000e+01 -1.363189000000000028e+01 1.105682000000000009e+01 0.000000000000000000e+00
3.400000000000000000e+01 -1.274638000000000027e+01 1.305521000000000065e+01 0.000000000000000000e+00
3.500000000000000000e+01 -1.190917999999999921e+01 1.495996000000000059e+01 0.000000000000000000e+00
3.600000000000000000e+01 -8.997109999999999275e+00 -1.640245000000000175e+01 0.000000000000000000e+00
3.700000000000000000e+01 -1.018046999999999969e+01 -1.469139000000000017e+01 0.000000000000000000e+00
3.800000000000000000e+01 -1.060581999999999958e+01 -1.109270000000000067e+01 0.000000000000000000e+00
3.900000000000000000e+01 -1.194762000000000057e+01 -9.371950000000000003e+00 0.000000000000000000e+00
4.000000000000000000e+01 -1.124299000000000071e+01 -7.422749999999999737e+00 0.000000000000000000e+00
4.100000000000000000e+01 -1.251773999999999987e+01 -5.696270000000000167e+00 0.000000000000000000e+00
4.200000000000000000e+01 -1.047437000000000040e+01 -5.271609999999999907e+00 0.000000000000000000e+00
4.300000000000000000e+01 -1.171630000000000038e+01 -3.604579999999999895e+00 0.000000000000000000e+00
4.400000000000000000e+01 -1.227849999999999930e+01 4.266999999999999960e-02 0.000000000000000000e+00
4.500000000000000000e+01 -1.437035999999999980e+01 -1.920300000000000062e-01 0.000000000000000000e+00
4.600000000000000000e+01 -1.356953999999999994e+01 1.706730000000000080e+00 0.000000000000000000e+00
4.700000000000000000e+01 -1.270998999999999945e+01 3.728629999999999889e+00 0.000000000000000000e+00
4.800000000000000000e+01 -1.193049000000000071e+01 5.667399999999999771e+00 0.000000000000000000e+00
4.900000000000000000e+01 -1.111097000000000001e+01 7.687190000000000190e+00 0.000000000000000000e+00
5.000000000000000000e+01 -1.236383999999999972e+01 9.342819999999999681e+00 0.000000000000000000e+00
5.100000000000000000e+01 -1.156254000000000026e+01 1.129931999999999981e+01 0.000000000000000000e+00
5.200000000000000000e+01 -1.069003999999999976e+01 1.323554999999999993e+01 0.000000000000000000e+00
5.300000000000000000e+01 -9.849330000000000140e+00 1.535987000000000080e+01 0.000000000000000000e+00
5.400000000000000000e+01 -7.342810000000000059e+00 -1.796203999999999823e+01 0.000000000000000000e+00
5.500000000000000000e+01 -8.017429999999999168e+00 -1.442230999999999952e+01 0.000000000000000000e+00
5.600000000000000000e+01 -9.330030000000000712e+00 -1.276880000000000059e+01 0.000000000000000000e+00
5.700000000000000000e+01 -8.515439999999999898e+00 -1.074684000000000061e+01 0.000000000000000000e+00
5.800000000000000000e+01 -9.867570000000000618e+00 -9.106799999999999784e+00 0.000000000000000000e+00
5.900000000000000000e+01 -9.136319999999999553e+00 -7.047579999999999956e+00 0.000000000000000000e+00
6.000000000000000000e+01 -8.385439999999999117e+00 -4.997889999999999944e+00 0.000000000000000000e+00
6.100000000000000000e+01 -9.621969999999999246e+00 -3.323910000000000142e+00 0.000000000000000000e+00
6.200000000000000000e+01 -1.093106000000000044e+01 -1.682590000000000030e+00 0.000000000000000000e+00
6.300000000000000000e+01 -1.019266000000000005e+01 2.976400000000000157e-01 0.000000000000000000e+00
6.400000000000000000e+01 -1.151409999999999911e+01 2.000659999999999883e+00 0.000000000000000000e+00
6.500000000000000000e+01 -1.062181999999999960e+01 3.911649999999999849e+00 0.000000000000000000e+00
6.600000000000000000e+01 -9.794240000000000279e+00 6.046289999999999942e+00 0.000000000000000000e+00
6.700000000000000000e+01 -9.035420000000000229e+00 7.956970000000000098e+00 0.000000000000000000e+00
6.800000000000000000e+01 -1.023573999999999984e+01 9.675649999999999196e+00 0.000000000000000000e+00
6.900000000000000000e+01 -9.415240000000000720e+00 1.157163000000000075e+01 0.000000000000000000e+00
7.000000000000000000e+01 -8.587820000000000675e+00 1.350738999999999912e+01 0.000000000000000000e+00
7.100000000000000000e+01 -9.086629999999999541e+00 1.728744999999999976e+01 0.000000000000000000e+00
7.200000000000000000e+01 -5.137850000000000250e+00 -1.766741000000000028e+01 0.000000000000000000e+00
7.300000000000000000e+01 -6.451200000000000045e+00 -1.600677999999999912e+01 0.000000000000000000e+00
7.400000000000000000e+01 -7.081710000000000171e+00 -1.257998000000000083e+01 0.000000000000000000e+00
7.500000000000000000e+01 -6.371360000000000134e+00 -1.046433999999999997e+01 0.000000000000000000e+00
7.600000000000000000e+01 -7.829970000000000319e+00 -8.735620000000000829e+00 0.000000000000000000e+00
7.700000000000000000e+01 -7.048020000000000174e+00 -6.785949999999999704e+00 0.000000000000000000e+00
7.800000000000000000e+01 -6.321690000000000254e+00 -4.809989999999999988e+00 0.000000000000000000e+00
7.900000000000000000e+01 -7.568749999999999645e+00 -2.992070000000000007e+00 0.000000000000000000e+00
8.000000000000000000e+01 -8.883119999999999905e+00 -1.309520000000000017e+00 0.000000000000000000e+00
8.100000000000000000e+01 -8.035170000000000812e+00 5.654500000000000082e-01 0.000000000000000000e+00
8.200000000000000000e+01 -9.335369999999999280e+00 2.212730000000000086e+00 0.000000000000000000e+00
8.300000000000000000e+01 -8.565060000000000784e+00 4.145550000000000068e+00 0.000000000000000000e+00
8.400000000000000000e+01 -7.688780000000000392e+00 6.303899999999999615e+00 0.000000000000000000e+00
8.500000000000000000e+01 -6.811679999999999957e+00 8.180989999999999540e+00 0.000000000000000000e+00
8.600000000000000000e+01 -8.148600000000000065e+00 9.891410000000000480e+00 0.000000000000000000e+00
8.700000000000000000e+01 -7.336400000000000254e+00 1.179975999999999914e+01 0.000000000000000000e+00
8.800000000000000000e+01 -6.504069999999999574e+00 1.371372999999999998e+01 0.000000000000000000e+00
8.900000000000000000e+01 -7.724339999999999762e+00 1.547751000000000055e+01 0.000000000000000000e+00
9.000000000000000000e+01 -3.328669999999999796e+00 -1.936148000000000025e+01 0.000000000000000000e+00
9.100000000000000000e+01 -4.351069999999999993e+00 -1.574272999999999989e+01 0.000000000000000000e+00
9.200000000000000000e+01 -5.542769999999999975e+00 -1.401520000000000010e+01 0.000000000000000000e+00
9.300000000000000000e+01 -4.910910000000000331e+00 -1.203720999999999997e+01 0.000000000000000000e+00
9.400000000000000000e+01 -5.678510000000000169e+00 -8.503989999999999938e+00 0.000000000000000000e+00
9.500000000000000000e+01 -4.985000000000000320e+00 -6.528590000000000337e+00 0.000000000000000000e+00
9.600000000000000000e+01 -4.216440000000000410e+00 -4.460989999999999789e+00 0.000000000000000000e+00
9.700000000000000000e+01 -5.475939999999999586e+00 -2.761690000000000200e+00 0.000000000000000000e+00
9.800000000000000000e+01 -6.727549999999999919e+00 -1.044340000000000046e+00 0.000000000000000000e+00
9.900000000000000000e+01 -5.929630000000000400e+00 9.337699999999999889e-01 0.000000000000000000e+00
1.000000000000000000e+02 -7.265799999999999592e+00 2.507249999999999979e+00 0.000000000000000000e+00
1.010000000000000000e+02 -6.519949999999999690e+00 4.601679999999999993e+00 0.000000000000000000e+00
1.020000000000000000e+02 -5.611229999999999940e+00 6.503689999999999749e+00 0.000000000000000000e+00
1.030000000000000000e+02 -4.778979999999999784e+00 8.534900000000000375e+00 0.000000000000000000e+00
1.040000000000000000e+02 -6.081030000000000157e+00 1.017008000000000045e+01 0.000000000000000000e+00
1.050000000000000000e+02 -5.229040000000000354e+00 1.205601000000000056e+01 0.000000000000000000e+00
1.060000000000000000e+02 -5.634949999999999903e+00 1.573401999999999923e+01 0.000000000000000000e+00
1.070000000000000000e+02 -6.921160000000000423e+00 1.777092000000000027e+01 0.000000000000000000e+00
1.080000000000000000e+02 -2.694910000000000139e+00 -1.728914999999999935e+01 0.000000000000000000e+00
1.090000000000000000e+02 -1.408130000000000104e+00 -1.326848999999999990e+01 0.000000000000000000e+00
1.100000000000000000e+02 -3.503600000000000048e+00 -1.364766999999999975e+01 0.000000000000000000e+00
1.110000000000000000e+02 -2.790989999999999860e+00 -1.170135999999999932e+01 0.000000000000000000e+00
1.120000000000000000e+02 -4.233959999999999724e+00 -1.009090999999999916e+01 0.000000000000000000e+00
1.130000000000000000e+02 -3.535610000000000142e+00 -8.145170000000000243e+00 0.000000000000000000e+00
1.140000000000000000e+02 -2.169230000000000214e+00 -4.073959999999999582e+00 0.000000000000000000e+00
1.150000000000000000e+02 -3.408570000000000100e+00 -2.436529999999999863e+00 0.000000000000000000e+00
1.160000000000000000e+02 -4.687780000000000058e+00 -7.546899999999999720e-01 0.000000000000000000e+00
1.170000000000000000e+02 -3.888539999999999885e+00 1.193619999999999903e+00 0.000000000000000000e+00
1.180000000000000000e+02 -5.244480000000000253e+00 2.891809999999999992e+00 0.000000000000000000e+00
1.190000000000000000e+02 -4.415040000000000298e+00 4.776939999999999742e+00 0.000000000000000000e+00
1.200000000000000000e+02 -3.578580000000000094e+00 6.846230000000000260e+00 0.000000000000000000e+00
1.210000000000000000e+02 -2.639860000000000095e+00 8.776500000000000412e+00 0.000000000000000000e+00
1.220000000000000000e+02 -3.958060000000000134e+00 1.042116000000000042e+01 0.000000000000000000e+00
1.230000000000000000e+02 -3.021370000000000111e+00 1.228599999999999959e+01 0.000000000000000000e+00
1.240000000000000000e+02 -4.438579999999999970e+00 1.399591000000000030e+01 0.000000000000000000e+00
1.250000000000000000e+02 -4.678539999999999921e+00 1.757364000000000104e+01 0.000000000000000000e+00
1.260000000000000000e+02 -1.072440000000000060e+00 -1.911255999999999844e+01 0.000000000000000000e+00
1.270000000000000000e+02 -1.964280000000000026e+00 -1.530148999999999937e+01 0.000000000000000000e+00
1.280000000000000000e+02 -6.878499999999999615e-01 -1.131597000000000008e+01 0.000000000000000000e+00
1.290000000000000000e+02 -2.167260000000000186e+00 -9.684380000000000877e+00 0.000000000000000000e+00
1.300000000000000000e+02 -1.494779999999999998e+00 -7.711319999999999730e+00 0.000000000000000000e+00
1.310000000000000000e+02 -2.953739999999999810e+00 -6.137209999999999610e+00 0.000000000000000000e+00
1.320000000000000000e+02 -9.241000000000000603e-02 -3.739679999999999893e+00 0.000000000000000000e+00
1.330000000000000000e+02 -1.367639999999999967e+00 -2.062030000000000030e+00 0.000000000000000000e+00
1.340000000000000000e+02 -2.615279999999999827e+00 -4.216699999999999893e-01 0.000000000000000000e+00
1.350000000000000000e+02 -1.833820000000000006e+00 1.542380000000000084e+00 0.000000000000000000e+00
1.360000000000000000e+02 -3.153030000000000221e+00 3.123029999999999973e+00 0.000000000000000000e+00
1.370000000000000000e+02 -2.322169999999999845e+00 5.194099999999999717e+00 0.000000000000000000e+00
1.380000000000000000e+02 -1.438919999999999977e+00 7.076990000000000336e+00 0.000000000000000000e+00
1.390000000000000000e+02 -5.129700000000000371e-01 8.962059999999999249e+00 0.000000000000000000e+00
1.400000000000000000e+02 -1.731479999999999908e+00 1.063729000000000013e+01 0.000000000000000000e+00
1.410000000000000000e+02 -2.072929999999999939e+00 1.416568999999999967e+01 0.000000000000000000e+00
1.420000000000000000e+02 -3.462579999999999991e+00 1.583656000000000041e+01 0.000000000000000000e+00
1.430000000000000000e+02 -2.609970000000000123e+00 1.787912000000000035e+01 0.000000000000000000e+00
1.440000000000000000e+02 -6.304800000000000404e-01 -1.705289000000000144e+01 0.000000000000000000e+00
1.450000000000000000e+02 1.949400000000000022e-01 -1.501731999999999978e+01 0.000000000000000000e+00
1.460000000000000000e+02 7.199100000000000499e-01 -1.294561000000000028e+01 0.000000000000000000e+00
1.470000000000000000e+02 -1.881999999999999992e-02 -9.326859999999999928e+00 0.000000000000000000e+00
1.480000000000000000e+02 5.518499999999999517e-01 -7.329329999999999679e+00 0.000000000000000000e+00
1.490000000000000000e+02 -8.425799999999999956e-01 -5.702709999999999724e+00 0.000000000000000000e+00
1.500000000000000000e+02 1.206469999999999931e+00 -5.353909999999999947e+00 0.000000000000000000e+00
1.510000000000000000e+02 8.389900000000000135e-01 -1.876009999999999955e+00 0.000000000000000000e+00
1.520000000000000000e+02 -5.571399999999999686e-01 -1.480400000000000049e-01 0.000000000000000000e+00
1.530000000000000000e+02 3.031900000000000150e-01 1.741610000000000102e+00 0.000000000000000000e+00
1.540000000000000000e+02 -1.069339999999999957e+00 3.489040000000000141e+00 0.000000000000000000e+00
1.550000000000000000e+02 -1.975099999999999911e-01 5.392649999999999721e+00 0.000000000000000000e+00
1.560000000000000000e+02 8.350800000000000445e-01 7.255230000000000068e+00 0.000000000000000000e+00
1.570000000000000000e+02 3.948800000000000088e-01 1.084032999999999980e+01 0.000000000000000000e+00
1.580000000000000000e+02 -8.223099999999999854e-01 1.250577999999999967e+01 0.000000000000000000e+00
1.590000000000000000e+02 -2.400000000000000061e-04 1.444303999999999988e+01 0.000000000000000000e+00
1.600000000000000000e+02 -1.331050000000000066e+00 1.610952999999999946e+01 0.000000000000000000e+00
1.610000000000000000e+02 -2.875599999999999823e-01 1.792117000000000004e+01 0.000000000000000000e+00
1.620000000000000000e+02 1.001659999999999995e+00 -1.844648000000000110e+01 0.000000000000000000e+00
1.630000000000000000e+02 1.708749999999999991e+00 -1.645382999999999996e+01 0.000000000000000000e+00
1.640000000000000000e+02 2.285470000000000113e+00 -1.445851000000000042e+01 0.000000000000000000e+00
1.650000000000000000e+02 1.351539999999999964e+00 -1.096541999999999994e+01 0.000000000000000000e+00
1.660000000000000000e+02 2.016509999999999803e+00 -8.926320000000000476e+00 0.000000000000000000e+00
1.670000000000000000e+02 2.596480000000000121e+00 -6.955160000000000231e+00 0.000000000000000000e+00
1.680000000000000000e+02 2.531439999999999912e+00 -3.768549999999999844e+00 0.000000000000000000e+00
1.690000000000000000e+02 2.923379999999999868e+00 -1.738599999999999923e+00 0.000000000000000000e+00
1.700000000000000000e+02 1.559770000000000101e+00 5.643000000000000099e-02 0.000000000000000000e+00
1.710000000000000000e+02 2.358969999999999789e+00 1.979780000000000095e+00 0.000000000000000000e+00
1.720000000000000000e+02 1.103269999999999973e+00 3.696909999999999918e+00 0.000000000000000000e+00
1.730000000000000000e+02 2.062330000000000219e+00 5.594909999999999606e+00 0.000000000000000000e+00
1.740000000000000000e+02 2.876780000000000115e+00 7.476309999999999789e+00 0.000000000000000000e+00
1.750000000000000000e+02 1.652069999999999927e+00 9.160489999999999355e+00 0.000000000000000000e+00
1.760000000000000000e+02 2.582559999999999967e+00 1.102872999999999948e+01 0.000000000000000000e+00
1.770000000000000000e+02 1.255830000000000002e+00 1.270411999999999964e+01 0.000000000000000000e+00
1.780000000000000000e+02 9.811199999999999921e-01 1.626932000000000045e+01 0.000000000000000000e+00
1.790000000000000000e+02 -4.191599999999999770e-01 2.013972000000000051e+01 0.000000000000000000e+00
1.800000000000000000e+02 3.325810000000000155e+00 -1.784534999999999982e+01 0.000000000000000000e+00
1.810000000000000000e+02 4.076469999999999594e+00 -1.550127999999999950e+01 0.000000000000000000e+00
1.820000000000000000e+02 2.835850000000000204e+00 -1.246655999999999942e+01 0.000000000000000000e+00
1.830000000000000000e+02 3.592429999999999790e+00 -1.030644999999999989e+01 0.000000000000000000e+00
1.840000000000000000e+02 4.270439999999999792e+00 -8.250519999999999854e+00 0.000000000000000000e+00
1.850000000000000000e+02 4.432559999999999611e+00 -5.838149999999999729e+00 0.000000000000000000e+00
1.860000000000000000e+02 4.809309999999999974e+00 -3.747419999999999973e+00 0.000000000000000000e+00
1.870000000000000000e+02 4.998910000000000409e+00 -1.491859999999999964e+00 0.000000000000000000e+00
1.880000000000000000e+02 3.624319999999999986e+00 2.538199999999999901e-01 0.000000000000000000e+00
1.890000000000000000e+02 4.428399999999999892e+00 2.202929999999999833e+00 0.000000000000000000e+00
1.900000000000000000e+02 3.241979999999999862e+00 3.879459999999999908e+00 0.000000000000000000e+00
1.910000000000000000e+02 6.177450000000000330e+00 5.941340000000000288e+00 0.000000000000000000e+00
1.920000000000000000e+02 4.119100000000000428e+00 5.796840000000000437e+00 0.000000000000000000e+00
1.930000000000000000e+02 5.048720000000000319e+00 7.677760000000000140e+00 0.000000000000000000e+00
1.940000000000000000e+02 3.749779999999999891e+00 9.333500000000000796e+00 0.000000000000000000e+00
1.950000000000000000e+02 3.376009999999999955e+00 1.292515999999999998e+01 0.000000000000000000e+00
1.960000000000000000e+02 2.150959999999999983e+00 1.457418999999999976e+01 0.000000000000000000e+00
1.970000000000000000e+02 1.968960000000000043e+00 1.831975999999999871e+01 0.000000000000000000e+00
1.980000000000000000e+02 5.509640000000000093e+00 -1.710356000000000165e+01 0.000000000000000000e+00
1.990000000000000000e+02 4.748039999999999594e+00 -1.351533000000000051e+01 0.000000000000000000e+00
2.000000000000000000e+02 5.392920000000000158e+00 -1.152299999999999969e+01 0.000000000000000000e+00
2.010000000000000000e+02 5.964299999999999713e+00 -9.433859999999999246e+00 0.000000000000000000e+00
2.020000000000000000e+02 6.064770000000000216e+00 -7.185780000000000278e+00 0.000000000000000000e+00
2.030000000000000000e+02 6.371310000000000251e+00 -5.125860000000000305e+00 0.000000000000000000e+00
2.040000000000000000e+02 6.786719999999999864e+00 -3.018009999999999859e+00 0.000000000000000000e+00
2.050000000000000000e+02 7.086829999999999963e+00 -9.748599999999999488e-01 0.000000000000000000e+00
2.060000000000000000e+02 5.669279999999999653e+00 5.350700000000000456e-01 0.000000000000000000e+00
2.070000000000000000e+02 7.069890000000000008e+00 2.074040000000000106e+00 0.000000000000000000e+00
2.080000000000000000e+02 5.382319999999999993e+00 4.033599999999999852e+00 0.000000000000000000e+00
2.090000000000000000e+02 7.427559999999999718e+00 4.234449999999999825e+00 0.000000000000000000e+00
2.100000000000000000e+02 7.164690000000000225e+00 7.887789999999999857e+00 0.000000000000000000e+00
2.110000000000000000e+02 5.963919999999999888e+00 9.628310000000000812e+00 0.000000000000000000e+00
2.120000000000000000e+02 4.711879999999999846e+00 1.126651000000000025e+01 0.000000000000000000e+00
2.130000000000000000e+02 4.389050000000000118e+00 1.491464999999999996e+01 0.000000000000000000e+00
2.140000000000000000e+02 3.091479999999999784e+00 1.658857000000000070e+01 0.000000000000000000e+00
2.150000000000000000e+02 4.033680000000000376e+00 1.862075000000000102e+01 0.000000000000000000e+00
2.160000000000000000e+02 5.071539999999999715e+00 -1.913544999999999874e+01 0.000000000000000000e+00
2.170000000000000000e+02 6.163009999999999877e+00 -1.502815000000000012e+01 0.000000000000000000e+00
2.180000000000000000e+02 6.911150000000000126e+00 -1.308375000000000021e+01 0.000000000000000000e+00
2.190000000000000000e+02 7.384369999999999656e+00 -1.097659999999999947e+01 0.000000000000000000e+00
2.200000000000000000e+02 7.797019999999999840e+00 -8.467470000000000496e+00 0.000000000000000000e+00
2.210000000000000000e+02 8.002520000000000522e+00 -6.403550000000000075e+00 0.000000000000000000e+00
2.220000000000000000e+02 8.419829999999999259e+00 -4.369419999999999860e+00 0.000000000000000000e+00
2.230000000000000000e+02 8.728360000000000340e+00 -2.277369999999999894e+00 0.000000000000000000e+00
2.240000000000000000e+02 8.894679999999999254e+00 5.124999999999999695e-02 0.000000000000000000e+00
2.250000000000000000e+02 1.090372999999999948e+01 6.929100000000000259e-01 0.000000000000000000e+00
2.260000000000000000e+02 9.124589999999999534e+00 2.204470000000000152e+00 0.000000000000000000e+00
2.270000000000000000e+02 9.559129999999999683e+00 4.274009999999999643e+00 0.000000000000000000e+00
2.280000000000000000e+02 8.397719999999999629e+00 6.076310000000000322e+00 0.000000000000000000e+00
2.290000000000000000e+02 8.064959999999999241e+00 9.773849999999999483e+00 0.000000000000000000e+00
2.300000000000000000e+02 6.876809999999999867e+00 1.148385000000000034e+01 0.000000000000000000e+00
2.310000000000000000e+02 5.641919999999999824e+00 1.319495000000000040e+01 0.000000000000000000e+00
2.320000000000000000e+02 6.568209999999999660e+00 1.516369000000000078e+01 0.000000000000000000e+00
2.330000000000000000e+02 5.221440000000000303e+00 1.692164000000000001e+01 0.000000000000000000e+00
2.340000000000000000e+02 7.673949999999999605e+00 -1.643184000000000111e+01 0.000000000000000000e+00
2.350000000000000000e+02 8.559770000000000323e+00 -1.448100999999999949e+01 0.000000000000000000e+00
2.360000000000000000e+02 8.935539999999999594e+00 -1.244351999999999947e+01 0.000000000000000000e+00
2.370000000000000000e+02 9.183680000000000732e+00 -9.991289999999999338e+00 0.000000000000000000e+00
2.380000000000000000e+02 9.816950000000000287e+00 -7.765500000000000291e+00 0.000000000000000000e+00
2.390000000000000000e+02 1.008167000000000080e+01 -5.715399999999999814e+00 0.000000000000000000e+00
2.400000000000000000e+02 1.035997000000000057e+01 -3.583549999999999791e+00 0.000000000000000000e+00
2.410000000000000000e+02 1.228153999999999968e+01 -2.815249999999999808e+00 0.000000000000000000e+00
2.420000000000000000e+02 1.065803999999999974e+01 -1.385289999999999910e+00 0.000000000000000000e+00
2.430000000000000000e+02 1.280564999999999998e+01 1.492560000000000109e+00 0.000000000000000000e+00
2.440000000000000000e+02 1.126065000000000005e+01 3.099139999999999784e+00 0.000000000000000000e+00
2.450000000000000000e+02 1.052314999999999934e+01 6.107680000000000220e+00 0.000000000000000000e+00
2.460000000000000000e+02 9.235189999999999344e+00 8.012660000000000338e+00 0.000000000000000000e+00
2.470000000000000000e+02 9.042939999999999756e+00 1.164401999999999937e+01 0.000000000000000000e+00
2.480000000000000000e+02 7.709850000000000314e+00 1.337426999999999921e+01 0.000000000000000000e+00
2.490000000000000000e+02 8.651210000000000733e+00 1.537045999999999957e+01 0.000000000000000000e+00
2.500000000000000000e+02 7.509120000000000239e+00 1.717286000000000001e+01 0.000000000000000000e+00
2.510000000000000000e+02 6.138329999999999842e+00 1.876111999999999824e+01 0.000000000000000000e+00
2.520000000000000000e+02 1.017003000000000057e+01 -1.615968000000000160e+01 0.000000000000000000e+00
2.530000000000000000e+02 1.053179000000000087e+01 -1.376690999999999931e+01 0.000000000000000000e+00
2.540000000000000000e+02 1.079698999999999920e+01 -1.130758999999999936e+01 0.000000000000000000e+00
2.550000000000000000e+02 1.141605999999999987e+01 -9.101110000000000255e+00 0.000000000000000000e+00
2.560000000000000000e+02 1.172451000000000043e+01 -6.969459999999999766e+00 0.000000000000000000e+00
2.570000000000000000e+02 1.199738999999999933e+01 -4.893340000000000245e+00 0.000000000000000000e+00
2.580000000000000000e+02 1.401681999999999917e+01 -4.020749999999999602e+00 0.000000000000000000e+00
2.590000000000000000e+02 1.431160999999999994e+01 -1.885299999999999976e+00 0.000000000000000000e+00
2.600000000000000000e+02 1.266254999999999953e+01 -5.639300000000000423e-01 0.000000000000000000e+00
2.610000000000000000e+02 1.478359000000000023e+01 2.446089999999999876e+00 0.000000000000000000e+00
2.620000000000000000e+02 1.321414000000000044e+01 3.830690000000000150e+00 0.000000000000000000e+00
2.630000000000000000e+02 1.273560999999999943e+01 5.964990000000000236e+00 0.000000000000000000e+00
2.640000000000000000e+02 1.140691999999999950e+01 8.082309999999999661e+00 0.000000000000000000e+00
2.650000000000000000e+02 1.022089000000000070e+01 9.916529999999999845e+00 0.000000000000000000e+00
2.660000000000000000e+02 1.119806999999999952e+01 1.194913000000000025e+01 0.000000000000000000e+00
2.670000000000000000e+02 9.853839999999999932e+00 1.362764999999999915e+01 0.000000000000000000e+00
2.680000000000000000e+02 1.102505000000000024e+01 1.566127000000000002e+01 0.000000000000000000e+00
2.690000000000000000e+02 9.715099999999999625e+00 1.726895999999999987e+01 0.000000000000000000e+00
2.700000000000000000e+02 1.237254000000000076e+01 -1.512022999999999939e+01 0.000000000000000000e+00
2.710000000000000000e+02 1.234853999999999985e+01 -1.267877999999999972e+01 0.000000000000000000e+00
2.720000000000000000e+02 1.311120999999999981e+01 -1.071058000000000021e+01 0.000000000000000000e+00
2.730000000000000000e+02 1.332291999999999987e+01 -8.282569999999999766e+00 0.000000000000000000e+00
2.740000000000000000e+02 1.366900000000000048e+01 -6.140119999999999578e+00 0.000000000000000000e+00
2.750000000000000000e+02 1.563767999999999958e+01 -5.376909999999999634e+00 0.000000000000000000e+00
2.760000000000000000e+02 1.595592000000000077e+01 -3.145550000000000068e+00 0.000000000000000000e+00
2.770000000000000000e+02 1.632010000000000005e+01 -1.004580000000000028e+00 0.000000000000000000e+00
2.780000000000000000e+02 1.459830999999999968e+01 2.166700000000000015e-01 0.000000000000000000e+00
2.790000000000000000e+02 1.659935000000000116e+01 1.440350000000000019e+00 0.000000000000000000e+00
2.800000000000000000e+02 1.482795999999999914e+01 5.149119999999999919e+00 0.000000000000000000e+00
2.810000000000000000e+02 1.690888999999999953e+01 5.786970000000000169e+00 0.000000000000000000e+00
2.820000000000000000e+02 1.545630000000000059e+01 7.331319999999999837e+00 0.000000000000000000e+00
2.830000000000000000e+02 1.351343999999999923e+01 8.142960000000000420e+00 0.000000000000000000e+00
2.840000000000000000e+02 1.243139000000000038e+01 9.891059999999999519e+00 0.000000000000000000e+00
2.850000000000000000e+02 1.449333999999999989e+01 1.004216000000000086e+01 0.000000000000000000e+00
2.860000000000000000e+02 1.330239000000000082e+01 1.177999999999999936e+01 0.000000000000000000e+00
2.870000000000000000e+02 1.209071999999999925e+01 1.386274000000000051e+01 0.000000000000000000e+00
2.880000000000000000e+02 1.417517999999999923e+01 -1.383628000000000036e+01 0.000000000000000000e+00
2.890000000000000000e+02 1.481625000000000014e+01 -1.187725999999999971e+01 0.000000000000000000e+00
2.900000000000000000e+02 1.517661999999999978e+01 -9.632369999999999877e+00 0.000000000000000000e+00
2.910000000000000000e+02 1.707505000000000095e+01 -8.781439999999999912e+00 0.000000000000000000e+00
2.920000000000000000e+02 1.527790000000000070e+01 -7.488290000000000113e+00 0.000000000000000000e+00
2.930000000000000000e+02 1.728173999999999921e+01 -6.702919999999999767e+00 0.000000000000000000e+00
2.940000000000000000e+02 1.762414000000000058e+01 -4.555889999999999773e+00 0.000000000000000000e+00
2.950000000000000000e+02 1.790472000000000108e+01 -2.342470000000000052e+00 0.000000000000000000e+00
2.960000000000000000e+02 1.816682000000000130e+01 3.248000000000000193e-02 0.000000000000000000e+00
2.970000000000000000e+02 1.979542000000000002e+01 1.375469999999999970e+00 0.000000000000000000e+00
2.980000000000000000e+02 1.820564999999999856e+01 2.786350000000000104e+00 0.000000000000000000e+00
2.990000000000000000e+02 1.638182000000000116e+01 3.747050000000000214e+00 0.000000000000000000e+00
