0.000000000000000000e+00 -1.370368000000000031e+01 -1.435821999999999932e+01 0.000000000000000000e+00
1.000000000000000000e+00 -1.472292000000000023e+01 -1.102373000000000047e+01 0.000000000000000000e+00
2.000000000000000000e+00 -1.657160000000000011e+01 -9.823919999999999320e+00 0.000000000000000000e+00
3.000000000000000000e+00 -1.807779000000000025e+01 -6.245359999999999800e+00 0.000000000000000000e+00
4.000000000000000000e+00 -1.759306000000000125e+01 -4.049260000000000304e+00 0.000000000000000000e+00
5.000000000000000000e+00 -1.926582000000000150e+01 -2.709690000000000154e+00 0.000000000000000000e+00
6.000000000000000000e+00 -1.730492999999999881e+01 -1.707310000000000105e+00 0.000000000000000000e+00
7.000000000000000000e+00 -1.890143000000000129e+01 -1.837100000000000122e-01 0.000000000000000000e+00
8.000000000000000000e+00 -1.686016000000000048e+01 4.799300000000000233e-01 0.000000000000000000e+00
9.000000000000000000e+00 -2.016929999999999978e+01 3.454200000000000159e+00 0.000000000000000000e+00
1.000000000000000000e+01 -1.850525999999999982e+01 1.842519999999999936e+00 0.000000000000000000e+00
1.100000000000000000e+01 -1.801776999999999873e+01 4.245989999999999931e+00 0.000000000000000000e+00
1.200000000000000000e+01 -1.718868000000000151e+01 6.901570000000000427e+00 0.000000000000000000e+00
1.300000000000000000e+01 -1.911973000000000056e+01 6.140789999999999971e+00 0.000000000000000000e+00
1.400000000000000000e+01 -1.873582999999999998e+01 8.954319999999999169e+00 0.000000000000000000e+00
1.500000000000000000e+01 -1.661102999999999952e+01 9.208849999999999980e+00 0.000000000000000000e+00
1.600000000000000000e+01 -1.581315999999999988e+01 1.119491999999999976e+01 0.000000000000000000e+00
1.700000000000000000e+01 -1.320684999999999931e+01 1.391464000000000034e+01 0.000000000000000000e+00
1.800000000000000000e+01 -1.203528999999999982e+01 -1.559169999999999945e+01 0.000000000000000000e+00
1.900000000000000000e+01 -1.305251999999999946e+01 -1.234484999999999921e+01 0.000000000000000000e+00
2.000000000000000000e+01 -1.458350000000000080e+01 -8.821930000000000049e+00 0.000000000000000000e+00
2.100000000000000000e+01 -1.631624000000000052e+01 -7.625070000000000014e+00 0.000000000000000000e+00
2.200000000000000000e+01 -1.586485000000000056e+01 -5.233760000000000190e+00 0.000000000000000000e+00
2.300000000000000000e+01 -1.570166000000000039e+01 -3.125799999999999912e+00 0.000000000000000000e+00
2.400000000000000000e+01 -1.366937000000000069e+01 -2.324920000000000098e+00 0.000000000000000000e+00
2.500000000000000000e+01 -1.534703000000000017e+01 -9.966399999999999704e-01 0.000000000000000000e+00
2.600000000000000000e+01 -1.330645999999999951e+01 -2.452499999999999958e-01 0.000000000000000000e+00
2.700000000000000000e+01 -1.493008000000000024e+01 1.201589999999999936e+00 0.000000000000000000e+00
2.800000000000000000e+01 -1.648881000000000085e+01 2.609519999999999840e+00 0.000000000000000000e+00
2.900000000000000000e+01 -1.596687999999999974e+01 4.866920000000000357e+00 0.000000000000000000e+00
3.000000000000000000e+01 -1.393717000000000006e+01 5.628359999999999808e+00 0.000000000000000000e+00
3.100000000000000000e+01 -1.315446999999999989e+01 7.866050000000000431e+00 0.000000000000000000e+00
3.200000000000000000e+01 -1.523404000000000025e+01 7.558480000000000310e+00 0.000000000000000000e+00
3.300000000000000000e+01 -1.438537999999999961e+01 9.591549999999999798e+00 0.000000000000000000e+00
3.400000000000000000e+01 -1.387560000000000038e+01 1.187369999999999948e+01 0.000000000000000000e+00
3.500000000000000000e+01 -1.224352000000000018e+01 1.598658999999999963e+01 0.000000000000000000e+00
3.600000000000000000e+01 -9.812239999999999185e+00 -1.502256999999999998e+01 0.000000000000000000e+00
3.700000000000000000e+01 -1.136280999999999963e+01 -1.354068999999999967e+01 0.000000000000000000e+00
3.800000000000000000e+01 -1.280297999999999981e+01 -1.023770999999999987e+01 0.000000000000000000e+00
3.900000000000000000e+01 -1.257502000000000031e+01 -8.060389999999999944e+00 0.000000000000000000e+00
4.000000000000000000e+01 -1.426693000000000033e+01 -6.748020000000000351e+00 0.000000000000000000e+00
4.100000000000000000e+01 -1.391122999999999976e+01 -4.609149999999999636e+00 0.000000000000000000e+00
4.200000000000000000e+01 -1.188536000000000037e+01 -3.786449999999999871e+00 0.000000000000000000e+00
4.300000000000000000e+01 -1.157792000000000066e+01 -1.705270000000000064e+00 0.000000000000000000e+00
4.400000000000000000e+01 -1.123010000000000019e+01 4.142600000000000171e-01 0.000000000000000000e+00
4.500000000000000000e+01 -1.291893999999999920e+01 1.812659999999999938e+00 0.000000000000000000e+00
4.600000000000000000e+01 -1.446789000000000058e+01 3.215570000000000039e+00 0.000000000000000000e+00
4.700000000000000000e+01 -1.236520999999999937e+01 4.082559999999999967e+00 0.000000000000000000e+00
4.800000000000000000e+01 -1.171453999999999951e+01 6.328669999999999796e+00 0.000000000000000000e+00
4.900000000000000000e+01 -1.117336000000000062e+01 8.530749999999999389e+00 0.000000000000000000e+00
5.000000000000000000e+01 -1.235420000000000051e+01 1.036041999999999952e+01 0.000000000000000000e+00
5.100000000000000000e+01 -1.175830000000000020e+01 1.233445000000000036e+01 0.000000000000000000e+00
5.200000000000000000e+01 -1.100051000000000023e+01 1.427893000000000079e+01 0.000000000000000000e+00
5.300000000000000000e+01 -1.017450999999999972e+01 1.622383999999999915e+01 0.000000000000000000e+00
5.400000000000000000e+01 -7.913230000000000430e+00 -1.629322000000000159e+01 0.000000000000000000e+00
5.500000000000000000e+01 -9.378880000000000550e+00 -1.293284000000000056e+01 0.000000000000000000e+00
5.600000000000000000e+01 -1.093603000000000058e+01 -1.138893000000000022e+01 0.000000000000000000e+00
5.700000000000000000e+01 -1.083749000000000073e+01 -9.321960000000000690e+00 0.000000000000000000e+00
5.800000000000000000e+01 -1.057371000000000016e+01 -7.210169999999999746e+00 0.000000000000000000e+00
5.900000000000000000e+01 -1.224239000000000033e+01 -5.945549999999999891e+00 0.000000000000000000e+00
6.000000000000000000e+01 -1.005812000000000062e+01 -5.139160000000000394e+00 0.000000000000000000e+00
6.100000000000000000e+01 -9.965540000000000731e+00 -3.030499999999999972e+00 0.000000000000000000e+00
6.200000000000000000e+01 -9.628320000000000434e+00 -9.297900000000000054e-01 0.000000000000000000e+00
6.300000000000000000e+01 -9.226169999999999760e+00 1.125410000000000021e+00 0.000000000000000000e+00
6.400000000000000000e+01 -1.088982999999999990e+01 2.479830000000000201e+00 0.000000000000000000e+00
6.500000000000000000e+01 -1.034978000000000087e+01 4.756149999999999878e+00 0.000000000000000000e+00
6.600000000000000000e+01 -9.710720000000000240e+00 7.059680000000000177e+00 0.000000000000000000e+00
6.700000000000000000e+01 -8.996710000000000207e+00 9.029170000000000584e+00 0.000000000000000000e+00
6.800000000000000000e+01 -1.026423999999999914e+01 1.067497000000000007e+01 0.000000000000000000e+00
6.900000000000000000e+01 -9.519560000000000244e+00 1.261809000000000047e+01 0.000000000000000000e+00
7.000000000000000000e+01 -8.808020000000000849e+00 1.454914999999999914e+01 0.000000000000000000e+00
7.100000000000000000e+01 -7.919190000000000396e+00 1.669021000000000043e+01 0.000000000000000000e+00
7.200000000000000000e+01 -6.289769999999999861e+00 -1.773834000000000088e+01 0.000000000000000000e+00
7.300000000000000000e+01 -7.648900000000000254e+00 -1.411973000000000056e+01 0.000000000000000000e+00
7.400000000000000000e+01 -7.327009999999999579e+00 -1.207864000000000004e+01 0.000000000000000000e+00
7.500000000000000000e+01 -8.945819999999999439e+00 -1.062373999999999974e+01 0.000000000000000000e+00
7.600000000000000000e+01 -8.755190000000000694e+00 -8.542210000000000747e+00 0.000000000000000000e+00
7.700000000000000000e+01 -8.426429999999999865e+00 -6.481959999999999944e+00 0.000000000000000000e+00
7.800000000000000000e+01 -8.129949999999999122e+00 -4.411950000000000038e+00 0.000000000000000000e+00
7.900000000000000000e+01 -7.969979999999999620e+00 -2.341009999999999813e+00 0.000000000000000000e+00
8.000000000000000000e+01 -7.635290000000000354e+00 -2.659299999999999997e-01 0.000000000000000000e+00
8.100000000000000000e+01 -7.193719999999999892e+00 1.783749999999999947e+00 0.000000000000000000e+00
8.200000000000000000e+01 -8.936159999999999215e+00 3.195870000000000211e+00 0.000000000000000000e+00
8.300000000000000000e+01 -7.011750000000000149e+00 3.901780000000000026e+00 0.000000000000000000e+00
8.400000000000000000e+01 -8.330640000000000711e+00 5.525940000000000296e+00 0.000000000000000000e+00
8.500000000000000000e+01 -7.564390000000000391e+00 7.470309999999999562e+00 0.000000000000000000e+00
8.600000000000000000e+01 -8.076069999999999638e+00 1.105462999999999951e+01 0.000000000000000000e+00
8.700000000000000000e+01 -7.366769999999999818e+00 1.304884000000000022e+01 0.000000000000000000e+00
8.800000000000000000e+01 -6.546789999999999665e+00 1.496315000000000062e+01 0.000000000000000000e+00
8.900000000000000000e+01 -5.829729999999999634e+00 1.691441000000000017e+01 0.000000000000000000e+00
9.000000000000000000e+01 -2.572210000000000107e+00 -1.797764000000000095e+01 0.000000000000000000e+00
9.100000000000000000e+01 -5.990020000000000344e+00 -1.536131999999999920e+01 0.000000000000000000e+00
9.200000000000000000e+01 -5.656880000000000130e+00 -1.331758999999999915e+01 0.000000000000000000e+00
9.300000000000000000e+01 -5.462489999999999846e+00 -1.112977000000000061e+01 0.000000000000000000e+00
9.400000000000000000e+01 -7.068749999999999645e+00 -9.748829999999999885e+00 0.000000000000000000e+00
9.500000000000000000e+01 -6.671230000000000437e+00 -7.707290000000000418e+00 0.000000000000000000e+00
9.600000000000000000e+01 -6.405969999999999942e+00 -5.657250000000000334e+00 0.000000000000000000e+00
9.700000000000000000e+01 -6.137129999999999974e+00 -3.551769999999999872e+00 0.000000000000000000e+00
9.800000000000000000e+01 -5.879190000000000360e+00 -1.491670000000000051e+00 0.000000000000000000e+00
9.900000000000000000e+01 -5.514719999999999622e+00 5.700899999999999856e-01 0.000000000000000000e+00
1.000000000000000000e+02 -5.308749999999999858e+00 2.650360000000000049e+00 0.000000000000000000e+00
1.010000000000000000e+02 -3.448170000000000179e+00 3.562809999999999810e+00 0.000000000000000000e+00
1.020000000000000000e+02 -6.297310000000000407e+00 5.827560000000000073e+00 0.000000000000000000e+00
1.030000000000000000e+02 -6.766820000000000057e+00 9.383089999999999264e+00 0.000000000000000000e+00
1.040000000000000000e+02 -5.976140000000000008e+00 1.132141999999999982e+01 0.000000000000000000e+00
1.050000000000000000e+02 -5.216730000000000089e+00 1.329814000000000007e+01 0.000000000000000000e+00
1.060000000000000000e+02 -4.395010000000000083e+00 1.534975000000000023e+01 0.000000000000000000e+00
1.070000000000000000e+02 -5.169209999999999638e+00 1.901736000000000004e+01 0.000000000000000000e+00
1.080000000000000000e+02 -4.200499999999999901e+00 -1.656295000000000073e+01 0.000000000000000000e+00
1.090000000000000000e+02 -3.896319999999999784e+00 -1.443418999999999919e+01 0.000000000000000000e+00
1.100000000000000000e+02 -3.774630000000000152e+00 -1.234314000000000000e+01 0.000000000000000000e+00
1.110000000000000000e+02 -3.316899999999999959e+00 -1.030921999999999983e+01 0.000000000000000000e+00
1.120000000000000000e+02 -4.969020000000000437e+00 -9.061299999999999244e+00 0.000000000000000000e+00
1.130000000000000000e+02 -4.728279999999999816e+00 -6.914170000000000371e+00 0.000000000000000000e+00
1.140000000000000000e+02 -2.794360000000000177e+00 -6.033229999999999649e+00 0.000000000000000000e+00
1.150000000000000000e+02 -4.510159999999999947e+00 -4.839419999999999611e+00 0.000000000000000000e+00
1.160000000000000000e+02 -4.173399999999999999e+00 -2.799030000000000129e+00 0.000000000000000000e+00
1.170000000000000000e+02 -3.849580000000000002e+00 -6.397300000000000209e-01 0.000000000000000000e+00
1.180000000000000000e+02 -3.590090000000000003e+00 1.490369999999999973e+00 0.000000000000000000e+00
1.190000000000000000e+02 -4.229390000000000427e+00 5.652110000000000412e+00 0.000000000000000000e+00
1.200000000000000000e+02 -5.413450000000000095e+00 7.682559999999999611e+00 0.000000000000000000e+00
1.210000000000000000e+02 -3.354190000000000005e+00 7.984490000000000087e+00 0.000000000000000000e+00
1.220000000000000000e+02 -4.707440000000000069e+00 9.667799999999999727e+00 0.000000000000000000e+00
1.230000000000000000e+02 -3.923010000000000108e+00 1.161973000000000056e+01 0.000000000000000000e+00
1.240000000000000000e+02 -3.155959999999999877e+00 1.358639999999999937e+01 0.000000000000000000e+00
1.250000000000000000e+02 -3.770640000000000214e+00 1.732719000000000165e+01 0.000000000000000000e+00
1.260000000000000000e+02 -6.441299999999999804e-01 -1.911402000000000001e+01 0.000000000000000000e+00
1.270000000000000000e+02 -2.237359999999999793e+00 -1.566339999999999932e+01 0.000000000000000000e+00
1.280000000000000000e+02 -1.955889999999999906e+00 -1.361419000000000068e+01 0.000000000000000000e+00
1.290000000000000000e+02 -1.628160000000000052e+00 -1.158535999999999966e+01 0.000000000000000000e+00
1.300000000000000000e+02 -1.401739999999999986e+00 -9.495010000000000616e+00 0.000000000000000000e+00
1.310000000000000000e+02 -3.074110000000000120e+00 -8.136960000000000193e+00 0.000000000000000000e+00
1.320000000000000000e+02 -7.769300000000000095e-01 -5.248730000000000118e+00 0.000000000000000000e+00
1.330000000000000000e+02 -2.442429999999999879e+00 -3.962419999999999831e+00 0.000000000000000000e+00
1.340000000000000000e+02 -2.198999999999999844e+00 -1.871189999999999909e+00 0.000000000000000000e+00
1.350000000000000000e+02 -1.955710000000000059e+00 1.896799999999999875e-01 0.000000000000000000e+00
1.360000000000000000e+02 -1.671570000000000000e+00 2.282129999999999992e+00 0.000000000000000000e+00
1.370000000000000000e+02 -1.487849999999999895e+00 4.358679999999999666e+00 0.000000000000000000e+00
1.380000000000000000e+02 -1.947049999999999947e+00 6.367580000000000240e+00 0.000000000000000000e+00
1.390000000000000000e+02 -1.289309999999999956e+00 8.331509999999999749e+00 0.000000000000000000e+00
1.400000000000000000e+02 -2.626860000000000195e+00 1.000207999999999942e+01 0.000000000000000000e+00
1.410000000000000000e+02 -1.857259999999999911e+00 1.194242999999999988e+01 0.000000000000000000e+00
1.420000000000000000e+02 -2.333169999999999966e+00 1.561899000000000015e+01 0.000000000000000000e+00
1.430000000000000000e+02 -1.692050000000000054e+00 1.762941999999999965e+01 0.000000000000000000e+00
1.440000000000000000e+02 -2.835900000000000087e-01 -1.701324999999999932e+01 0.000000000000000000e+00
1.450000000000000000e+02 -8.287999999999999534e-02 -1.473986999999999981e+01 0.000000000000000000e+00
1.460000000000000000e+02 1.395899999999999919e-01 -1.268370999999999960e+01 0.000000000000000000e+00
1.470000000000000000e+02 3.843900000000000095e-01 -1.058422999999999981e+01 0.000000000000000000e+00
1.480000000000000000e+02 6.611900000000000555e-01 -8.496150000000000091e+00 0.000000000000000000e+00
1.490000000000000000e+02 2.641389999999999905e+00 -7.631170000000000009e+00 0.000000000000000000e+00
1.500000000000000000e+02 -1.096530000000000005e+00 -7.430620000000000225e+00 0.000000000000000000e+00
1.510000000000000000e+02 -5.155499999999999527e-01 -3.150150000000000006e+00 0.000000000000000000e+00
1.520000000000000000e+02 -2.552099999999999924e-01 -9.869900000000000340e-01 0.000000000000000000e+00
1.530000000000000000e+02 1.127000000000000050e-02 1.071960000000000024e+00 0.000000000000000000e+00
1.540000000000000000e+02 2.190799999999999970e-01 3.141410000000000036e+00 0.000000000000000000e+00
1.550000000000000000e+02 2.045160000000000089e+00 4.098559999999999981e+00 0.000000000000000000e+00
1.560000000000000000e+02 3.460500000000000242e-01 5.426379999999999981e+00 0.000000000000000000e+00
1.570000000000000000e+02 6.903000000000000247e-01 7.650890000000000413e+00 0.000000000000000000e+00
1.580000000000000000e+02 -5.841399999999999926e-01 1.029471999999999987e+01 0.000000000000000000e+00
1.590000000000000000e+02 2.166200000000000070e-01 1.222245999999999988e+01 0.000000000000000000e+00
1.600000000000000000e+02 -1.010520000000000085e+00 1.395082999999999984e+01 0.000000000000000000e+00
1.610000000000000000e+02 -2.643599999999999839e-01 1.601611000000000118e+01 0.000000000000000000e+00
1.620000000000000000e+02 1.477130000000000054e+00 -1.855727999999999867e+01 0.000000000000000000e+00
1.630000000000000000e+02 1.541560000000000041e+00 -1.605388999999999911e+01 0.000000000000000000e+00
1.640000000000000000e+02 1.827250000000000041e+00 -1.393487000000000009e+01 0.000000000000000000e+00
1.650000000000000000e+02 2.123089999999999922e+00 -1.182839000000000063e+01 0.000000000000000000e+00
1.660000000000000000e+02 2.375309999999999810e+00 -9.717079999999999274e+00 0.000000000000000000e+00
1.670000000000000000e+02 9.412099999999999911e-01 -6.433740000000000236e+00 0.000000000000000000e+00
1.680000000000000000e+02 1.199959999999999916e+00 -4.310380000000000322e+00 0.000000000000000000e+00
1.690000000000000000e+02 3.158180000000000209e+00 -3.462299999999999933e+00 0.000000000000000000e+00
1.700000000000000000e+02 1.401529999999999943e+00 -2.238449999999999829e+00 0.000000000000000000e+00
1.710000000000000000e+02 1.654560000000000031e+00 -1.837499999999999967e-01 0.000000000000000000e+00
1.720000000000000000e+02 1.936690000000000023e+00 1.956939999999999902e+00 0.000000000000000000e+00
1.730000000000000000e+02 3.966270000000000184e+00 4.865420000000000300e+00 0.000000000000000000e+00
1.740000000000000000e+02 2.255320000000000213e+00 6.228250000000000064e+00 0.000000000000000000e+00
1.750000000000000000e+02 2.717039999999999900e+00 8.318979999999999819e+00 0.000000000000000000e+00
1.760000000000000000e+02 1.478180000000000049e+00 1.002871999999999986e+01 0.000000000000000000e+00
1.770000000000000000e+02 2.228549999999999809e+00 1.268959000000000081e+01 0.000000000000000000e+00
1.780000000000000000e+02 1.222860000000000058e+00 1.450028999999999968e+01 0.000000000000000000e+00
1.790000000000000000e+02 -1.315399999999999903e+00 1.965981999999999985e+01 0.000000000000000000e+00
1.800000000000000000e+02 3.273550000000000182e+00 -1.743883999999999901e+01 0.000000000000000000e+00
1.810000000000000000e+02 3.453479999999999883e+00 -1.524962999999999980e+01 0.000000000000000000e+00
1.820000000000000000e+02 3.723700000000000010e+00 -1.313737000000000066e+01 0.000000000000000000e+00
1.830000000000000000e+02 4.014100000000000001e+00 -1.099460000000000015e+01 0.000000000000000000e+00
1.840000000000000000e+02 4.265299999999999869e+00 -8.918210000000000193e+00 0.000000000000000000e+00
1.850000000000000000e+02 4.558639999999999581e+00 -6.830940000000000012e+00 0.000000000000000000e+00
1.860000000000000000e+02 2.852399999999999824e+00 -5.558530000000000193e+00 0.000000000000000000e+00
1.870000000000000000e+02 5.067109999999999559e+00 -2.645750000000000046e+00 0.000000000000000000e+00
1.880000000000000000e+02 3.376510000000000122e+00 -1.394009999999999971e+00 0.000000000000000000e+00
1.890000000000000000e+02 3.554949999999999832e+00 6.686800000000000521e-01 0.000000000000000000e+00
1.900000000000000000e+02 3.856419999999999959e+00 2.705119999999999969e+00 0.000000000000000000e+00
1.910000000000000000e+02 6.104870000000000019e+00 5.689129999999999576e+00 0.000000000000000000e+00
1.920000000000000000e+02 4.360339999999999883e+00 6.926820000000000199e+00 0.000000000000000000e+00
1.930000000000000000e+02 4.630869999999999820e+00 9.082839999999999137e+00 0.000000000000000000e+00
1.940000000000000000e+02 3.386050000000000004e+00 1.082093000000000060e+01 0.000000000000000000e+00
1.950000000000000000e+02 4.320039999999999658e+00 1.267392000000000074e+01 0.000000000000000000e+00
1.960000000000000000e+02 2.475119999999999987e+00 1.654015000000000057e+01 0.000000000000000000e+00
1.970000000000000000e+02 4.448199999999999932e-01 1.804013000000000133e+01 0.000000000000000000e+00
1.980000000000000000e+02 5.160300000000000331e+00 -1.651789000000000129e+01 0.000000000000000000e+00
1.990000000000000000e+02 5.512279999999999625e+00 -1.432042999999999999e+01 0.000000000000000000e+00
2.000000000000000000e+02 5.685039999999999871e+00 -1.225141999999999953e+01 0.000000000000000000e+00
2.010000000000000000e+02 5.963709999999999845e+00 -1.014612999999999943e+01 0.000000000000000000e+00
2.020000000000000000e+02 6.252839999999999954e+00 -8.072720000000000340e+00 0.000000000000000000e+00
2.030000000000000000e+02 6.495750000000000135e+00 -5.962740000000000151e+00 0.000000000000000000e+00
2.040000000000000000e+02 4.840790000000000148e+00 -4.740230000000000388e+00 0.000000000000000000e+00
2.050000000000000000e+02 5.327740000000000364e+00 -5.554499999999999993e-01 0.000000000000000000e+00
2.060000000000000000e+02 7.260570000000000412e+00 2.841600000000000237e-01 0.000000000000000000e+00
2.070000000000000000e+02 5.545819999999999972e+00 1.503169999999999895e+00 0.000000000000000000e+00
2.080000000000000000e+02 5.723659999999999748e+00 3.666529999999999845e+00 0.000000000000000000e+00
2.090000000000000000e+02 7.915239999999999831e+00 4.532829999999999693e+00 0.000000000000000000e+00
2.100000000000000000e+02 8.024839999999999307e+00 6.615499999999999936e+00 0.000000000000000000e+00
2.110000000000000000e+02 6.378449999999999953e+00 7.885340000000000238e+00 0.000000000000000000e+00
2.120000000000000000e+02 5.560670000000000002e+00 1.100192000000000014e+01 0.000000000000000000e+00
2.130000000000000000e+02 3.446569999999999911e+00 1.461337999999999937e+01 0.000000000000000000e+00
2.140000000000000000e+02 4.760080000000000311e+00 1.816554000000000002e+01 0.000000000000000000e+00
2.150000000000000000e+02 2.527379999999999960e+00 1.864125999999999905e+01 0.000000000000000000e+00
2.160000000000000000e+02 5.690549999999999997e+00 -1.886718000000000117e+01 0.000000000000000000e+00
2.170000000000000000e+02 7.178840000000000110e+00 -1.561630000000000074e+01 0.000000000000000000e+00
2.180000000000000000e+02 7.550510000000000055e+00 -1.351242000000000054e+01 0.000000000000000000e+00
2.190000000000000000e+02 7.617960000000000065e+00 -1.142159999999999975e+01 0.000000000000000000e+00
2.200000000000000000e+02 7.899020000000000152e+00 -9.332580000000000098e+00 0.000000000000000000e+00
2.210000000000000000e+02 8.211710000000000065e+00 -7.280310000000000059e+00 0.000000000000000000e+00
2.220000000000000000e+02 8.462040000000000006e+00 -5.155400000000000205e+00 0.000000000000000000e+00
2.230000000000000000e+02 6.777689999999999770e+00 -3.898730000000000029e+00 0.000000000000000000e+00
2.240000000000000000e+02 7.013410000000000366e+00 -1.827639999999999931e+00 0.000000000000000000e+00
2.250000000000000000e+02 9.218209999999999127e+00 1.076429999999999998e+00 0.000000000000000000e+00
2.260000000000000000e+02 7.523649999999999949e+00 2.355350000000000055e+00 0.000000000000000000e+00
2.270000000000000000e+02 9.456970000000000098e+00 3.143489999999999895e+00 0.000000000000000000e+00
2.280000000000000000e+02 9.853139999999999787e+00 5.405420000000000336e+00 0.000000000000000000e+00
2.290000000000000000e+02 8.278700000000000614e+00 8.685280000000000555e+00 0.000000000000000000e+00
2.300000000000000000e+02 7.664390000000000036e+00 1.071423000000000059e+01 0.000000000000000000e+00
2.310000000000000000e+02 7.660099999999999909e+00 1.286625000000000085e+01 0.000000000000000000e+00
2.320000000000000000e+02 5.829920000000000435e+00 1.409562999999999988e+01 0.000000000000000000e+00
2.330000000000000000e+02 4.940229999999999677e+00 1.602149999999999963e+01 0.000000000000000000e+00
2.340000000000000000e+02 8.740349999999999397e+00 -1.697409999999999997e+01 0.000000000000000000e+00
2.350000000000000000e+02 9.121689999999999188e+00 -1.490930000000000000e+01 0.000000000000000000e+00
2.360000000000000000e+02 9.533810000000000784e+00 -1.285017000000000031e+01 0.000000000000000000e+00
2.370000000000000000e+02 9.544589999999999463e+00 -1.060492999999999952e+01 0.000000000000000000e+00
2.380000000000000000e+02 9.837759999999999394e+00 -8.545049999999999812e+00 0.000000000000000000e+00
2.390000000000000000e+02 1.013937999999999917e+01 -6.475179999999999936e+00 0.000000000000000000e+00
2.400000000000000000e+02 1.037561000000000000e+01 -4.299339999999999939e+00 0.000000000000000000e+00
2.410000000000000000e+02 8.667070000000000718e+00 -3.067279999999999784e+00 0.000000000000000000e+00
2.420000000000000000e+02 8.906140000000000612e+00 -1.001689999999999969e+00 0.000000000000000000e+00
2.430000000000000000e+02 1.090090000000000003e+01 -1.360099999999999920e-01 0.000000000000000000e+00
2.440000000000000000e+02 1.116047000000000011e+01 1.987309999999999910e+00 0.000000000000000000e+00
2.450000000000000000e+02 1.149938000000000038e+01 4.092270000000000074e+00 0.000000000000000000e+00
2.460000000000000000e+02 1.007435000000000080e+01 7.533459999999999823e+00 0.000000000000000000e+00
2.470000000000000000e+02 1.017543000000000042e+01 9.745499999999999829e+00 0.000000000000000000e+00
2.480000000000000000e+02 9.468500000000000583e+00 1.172685000000000066e+01 0.000000000000000000e+00
2.490000000000000000e+02 9.555590000000000472e+00 1.383866000000000085e+01 0.000000000000000000e+00
2.500000000000000000e+02 7.839819999999999567e+00 1.503434000000000026e+01 0.000000000000000000e+00
2.510000000000000000e+02 7.535529999999999617e+00 1.747976999999999848e+01 0.000000000000000000e+00
2.520000000000000000e+02 1.074986999999999959e+01 -1.625748000000000104e+01 0.000000000000000000e+00
2.530000000000000000e+02 1.116006999999999927e+01 -1.416478000000000037e+01 0.000000000000000000e+00
2.540000000000000000e+02 1.140623000000000076e+01 -1.195772999999999975e+01 0.000000000000000000e+00
2.550000000000000000e+02 1.147045999999999921e+01 -9.835440000000000182e+00 0.000000000000000000e+00
2.560000000000000000e+02 1.179856000000000016e+01 -7.780310000000000059e+00 0.000000000000000000e+00
2.570000000000000000e+02 1.202814000000000050e+01 -5.557010000000000005e+00 0.000000000000000000e+00
2.580000000000000000e+02 1.237318999999999924e+01 -3.382600000000000051e+00 0.000000000000000000e+00
2.590000000000000000e+02 1.062613999999999947e+01 -2.225000000000000089e+00 0.000000000000000000e+00
2.600000000000000000e+02 1.288489000000000040e+01 7.282600000000000184e-01 0.000000000000000000e+00
2.610000000000000000e+02 1.314658000000000015e+01 2.804850000000000065e+00 0.000000000000000000e+00
2.620000000000000000e+02 1.355631999999999948e+01 4.930970000000000297e+00 0.000000000000000000e+00
2.630000000000000000e+02 1.544586999999999932e+01 6.050130000000000230e+00 0.000000000000000000e+00
2.640000000000000000e+02 1.176329999999999920e+01 6.269459999999999589e+00 0.000000000000000000e+00
2.650000000000000000e+02 1.186548999999999943e+01 8.520979999999999777e+00 0.000000000000000000e+00
2.660000000000000000e+02 1.223931999999999931e+01 1.073128999999999955e+01 0.000000000000000000e+00
2.670000000000000000e+02 1.131466999999999956e+01 1.271498000000000062e+01 0.000000000000000000e+00
2.680000000000000000e+02 1.164047000000000054e+01 1.480535000000000068e+01 0.000000000000000000e+00
2.690000000000000000e+02 9.761459999999999582e+00 1.590470000000000006e+01 0.000000000000000000e+00
2.700000000000000000e+02 1.307070000000000043e+01 -1.326009999999999955e+01 0.000000000000000000e+00
2.710000000000000000e+02 1.331677999999999962e+01 -1.111232000000000042e+01 0.000000000000000000e+00
2.720000000000000000e+02 1.355081000000000024e+01 -9.059739999999999682e+00 0.000000000000000000e+00
2.730000000000000000e+02 1.554928999999999917e+01 -8.160050000000000026e+00 0.000000000000000000e+00
2.740000000000000000e+02 1.386575000000000024e+01 -6.844380000000000130e+00 0.000000000000000000e+00
2.750000000000000000e+02 1.406497000000000064e+01 -4.702390000000000292e+00 0.000000000000000000e+00
2.760000000000000000e+02 1.436454999999999949e+01 -2.613910000000000178e+00 0.000000000000000000e+00
2.770000000000000000e+02 1.271862999999999921e+01 -1.346919999999999895e+00 0.000000000000000000e+00
2.780000000000000000e+02 1.474483000000000033e+01 -5.374299999999999633e-01 0.000000000000000000e+00
2.790000000000000000e+02 1.484429000000000087e+01 1.564170000000000060e+00 0.000000000000000000e+00
2.800000000000000000e+02 1.546771999999999991e+01 3.925289999999999946e+00 0.000000000000000000e+00
2.810000000000000000e+02 1.729617000000000004e+01 4.954760000000000275e+00 0.000000000000000000e+00
2.820000000000000000e+02 1.727124999999999844e+01 7.015450000000000408e+00 0.000000000000000000e+00
2.830000000000000000e+02 1.359448000000000079e+01 7.207340000000000302e+00 0.000000000000000000e+00
2.840000000000000000e+02 1.378330000000000055e+01 9.345129999999999271e+00 0.000000000000000000e+00
2.850000000000000000e+02 1.546216000000000079e+01 8.137309999999999377e+00 0.000000000000000000e+00
2.860000000000000000e+02 1.540182000000000073e+01 1.124690999999999974e+01 0.000000000000000000e+00
2.870000000000000000e+02 1.363841999999999999e+01 1.246601000000000070e+01 0.000000000000000000e+00
2.880000000000000000e+02 1.505561999999999934e+01 -1.248775000000000013e+01 0.000000000000000000e+00
2.890000000000000000e+02 1.528204000000000029e+01 -1.023511000000000060e+01 0.000000000000000000e+00
2.900000000000000000e+02 1.758881999999999834e+01 -7.696489999999999831e+00 0.000000000000000000e+00
2.910000000000000000e+02 1.778613000000000000e+01 -5.178860000000000241e+00 0.000000000000000000e+00
2.920000000000000000e+02 1.579562999999999917e+01 -6.053189999999999849e+00 0.000000000000000000e+00
2.930000000000000000e+02 1.600146000000000157e+01 -3.940939999999999888e+00 0.000000000000000000e+00
2.940000000000000000e+02 1.818279000000000067e+01 -2.794729999999999936e+00 0.000000000000000000e+00
2.950000000000000000e+02 1.633200000000000074e+01 -1.858500000000000041e+00 0.000000000000000000e+00
2.960000000000000000e+02 1.668184000000000111e+01 3.176700000000000079e-01 0.000000000000000000e+00
2.970000000000000000e+02 1.880308000000000135e+01 1.205089999999999995e+00 0.000000000000000000e+00
2.980000000000000000e+02 1.690771000000000157e+01 2.391649999999999832e+00 0.000000000000000000e+00
2.990000000000000000e+02 1.873969999999999914e+01 3.359269999999999978e+00 0.000000000000000000e+00
