0.000000000000000000e+00 -1.108661999999999992e+01 -1.465991999999999962e+01 0.000000000000000000e+00
1.000000000000000000e+00 -1.237137000000000064e+01 -1.303494000000000064e+01 0.000000000000000000e+00
2.000000000000000000e+00 -1.413903999999999961e+01 -1.183596999999999966e+01 0.000000000000000000e+00
3.000000000000000000e+00 -1.694809000000000054e+01 -8.455579999999999430e+00 0.000000000000000000e+00
4.000000000000000000e+00 -1.854673000000000016e+01 -7.109210000000000029e+00 0.000000000000000000e+00
5.000000000000000000e+00 -1.935998999999999981e+01 -3.602590000000000181e+00 0.000000000000000000e+00
6.000000000000000000e+00 -1.771665000000000134e+01 -4.949790000000000134e+00 0.000000000000000000e+00
7.000000000000000000e+00 -1.867126000000000019e+01 -1.323150000000000048e+00 0.000000000000000000e+00
8.000000000000000000e+00 -1.657546999999999926e+01 -9.465200000000000280e-01 0.000000000000000000e+00
9.000000000000000000e+00 -1.664106999999999914e+01 1.276040000000000063e+00 0.000000000000000000e+00
1.000000000000000000e+01 -1.873458000000000112e+01 1.478490000000000082e+00 0.000000000000000000e+00
1.100000000000000000e+01 -1.730925999999999831e+01 3.408279999999999976e+00 0.000000000000000000e+00
1.200000000000000000e+01 -1.564647000000000077e+01 4.789579999999999949e+00 0.000000000000000000e+00
1.300000000000000000e+01 -1.941159999999999997e+01 3.650300000000000100e+00 0.000000000000000000e+00
1.400000000000000000e+01 -1.643429000000000073e+01 7.002690000000000303e+00 0.000000000000000000e+00
1.500000000000000000e+01 -1.819206000000000145e+01 5.681670000000000442e+00 0.000000000000000000e+00
1.600000000000000000e+01 -1.663094999999999857e+01 9.964750000000000441e+00 0.000000000000000000e+00
1.700000000000000000e+01 -1.365041000000000082e+01 1.311896999999999913e+01 0.000000000000000000e+00
1.800000000000000000e+01 -9.376319999999999766e+00 -1.608795999999999893e+01 0.000000000000000000e+00
1.900000000000000000e+01 -1.016972999999999949e+01 -1.234820000000000029e+01 0.000000000000000000e+00
2.000000000000000000e+01 -1.166836999999999946e+01 -1.092275000000000063e+01 0.000000000000000000e+00
2.100000000000000000e+01 -1.531254999999999988e+01 -1.012035999999999980e+01 0.000000000000000000e+00
2.200000000000000000e+01 -1.487312999999999974e+01 -7.963680000000000092e+00 0.000000000000000000e+00
2.300000000000000000e+01 -1.626942000000000021e+01 -6.454229999999999912e+00 0.000000000000000000e+00
2.400000000000000000e+01 -1.567653999999999925e+01 -4.291199999999999903e+00 0.000000000000000000e+00
2.500000000000000000e+01 -1.728352999999999895e+01 -2.900729999999999809e+00 0.000000000000000000e+00
2.600000000000000000e+01 -1.498254000000000019e+01 -2.309790000000000010e+00 0.000000000000000000e+00
2.700000000000000000e+01 -1.451267999999999958e+01 -8.848000000000000309e-02 0.000000000000000000e+00
2.800000000000000000e+01 -1.519394999999999918e+01 2.754109999999999836e+00 0.000000000000000000e+00
2.900000000000000000e+01 -1.361570000000000036e+01 4.122279999999999944e+00 0.000000000000000000e+00
3.000000000000000000e+01 -1.436924999999999919e+01 6.408430000000000071e+00 0.000000000000000000e+00
3.100000000000000000e+01 -1.269425999999999988e+01 7.611640000000000406e+00 0.000000000000000000e+00
3.200000000000000000e+01 -1.474377999999999922e+01 8.524070000000000036e+00 0.000000000000000000e+00
3.300000000000000000e+01 -1.475707000000000058e+01 1.095405000000000051e+01 0.000000000000000000e+00
3.400000000000000000e+01 -1.139464000000000077e+01 1.390264999999999951e+01 0.000000000000000000e+00
3.500000000000000000e+01 -1.078994999999999926e+01 1.606596000000000046e+01 0.000000000000000000e+00
3.600000000000000000e+01 -7.710689999999999600e+00 -1.740418000000000021e+01 0.000000000000000000e+00
3.700000000000000000e+01 -8.703739999999999810e+00 -1.392994000000000021e+01 0.000000000000000000e+00
3.800000000000000000e+01 -9.568509999999999849e+00 -1.036696000000000062e+01 0.000000000000000000e+00
3.900000000000000000e+01 -1.319380999999999915e+01 -9.474280000000000257e+00 0.000000000000000000e+00
4.000000000000000000e+01 -1.261050000000000004e+01 -7.465770000000000017e+00 0.000000000000000000e+00
4.100000000000000000e+01 -1.417482000000000042e+01 -6.014490000000000336e+00 0.000000000000000000e+00
4.200000000000000000e+01 -1.185285000000000011e+01 -5.371380000000000265e+00 0.000000000000000000e+00
4.300000000000000000e+01 -1.355178000000000083e+01 -3.907869999999999955e+00 0.000000000000000000e+00
4.400000000000000000e+01 -1.289475000000000016e+01 -1.818729999999999958e+00 0.000000000000000000e+00
4.500000000000000000e+01 -1.231462999999999930e+01 1.745200000000000085e-01 0.000000000000000000e+00
4.600000000000000000e+01 -1.318459999999999965e+01 2.101820000000000022e+00 0.000000000000000000e+00
4.700000000000000000e+01 -1.155813999999999986e+01 3.896749999999999936e+00 0.000000000000000000e+00
4.800000000000000000e+01 -1.107924000000000042e+01 6.054190000000000182e+00 0.000000000000000000e+00
4.900000000000000000e+01 -1.075369000000000064e+01 8.358549999999999258e+00 0.000000000000000000e+00
5.000000000000000000e+01 -1.298029999999999973e+01 9.767559999999999576e+00 0.000000000000000000e+00
5.100000000000000000e+01 -1.177539999999999942e+01 1.161780000000000079e+01 0.000000000000000000e+00
5.200000000000000000e+01 -9.410600000000000520e+00 1.451718999999999937e+01 0.000000000000000000e+00
5.300000000000000000e+01 -8.893269999999999342e+00 1.689642999999999873e+01 0.000000000000000000e+00
5.400000000000000000e+01 -5.480509999999999771e+00 -1.672091999999999956e+01 0.000000000000000000e+00
5.500000000000000000e+01 -7.155800000000000161e+00 -1.534520000000000017e+01 0.000000000000000000e+00
5.600000000000000000e+01 -8.033419999999999561e+00 -1.180145000000000088e+01 0.000000000000000000e+00
5.700000000000000000e+01 -1.105061000000000071e+01 -8.884679999999999467e+00 0.000000000000000000e+00
5.800000000000000000e+01 -8.969049999999999301e+00 -8.352259999999999351e+00 0.000000000000000000e+00
5.900000000000000000e+01 -1.044899999999999984e+01 -6.883449999999999847e+00 0.000000000000000000e+00
6.000000000000000000e+01 -9.859460000000000335e+00 -4.810620000000000118e+00 0.000000000000000000e+00
6.100000000000000000e+01 -1.142079999999999984e+01 -3.315389999999999837e+00 0.000000000000000000e+00
6.200000000000000000e+01 -1.085025000000000084e+01 -1.293779999999999930e+00 0.000000000000000000e+00
6.300000000000000000e+01 -1.030274999999999963e+01 6.988600000000000367e-01 0.000000000000000000e+00
6.400000000000000000e+01 -9.878149999999999764e+00 2.716410000000000213e+00 0.000000000000000000e+00
6.500000000000000000e+01 -9.449429999999999552e+00 4.792810000000000237e+00 0.000000000000000000e+00
6.600000000000000000e+01 -9.077230000000000132e+00 6.880069999999999908e+00 0.000000000000000000e+00
6.700000000000000000e+01 -8.558859999999999246e+00 8.899520000000000763e+00 0.000000000000000000e+00
6.800000000000000000e+01 -1.011885000000000012e+01 1.036768000000000001e+01 0.000000000000000000e+00
6.900000000000000000e+01 -9.832890000000000796e+00 1.243572999999999951e+01 0.000000000000000000e+00
7.000000000000000000e+01 -7.260390000000000121e+00 1.524548000000000059e+01 0.000000000000000000e+00
7.100000000000000000e+01 -6.780850000000000044e+00 1.737202999999999875e+01 0.000000000000000000e+00
7.200000000000000000e+01 -3.905390000000000139e+00 -1.820013000000000147e+01 0.000000000000000000e+00
7.300000000000000000e+01 -4.986839999999999939e+00 -1.470115999999999978e+01 0.000000000000000000e+00
7.400000000000000000e+01 -6.566259999999999764e+00 -1.333196000000000048e+01 0.000000000000000000e+00
7.500000000000000000e+01 -7.449300000000000033e+00 -9.795260000000000744e+00 0.000000000000000000e+00
7.600000000000000000e+01 -6.868310000000000137e+00 -7.788999999999999702e+00 0.000000000000000000e+00
7.700000000000000000e+01 -8.343619999999999592e+00 -6.339590000000000281e+00 0.000000000000000000e+00
7.800000000000000000e+01 -7.792720000000000091e+00 -4.262270000000000003e+00 0.000000000000000000e+00
7.900000000000000000e+01 -9.286870000000000402e+00 -2.782919999999999838e+00 0.000000000000000000e+00
8.000000000000000000e+01 -7.253969999999999807e+00 -2.177259999999999973e+00 0.000000000000000000e+00
8.100000000000000000e+01 -8.813990000000000435e+00 -7.340499999999999803e-01 0.000000000000000000e+00
8.200000000000000000e+01 -8.272809999999999775e+00 1.318279999999999896e+00 0.000000000000000000e+00
8.300000000000000000e+01 -7.880810000000000315e+00 3.404160000000000075e+00 0.000000000000000000e+00
8.400000000000000000e+01 -7.462920000000000442e+00 5.432389999999999830e+00 0.000000000000000000e+00
8.500000000000000000e+01 -6.960230000000000139e+00 7.501699999999999591e+00 0.000000000000000000e+00
8.600000000000000000e+01 -8.172330000000000538e+00 1.107291000000000025e+01 0.000000000000000000e+00
8.700000000000000000e+01 -7.775909999999999656e+00 1.314536000000000016e+01 0.000000000000000000e+00
8.800000000000000000e+01 -5.088429999999999787e+00 1.573948999999999998e+01 0.000000000000000000e+00
8.900000000000000000e+01 -4.602920000000000122e+00 1.801817000000000135e+01 0.000000000000000000e+00
9.000000000000000000e+01 -2.333909999999999929e+00 -1.962443999999999988e+01 0.000000000000000000e+00
9.100000000000000000e+01 -3.413040000000000074e+00 -1.617462000000000089e+01 0.000000000000000000e+00
9.200000000000000000e+01 -2.945780000000000065e+00 -1.410482999999999976e+01 0.000000000000000000e+00
9.300000000000000000e+01 -4.442370000000000374e+00 -1.263292000000000037e+01 0.000000000000000000e+00
9.400000000000000000e+01 -5.945520000000000138e+00 -1.123170000000000002e+01 0.000000000000000000e+00
9.500000000000000000e+01 -6.349009999999999820e+00 -5.770129999999999981e+00 0.000000000000000000e+00
9.600000000000000000e+01 -4.280809999999999782e+00 -5.118210000000000370e+00 0.000000000000000000e+00
9.700000000000000000e+01 -5.782160000000000188e+00 -3.694690000000000030e+00 0.000000000000000000e+00
9.800000000000000000e+01 -5.231959999999999944e+00 -1.659899999999999931e+00 0.000000000000000000e+00
9.900000000000000000e+01 -6.736670000000000158e+00 -1.269399999999999973e-01 0.000000000000000000e+00
1.000000000000000000e+02 -6.290869999999999962e+00 1.915440000000000031e+00 0.000000000000000000e+00
1.010000000000000000e+02 -5.844520000000000159e+00 3.932189999999999852e+00 0.000000000000000000e+00
1.020000000000000000e+02 -5.367829999999999657e+00 5.973510000000000097e+00 0.000000000000000000e+00
1.030000000000000000e+02 -6.612890000000000157e+00 9.548280000000000101e+00 0.000000000000000000e+00
1.040000000000000000e+02 -6.085250000000000270e+00 1.156267000000000067e+01 0.000000000000000000e+00
1.050000000000000000e+02 -5.717509999999999870e+00 1.371564000000000050e+01 0.000000000000000000e+00
1.060000000000000000e+02 -3.116730000000000000e+00 1.639500999999999920e+01 0.000000000000000000e+00
1.070000000000000000e+02 -2.553570000000000118e+00 1.849731999999999843e+01 0.000000000000000000e+00
1.080000000000000000e+02 -1.740310000000000024e+00 -1.758990999999999971e+01 0.000000000000000000e+00
1.090000000000000000e+02 -1.056589999999999918e+00 -1.560411000000000037e+01 0.000000000000000000e+00
1.100000000000000000e+02 -2.263939999999999841e+00 -1.212851000000000035e+01 0.000000000000000000e+00
1.110000000000000000e+02 -3.796339999999999826e+00 -1.067076999999999920e+01 0.000000000000000000e+00
1.120000000000000000e+02 -5.312590000000000146e+00 -9.203070000000000306e+00 0.000000000000000000e+00
1.130000000000000000e+02 -4.800080000000000346e+00 -7.146099999999999675e+00 0.000000000000000000e+00
1.140000000000000000e+02 -2.245999999999999996e+00 -4.510939999999999728e+00 0.000000000000000000e+00
1.150000000000000000e+02 -3.659269999999999801e+00 -3.007169999999999899e+00 0.000000000000000000e+00
1.160000000000000000e+02 -4.730170000000000208e+00 4.399799999999999822e-01 0.000000000000000000e+00
1.170000000000000000e+02 -4.304350000000000342e+00 2.494860000000000078e+00 0.000000000000000000e+00
1.180000000000000000e+02 -3.856100000000000083e+00 4.522649999999999615e+00 0.000000000000000000e+00
1.190000000000000000e+02 -3.325680000000000192e+00 6.618549999999999933e+00 0.000000000000000000e+00
1.200000000000000000e+02 -4.973609999999999864e+00 8.149540000000000006e+00 0.000000000000000000e+00
1.210000000000000000e+02 -2.930870000000000086e+00 8.684659999999999158e+00 0.000000000000000000e+00
1.220000000000000000e+02 -4.443810000000000038e+00 1.018881000000000014e+01 0.000000000000000000e+00
1.230000000000000000e+02 -4.134839999999999627e+00 1.226825999999999972e+01 0.000000000000000000e+00
1.240000000000000000e+02 -3.577859999999999818e+00 1.427134000000000036e+01 0.000000000000000000e+00
1.250000000000000000e+02 -1.059229999999999894e+00 1.705908000000000158e+01 0.000000000000000000e+00
1.260000000000000000e+02 -3.097000000000000100e-02 -1.911152999999999835e+01 0.000000000000000000e+00
1.270000000000000000e+02 4.825099999999999945e-01 -1.708164999999999978e+01 0.000000000000000000e+00
1.280000000000000000e+02 -5.838700000000000001e-01 -1.353974000000000011e+01 0.000000000000000000e+00
1.290000000000000000e+02 -1.810689999999999911e+00 -1.003143000000000029e+01 0.000000000000000000e+00
1.300000000000000000e+02 -3.307230000000000114e+00 -8.603569999999999496e+00 0.000000000000000000e+00
1.310000000000000000e+02 -2.813969999999999860e+00 -6.580619999999999692e+00 0.000000000000000000e+00
1.320000000000000000e+02 -1.690220000000000056e+00 -2.425429999999999975e+00 0.000000000000000000e+00
1.330000000000000000e+02 -3.209239999999999871e+00 -9.804000000000000492e-01 0.000000000000000000e+00
1.340000000000000000e+02 -1.215500000000000025e+00 -4.221400000000000152e-01 0.000000000000000000e+00
1.350000000000000000e+02 -2.767860000000000209e+00 1.100689999999999946e+00 0.000000000000000000e+00
1.360000000000000000e+02 -2.298509999999999831e+00 3.140320000000000000e+00 0.000000000000000000e+00
1.370000000000000000e+02 -1.787639999999999896e+00 5.192169999999999952e+00 0.000000000000000000e+00
1.380000000000000000e+02 -1.277819999999999956e+00 7.206080000000000041e+00 0.000000000000000000e+00
1.390000000000000000e+02 -9.428600000000000314e-01 9.295700000000000074e+00 0.000000000000000000e+00
1.400000000000000000e+02 -2.444409999999999972e+00 1.074568999999999974e+01 0.000000000000000000e+00
1.410000000000000000e+02 -2.066380000000000106e+00 1.280016999999999960e+01 0.000000000000000000e+00
1.420000000000000000e+02 -1.553260000000000085e+00 1.479897000000000062e+01 0.000000000000000000e+00
1.430000000000000000e+02 7.469500000000000028e-01 1.987879999999999825e+01 0.000000000000000000e+00
1.440000000000000000e+02 2.096960000000000157e+00 -1.861674000000000007e+01 0.000000000000000000e+00
1.450000000000000000e+02 9.497900000000000231e-01 -1.498587000000000025e+01 0.000000000000000000e+00
1.460000000000000000e+02 -1.361100000000000088e-01 -1.151380999999999943e+01 0.000000000000000000e+00
1.470000000000000000e+02 1.741399999999999892e-01 -9.455619999999999692e+00 0.000000000000000000e+00
1.480000000000000000e+02 -1.231670000000000043e+00 -7.934820000000000206e+00 0.000000000000000000e+00
1.490000000000000000e+02 -7.478900000000000547e-01 -5.926459999999999617e+00 0.000000000000000000e+00
1.500000000000000000e+02 -2.262699999999999989e-01 -3.917559999999999931e+00 0.000000000000000000e+00
1.510000000000000000e+02 3.170600000000000085e-01 -1.844899999999999984e+00 0.000000000000000000e+00
1.520000000000000000e+02 8.238600000000000367e-01 2.538199999999999901e-01 0.000000000000000000e+00
1.530000000000000000e+02 -7.456899999999999640e-01 1.697300000000000031e+00 0.000000000000000000e+00
1.540000000000000000e+02 -2.085899999999999976e-01 3.728660000000000085e+00 0.000000000000000000e+00
1.550000000000000000e+02 2.802399999999999891e-01 5.840010000000000367e+00 0.000000000000000000e+00
1.560000000000000000e+02 7.526399999999999757e-01 7.840099999999999625e+00 0.000000000000000000e+00
1.570000000000000000e+02 1.164199999999999902e+00 9.918609999999999260e+00 0.000000000000000000e+00
1.580000000000000000e+02 -4.375499999999999945e-01 1.140526000000000018e+01 0.000000000000000000e+00
1.590000000000000000e+02 3.020000000000000115e-02 1.345772000000000013e+01 0.000000000000000000e+00
1.600000000000000000e+02 4.844399999999999817e-01 1.551509000000000071e+01 0.000000000000000000e+00
1.610000000000000000e+02 9.826200000000000490e-01 1.769312000000000040e+01 0.000000000000000000e+00
1.620000000000000000e+02 3.653680000000000039e+00 -2.014264999999999972e+01 0.000000000000000000e+00
1.630000000000000000e+02 2.609510000000000218e+00 -1.657780999999999949e+01 0.000000000000000000e+00
1.640000000000000000e+02 1.410029999999999895e+00 -1.293374999999999986e+01 0.000000000000000000e+00
1.650000000000000000e+02 1.821700000000000097e+00 -1.087683999999999962e+01 0.000000000000000000e+00
1.660000000000000000e+02 2.247199999999999864e+00 -8.839059999999999917e+00 0.000000000000000000e+00
1.670000000000000000e+02 8.010199999999999543e-01 -7.363559999999999661e+00 0.000000000000000000e+00
1.680000000000000000e+02 1.332419999999999938e+00 -5.344470000000000276e+00 0.000000000000000000e+00
1.690000000000000000e+02 1.839110000000000023e+00 -3.327389999999999848e+00 0.000000000000000000e+00
1.700000000000000000e+02 2.336199999999999832e+00 -1.187400000000000011e+00 0.000000000000000000e+00
1.710000000000000000e+02 2.800460000000000171e+00 8.659900000000000375e-01 0.000000000000000000e+00
1.720000000000000000e+02 1.271830000000000016e+00 2.283150000000000013e+00 0.000000000000000000e+00
1.730000000000000000e+02 1.832559999999999967e+00 4.391189999999999927e+00 0.000000000000000000e+00
1.740000000000000000e+02 2.255700000000000038e+00 6.427590000000000359e+00 0.000000000000000000e+00
1.750000000000000000e+02 2.786579999999999835e+00 8.445399999999999352e+00 0.000000000000000000e+00
1.760000000000000000e+02 3.236909999999999954e+00 1.052966999999999942e+01 0.000000000000000000e+00
1.770000000000000000e+02 1.642190000000000039e+00 1.193601999999999919e+01 0.000000000000000000e+00
1.780000000000000000e+02 2.141239999999999810e+00 1.408051000000000030e+01 0.000000000000000000e+00
1.790000000000000000e+02 3.141760000000000108e+00 1.822610999999999848e+01 0.000000000000000000e+00
1.800000000000000000e+02 4.086590000000000167e+00 -1.806185999999999936e+01 0.000000000000000000e+00
1.810000000000000000e+02 3.015589999999999993e+00 -1.442034999999999911e+01 0.000000000000000000e+00
1.820000000000000000e+02 3.496910000000000185e+00 -1.236611000000000082e+01 0.000000000000000000e+00
1.830000000000000000e+02 3.840149999999999952e+00 -1.031260999999999939e+01 0.000000000000000000e+00
1.840000000000000000e+02 4.416909999999999670e+00 -8.208610000000000184e+00 0.000000000000000000e+00
1.850000000000000000e+02 2.824580000000000091e+00 -6.828859999999999708e+00 0.000000000000000000e+00
1.860000000000000000e+02 3.373369999999999980e+00 -4.775260000000000282e+00 0.000000000000000000e+00
1.870000000000000000e+02 3.809060000000000112e+00 -2.668480000000000185e+00 0.000000000000000000e+00
1.880000000000000000e+02 4.420270000000000366e+00 -6.757300000000000528e-01 0.000000000000000000e+00
1.890000000000000000e+02 4.845579999999999998e+00 1.389559999999999906e+00 0.000000000000000000e+00
1.900000000000000000e+02 3.377990000000000048e+00 2.932570000000000121e+00 0.000000000000000000e+00
1.910000000000000000e+02 3.811100000000000154e+00 4.988369999999999749e+00 0.000000000000000000e+00
1.920000000000000000e+02 4.369430000000000369e+00 7.032799999999999940e+00 0.000000000000000000e+00
1.930000000000000000e+02 4.782740000000000435e+00 9.083000000000000185e+00 0.000000000000000000e+00
1.940000000000000000e+02 5.241509999999999891e+00 1.113438999999999979e+01 0.000000000000000000e+00
1.950000000000000000e+02 3.651199999999999779e+00 1.267985000000000007e+01 0.000000000000000000e+00
1.960000000000000000e+02 4.215670000000000250e+00 1.467333999999999961e+01 0.000000000000000000e+00
1.970000000000000000e+02 2.636789999999999967e+00 1.617174999999999940e+01 0.000000000000000000e+00
1.980000000000000000e+02 4.568399999999999572e+00 -1.587477999999999945e+01 0.000000000000000000e+00
1.990000000000000000e+02 5.020179999999999865e+00 -1.380795999999999957e+01 0.000000000000000000e+00
2.000000000000000000e+02 5.496579999999999799e+00 -1.163929000000000080e+01 0.000000000000000000e+00
2.010000000000000000e+02 6.022369999999999557e+00 -9.631289999999999907e+00 0.000000000000000000e+00
2.020000000000000000e+02 6.541949999999999932e+00 -7.588799999999999990e+00 0.000000000000000000e+00
2.030000000000000000e+02 4.940030000000000143e+00 -6.145279999999999632e+00 0.000000000000000000e+00
2.040000000000000000e+02 5.549820000000000420e+00 -4.123359999999999914e+00 0.000000000000000000e+00
2.050000000000000000e+02 5.928919999999999746e+00 -2.090409999999999879e+00 0.000000000000000000e+00
2.060000000000000000e+02 6.411839999999999762e+00 -1.156000000000000083e-02 0.000000000000000000e+00
2.070000000000000000e+02 6.932380000000000209e+00 2.087070000000000203e+00 0.000000000000000000e+00
2.080000000000000000e+02 5.369580000000000020e+00 3.607730000000000103e+00 0.000000000000000000e+00
2.090000000000000000e+02 5.859070000000000000e+00 5.608929999999999971e+00 0.000000000000000000e+00
2.100000000000000000e+02 6.394910000000000316e+00 7.706150000000000055e+00 0.000000000000000000e+00
2.110000000000000000e+02 6.752430000000000376e+00 9.737700000000000244e+00 0.000000000000000000e+00
2.120000000000000000e+02 7.226440000000000197e+00 1.179496999999999929e+01 0.000000000000000000e+00
2.130000000000000000e+02 5.706620000000000026e+00 1.323277999999999999e+01 0.000000000000000000e+00
2.140000000000000000e+02 4.760049999999999670e+00 1.670322000000000173e+01 0.000000000000000000e+00
2.150000000000000000e+02 5.208770000000000344e+00 1.911925000000000097e+01 0.000000000000000000e+00
2.160000000000000000e+02 6.081389999999999851e+00 -1.743456000000000117e+01 0.000000000000000000e+00
2.170000000000000000e+02 6.553250000000000242e+00 -1.529288999999999987e+01 0.000000000000000000e+00
2.180000000000000000e+02 7.008840000000000181e+00 -1.308797999999999995e+01 0.000000000000000000e+00
2.190000000000000000e+02 7.571329999999999671e+00 -1.108051999999999992e+01 0.000000000000000000e+00
2.200000000000000000e+02 8.179880000000000706e+00 -9.100669999999999149e+00 0.000000000000000000e+00
2.210000000000000000e+02 8.583190000000000097e+00 -7.065179999999999794e+00 0.000000000000000000e+00
2.220000000000000000e+02 7.036299999999999777e+00 -5.585479999999999556e+00 0.000000000000000000e+00
2.230000000000000000e+02 7.531749999999999723e+00 -3.483319999999999972e+00 0.000000000000000000e+00
2.240000000000000000e+02 7.953050000000000175e+00 -1.456099999999999950e+00 0.000000000000000000e+00
2.250000000000000000e+02 8.496259999999999479e+00 7.084700000000000442e-01 0.000000000000000000e+00
2.260000000000000000e+02 7.404670000000000307e+00 4.170589999999999797e+00 0.000000000000000000e+00
2.270000000000000000e+02 7.881140000000000256e+00 6.186980000000000146e+00 0.000000000000000000e+00
2.280000000000000000e+02 8.431599999999999540e+00 8.257350000000000634e+00 0.000000000000000000e+00
2.290000000000000000e+02 8.743000000000000327e+00 1.040553000000000061e+01 0.000000000000000000e+00
2.300000000000000000e+02 9.334099999999999397e+00 1.245669999999999966e+01 0.000000000000000000e+00
2.310000000000000000e+02 7.739700000000000024e+00 1.382638999999999996e+01 0.000000000000000000e+00
2.320000000000000000e+02 6.296590000000000131e+00 1.530035999999999952e+01 0.000000000000000000e+00
2.330000000000000000e+02 6.714999999999999858e+00 1.746396999999999977e+01 0.000000000000000000e+00
2.340000000000000000e+02 8.223140000000000782e+00 -1.668448000000000064e+01 0.000000000000000000e+00
2.350000000000000000e+02 8.534869999999999735e+00 -1.462166000000000032e+01 0.000000000000000000e+00
2.360000000000000000e+02 9.081390000000000740e+00 -1.252477000000000018e+01 0.000000000000000000e+00
2.370000000000000000e+02 9.742779999999999774e+00 -1.049111000000000082e+01 0.000000000000000000e+00
2.380000000000000000e+02 1.017484999999999928e+01 -8.405829999999999913e+00 0.000000000000000000e+00
2.390000000000000000e+02 1.060968000000000089e+01 -6.375479999999999592e+00 0.000000000000000000e+00
2.400000000000000000e+02 9.022380000000000067e+00 -5.029080000000000439e+00 0.000000000000000000e+00
2.410000000000000000e+02 9.508359999999999701e+00 -2.874950000000000117e+00 0.000000000000000000e+00
2.420000000000000000e+02 9.957990000000000563e+00 -8.626899999999999569e-01 0.000000000000000000e+00
2.430000000000000000e+02 1.050201000000000029e+01 1.302280000000000104e+00 0.000000000000000000e+00
2.440000000000000000e+02 8.977230000000000487e+00 2.724740000000000162e+00 0.000000000000000000e+00
2.450000000000000000e+02 9.433650000000000091e+00 4.742890000000000050e+00 0.000000000000000000e+00
2.460000000000000000e+02 9.897080000000000766e+00 6.794529999999999959e+00 0.000000000000000000e+00
2.470000000000000000e+02 1.038570999999999955e+01 9.056839999999999336e+00 0.000000000000000000e+00
2.480000000000000000e+02 1.086054000000000030e+01 1.105899999999999928e+01 0.000000000000000000e+00
2.490000000000000000e+02 1.130924000000000085e+01 1.317739000000000082e+01 0.000000000000000000e+00
2.500000000000000000e+02 9.753370000000000317e+00 1.453973000000000049e+01 0.000000000000000000e+00
2.510000000000000000e+02 8.251110000000000610e+00 1.598495999999999917e+01 0.000000000000000000e+00
2.520000000000000000e+02 1.020443999999999996e+01 -1.607135999999999854e+01 0.000000000000000000e+00
2.530000000000000000e+02 1.062983999999999973e+01 -1.397630999999999979e+01 0.000000000000000000e+00
2.540000000000000000e+02 1.132720999999999911e+01 -1.200592999999999932e+01 0.000000000000000000e+00
2.550000000000000000e+02 1.179813000000000045e+01 -9.904389999999999361e+00 0.000000000000000000e+00
2.560000000000000000e+02 1.214846000000000004e+01 -7.747180000000000177e+00 0.000000000000000000e+00
2.570000000000000000e+02 1.101887999999999934e+01 -4.292740000000000222e+00 0.000000000000000000e+00
2.580000000000000000e+02 1.159463000000000044e+01 -2.225299999999999834e+00 0.000000000000000000e+00
2.590000000000000000e+02 1.198269999999999946e+01 -1.858299999999999952e-01 0.000000000000000000e+00
2.600000000000000000e+02 1.452585999999999977e+01 4.712899999999999867e-01 0.000000000000000000e+00
2.610000000000000000e+02 1.273267000000000060e+01 1.801320000000000032e+00 0.000000000000000000e+00
2.620000000000000000e+02 1.098727000000000054e+01 3.314400000000000013e+00 0.000000000000000000e+00
2.630000000000000000e+02 1.297752000000000017e+01 3.877909999999999968e+00 0.000000000000000000e+00
2.640000000000000000e+02 1.144284999999999997e+01 5.418140000000000178e+00 0.000000000000000000e+00
2.650000000000000000e+02 1.193834000000000017e+01 7.538429999999999964e+00 0.000000000000000000e+00
2.660000000000000000e+02 1.242423999999999928e+01 9.591670000000000584e+00 0.000000000000000000e+00
2.670000000000000000e+02 1.284706000000000081e+01 1.172161000000000008e+01 0.000000000000000000e+00
2.680000000000000000e+02 1.332569999999999943e+01 1.374398000000000053e+01 0.000000000000000000e+00
2.690000000000000000e+02 1.197748999999999953e+01 1.534035000000000082e+01 0.000000000000000000e+00
2.700000000000000000e+02 1.232937000000000083e+01 -1.548093000000000075e+01 0.000000000000000000e+00
2.710000000000000000e+02 1.318279000000000067e+01 -1.356053999999999959e+01 0.000000000000000000e+00
2.720000000000000000e+02 1.338641999999999932e+01 -1.130780999999999992e+01 0.000000000000000000e+00
2.730000000000000000e+02 1.374877000000000038e+01 -9.217560000000000642e+00 0.000000000000000000e+00
2.740000000000000000e+02 1.256122000000000050e+01 -5.657449999999999868e+00 0.000000000000000000e+00
2.750000000000000000e+02 1.311827000000000076e+01 -3.677709999999999813e+00 0.000000000000000000e+00
2.760000000000000000e+02 1.529146000000000072e+01 -2.855719999999999814e+00 0.000000000000000000e+00
2.770000000000000000e+02 1.362799000000000049e+01 -1.576549999999999896e+00 0.000000000000000000e+00
2.780000000000000000e+02 1.611956999999999951e+01 -8.697099999999999831e-01 0.000000000000000000e+00
2.790000000000000000e+02 1.654718000000000089e+01 1.404169999999999918e+00 0.000000000000000000e+00
2.800000000000000000e+02 1.471410000000000018e+01 2.580620000000000136e+00 0.000000000000000000e+00
2.810000000000000000e+02 1.495862999999999943e+01 4.671660000000000146e+00 0.000000000000000000e+00
2.820000000000000000e+02 1.560265000000000057e+01 6.684969999999999857e+00 0.000000000000000000e+00
2.830000000000000000e+02 1.341477000000000075e+01 6.081380000000000230e+00 0.000000000000000000e+00
2.840000000000000000e+02 1.395461000000000062e+01 8.079589999999999606e+00 0.000000000000000000e+00
2.850000000000000000e+02 1.657361999999999824e+01 8.891500000000000625e+00 0.000000000000000000e+00
2.860000000000000000e+02 1.480922999999999945e+01 1.002518000000000065e+01 0.000000000000000000e+00
2.870000000000000000e+02 1.485857000000000028e+01 1.220204000000000022e+01 0.000000000000000000e+00
2.880000000000000000e+02 1.511894999999999989e+01 -1.265240000000000009e+01 0.000000000000000000e+00
2.890000000000000000e+02 1.550938999999999979e+01 -1.047114999999999974e+01 0.000000000000000000e+00
2.900000000000000000e+02 1.579434999999999967e+01 -8.357390000000000541e+00 0.000000000000000000e+00
2.910000000000000000e+02 1.644784999999999897e+01 -6.401349999999999874e+00 0.000000000000000000e+00
2.920000000000000000e+02 1.411847999999999992e+01 -7.120519999999999960e+00 0.000000000000000000e+00
2.930000000000000000e+02 1.477272999999999925e+01 -5.127779999999999561e+00 0.000000000000000000e+00
2.940000000000000000e+02 1.675454999999999828e+01 -4.318430000000000213e+00 0.000000000000000000e+00
2.950000000000000000e+02 1.846358000000000033e+01 -3.125820000000000043e+00 0.000000000000000000e+00
2.960000000000000000e+02 1.811521000000000114e+01 -3.017599999999999727e-01 0.000000000000000000e+00
2.970000000000000000e+02 1.879995999999999867e+01 2.383500000000000174e+00 0.000000000000000000e+00
2.980000000000000000e+02 1.684600000000000009e+01 3.688680000000000181e+00 0.000000000000000000e+00
2.990000000000000000e+02 1.762267999999999901e+01 6.081179999999999808e+00 0.000000000000000000e+00
