0.000000000000000000e+00 -1.343774999999999942e+01 -1.549268000000000001e+01 0.000000000000000000e+00
1.000000000000000000e+00 -1.443149999999999977e+01 -1.365855999999999959e+01 0.000000000000000000e+00
2.000000000000000000e+00 -1.536412999999999940e+01 -1.177669999999999995e+01 0.000000000000000000e+00
3.000000000000000000e+00 -1.641940999999999917e+01 -9.701150000000000162e+00 0.000000000000000000e+00
4.000000000000000000e+00 -1.741854000000000013e+01 -7.876960000000000406e+00 0.000000000000000000e+00
5.000000000000000000e+00 -1.833802000000000021e+01 -6.022610000000000241e+00 0.000000000000000000e+00
6.000000000000000000e+00 -1.721941999999999950e+01 -4.176560000000000272e+00 0.000000000000000000e+00
7.000000000000000000e+00 -1.933310000000000173e+01 -4.115890000000000271e+00 0.000000000000000000e+00
8.000000000000000000e+00 -1.831420999999999921e+01 -2.114189999999999792e+00 0.000000000000000000e+00
9.000000000000000000e+00 -1.920908999999999978e+01 -1.189199999999999979e-01 0.000000000000000000e+00
1.000000000000000000e+01 -1.778737999999999886e+01 1.550869999999999971e+00 0.000000000000000000e+00
1.100000000000000000e+01 -1.867210999999999999e+01 3.817569999999999908e+00 0.000000000000000000e+00
1.200000000000000000e+01 -1.554612000000000016e+01 5.042849999999999611e+00 0.000000000000000000e+00
1.300000000000000000e+01 -1.796944999999999837e+01 5.788770000000000415e+00 0.000000000000000000e+00
1.400000000000000000e+01 -1.629426000000000130e+01 7.034340000000000259e+00 0.000000000000000000e+00
1.500000000000000000e+01 -1.639149000000000100e+01 9.236990000000000478e+00 0.000000000000000000e+00
1.600000000000000000e+01 -1.625523000000000096e+01 1.147306999999999988e+01 0.000000000000000000e+00
1.700000000000000000e+01 -1.498583999999999961e+01 1.309891000000000005e+01 0.000000000000000000e+00
1.800000000000000000e+01 -1.125027000000000044e+01 -1.568398000000000003e+01 0.000000000000000000e+00
1.900000000000000000e+01 -1.232196000000000069e+01 -1.372666000000000075e+01 0.000000000000000000e+00
2.000000000000000000e+01 -1.329105999999999987e+01 -1.178635000000000055e+01 0.000000000000000000e+00
2.100000000000000000e+01 -1.434861000000000075e+01 -9.873170000000000002e+00 0.000000000000000000e+00
2.200000000000000000e+01 -1.519411999999999985e+01 -7.926359999999999850e+00 0.000000000000000000e+00
2.300000000000000000e+01 -1.610706000000000060e+01 -6.058159999999999989e+00 0.000000000000000000e+00
2.400000000000000000e+01 -1.489372999999999969e+01 -4.248400000000000176e+00 0.000000000000000000e+00
2.500000000000000000e+01 -1.574871000000000087e+01 -2.358610000000000095e+00 0.000000000000000000e+00
2.600000000000000000e+01 -1.458883999999999936e+01 -5.793199999999999461e-01 0.000000000000000000e+00
2.700000000000000000e+01 -1.687096999999999980e+01 -5.105800000000000338e-01 0.000000000000000000e+00
2.800000000000000000e+01 -1.566550999999999938e+01 1.195940000000000003e+00 0.000000000000000000e+00
2.900000000000000000e+01 -1.663916000000000039e+01 3.252180000000000071e+00 0.000000000000000000e+00
3.000000000000000000e+01 -1.425075999999999965e+01 6.728240000000000443e+00 0.000000000000000000e+00
3.100000000000000000e+01 -1.218162000000000056e+01 6.964940000000000353e+00 0.000000000000000000e+00
3.200000000000000000e+01 -1.397763999999999918e+01 8.814590000000000813e+00 0.000000000000000000e+00
3.300000000000000000e+01 -1.415274999999999928e+01 1.094344000000000072e+01 0.000000000000000000e+00
3.400000000000000000e+01 -1.284894000000000069e+01 1.254881999999999920e+01 0.000000000000000000e+00
3.500000000000000000e+01 -1.318662999999999919e+01 1.463264999999999993e+01 0.000000000000000000e+00
3.600000000000000000e+01 -9.229089999999999350e+00 -1.608727999999999980e+01 0.000000000000000000e+00
3.700000000000000000e+01 -1.018218000000000067e+01 -1.388650999999999947e+01 0.000000000000000000e+00
3.800000000000000000e+01 -1.120520999999999923e+01 -1.190000000000000036e+01 0.000000000000000000e+00
3.900000000000000000e+01 -1.204329000000000072e+01 -9.997270000000000323e+00 0.000000000000000000e+00
4.000000000000000000e+01 -1.304742000000000068e+01 -8.041029999999999234e+00 0.000000000000000000e+00
4.100000000000000000e+01 -1.403998999999999953e+01 -6.214620000000000033e+00 0.000000000000000000e+00
4.200000000000000000e+01 -1.281024999999999991e+01 -4.473029999999999617e+00 0.000000000000000000e+00
4.300000000000000000e+01 -1.367676999999999943e+01 -2.515849999999999920e+00 0.000000000000000000e+00
4.400000000000000000e+01 -1.250681999999999938e+01 -7.721400000000000485e-01 0.000000000000000000e+00
4.500000000000000000e+01 -1.345444999999999958e+01 1.140479999999999938e+00 0.000000000000000000e+00
4.600000000000000000e+01 -1.237668000000000035e+01 2.953780000000000072e+00 0.000000000000000000e+00
4.700000000000000000e+01 -1.452643999999999913e+01 2.999439999999999884e+00 0.000000000000000000e+00
4.800000000000000000e+01 -1.344824000000000019e+01 4.786889999999999645e+00 0.000000000000000000e+00
4.900000000000000000e+01 -1.070506999999999920e+01 8.515200000000000102e+00 0.000000000000000000e+00
5.000000000000000000e+01 -1.224646000000000079e+01 1.009873999999999938e+01 0.000000000000000000e+00
5.100000000000000000e+01 -1.093777000000000044e+01 1.178988999999999976e+01 0.000000000000000000e+00
5.200000000000000000e+01 -1.121528999999999954e+01 1.392507999999999946e+01 0.000000000000000000e+00
5.300000000000000000e+01 -1.165259999999999962e+01 1.619247000000000014e+01 0.000000000000000000e+00
5.400000000000000000e+01 -7.148209999999999731e+00 -1.587532000000000032e+01 0.000000000000000000e+00
5.500000000000000000e+01 -8.118999999999999773e+00 -1.403933999999999926e+01 0.000000000000000000e+00
5.600000000000000000e+01 -9.142590000000000217e+00 -1.211633999999999922e+01 0.000000000000000000e+00
5.700000000000000000e+01 -9.986599999999999255e+00 -1.013728000000000051e+01 0.000000000000000000e+00
5.800000000000000000e+01 -1.092346000000000039e+01 -8.185000000000000497e+00 0.000000000000000000e+00
5.900000000000000000e+01 -1.182482000000000077e+01 -6.312289999999999957e+00 0.000000000000000000e+00
6.000000000000000000e+01 -1.058867000000000047e+01 -4.596460000000000434e+00 0.000000000000000000e+00
6.100000000000000000e+01 -1.154968000000000039e+01 -2.722869999999999902e+00 0.000000000000000000e+00
6.200000000000000000e+01 -1.041666000000000025e+01 -9.143599999999999506e-01 0.000000000000000000e+00
6.300000000000000000e+01 -1.132399000000000022e+01 1.085839999999999916e+00 0.000000000000000000e+00
6.400000000000000000e+01 -1.019359999999999999e+01 2.853050000000000086e+00 0.000000000000000000e+00
6.500000000000000000e+01 -1.138888999999999996e+01 4.761809999999999654e+00 0.000000000000000000e+00
6.600000000000000000e+01 -9.938929999999999154e+00 6.568030000000000257e+00 0.000000000000000000e+00
6.700000000000000000e+01 -8.591039999999999566e+00 8.375299999999999301e+00 0.000000000000000000e+00
6.800000000000000000e+01 -9.526189999999999714e+00 1.021484000000000059e+01 0.000000000000000000e+00
6.900000000000000000e+01 -9.318210000000000548e+00 1.308845999999999954e+01 0.000000000000000000e+00
7.000000000000000000e+01 -9.521079999999999544e+00 1.514141000000000048e+01 0.000000000000000000e+00
7.100000000000000000e+01 -8.022690000000000765e+00 1.656660000000000110e+01 0.000000000000000000e+00
7.200000000000000000e+01 -6.576920000000000321e+00 -1.802589000000000041e+01 0.000000000000000000e+00
7.300000000000000000e+01 -6.004500000000000171e+00 -1.413907999999999987e+01 0.000000000000000000e+00
7.400000000000000000e+01 -7.007109999999999950e+00 -1.229767999999999972e+01 0.000000000000000000e+00
7.500000000000000000e+01 -7.907009999999999650e+00 -1.040296000000000021e+01 0.000000000000000000e+00
7.600000000000000000e+01 -8.767559999999999576e+00 -8.415739999999999554e+00 0.000000000000000000e+00
7.700000000000000000e+01 -9.712680000000000646e+00 -6.490409999999999791e+00 0.000000000000000000e+00
7.800000000000000000e+01 -8.487389999999999546e+00 -4.680509999999999948e+00 0.000000000000000000e+00
7.900000000000000000e+01 -9.417659999999999698e+00 -2.805299999999999905e+00 0.000000000000000000e+00
8.000000000000000000e+01 -8.245350000000000179e+00 -1.101120000000000099e+00 0.000000000000000000e+00
8.100000000000000000e+01 -9.280450000000000088e+00 8.365799999999999903e-01 0.000000000000000000e+00
8.200000000000000000e+01 -8.133440000000000225e+00 2.654669999999999863e+00 0.000000000000000000e+00
8.300000000000000000e+01 -8.974790000000000489e+00 4.614889999999999937e+00 0.000000000000000000e+00
8.400000000000000000e+01 -7.817330000000000112e+00 6.376929999999999765e+00 0.000000000000000000e+00
8.500000000000000000e+01 -7.172830000000000261e+00 1.011991000000000085e+01 0.000000000000000000e+00
8.600000000000000000e+01 -7.369849999999999568e+00 1.223881000000000085e+01 0.000000000000000000e+00
8.700000000000000000e+01 -7.596199999999999619e+00 1.431409999999999982e+01 0.000000000000000000e+00
8.800000000000000000e+01 -5.763690000000000424e+00 1.560870000000000068e+01 0.000000000000000000e+00
8.900000000000000000e+01 -6.373230000000000395e+00 1.780520999999999887e+01 0.000000000000000000e+00
9.000000000000000000e+01 -7.756999999999999451e-01 -2.010755999999999943e+01 0.000000000000000000e+00
9.100000000000000000e+01 -5.079729999999999634e+00 -1.601700999999999908e+01 0.000000000000000000e+00
9.200000000000000000e+01 -4.849149999999999849e+00 -1.237953000000000081e+01 0.000000000000000000e+00
9.300000000000000000e+01 -5.750219999999999665e+00 -1.043150999999999939e+01 0.000000000000000000e+00
9.400000000000000000e+01 -6.694040000000000212e+00 -8.596030000000000726e+00 0.000000000000000000e+00
9.500000000000000000e+01 -7.602540000000000298e+00 -6.691939999999999777e+00 0.000000000000000000e+00
9.600000000000000000e+01 -6.392750000000000377e+00 -4.828890000000000349e+00 0.000000000000000000e+00
9.700000000000000000e+01 -7.305880000000000152e+00 -2.968630000000000102e+00 0.000000000000000000e+00
9.800000000000000000e+01 -6.166590000000000238e+00 -1.238879999999999981e+00 0.000000000000000000e+00
9.900000000000000000e+01 -7.098589999999999733e+00 7.344600000000000017e-01 0.000000000000000000e+00
1.000000000000000000e+02 -6.022660000000000124e+00 2.535509999999999931e+00 0.000000000000000000e+00
1.010000000000000000e+02 -6.907230000000000203e+00 4.458999999999999631e+00 0.000000000000000000e+00
1.020000000000000000e+02 -6.523760000000000225e+00 8.150190000000000268e+00 0.000000000000000000e+00
1.030000000000000000e+02 -4.483959999999999724e+00 7.866439999999999877e+00 0.000000000000000000e+00
1.040000000000000000e+02 -5.140640000000000320e+00 1.053710000000000058e+01 0.000000000000000000e+00
1.050000000000000000e+02 -5.702930000000000277e+00 1.352424000000000071e+01 0.000000000000000000e+00
1.060000000000000000e+02 -3.901279999999999859e+00 1.653159000000000134e+01 0.000000000000000000e+00
1.070000000000000000e+02 -4.384610000000000340e+00 1.853376000000000090e+01 0.000000000000000000e+00
1.080000000000000000e+02 -4.359969999999999679e+00 -1.795867000000000147e+01 0.000000000000000000e+00
1.090000000000000000e+02 -3.867910000000000181e+00 -1.426675999999999966e+01 0.000000000000000000e+00
1.100000000000000000e+02 -2.740349999999999842e+00 -1.247206000000000081e+01 0.000000000000000000e+00
1.110000000000000000e+02 -3.700740000000000141e+00 -1.063030000000000008e+01 0.000000000000000000e+00
1.120000000000000000e+02 -4.558329999999999771e+00 -8.704710000000000392e+00 0.000000000000000000e+00
1.130000000000000000e+02 -5.431820000000000093e+00 -6.821699999999999875e+00 0.000000000000000000e+00
1.140000000000000000e+02 -4.322009999999999685e+00 -4.960149999999999615e+00 0.000000000000000000e+00
1.150000000000000000e+02 -5.160359999999999836e+00 -3.042400000000000215e+00 0.000000000000000000e+00
1.160000000000000000e+02 -3.974549999999999805e+00 -1.275800000000000045e+00 0.000000000000000000e+00
1.170000000000000000e+02 -4.991789999999999949e+00 5.290899999999999492e-01 0.000000000000000000e+00
1.180000000000000000e+02 -3.834690000000000154e+00 2.346109999999999918e+00 0.000000000000000000e+00
1.190000000000000000e+02 -4.703979999999999606e+00 4.240429999999999922e+00 0.000000000000000000e+00
1.200000000000000000e+02 -5.682760000000000034e+00 6.156030000000000335e+00 0.000000000000000000e+00
1.210000000000000000e+02 -2.378620000000000179e+00 7.718029999999999724e+00 0.000000000000000000e+00
1.220000000000000000e+02 -3.244629999999999903e+00 9.581459999999999866e+00 0.000000000000000000e+00
1.230000000000000000e+02 -3.954260000000000108e+00 1.224056999999999995e+01 0.000000000000000000e+00
1.240000000000000000e+02 -3.759090000000000042e+00 1.445626000000000033e+01 0.000000000000000000e+00
1.250000000000000000e+02 -2.176590000000000025e+00 1.781662000000000035e+01 0.000000000000000000e+00
1.260000000000000000e+02 -2.144540000000000113e+00 -1.844200000000000017e+01 0.000000000000000000e+00
1.270000000000000000e+02 -2.910019999999999829e+00 -1.623239999999999839e+01 0.000000000000000000e+00
1.280000000000000000e+02 -1.741270000000000095e+00 -1.445068000000000019e+01 0.000000000000000000e+00
1.290000000000000000e+02 -2.418639999999999901e+00 -8.829860000000000042e+00 0.000000000000000000e+00
1.300000000000000000e+02 -3.347710000000000186e+00 -6.893209999999999837e+00 0.000000000000000000e+00
1.310000000000000000e+02 -2.207469999999999821e+00 -5.154759999999999565e+00 0.000000000000000000e+00
1.320000000000000000e+02 -1.000310000000000032e+00 -3.404959999999999987e+00 0.000000000000000000e+00
1.330000000000000000e+02 -3.090650000000000119e+00 -3.166910000000000114e+00 0.000000000000000000e+00
1.340000000000000000e+02 -1.879520000000000080e+00 -1.495260000000000034e+00 0.000000000000000000e+00
1.350000000000000000e+02 -2.898130000000000095e+00 5.021499999999999853e-01 0.000000000000000000e+00
1.360000000000000000e+02 -1.585499999999999909e+00 2.147330000000000183e+00 0.000000000000000000e+00
1.370000000000000000e+02 -2.633649999999999824e+00 4.040960000000000107e+00 0.000000000000000000e+00
1.380000000000000000e+02 -3.524579999999999824e+00 5.953359999999999985e+00 0.000000000000000000e+00
1.390000000000000000e+02 -1.137799999999999923e+00 9.473810000000000286e+00 0.000000000000000000e+00
1.400000000000000000e+02 -2.024439999999999795e+00 1.135285999999999973e+01 0.000000000000000000e+00
1.410000000000000000e+02 -1.793940000000000090e+00 1.341990999999999978e+01 0.000000000000000000e+00
1.420000000000000000e+02 -1.991840000000000055e+00 1.568510000000000026e+01 0.000000000000000000e+00
1.430000000000000000e+02 -2.428069999999999951e+00 2.002195000000000036e+01 0.000000000000000000e+00
1.440000000000000000e+02 2.247899999999999898e-01 -1.827748000000000062e+01 0.000000000000000000e+00
1.450000000000000000e+02 -7.847199999999999731e-01 -1.644147999999999854e+01 0.000000000000000000e+00
1.460000000000000000e+02 -6.662599999999999634e-01 -1.268459000000000003e+01 0.000000000000000000e+00
1.470000000000000000e+02 -1.597930000000000073e+00 -1.072869000000000028e+01 0.000000000000000000e+00
1.480000000000000000e+02 -3.231499999999999928e-01 -8.986599999999999255e+00 0.000000000000000000e+00
1.490000000000000000e+02 -1.230650000000000022e+00 -7.001129999999999853e+00 0.000000000000000000e+00
1.500000000000000000e+02 -4.850000000000000144e-03 -5.231659999999999755e+00 0.000000000000000000e+00
1.510000000000000000e+02 1.662700000000000011e-01 -1.687089999999999979e+00 0.000000000000000000e+00
1.520000000000000000e+02 -6.159900000000000375e-01 2.351999999999999924e-01 0.000000000000000000e+00
1.530000000000000000e+02 4.695400000000000129e-01 1.984120000000000106e+00 0.000000000000000000e+00
1.540000000000000000e+02 -5.076000000000000512e-01 3.928440000000000154e+00 0.000000000000000000e+00
1.550000000000000000e+02 -1.436590000000000034e+00 5.777300000000000324e+00 0.000000000000000000e+00
1.560000000000000000e+02 -2.311499999999999944e-01 7.527669999999999639e+00 0.000000000000000000e+00
1.570000000000000000e+02 1.049320000000000030e+00 9.314439999999999387e+00 0.000000000000000000e+00
1.580000000000000000e+02 1.003300000000000025e-01 1.120703999999999922e+01 0.000000000000000000e+00
1.590000000000000000e+02 4.456999999999999851e-02 1.467228000000000065e+01 0.000000000000000000e+00
1.600000000000000000e+02 -1.840299999999999991e-01 1.674184999999999945e+01 0.000000000000000000e+00
1.610000000000000000e+02 -3.428700000000000081e-01 1.889886999999999873e+01 0.000000000000000000e+00
1.620000000000000000e+02 2.212209999999999788e+00 -1.988535999999999859e+01 0.000000000000000000e+00
1.630000000000000000e+02 1.419510000000000050e+00 -1.657941999999999894e+01 0.000000000000000000e+00
1.640000000000000000e+02 3.553399999999999892e-01 -1.469154999999999944e+01 0.000000000000000000e+00
1.650000000000000000e+02 1.387639999999999985e+00 -1.281156000000000006e+01 0.000000000000000000e+00
1.660000000000000000e+02 5.804799999999999960e-01 -1.091184999999999938e+01 0.000000000000000000e+00
1.670000000000000000e+02 9.343500000000000139e-01 -7.221230000000000260e+00 0.000000000000000000e+00
1.680000000000000000e+02 1.136400000000000077e+00 -3.510670000000000179e+00 0.000000000000000000e+00
1.690000000000000000e+02 2.318000000000000060e+00 -1.815809999999999924e+00 0.000000000000000000e+00
1.700000000000000000e+02 1.447289999999999965e+00 4.895000000000000046e-02 0.000000000000000000e+00
1.710000000000000000e+02 3.530600000000000183e+00 -1.359999999999999924e-02 0.000000000000000000e+00
1.720000000000000000e+02 2.548579999999999846e+00 1.794049999999999923e+00 0.000000000000000000e+00
1.730000000000000000e+02 1.629280000000000062e+00 3.724460000000000104e+00 0.000000000000000000e+00
1.740000000000000000e+02 6.824200000000000266e-01 5.641709999999999781e+00 0.000000000000000000e+00
1.750000000000000000e+02 1.919159999999999977e+00 7.420720000000000205e+00 0.000000000000000000e+00
1.760000000000000000e+02 2.195600000000000218e+00 1.112363000000000035e+01 0.000000000000000000e+00
1.770000000000000000e+02 1.257050000000000001e+00 1.298310999999999993e+01 0.000000000000000000e+00
1.780000000000000000e+02 2.256229999999999958e+00 1.490639000000000003e+01 0.000000000000000000e+00
1.790000000000000000e+02 2.480059999999999931e+00 1.908496999999999844e+01 0.000000000000000000e+00
1.800000000000000000e+02 3.071149999999999824e+00 -1.799748999999999910e+01 0.000000000000000000e+00
1.810000000000000000e+02 2.423430000000000195e+00 -1.474817999999999962e+01 0.000000000000000000e+00
1.820000000000000000e+02 3.639019999999999921e+00 -1.306709000000000032e+01 0.000000000000000000e+00
1.830000000000000000e+02 2.735879999999999868e+00 -1.111015000000000086e+01 0.000000000000000000e+00
1.840000000000000000e+02 1.745929999999999982e+00 -9.200039999999999552e+00 0.000000000000000000e+00
1.850000000000000000e+02 3.052709999999999813e+00 -7.354650000000000354e+00 0.000000000000000000e+00
1.860000000000000000e+02 2.063989999999999991e+00 -5.460099999999999731e+00 0.000000000000000000e+00
1.870000000000000000e+02 3.231780000000000097e+00 -3.695629999999999971e+00 0.000000000000000000e+00
1.880000000000000000e+02 5.610240000000000116e+00 -1.858200000000000129e-01 0.000000000000000000e+00
1.890000000000000000e+02 4.629909999999999748e+00 1.774049999999999905e+00 0.000000000000000000e+00
1.900000000000000000e+02 3.748949999999999783e+00 3.646479999999999944e+00 0.000000000000000000e+00
1.910000000000000000e+02 4.938979999999999926e+00 5.395850000000000257e+00 0.000000000000000000e+00
1.920000000000000000e+02 2.762900000000000134e+00 5.521340000000000359e+00 0.000000000000000000e+00
1.930000000000000000e+02 4.004150000000000098e+00 7.256820000000000270e+00 0.000000000000000000e+00
1.940000000000000000e+02 3.147429999999999950e+00 9.156959999999999766e+00 0.000000000000000000e+00
1.950000000000000000e+02 4.338949999999999640e+00 1.090016999999999925e+01 0.000000000000000000e+00
1.960000000000000000e+02 3.407649999999999846e+00 1.286542999999999992e+01 0.000000000000000000e+00
1.970000000000000000e+02 2.752369999999999983e+00 1.696806000000000125e+01 0.000000000000000000e+00
1.980000000000000000e+02 4.585530000000000328e+00 -1.511431999999999931e+01 0.000000000000000000e+00
1.990000000000000000e+02 5.823439999999999728e+00 -1.340601000000000020e+01 0.000000000000000000e+00
2.000000000000000000e+02 4.938259999999999650e+00 -1.145104000000000077e+01 0.000000000000000000e+00
2.010000000000000000e+02 3.866260000000000030e+00 -9.335119999999999862e+00 0.000000000000000000e+00
2.020000000000000000e+02 5.133440000000000225e+00 -7.631099999999999994e+00 0.000000000000000000e+00
2.030000000000000000e+02 6.307640000000000136e+00 -5.817029999999999923e+00 0.000000000000000000e+00
2.040000000000000000e+02 4.188080000000000247e+00 -5.603469999999999729e+00 0.000000000000000000e+00
2.050000000000000000e+02 4.448809999999999931e+00 -1.896609999999999907e+00 0.000000000000000000e+00
2.060000000000000000e+02 7.719170000000000087e+00 -3.982399999999999829e-01 0.000000000000000000e+00
2.070000000000000000e+02 6.754900000000000126e+00 1.618409999999999904e+00 0.000000000000000000e+00
2.080000000000000000e+02 5.819880000000000386e+00 3.518400000000000194e+00 0.000000000000000000e+00
2.090000000000000000e+02 7.099669999999999703e+00 5.291269999999999918e+00 0.000000000000000000e+00
2.100000000000000000e+02 6.169360000000000177e+00 7.127690000000000303e+00 0.000000000000000000e+00
2.110000000000000000e+02 5.307920000000000194e+00 9.012340000000000018e+00 0.000000000000000000e+00
2.120000000000000000e+02 6.404180000000000206e+00 1.079148999999999958e+01 0.000000000000000000e+00
2.130000000000000000e+02 5.473969999999999558e+00 1.267886000000000024e+01 0.000000000000000000e+00
2.140000000000000000e+02 4.384920000000000151e+00 1.485936000000000057e+01 0.000000000000000000e+00
2.150000000000000000e+02 5.067820000000000213e+00 1.691298000000000101e+01 0.000000000000000000e+00
2.160000000000000000e+02 5.159659999999999691e+00 -1.730950999999999951e+01 0.000000000000000000e+00
2.170000000000000000e+02 7.967640000000000278e+00 -1.370340000000000025e+01 0.000000000000000000e+00
2.180000000000000000e+02 7.021219999999999573e+00 -1.163185999999999964e+01 0.000000000000000000e+00
2.190000000000000000e+02 5.941379999999999661e+00 -9.604520000000000834e+00 0.000000000000000000e+00
2.200000000000000000e+02 7.194580000000000197e+00 -7.851770000000000138e+00 0.000000000000000000e+00
2.210000000000000000e+02 7.418319999999999581e+00 -4.079469999999999708e+00 0.000000000000000000e+00
2.220000000000000000e+02 8.659750000000000725e+00 -2.298960000000000115e+00 0.000000000000000000e+00
2.230000000000000000e+02 5.333169999999999966e+00 -3.808199999999999807e+00 0.000000000000000000e+00
2.240000000000000000e+02 6.533129999999999882e+00 -2.088389999999999969e+00 0.000000000000000000e+00
2.250000000000000000e+02 8.977050000000000196e+00 1.519730000000000025e+00 0.000000000000000000e+00
2.260000000000000000e+02 7.988719999999999821e+00 3.333849999999999980e+00 0.000000000000000000e+00
2.270000000000000000e+02 9.168979999999999464e+00 5.046879999999999811e+00 0.000000000000000000e+00
2.280000000000000000e+02 8.305669999999999220e+00 7.046319999999999695e+00 0.000000000000000000e+00
2.290000000000000000e+02 7.450260000000000105e+00 8.964460000000000761e+00 0.000000000000000000e+00
2.300000000000000000e+02 8.555699999999999861e+00 1.089389000000000074e+01 0.000000000000000000e+00
2.310000000000000000e+02 7.569200000000000372e+00 1.271432000000000073e+01 0.000000000000000000e+00
2.320000000000000000e+02 6.452689999999999593e+00 1.449460999999999977e+01 0.000000000000000000e+00
2.330000000000000000e+02 7.153260000000000396e+00 1.659337999999999980e+01 0.000000000000000000e+00
2.340000000000000000e+02 6.711759999999999948e+00 -1.545861999999999981e+01 0.000000000000000000e+00
2.350000000000000000e+02 8.963380000000000791e+00 -1.582412000000000063e+01 0.000000000000000000e+00
2.360000000000000000e+02 9.085089999999999222e+00 -1.194347999999999921e+01 0.000000000000000000e+00
2.370000000000000000e+02 7.999789999999999957e+00 -9.829439999999999955e+00 0.000000000000000000e+00
2.380000000000000000e+02 9.396750000000000824e+00 -7.969660000000000188e+00 0.000000000000000000e+00
2.390000000000000000e+02 8.365220000000000766e+00 -6.019050000000000011e+00 0.000000000000000000e+00
2.400000000000000000e+02 9.528790000000000759e+00 -4.271630000000000038e+00 0.000000000000000000e+00
2.410000000000000000e+02 1.074211999999999989e+01 -2.444710000000000161e+00 0.000000000000000000e+00
2.420000000000000000e+02 9.823719999999999786e+00 -5.372900000000000453e-01 0.000000000000000000e+00
2.430000000000000000e+02 1.102596999999999916e+01 1.265579999999999927e+00 0.000000000000000000e+00
2.440000000000000000e+02 1.020059000000000005e+01 3.186859999999999804e+00 0.000000000000000000e+00
2.450000000000000000e+02 1.134646000000000043e+01 5.056899999999999729e+00 0.000000000000000000e+00
2.460000000000000000e+02 1.035767000000000060e+01 6.884970000000000034e+00 0.000000000000000000e+00
2.470000000000000000e+02 9.619510000000000005e+00 9.060800000000000409e+00 0.000000000000000000e+00
2.480000000000000000e+02 1.076671999999999940e+01 1.092111000000000054e+01 0.000000000000000000e+00
2.490000000000000000e+02 9.666650000000000631e+00 1.268572999999999951e+01 0.000000000000000000e+00
2.500000000000000000e+02 8.519600000000000506e+00 1.454285999999999923e+01 0.000000000000000000e+00
2.510000000000000000e+02 5.472430000000000128e+00 1.898379999999999868e+01 0.000000000000000000e+00
2.520000000000000000e+02 7.548790000000000333e+00 -1.739238999999999891e+01 0.000000000000000000e+00
2.530000000000000000e+02 1.009918000000000049e+01 -1.384389000000000003e+01 0.000000000000000000e+00
2.540000000000000000e+02 1.124413999999999980e+01 -1.205485000000000007e+01 0.000000000000000000e+00
2.550000000000000000e+02 1.017007000000000083e+01 -9.977149999999999963e+00 0.000000000000000000e+00
2.560000000000000000e+02 1.142643999999999949e+01 -8.318550000000000111e+00 0.000000000000000000e+00
2.570000000000000000e+02 1.042872000000000021e+01 -6.175419999999999909e+00 0.000000000000000000e+00
2.580000000000000000e+02 1.161162000000000027e+01 -4.469430000000000014e+00 0.000000000000000000e+00
2.590000000000000000e+02 1.280411999999999928e+01 -2.609739999999999949e+00 0.000000000000000000e+00
2.600000000000000000e+02 1.192881000000000036e+01 -6.828400000000000025e-01 0.000000000000000000e+00
2.610000000000000000e+02 1.312359000000000009e+01 1.159380000000000077e+00 0.000000000000000000e+00
2.620000000000000000e+02 1.227829999999999977e+01 3.171409999999999840e+00 0.000000000000000000e+00
2.630000000000000000e+02 1.348849000000000053e+01 4.944130000000000358e+00 0.000000000000000000e+00
2.640000000000000000e+02 1.251800000000000068e+01 6.868290000000000006e+00 0.000000000000000000e+00
2.650000000000000000e+02 1.169571000000000005e+01 8.812490000000000379e+00 0.000000000000000000e+00
2.660000000000000000e+02 1.284327000000000041e+01 1.070852999999999966e+01 0.000000000000000000e+00
2.670000000000000000e+02 1.176407999999999987e+01 1.272694000000000081e+01 0.000000000000000000e+00
2.680000000000000000e+02 1.061079999999999934e+01 1.461727999999999916e+01 0.000000000000000000e+00
2.690000000000000000e+02 9.498889999999999390e+00 1.680182999999999893e+01 0.000000000000000000e+00
2.700000000000000000e+02 1.149957999999999991e+01 -1.597817000000000043e+01 0.000000000000000000e+00
2.710000000000000000e+02 1.346100000000000030e+01 -1.211791999999999980e+01 0.000000000000000000e+00
2.720000000000000000e+02 1.232704999999999984e+01 -1.027844999999999942e+01 0.000000000000000000e+00
2.730000000000000000e+02 1.349131999999999998e+01 -8.581580000000000652e+00 0.000000000000000000e+00
2.740000000000000000e+02 1.257469000000000037e+01 -6.600480000000000125e+00 0.000000000000000000e+00
2.750000000000000000e+02 1.371289999999999942e+01 -4.709769999999999790e+00 0.000000000000000000e+00
2.760000000000000000e+02 1.701636999999999844e+01 -3.047880000000000145e+00 0.000000000000000000e+00
2.770000000000000000e+02 1.489281000000000077e+01 -2.982619999999999827e+00 0.000000000000000000e+00
2.780000000000000000e+02 1.401712999999999987e+01 -8.444000000000000394e-01 0.000000000000000000e+00
2.790000000000000000e+02 1.525628999999999991e+01 9.702699999999999658e-01 0.000000000000000000e+00
2.800000000000000000e+02 1.436294000000000004e+01 2.937619999999999898e+00 0.000000000000000000e+00
2.810000000000000000e+02 1.575191000000000052e+01 5.020999999999999908e+00 0.000000000000000000e+00
2.820000000000000000e+02 1.658828000000000102e+01 7.472979999999999734e+00 0.000000000000000000e+00
2.830000000000000000e+02 1.460174999999999912e+01 6.783520000000000216e+00 0.000000000000000000e+00
2.840000000000000000e+02 1.399249000000000009e+01 8.855349999999999611e+00 0.000000000000000000e+00
2.850000000000000000e+02 1.504573000000000071e+01 1.066769000000000034e+01 0.000000000000000000e+00
2.860000000000000000e+02 1.392539000000000016e+01 1.251431999999999967e+01 0.000000000000000000e+00
2.870000000000000000e+02 1.284735000000000049e+01 1.469650999999999996e+01 0.000000000000000000e+00
2.880000000000000000e+02 1.228828999999999994e+01 -1.397498000000000040e+01 0.000000000000000000e+00
2.890000000000000000e+02 1.460232000000000063e+01 -1.032804999999999929e+01 0.000000000000000000e+00
2.900000000000000000e+02 1.577698999999999963e+01 -8.599899999999999878e+00 0.000000000000000000e+00
2.910000000000000000e+02 1.717157999999999873e+01 -6.954480000000000217e+00 0.000000000000000000e+00
2.920000000000000000e+02 1.462758999999999965e+01 -6.780429999999999957e+00 0.000000000000000000e+00
2.930000000000000000e+02 1.584389999999999965e+01 -4.831199999999999939e+00 0.000000000000000000e+00
2.940000000000000000e+02 1.793452999999999875e+01 -4.974849999999999994e+00 0.000000000000000000e+00
2.950000000000000000e+02 1.824474000000000018e+01 -1.086880000000000068e+00 0.000000000000000000e+00
2.960000000000000000e+02 1.612235000000000085e+01 -1.080300000000000038e+00 0.000000000000000000e+00
2.970000000000000000e+02 1.731549000000000049e+01 1.136200000000000099e+00 0.000000000000000000e+00
2.980000000000000000e+02 1.659988999999999848e+01 3.116560000000000219e+00 0.000000000000000000e+00
2.990000000000000000e+02 1.793232000000000070e+01 5.092200000000000060e+00 0.000000000000000000e+00
