0.000000000000000000e+00 -1.428175000000000061e+01 -1.351788999999999952e+01 0.000000000000000000e+00
1.000000000000000000e+00 -1.510952999999999946e+01 -1.161443000000000048e+01 0.000000000000000000e+00
2.000000000000000000e+00 -1.620170999999999850e+01 -9.833429999999999893e+00 0.000000000000000000e+00
3.000000000000000000e+00 -1.691040999999999883e+01 -7.895260000000000389e+00 0.000000000000000000e+00
4.000000000000000000e+00 -1.779973000000000027e+01 -5.893650000000000055e+00 0.000000000000000000e+00
5.000000000000000000e+00 -1.917873000000000161e+01 -3.648029999999999884e+00 0.000000000000000000e+00
6.000000000000000000e+00 -1.674870999999999910e+01 -4.073030000000000150e+00 0.000000000000000000e+00
7.000000000000000000e+00 -1.770133999999999830e+01 -2.181270000000000042e+00 0.000000000000000000e+00
8.000000000000000000e+00 -1.661946999999999974e+01 -3.730700000000000127e-01 0.000000000000000000e+00
9.000000000000000000e+00 -1.899333999999999989e+01 -3.013500000000000068e-01 0.000000000000000000e+00
1.000000000000000000e+01 -1.768366999999999933e+01 1.515339999999999909e+00 0.000000000000000000e+00
1.100000000000000000e+01 -1.757855999999999952e+01 5.287569999999999659e+00 0.000000000000000000e+00
1.200000000000000000e+01 -1.625834000000000046e+01 6.952759999999999607e+00 0.000000000000000000e+00
1.300000000000000000e+01 -1.872859000000000052e+01 7.569180000000000241e+00 0.000000000000000000e+00
1.400000000000000000e+01 -1.707162999999999897e+01 8.895580000000000709e+00 0.000000000000000000e+00
1.500000000000000000e+01 -1.595002999999999993e+01 1.074735000000000085e+01 0.000000000000000000e+00
1.600000000000000000e+01 -1.482349999999999923e+01 1.250721000000000060e+01 0.000000000000000000e+00
1.700000000000000000e+01 -1.360064000000000028e+01 1.424078000000000088e+01 0.000000000000000000e+00
1.800000000000000000e+01 -1.312046999999999919e+01 -1.537007999999999974e+01 0.000000000000000000e+00
1.900000000000000000e+01 -1.186267999999999923e+01 -1.360802999999999940e+01 0.000000000000000000e+00
2.000000000000000000e+01 -1.280630999999999986e+01 -1.176580000000000048e+01 0.000000000000000000e+00
2.100000000000000000e+01 -1.392126999999999981e+01 -9.844359999999999999e+00 0.000000000000000000e+00
2.200000000000000000e+01 -1.484083000000000041e+01 -7.975889999999999702e+00 0.000000000000000000e+00
2.300000000000000000e+01 -1.569130999999999965e+01 -6.078789999999999694e+00 0.000000000000000000e+00
2.400000000000000000e+01 -1.466704000000000008e+01 -4.163920000000000066e+00 0.000000000000000000e+00
2.500000000000000000e+01 -1.557428999999999952e+01 -2.271799999999999820e+00 0.000000000000000000e+00
2.600000000000000000e+01 -1.453941999999999979e+01 -4.701699999999999768e-01 0.000000000000000000e+00
2.700000000000000000e+01 -1.549648999999999965e+01 1.434790000000000010e+00 0.000000000000000000e+00
2.800000000000000000e+01 -1.650025000000000119e+01 3.235980000000000079e+00 0.000000000000000000e+00
2.900000000000000000e+01 -1.542807999999999957e+01 5.061370000000000147e+00 0.000000000000000000e+00
3.000000000000000000e+01 -1.419191000000000003e+01 6.912069999999999936e+00 0.000000000000000000e+00
3.100000000000000000e+01 -1.285796000000000028e+01 8.753959999999999297e+00 0.000000000000000000e+00
3.200000000000000000e+01 -1.498417000000000066e+01 8.844300000000000495e+00 0.000000000000000000e+00
3.300000000000000000e+01 -1.381138999999999939e+01 1.063767999999999958e+01 0.000000000000000000e+00
3.400000000000000000e+01 -1.261204000000000036e+01 1.242610999999999954e+01 0.000000000000000000e+00
3.500000000000000000e+01 -1.238981000000000066e+01 1.601697000000000060e+01 0.000000000000000000e+00
3.600000000000000000e+01 -9.989530000000000243e+00 -1.729744000000000170e+01 0.000000000000000000e+00
3.700000000000000000e+01 -1.095550000000000068e+01 -1.548263000000000034e+01 0.000000000000000000e+00
3.800000000000000000e+01 -1.069364999999999988e+01 -1.186753000000000036e+01 0.000000000000000000e+00
3.900000000000000000e+01 -1.171640000000000015e+01 -9.940860000000000696e+00 0.000000000000000000e+00
4.000000000000000000e+01 -1.276969000000000065e+01 -8.141619999999999635e+00 0.000000000000000000e+00
4.100000000000000000e+01 -1.361767000000000039e+01 -6.023780000000000356e+00 0.000000000000000000e+00
4.200000000000000000e+01 -1.245968000000000053e+01 -4.192730000000000068e+00 0.000000000000000000e+00
4.300000000000000000e+01 -1.344961999999999946e+01 -2.322369999999999823e+00 0.000000000000000000e+00
4.400000000000000000e+01 -1.223981999999999992e+01 -5.283499999999999863e-01 0.000000000000000000e+00
4.500000000000000000e+01 -1.326165999999999912e+01 1.312840000000000007e+00 0.000000000000000000e+00
4.600000000000000000e+01 -1.439592999999999989e+01 3.219520000000000159e+00 0.000000000000000000e+00
4.700000000000000000e+01 -1.325210000000000043e+01 4.945979999999999599e+00 0.000000000000000000e+00
4.800000000000000000e+01 -1.203595999999999933e+01 6.689339999999999620e+00 0.000000000000000000e+00
4.900000000000000000e+01 -1.072012999999999927e+01 8.495169999999999888e+00 0.000000000000000000e+00
5.000000000000000000e+01 -1.172949999999999982e+01 1.048544000000000054e+01 0.000000000000000000e+00
5.100000000000000000e+01 -1.046471999999999980e+01 1.226153000000000048e+01 0.000000000000000000e+00
5.200000000000000000e+01 -1.148104000000000013e+01 1.416169999999999973e+01 0.000000000000000000e+00
5.300000000000000000e+01 -1.020506999999999920e+01 1.586726999999999954e+01 0.000000000000000000e+00
5.400000000000000000e+01 -7.846449999999999925e+00 -1.742848000000000042e+01 0.000000000000000000e+00
5.500000000000000000e+01 -8.769780000000000797e+00 -1.558136000000000010e+01 0.000000000000000000e+00
5.600000000000000000e+01 -9.749359999999999360e+00 -1.371851999999999983e+01 0.000000000000000000e+00
5.700000000000000000e+01 -9.646689999999999543e+00 -1.007518999999999920e+01 0.000000000000000000e+00
5.800000000000000000e+01 -1.056784999999999997e+01 -8.152210000000000178e+00 0.000000000000000000e+00
5.900000000000000000e+01 -1.158041000000000054e+01 -6.337100000000000399e+00 0.000000000000000000e+00
6.000000000000000000e+01 -1.039833999999999925e+01 -4.420259999999999856e+00 0.000000000000000000e+00
6.100000000000000000e+01 -1.134273999999999916e+01 -2.439970000000000194e+00 0.000000000000000000e+00
6.200000000000000000e+01 -1.012992000000000026e+01 -6.644400000000000306e-01 0.000000000000000000e+00
6.300000000000000000e+01 -1.110280000000000022e+01 1.200960000000000027e+00 0.000000000000000000e+00
6.400000000000000000e+01 -1.216009000000000029e+01 3.061529999999999863e+00 0.000000000000000000e+00
6.500000000000000000e+01 -1.108273999999999937e+01 4.846219999999999750e+00 0.000000000000000000e+00
6.600000000000000000e+01 -9.907870000000000843e+00 6.590629999999999988e+00 0.000000000000000000e+00
6.700000000000000000e+01 -8.630539999999999878e+00 8.428269999999999484e+00 0.000000000000000000e+00
6.800000000000000000e+01 -9.612190000000000012e+00 1.023822999999999972e+01 0.000000000000000000e+00
6.900000000000000000e+01 -8.359310000000000684e+00 1.210941000000000045e+01 0.000000000000000000e+00
7.000000000000000000e+01 -9.320529999999999760e+00 1.398288999999999938e+01 0.000000000000000000e+00
7.100000000000000000e+01 -7.911260000000000403e+00 1.577769999999999939e+01 0.000000000000000000e+00
7.200000000000000000e+01 -5.525479999999999947e+00 -1.749277000000000015e+01 0.000000000000000000e+00
7.300000000000000000e+01 -6.475189999999999557e+00 -1.564788000000000068e+01 0.000000000000000000e+00
7.400000000000000000e+01 -7.512459999999999916e+00 -1.382197000000000031e+01 0.000000000000000000e+00
7.500000000000000000e+01 -8.621349999999999625e+00 -1.191942000000000057e+01 0.000000000000000000e+00
7.600000000000000000e+01 -8.459459999999999980e+00 -8.128099999999999881e+00 0.000000000000000000e+00
7.700000000000000000e+01 -9.454929999999999168e+00 -6.249419999999999753e+00 0.000000000000000000e+00
7.800000000000000000e+01 -8.292080000000000339e+00 -4.430900000000000283e+00 0.000000000000000000e+00
7.900000000000000000e+01 -9.253650000000000375e+00 -2.552150000000000141e+00 0.000000000000000000e+00
8.000000000000000000e+01 -8.040110000000000312e+00 -7.397399999999999531e-01 0.000000000000000000e+00
8.100000000000000000e+01 -8.996930000000000760e+00 1.131809999999999983e+00 0.000000000000000000e+00
8.200000000000000000e+01 -9.979139999999999233e+00 2.970159999999999911e+00 0.000000000000000000e+00
8.300000000000000000e+01 -7.875370000000000203e+00 2.875340000000000007e+00 0.000000000000000000e+00
8.400000000000000000e+01 -8.809010000000000673e+00 4.841059999999999697e+00 0.000000000000000000e+00
8.500000000000000000e+01 -6.503709999999999880e+00 8.368809999999999860e+00 0.000000000000000000e+00
8.600000000000000000e+01 -7.526150000000000340e+00 1.023137000000000008e+01 0.000000000000000000e+00
8.700000000000000000e+01 -6.280160000000000409e+00 1.189884999999999948e+01 0.000000000000000000e+00
8.800000000000000000e+01 -7.112330000000000041e+00 1.386125999999999969e+01 0.000000000000000000e+00
8.900000000000000000e+01 -6.819149999999999601e+00 1.761306000000000083e+01 0.000000000000000000e+00
9.000000000000000000e+01 -4.126129999999999853e+00 -1.965220000000000056e+01 0.000000000000000000e+00
9.100000000000000000e+01 -4.381389999999999674e+00 -1.574723999999999968e+01 0.000000000000000000e+00
9.200000000000000000e+01 -5.448920000000000208e+00 -1.386077000000000048e+01 0.000000000000000000e+00
9.300000000000000000e+01 -6.545840000000000103e+00 -1.198906000000000027e+01 0.000000000000000000e+00
9.400000000000000000e+01 -7.543379999999999974e+00 -1.012439000000000000e+01 0.000000000000000000e+00
9.500000000000000000e+01 -7.371030000000000193e+00 -6.367619999999999614e+00 0.000000000000000000e+00
9.600000000000000000e+01 -6.174979999999999691e+00 -4.492300000000000182e+00 0.000000000000000000e+00
9.700000000000000000e+01 -7.162219999999999587e+00 -2.670710000000000139e+00 0.000000000000000000e+00
9.800000000000000000e+01 -5.957399999999999807e+00 -9.212500000000000133e-01 0.000000000000000000e+00
9.900000000000000000e+01 -6.919900000000000162e+00 1.001679999999999904e+00 0.000000000000000000e+00
1.000000000000000000e+02 -5.730349999999999611e+00 2.700070000000000192e+00 0.000000000000000000e+00
1.010000000000000000e+02 -6.589480000000000004e+00 4.654639999999999667e+00 0.000000000000000000e+00
1.020000000000000000e+02 -7.698159999999999670e+00 6.585569999999999702e+00 0.000000000000000000e+00
1.030000000000000000e+02 -4.356939999999999813e+00 8.168390000000000484e+00 0.000000000000000000e+00
1.040000000000000000e+02 -5.206489999999999618e+00 1.006235000000000035e+01 0.000000000000000000e+00
1.050000000000000000e+02 -3.980659999999999865e+00 1.187302000000000035e+01 0.000000000000000000e+00
1.060000000000000000e+02 -5.819169999999999732e+00 1.568108999999999931e+01 0.000000000000000000e+00
1.070000000000000000e+02 -3.334140000000000104e+00 1.980467000000000155e+01 0.000000000000000000e+00
1.080000000000000000e+02 -3.389540000000000219e+00 -1.772615000000000052e+01 0.000000000000000000e+00
1.090000000000000000e+02 -3.311139999999999972e+00 -1.388045999999999935e+01 0.000000000000000000e+00
1.100000000000000000e+02 -4.378519999999999968e+00 -1.200741000000000014e+01 0.000000000000000000e+00
1.110000000000000000e+02 -5.455809999999999604e+00 -1.016348999999999947e+01 0.000000000000000000e+00
1.120000000000000000e+02 -6.304590000000000138e+00 -8.256149999999999878e+00 0.000000000000000000e+00
1.130000000000000000e+02 -5.260729999999999684e+00 -6.378770000000000273e+00 0.000000000000000000e+00
1.140000000000000000e+02 -4.089909999999999712e+00 -4.602070000000000327e+00 0.000000000000000000e+00
1.150000000000000000e+02 -4.999220000000000219e+00 -2.750739999999999963e+00 0.000000000000000000e+00
1.160000000000000000e+02 -3.834529999999999994e+00 -1.004939999999999944e+00 0.000000000000000000e+00
1.170000000000000000e+02 -4.837360000000000326e+00 8.294899999999999496e-01 0.000000000000000000e+00
1.180000000000000000e+02 -3.612400000000000055e+00 2.678869999999999862e+00 0.000000000000000000e+00
1.190000000000000000e+02 -4.489180000000000170e+00 4.569280000000000008e+00 0.000000000000000000e+00
1.200000000000000000e+02 -5.559330000000000105e+00 6.489300000000000068e+00 0.000000000000000000e+00
1.210000000000000000e+02 -2.178650000000000198e+00 8.047610000000000596e+00 0.000000000000000000e+00
1.220000000000000000e+02 -3.068740000000000023e+00 9.984469999999999956e+00 0.000000000000000000e+00
1.230000000000000000e+02 -1.847059999999999924e+00 1.167956000000000039e+01 0.000000000000000000e+00
1.240000000000000000e+02 -4.951060000000000016e+00 1.371646999999999927e+01 0.000000000000000000e+00
1.250000000000000000e+02 -4.649720000000000297e+00 1.756250000000000000e+01 0.000000000000000000e+00
1.260000000000000000e+02 -1.710679999999999978e+00 -1.954054999999999964e+01 0.000000000000000000e+00
1.270000000000000000e+02 -2.273130000000000095e+00 -1.570146000000000086e+01 0.000000000000000000e+00
1.280000000000000000e+02 -2.236740000000000173e+00 -1.209641000000000055e+01 0.000000000000000000e+00
1.290000000000000000e+02 -3.232779999999999987e+00 -1.020254000000000083e+01 0.000000000000000000e+00
1.300000000000000000e+02 -4.216599999999999682e+00 -8.383760000000000545e+00 0.000000000000000000e+00
1.310000000000000000e+02 -3.198119999999999852e+00 -6.519079999999999764e+00 0.000000000000000000e+00
1.320000000000000000e+02 -2.011579999999999924e+00 -4.768830000000000346e+00 0.000000000000000000e+00
1.330000000000000000e+02 -2.925349999999999895e+00 -2.861559999999999881e+00 0.000000000000000000e+00
1.340000000000000000e+02 -1.763819999999999943e+00 -1.085390000000000077e+00 0.000000000000000000e+00
1.350000000000000000e+02 -2.642739999999999867e+00 8.547000000000000153e-01 0.000000000000000000e+00
1.360000000000000000e+02 -1.490580000000000016e+00 2.593300000000000161e+00 0.000000000000000000e+00
1.370000000000000000e+02 -2.400770000000000071e+00 4.446659999999999613e+00 0.000000000000000000e+00
1.380000000000000000e+02 -3.355160000000000142e+00 6.330890000000000128e+00 0.000000000000000000e+00
1.390000000000000000e+02 -5.215999999999999803e-02 7.840180000000000149e+00 0.000000000000000000e+00
1.400000000000000000e+02 -8.760099999999999554e-01 9.801349999999999341e+00 0.000000000000000000e+00
1.410000000000000000e+02 -2.739219999999999988e+00 1.354228999999999949e+01 0.000000000000000000e+00
1.420000000000000000e+02 -3.673700000000000188e+00 1.540053999999999945e+01 0.000000000000000000e+00
1.430000000000000000e+02 -2.572340000000000071e+00 1.719028000000000134e+01 0.000000000000000000e+00
1.440000000000000000e+02 -1.143890000000000073e+00 -1.753366000000000113e+01 0.000000000000000000e+00
1.450000000000000000e+02 5.182999999999999829e-01 -1.606250000000000000e+01 0.000000000000000000e+00
1.460000000000000000e+02 -1.005479999999999929e+00 -1.396981000000000073e+01 0.000000000000000000e+00
1.470000000000000000e+02 -1.113380000000000036e+00 -1.032820000000000071e+01 0.000000000000000000e+00
1.480000000000000000e+02 -5.409999999999999878e-03 -8.516519999999999868e+00 0.000000000000000000e+00
1.490000000000000000e+02 -2.143730000000000135e+00 -8.425000000000000711e+00 0.000000000000000000e+00
1.500000000000000000e+02 -1.106419999999999959e+00 -6.628589999999999982e+00 0.000000000000000000e+00
1.510000000000000000e+02 -8.604000000000000536e-01 -2.996640000000000192e+00 0.000000000000000000e+00
1.520000000000000000e+02 3.285000000000000142e-01 -1.265759999999999996e+00 0.000000000000000000e+00
1.530000000000000000e+02 -5.714099999999999735e-01 6.976599999999999469e-01 0.000000000000000000e+00
1.540000000000000000e+02 6.325300000000000367e-01 2.396819999999999951e+00 0.000000000000000000e+00
1.550000000000000000e+02 -2.610399999999999943e-01 4.328809999999999825e+00 0.000000000000000000e+00
1.560000000000000000e+02 -1.252499999999999947e+00 6.152339999999999698e+00 0.000000000000000000e+00
1.570000000000000000e+02 1.198110000000000008e+00 9.617039999999999367e+00 0.000000000000000000e+00
1.580000000000000000e+02 2.505000000000000004e-01 1.159196000000000026e+01 0.000000000000000000e+00
1.590000000000000000e+02 -6.074699999999999545e-01 1.347470000000000034e+01 0.000000000000000000e+00
1.600000000000000000e+02 -1.608030000000000070e+00 1.532107000000000063e+01 0.000000000000000000e+00
1.610000000000000000e+02 -3.227700000000000014e-01 1.722078000000000131e+01 0.000000000000000000e+00
1.620000000000000000e+02 9.486499999999999932e-01 -1.809821000000000168e+01 0.000000000000000000e+00
1.630000000000000000e+02 3.114679999999999893e+00 -1.749164000000000030e+01 0.000000000000000000e+00
1.640000000000000000e+02 1.126370000000000093e+00 -1.406037000000000070e+01 0.000000000000000000e+00
1.650000000000000000e+02 1.303100000000000092e-01 -1.214953000000000038e+01 0.000000000000000000e+00
1.660000000000000000e+02 1.074000000000000066e+00 -1.031457999999999942e+01 0.000000000000000000e+00
1.670000000000000000e+02 1.026559999999999917e+00 -6.728790000000000049e+00 0.000000000000000000e+00
1.680000000000000000e+02 6.035999999999999699e-02 -4.872589999999999755e+00 0.000000000000000000e+00
1.690000000000000000e+02 1.271689999999999987e+00 -3.128010000000000179e+00 0.000000000000000000e+00
1.700000000000000000e+02 2.426470000000000127e+00 -1.351969999999999894e+00 0.000000000000000000e+00
1.710000000000000000e+02 1.504259999999999931e+00 5.318699999999999539e-01 0.000000000000000000e+00
1.720000000000000000e+02 2.747259999999999813e+00 2.237779999999999880e+00 0.000000000000000000e+00
1.730000000000000000e+02 1.803549999999999986e+00 4.135449999999999626e+00 0.000000000000000000e+00
1.740000000000000000e+02 9.276100000000000456e-01 6.008810000000000429e+00 0.000000000000000000e+00
1.750000000000000000e+02 2.102739999999999831e+00 7.755519999999999747e+00 0.000000000000000000e+00
1.760000000000000000e+02 2.353860000000000063e+00 1.139594999999999914e+01 0.000000000000000000e+00
1.770000000000000000e+02 1.485389999999999988e+00 1.329527000000000037e+01 0.000000000000000000e+00
1.780000000000000000e+02 4.917799999999999949e-01 1.525305999999999962e+01 0.000000000000000000e+00
1.790000000000000000e+02 7.860899999999999554e-01 1.901518000000000086e+01 0.000000000000000000e+00
1.800000000000000000e+02 2.535089999999999844e+00 -1.956659000000000148e+01 0.000000000000000000e+00
1.810000000000000000e+02 2.696530000000000094e+00 -1.544336000000000020e+01 0.000000000000000000e+00
1.820000000000000000e+02 3.001939999999999831e+00 -1.313044999999999973e+01 0.000000000000000000e+00
1.830000000000000000e+02 3.019730000000000025e+00 -1.104428000000000054e+01 0.000000000000000000e+00
1.840000000000000000e+02 2.994089999999999918e+00 -8.963490000000000180e+00 0.000000000000000000e+00
1.850000000000000000e+02 3.068369999999999820e+00 -6.865169999999999995e+00 0.000000000000000000e+00
1.860000000000000000e+02 2.166910000000000114e+00 -4.993540000000000312e+00 0.000000000000000000e+00
1.870000000000000000e+02 3.425019999999999953e+00 -3.337670000000000137e+00 0.000000000000000000e+00
1.880000000000000000e+02 3.604420000000000179e+00 3.603199999999999736e-01 0.000000000000000000e+00
1.890000000000000000e+02 4.846260000000000012e+00 2.048259999999999970e+00 0.000000000000000000e+00
1.900000000000000000e+02 3.924080000000000013e+00 3.948949999999999960e+00 0.000000000000000000e+00
1.910000000000000000e+02 5.083210000000000228e+00 5.748059999999999725e+00 0.000000000000000000e+00
1.920000000000000000e+02 3.014250000000000096e+00 5.882970000000000255e+00 0.000000000000000000e+00
1.930000000000000000e+02 4.364790000000000170e+00 7.723049999999999748e+00 0.000000000000000000e+00
1.940000000000000000e+02 3.292720000000000091e+00 9.514089999999999492e+00 0.000000000000000000e+00
1.950000000000000000e+02 3.548080000000000123e+00 1.314213999999999949e+01 0.000000000000000000e+00
1.960000000000000000e+02 2.554479999999999862e+00 1.508092000000000077e+01 0.000000000000000000e+00
1.970000000000000000e+02 1.971309999999999896e+00 1.723135999999999868e+01 0.000000000000000000e+00
1.980000000000000000e+02 4.972970000000000113e+00 -1.635844000000000165e+01 0.000000000000000000e+00
1.990000000000000000e+02 4.973910000000000053e+00 -1.428889000000000031e+01 0.000000000000000000e+00
2.000000000000000000e+02 4.843479999999999563e+00 -1.220467000000000013e+01 0.000000000000000000e+00
2.010000000000000000e+02 4.928090000000000082e+00 -1.011982000000000070e+01 0.000000000000000000e+00
2.020000000000000000e+02 4.863819999999999588e+00 -7.998770000000000380e+00 0.000000000000000000e+00
2.030000000000000000e+02 4.770699999999999719e+00 -5.650389999999999802e+00 0.000000000000000000e+00
2.040000000000000000e+02 5.470360000000000333e+00 -3.635540000000000216e+00 0.000000000000000000e+00
2.050000000000000000e+02 4.509149999999999991e+00 -1.582049999999999956e+00 0.000000000000000000e+00
2.060000000000000000e+02 5.700899999999999856e+00 1.423800000000000066e-01 0.000000000000000000e+00
2.070000000000000000e+02 6.972319999999999851e+00 1.834430000000000005e+00 0.000000000000000000e+00
2.080000000000000000e+02 5.987330000000000041e+00 3.761239999999999917e+00 0.000000000000000000e+00
2.090000000000000000e+02 7.163879999999999804e+00 5.470349999999999824e+00 0.000000000000000000e+00
2.100000000000000000e+02 6.406329999999999636e+00 7.401169999999999582e+00 0.000000000000000000e+00
2.110000000000000000e+02 5.646309999999999718e+00 9.407450000000000756e+00 0.000000000000000000e+00
2.120000000000000000e+02 4.580230000000000246e+00 1.123513999999999946e+01 0.000000000000000000e+00
2.130000000000000000e+02 5.849479999999999791e+00 1.303542000000000023e+01 0.000000000000000000e+00
2.140000000000000000e+02 4.751450000000000173e+00 1.483258999999999972e+01 0.000000000000000000e+00
2.150000000000000000e+02 4.039950000000000152e+00 1.682804000000000144e+01 0.000000000000000000e+00
2.160000000000000000e+02 5.981349999999999945e+00 -1.829825999999999908e+01 0.000000000000000000e+00
2.170000000000000000e+02 6.917839999999999989e+00 -1.539270999999999923e+01 0.000000000000000000e+00
2.180000000000000000e+02 6.874430000000000263e+00 -1.332104999999999961e+01 0.000000000000000000e+00
2.190000000000000000e+02 6.736069999999999780e+00 -1.122078999999999915e+01 0.000000000000000000e+00
2.200000000000000000e+02 6.735949999999999882e+00 -9.023569999999999425e+00 0.000000000000000000e+00
2.210000000000000000e+02 6.582399999999999807e+00 -6.722800000000000331e+00 0.000000000000000000e+00
2.220000000000000000e+02 7.518720000000000070e+00 -3.892669999999999852e+00 0.000000000000000000e+00
2.230000000000000000e+02 6.603979999999999961e+00 -1.857660000000000089e+00 0.000000000000000000e+00
2.240000000000000000e+02 7.801160000000000316e+00 -8.143000000000000238e-02 0.000000000000000000e+00
2.250000000000000000e+02 9.013249999999999318e+00 1.594019999999999992e+00 0.000000000000000000e+00
2.260000000000000000e+02 8.180949999999999278e+00 3.525300000000000100e+00 0.000000000000000000e+00
2.270000000000000000e+02 9.362679999999999225e+00 5.254419999999999646e+00 0.000000000000000000e+00
2.280000000000000000e+02 8.551059999999999661e+00 7.165239999999999831e+00 0.000000000000000000e+00
2.290000000000000000e+02 7.674389999999999823e+00 9.080510000000000304e+00 0.000000000000000000e+00
2.300000000000000000e+02 6.911290000000000155e+00 1.104203000000000046e+01 0.000000000000000000e+00
2.310000000000000000e+02 8.248920000000000030e+00 1.267703999999999986e+01 0.000000000000000000e+00
2.320000000000000000e+02 7.350509999999999877e+00 1.459660000000000046e+01 0.000000000000000000e+00
2.330000000000000000e+02 6.205169999999999852e+00 1.631860999999999962e+01 0.000000000000000000e+00
2.340000000000000000e+02 9.354589999999999961e+00 -1.672227000000000174e+01 0.000000000000000000e+00
2.350000000000000000e+02 8.823980000000000601e+00 -1.440934000000000026e+01 0.000000000000000000e+00
2.360000000000000000e+02 8.634240000000000137e+00 -1.223520000000000074e+01 0.000000000000000000e+00
2.370000000000000000e+02 8.545790000000000219e+00 -1.012749999999999950e+01 0.000000000000000000e+00
2.380000000000000000e+02 8.479789999999999495e+00 -7.910610000000000142e+00 0.000000000000000000e+00
2.390000000000000000e+02 8.546749999999999403e+00 -5.827149999999999608e+00 0.000000000000000000e+00
2.400000000000000000e+02 9.742359999999999687e+00 -4.093200000000000394e+00 0.000000000000000000e+00
2.410000000000000000e+02 8.734949999999999548e+00 -2.060869999999999980e+00 0.000000000000000000e+00
2.420000000000000000e+02 9.938909999999999911e+00 -3.780000000000000027e-01 0.000000000000000000e+00
2.430000000000000000e+02 1.116625999999999941e+01 1.354729999999999990e+00 0.000000000000000000e+00
2.440000000000000000e+02 1.024451999999999963e+01 3.263149999999999995e+00 0.000000000000000000e+00
2.450000000000000000e+02 1.149915000000000020e+01 4.940520000000000245e+00 0.000000000000000000e+00
2.460000000000000000e+02 1.064073999999999920e+01 6.872160000000000046e+00 0.000000000000000000e+00
2.470000000000000000e+02 9.836880000000000734e+00 8.800259999999999749e+00 0.000000000000000000e+00
2.480000000000000000e+02 9.050929999999999254e+00 1.075946000000000069e+01 0.000000000000000000e+00
2.490000000000000000e+02 9.583600000000000563e+00 1.463025999999999982e+01 0.000000000000000000e+00
2.500000000000000000e+02 8.234629999999999228e+00 1.678303000000000011e+01 0.000000000000000000e+00
2.510000000000000000e+02 6.555089999999999861e+00 1.839718999999999838e+01 0.000000000000000000e+00
2.520000000000000000e+02 1.123690999999999995e+01 -1.545716000000000001e+01 0.000000000000000000e+00
2.530000000000000000e+02 1.059042999999999957e+01 -1.326092000000000048e+01 0.000000000000000000e+00
2.540000000000000000e+02 1.041796000000000078e+01 -1.102926000000000073e+01 0.000000000000000000e+00
2.550000000000000000e+02 1.218955000000000055e+01 -9.770759999999999224e+00 0.000000000000000000e+00
2.560000000000000000e+02 1.026098999999999961e+01 -8.954439999999999955e+00 0.000000000000000000e+00
2.570000000000000000e+02 1.065320000000000000e+01 -5.958339999999999748e+00 0.000000000000000000e+00
2.580000000000000000e+02 1.185773000000000010e+01 -4.277449999999999974e+00 0.000000000000000000e+00
2.590000000000000000e+02 1.082319999999999993e+01 -2.248920000000000030e+00 0.000000000000000000e+00
2.600000000000000000e+02 1.200905000000000022e+01 -5.422900000000000498e-01 0.000000000000000000e+00
2.610000000000000000e+02 1.328210999999999942e+01 1.096819999999999906e+00 0.000000000000000000e+00
2.620000000000000000e+02 1.246663000000000032e+01 3.111950000000000216e+00 0.000000000000000000e+00
2.630000000000000000e+02 1.368121999999999971e+01 4.876520000000000188e+00 0.000000000000000000e+00
2.640000000000000000e+02 1.280139999999999922e+01 6.743619999999999948e+00 0.000000000000000000e+00
2.650000000000000000e+02 1.191993000000000080e+01 8.652889999999999304e+00 0.000000000000000000e+00
2.660000000000000000e+02 1.115039999999999942e+01 1.062520999999999916e+01 0.000000000000000000e+00
2.670000000000000000e+02 1.326994000000000007e+01 1.040966000000000058e+01 0.000000000000000000e+00
2.680000000000000000e+02 1.029911000000000065e+01 1.251185000000000080e+01 0.000000000000000000e+00
2.690000000000000000e+02 1.083529000000000053e+01 1.628081999999999852e+01 0.000000000000000000e+00
2.700000000000000000e+02 1.279507000000000083e+01 -1.400451999999999941e+01 0.000000000000000000e+00
2.710000000000000000e+02 1.257445000000000057e+01 -1.195926000000000045e+01 0.000000000000000000e+00
2.720000000000000000e+02 1.414744999999999919e+01 -1.044819999999999993e+01 0.000000000000000000e+00
2.730000000000000000e+02 1.397810999999999915e+01 -8.069309999999999761e+00 0.000000000000000000e+00
2.740000000000000000e+02 1.190850000000000009e+01 -7.685039999999999871e+00 0.000000000000000000e+00
2.750000000000000000e+02 1.319871999999999979e+01 -6.011429999999999829e+00 0.000000000000000000e+00
2.760000000000000000e+02 1.417426000000000030e+01 -4.168549999999999756e+00 0.000000000000000000e+00
2.770000000000000000e+02 1.290862000000000087e+01 -2.479569999999999830e+00 0.000000000000000000e+00
2.780000000000000000e+02 1.421122000000000085e+01 -8.055499999999999883e-01 0.000000000000000000e+00
2.790000000000000000e+02 1.543308000000000035e+01 9.095999999999999641e-01 0.000000000000000000e+00
2.800000000000000000e+02 1.452176000000000045e+01 2.921269999999999811e+00 0.000000000000000000e+00
2.810000000000000000e+02 1.588090000000000046e+01 4.627040000000000042e+00 0.000000000000000000e+00
2.820000000000000000e+02 1.501553999999999967e+01 6.552500000000000213e+00 0.000000000000000000e+00
2.830000000000000000e+02 1.635340000000000060e+01 8.441990000000000549e+00 0.000000000000000000e+00
2.840000000000000000e+02 1.410809000000000069e+01 8.528259999999999508e+00 0.000000000000000000e+00
2.850000000000000000e+02 1.533193999999999946e+01 1.026518000000000086e+01 0.000000000000000000e+00
2.860000000000000000e+02 1.292610999999999954e+01 1.248745000000000083e+01 0.000000000000000000e+00
2.870000000000000000e+02 1.167146999999999935e+01 1.423048999999999964e+01 0.000000000000000000e+00
2.880000000000000000e+02 1.464145000000000074e+01 -1.269180000000000064e+01 0.000000000000000000e+00
2.890000000000000000e+02 1.612400999999999840e+01 -1.118854999999999933e+01 0.000000000000000000e+00
2.900000000000000000e+02 1.586800000000000033e+01 -9.021599999999999397e+00 0.000000000000000000e+00
2.910000000000000000e+02 1.748936000000000135e+01 -7.307400000000000340e+00 0.000000000000000000e+00
2.920000000000000000e+02 1.531376999999999988e+01 -6.338320000000000398e+00 0.000000000000000000e+00
2.930000000000000000e+02 1.623813000000000173e+01 -4.486679999999999779e+00 0.000000000000000000e+00
2.940000000000000000e+02 1.784244999999999948e+01 -2.944310000000000205e+00 0.000000000000000000e+00
2.950000000000000000e+02 1.548079000000000072e+01 -2.523519999999999985e+00 0.000000000000000000e+00
2.960000000000000000e+02 1.677497999999999934e+01 -8.795300000000000340e-01 0.000000000000000000e+00
2.970000000000000000e+02 1.804232000000000014e+01 9.768599999999999506e-01 0.000000000000000000e+00
2.980000000000000000e+02 1.681079000000000079e+01 2.776850000000000041e+00 0.000000000000000000e+00
2.990000000000000000e+02 1.723245000000000005e+01 6.395599999999999952e+00 0.000000000000000000e+00
