0.000000000000000000e+00 -1.482928000000000068e+01 -1.496466000000000030e+01 0.000000000000000000e+00
1.000000000000000000e+00 -1.556235999999999997e+01 -1.294785000000000075e+01 0.000000000000000000e+00
2.000000000000000000e+00 -1.641037000000000035e+01 -1.105336999999999925e+01 0.000000000000000000e+00
3.000000000000000000e+00 -1.715737999999999985e+01 -9.023210000000000619e+00 0.000000000000000000e+00
4.000000000000000000e+00 -1.810013000000000005e+01 -6.844500000000000028e+00 0.000000000000000000e+00
5.000000000000000000e+00 -1.887426999999999921e+01 -4.774359999999999715e+00 0.000000000000000000e+00
6.000000000000000000e+00 -1.742599999999999838e+01 -3.172260000000000080e+00 0.000000000000000000e+00
7.000000000000000000e+00 -1.944306999999999874e+01 -2.698560000000000070e+00 0.000000000000000000e+00
8.000000000000000000e+00 -1.798754999999999882e+01 -1.178940000000000099e+00 0.000000000000000000e+00
9.000000000000000000e+00 -1.948912999999999940e+01 3.243699999999999917e-01 0.000000000000000000e+00
1.000000000000000000e+01 -1.745621999999999829e+01 8.247799999999999576e-01 0.000000000000000000e+00
1.100000000000000000e+01 -1.960219999999999985e+01 3.271749999999999936e+00 0.000000000000000000e+00
1.200000000000000000e+01 -1.745857000000000170e+01 5.120860000000000412e+00 0.000000000000000000e+00
1.300000000000000000e+01 -1.792139999999999844e+01 7.125180000000000291e+00 0.000000000000000000e+00
1.400000000000000000e+01 -1.548112000000000066e+01 8.447169999999999845e+00 0.000000000000000000e+00
1.500000000000000000e+01 -1.740287999999999968e+01 9.392500000000000071e+00 0.000000000000000000e+00
1.600000000000000000e+01 -1.551796000000000042e+01 1.056060000000000088e+01 0.000000000000000000e+00
1.700000000000000000e+01 -1.540365000000000073e+01 1.270480000000000054e+01 0.000000000000000000e+00
1.800000000000000000e+01 -1.303163999999999945e+01 -1.604278000000000048e+01 0.000000000000000000e+00
1.900000000000000000e+01 -1.347072999999999965e+01 -1.328603000000000023e+01 0.000000000000000000e+00
2.000000000000000000e+01 -1.415146000000000015e+01 -1.131115999999999921e+01 0.000000000000000000e+00
2.100000000000000000e+01 -1.493641000000000041e+01 -9.365940000000000154e+00 0.000000000000000000e+00
2.200000000000000000e+01 -1.581457999999999942e+01 -7.338070000000000093e+00 0.000000000000000000e+00
2.300000000000000000e+01 -1.660594999999999999e+01 -5.272470000000000212e+00 0.000000000000000000e+00
2.400000000000000000e+01 -1.524090999999999951e+01 -3.455020000000000202e+00 0.000000000000000000e+00
2.500000000000000000e+01 -1.587462999999999980e+01 -1.437419999999999920e+00 0.000000000000000000e+00
2.600000000000000000e+01 -1.385687000000000069e+01 7.516199999999999548e-01 0.000000000000000000e+00
2.700000000000000000e+01 -1.564347000000000065e+01 1.844070000000000098e+00 0.000000000000000000e+00
2.800000000000000000e+01 -1.742303000000000068e+01 3.017339999999999911e+00 0.000000000000000000e+00
2.900000000000000000e+01 -1.562493000000000087e+01 4.050930000000000142e+00 0.000000000000000000e+00
3.000000000000000000e+01 -1.563770000000000060e+01 6.300830000000000375e+00 0.000000000000000000e+00
3.100000000000000000e+01 -1.372038000000000046e+01 7.114130000000000287e+00 0.000000000000000000e+00
3.200000000000000000e+01 -1.351633999999999958e+01 9.237890000000000157e+00 0.000000000000000000e+00
3.300000000000000000e+01 -1.353659999999999997e+01 1.137264000000000053e+01 0.000000000000000000e+00
3.400000000000000000e+01 -1.347189000000000014e+01 1.348103000000000051e+01 0.000000000000000000e+00
3.500000000000000000e+01 -1.336747000000000085e+01 1.581231999999999971e+01 0.000000000000000000e+00
3.600000000000000000e+01 -1.055219999999999914e+01 -1.649249999999999972e+01 0.000000000000000000e+00
3.700000000000000000e+01 -1.152286999999999928e+01 -1.440474000000000032e+01 0.000000000000000000e+00
3.800000000000000000e+01 -1.189541000000000004e+01 -1.165423999999999971e+01 0.000000000000000000e+00
3.900000000000000000e+01 -1.279683999999999955e+01 -9.728199999999999292e+00 0.000000000000000000e+00
4.000000000000000000e+01 -1.374887000000000015e+01 -7.641610000000000014e+00 0.000000000000000000e+00
4.100000000000000000e+01 -1.456930999999999976e+01 -5.645990000000000286e+00 0.000000000000000000e+00
4.200000000000000000e+01 -1.320470000000000077e+01 -4.048560000000000159e+00 0.000000000000000000e+00
4.300000000000000000e+01 -1.372724999999999973e+01 -1.570179999999999909e+00 0.000000000000000000e+00
4.400000000000000000e+01 -1.197793000000000063e+01 -3.313499999999999779e-01 0.000000000000000000e+00
4.500000000000000000e+01 -1.188522999999999996e+01 1.795069999999999943e+00 0.000000000000000000e+00
4.600000000000000000e+01 -1.378767999999999994e+01 2.810939999999999994e+00 0.000000000000000000e+00
4.700000000000000000e+01 -1.378536000000000072e+01 4.990300000000000402e+00 0.000000000000000000e+00
4.800000000000000000e+01 -1.190465000000000018e+01 5.983719999999999928e+00 0.000000000000000000e+00
4.900000000000000000e+01 -1.175595000000000034e+01 8.134949999999999903e+00 0.000000000000000000e+00
5.000000000000000000e+01 -1.171078999999999937e+01 1.037784000000000084e+01 0.000000000000000000e+00
5.100000000000000000e+01 -1.168002000000000073e+01 1.247560000000000002e+01 0.000000000000000000e+00
5.200000000000000000e+01 -1.170703999999999922e+01 1.454522000000000048e+01 0.000000000000000000e+00
5.300000000000000000e+01 -1.154017999999999944e+01 1.678011000000000053e+01 0.000000000000000000e+00
5.400000000000000000e+01 -7.927270000000000039e+00 -1.676312000000000069e+01 0.000000000000000000e+00
5.500000000000000000e+01 -9.095969999999999445e+00 -1.479332999999999920e+01 0.000000000000000000e+00
5.600000000000000000e+01 -1.012040999999999968e+01 -1.282769000000000048e+01 0.000000000000000000e+00
5.700000000000000000e+01 -1.072549000000000063e+01 -9.938129999999999242e+00 0.000000000000000000e+00
5.800000000000000000e+01 -1.163949999999999996e+01 -7.983710000000000306e+00 0.000000000000000000e+00
5.900000000000000000e+01 -1.238116999999999912e+01 -6.064169999999999838e+00 0.000000000000000000e+00
6.000000000000000000e+01 -1.069466000000000072e+01 -4.227159999999999584e+00 0.000000000000000000e+00
6.100000000000000000e+01 -1.183909000000000056e+01 -2.502219999999999889e+00 0.000000000000000000e+00
6.200000000000000000e+01 -1.001815000000000033e+01 -1.437189999999999968e+00 0.000000000000000000e+00
6.300000000000000000e+01 -1.006231999999999971e+01 6.579599999999999893e-01 0.000000000000000000e+00
6.400000000000000000e+01 -1.187262999999999913e+01 3.864110000000000156e+00 0.000000000000000000e+00
6.500000000000000000e+01 -1.009585000000000043e+01 4.938729999999999620e+00 0.000000000000000000e+00
6.600000000000000000e+01 -9.998929999999999652e+00 7.015450000000000408e+00 0.000000000000000000e+00
6.700000000000000000e+01 -9.943690000000000140e+00 9.185940000000000438e+00 0.000000000000000000e+00
6.800000000000000000e+01 -9.848349999999999937e+00 1.136994999999999933e+01 0.000000000000000000e+00
6.900000000000000000e+01 -9.840180000000000149e+00 1.345010000000000083e+01 0.000000000000000000e+00
7.000000000000000000e+01 -9.706730000000000302e+00 1.551220999999999961e+01 0.000000000000000000e+00
7.100000000000000000e+01 -9.661860000000000781e+00 1.768465000000000131e+01 0.000000000000000000e+00
7.200000000000000000e+01 -5.807400000000000340e+00 -1.670702999999999960e+01 0.000000000000000000e+00
7.300000000000000000e+01 -7.005829999999999558e+00 -1.484437999999999924e+01 0.000000000000000000e+00
7.400000000000000000e+01 -7.945979999999999599e+00 -1.300364000000000075e+01 0.000000000000000000e+00
7.500000000000000000e+01 -8.927189999999999515e+00 -1.107085000000000008e+01 0.000000000000000000e+00
7.600000000000000000e+01 -9.542980000000000018e+00 -8.228020000000000778e+00 0.000000000000000000e+00
7.700000000000000000e+01 -1.028889999999999993e+01 -6.269820000000000171e+00 0.000000000000000000e+00
7.800000000000000000e+01 -8.487700000000000244e+00 -4.520559999999999690e+00 0.000000000000000000e+00
7.900000000000000000e+01 -8.238780000000000214e+00 -2.469829999999999970e+00 0.000000000000000000e+00
8.000000000000000000e+01 -8.165250000000000341e+00 -3.411500000000000088e-01 0.000000000000000000e+00
8.100000000000000000e+01 -8.221370000000000289e+00 1.737049999999999983e+00 0.000000000000000000e+00
8.200000000000000000e+01 -1.004481000000000002e+01 2.784879999999999800e+00 0.000000000000000000e+00
8.300000000000000000e+01 -8.150169999999999249e+00 3.792780000000000040e+00 0.000000000000000000e+00
8.400000000000000000e+01 -8.191489999999999938e+00 5.867989999999999817e+00 0.000000000000000000e+00
8.500000000000000000e+01 -8.110129999999999839e+00 8.002509999999999124e+00 0.000000000000000000e+00
8.600000000000000000e+01 -8.050150000000000361e+00 1.007235999999999976e+01 0.000000000000000000e+00
8.700000000000000000e+01 -7.926560000000000272e+00 1.232011999999999929e+01 0.000000000000000000e+00
8.800000000000000000e+01 -7.870020000000000238e+00 1.445820999999999934e+01 0.000000000000000000e+00
8.900000000000000000e+01 -7.469509999999999650e+00 1.692039000000000115e+01 0.000000000000000000e+00
9.000000000000000000e+01 -4.910770000000000302e+00 -1.884031999999999840e+01 0.000000000000000000e+00
9.100000000000000000e+01 -4.894750000000000156e+00 -1.478951999999999956e+01 0.000000000000000000e+00
9.200000000000000000e+01 -5.594009999999999927e+00 -1.284727999999999959e+01 0.000000000000000000e+00
9.300000000000000000e+01 -6.852649999999999686e+00 -1.116993000000000080e+01 0.000000000000000000e+00
9.400000000000000000e+01 -7.794039999999999857e+00 -9.330320000000000391e+00 0.000000000000000000e+00
9.500000000000000000e+01 -8.179589999999999250e+00 -6.621640000000000192e+00 0.000000000000000000e+00
9.600000000000000000e+01 -6.353250000000000064e+00 -5.661139999999999617e+00 0.000000000000000000e+00
9.700000000000000000e+01 -6.392660000000000231e+00 -3.543340000000000156e+00 0.000000000000000000e+00
9.800000000000000000e+01 -6.403089999999999726e+00 -1.457449999999999912e+00 0.000000000000000000e+00
9.900000000000000000e+01 -6.355419999999999625e+00 6.467899999999999761e-01 0.000000000000000000e+00
1.000000000000000000e+02 -6.347310000000000230e+00 2.735570000000000057e+00 0.000000000000000000e+00
1.010000000000000000e+02 -6.367390000000000327e+00 4.882900000000000240e+00 0.000000000000000000e+00
1.020000000000000000e+02 -6.303189999999999849e+00 6.985660000000000203e+00 0.000000000000000000e+00
1.030000000000000000e+02 -6.219059999999999810e+00 9.058389999999999276e+00 0.000000000000000000e+00
1.040000000000000000e+02 -6.103030000000000399e+00 1.113312999999999953e+01 0.000000000000000000e+00
1.050000000000000000e+02 -6.007719999999999949e+00 1.320815999999999946e+01 0.000000000000000000e+00
1.060000000000000000e+02 -6.031310000000000393e+00 1.539597999999999978e+01 0.000000000000000000e+00
1.070000000000000000e+02 -4.736080000000000290e+00 1.712238999999999933e+01 0.000000000000000000e+00
1.080000000000000000e+02 -3.693259999999999987e+00 -1.645865999999999829e+01 0.000000000000000000e+00
1.090000000000000000e+02 -2.778820000000000068e+00 -1.428219999999999956e+01 0.000000000000000000e+00
1.100000000000000000e+02 -3.261519999999999975e+00 -1.226618000000000031e+01 0.000000000000000000e+00
1.110000000000000000e+02 -4.801470000000000127e+00 -1.086713999999999913e+01 0.000000000000000000e+00
1.120000000000000000e+02 -4.646910000000000096e+00 -8.809450000000000003e+00 0.000000000000000000e+00
1.130000000000000000e+02 -6.428079999999999572e+00 -7.761250000000000426e+00 0.000000000000000000e+00
1.140000000000000000e+02 -4.560060000000000002e+00 -6.699349999999999916e+00 0.000000000000000000e+00
1.150000000000000000e+02 -4.541970000000000063e+00 -4.613679999999999559e+00 0.000000000000000000e+00
1.160000000000000000e+02 -4.564860000000000362e+00 -2.532449999999999868e+00 0.000000000000000000e+00
1.170000000000000000e+02 -4.567739999999999689e+00 -3.833199999999999941e-01 0.000000000000000000e+00
1.180000000000000000e+02 -4.541879999999999917e+00 1.689720000000000111e+00 0.000000000000000000e+00
1.190000000000000000e+02 -4.578470000000000262e+00 3.808790000000000120e+00 0.000000000000000000e+00
1.200000000000000000e+02 -4.520839999999999748e+00 5.877830000000000332e+00 0.000000000000000000e+00
1.210000000000000000e+02 -4.469590000000000174e+00 7.942549999999999777e+00 0.000000000000000000e+00
1.220000000000000000e+02 -4.092590000000000394e+00 9.997780000000000555e+00 0.000000000000000000e+00
1.230000000000000000e+02 -4.139870000000000161e+00 1.215002999999999922e+01 0.000000000000000000e+00
1.240000000000000000e+02 -4.196570000000000356e+00 1.424886000000000053e+01 0.000000000000000000e+00
1.250000000000000000e+02 -2.816530000000000200e+00 1.907165000000000177e+01 0.000000000000000000e+00
1.260000000000000000e+02 -2.387020000000000142e+00 -1.935273000000000110e+01 0.000000000000000000e+00
1.270000000000000000e+02 -1.756380000000000052e+00 -1.722773000000000110e+01 0.000000000000000000e+00
1.280000000000000000e+02 -9.603099999999999969e-01 -1.310829999999999984e+01 0.000000000000000000e+00
1.290000000000000000e+02 -8.940500000000000114e-01 -1.103736999999999924e+01 0.000000000000000000e+00
1.300000000000000000e+02 -2.790630000000000166e+00 -1.022095000000000020e+01 0.000000000000000000e+00
1.310000000000000000e+02 -2.735730000000000217e+00 -7.676689999999999792e+00 0.000000000000000000e+00
1.320000000000000000e+02 -2.730830000000000091e+00 -5.619449999999999612e+00 0.000000000000000000e+00
1.330000000000000000e+02 -2.768200000000000216e+00 -3.518920000000000048e+00 0.000000000000000000e+00
1.340000000000000000e+02 -2.732990000000000030e+00 -1.432779999999999943e+00 0.000000000000000000e+00
1.350000000000000000e+02 -2.727910000000000057e+00 6.668600000000000083e-01 0.000000000000000000e+00
1.360000000000000000e+02 -2.765859999999999985e+00 2.739529999999999799e+00 0.000000000000000000e+00
1.370000000000000000e+02 -2.648280000000000189e+00 4.892660000000000231e+00 0.000000000000000000e+00
1.380000000000000000e+02 -2.626920000000000144e+00 7.016409999999999592e+00 0.000000000000000000e+00
1.390000000000000000e+02 -2.013799999999999812e+00 9.066829999999999501e+00 0.000000000000000000e+00
1.400000000000000000e+02 -2.294729999999999936e+00 1.114752000000000010e+01 0.000000000000000000e+00
1.410000000000000000e+02 -2.318239999999999856e+00 1.321377000000000024e+01 0.000000000000000000e+00
1.420000000000000000e+02 -2.719279999999999919e+00 1.570500000000000007e+01 0.000000000000000000e+00
1.430000000000000000e+02 -1.030350000000000099e+00 1.696462999999999965e+01 0.000000000000000000e+00
1.440000000000000000e+02 2.997000000000000011e-02 -1.830103000000000080e+01 0.000000000000000000e+00
1.450000000000000000e+02 -8.977399999999999824e-01 -1.522428999999999988e+01 0.000000000000000000e+00
1.460000000000000000e+02 8.620700000000000029e-01 -1.213179000000000052e+01 0.000000000000000000e+00
1.470000000000000000e+02 9.563700000000000534e-01 -1.002157000000000053e+01 0.000000000000000000e+00
1.480000000000000000e+02 -9.633399999999999741e-01 -8.913619999999999877e+00 0.000000000000000000e+00
1.490000000000000000e+02 1.011730000000000018e+00 -7.923949999999999605e+00 0.000000000000000000e+00
1.500000000000000000e+02 -7.443300000000000471e-01 -6.825020000000000309e+00 0.000000000000000000e+00
1.510000000000000000e+02 -9.120399999999999618e-01 -2.543590000000000018e+00 0.000000000000000000e+00
1.520000000000000000e+02 -8.868000000000000327e-01 -4.232199999999999851e-01 0.000000000000000000e+00
1.530000000000000000e+02 -8.730999999999999872e-01 1.680409999999999959e+00 0.000000000000000000e+00
1.540000000000000000e+02 -8.979300000000000059e-01 3.795640000000000125e+00 0.000000000000000000e+00
1.550000000000000000e+02 9.477200000000000069e-01 4.757649999999999935e+00 0.000000000000000000e+00
1.560000000000000000e+02 -7.921599999999999753e-01 5.891709999999999781e+00 0.000000000000000000e+00
1.570000000000000000e+02 1.506800000000000084e-01 7.805229999999999890e+00 0.000000000000000000e+00
1.580000000000000000e+02 -1.951299999999999979e-01 1.043172999999999995e+01 0.000000000000000000e+00
1.590000000000000000e+02 -3.388599999999999945e-01 1.255117000000000083e+01 0.000000000000000000e+00
1.600000000000000000e+02 -7.347799999999999887e-01 1.463438000000000017e+01 0.000000000000000000e+00
1.610000000000000000e+02 8.895899999999999919e-01 1.595289000000000001e+01 0.000000000000000000e+00
1.620000000000000000e+02 1.779309999999999947e+00 -1.968423999999999907e+01 0.000000000000000000e+00
1.630000000000000000e+02 8.905800000000000383e-01 -1.634978999999999871e+01 0.000000000000000000e+00
1.640000000000000000e+02 9.748999999999999888e-01 -1.425783999999999985e+01 0.000000000000000000e+00
1.650000000000000000e+02 2.771020000000000039e+00 -1.112018999999999913e+01 0.000000000000000000e+00
1.660000000000000000e+02 2.847760000000000069e+00 -8.922409999999999286e+00 0.000000000000000000e+00
1.670000000000000000e+02 1.007169999999999899e+00 -5.734659999999999869e+00 0.000000000000000000e+00
1.680000000000000000e+02 -8.112899999999999556e-01 -4.722330000000000361e+00 0.000000000000000000e+00
1.690000000000000000e+02 8.837599999999999900e-01 -3.544789999999999885e+00 0.000000000000000000e+00
1.700000000000000000e+02 9.445299999999999807e-01 -1.479659999999999975e+00 0.000000000000000000e+00
1.710000000000000000e+02 9.515700000000000269e-01 5.782399999999999762e-01 0.000000000000000000e+00
1.720000000000000000e+02 9.520300000000000429e-01 2.684130000000000127e+00 0.000000000000000000e+00
1.730000000000000000e+02 2.756299999999999972e+00 3.665399999999999991e+00 0.000000000000000000e+00
1.740000000000000000e+02 2.779599999999999849e+00 5.765620000000000189e+00 0.000000000000000000e+00
1.750000000000000000e+02 2.244810000000000194e+00 7.744830000000000325e+00 0.000000000000000000e+00
1.760000000000000000e+02 1.828549999999999898e+00 9.819520000000000692e+00 0.000000000000000000e+00
1.770000000000000000e+02 1.601550000000000029e+00 1.187227000000000032e+01 0.000000000000000000e+00
1.780000000000000000e+02 1.356729999999999992e+00 1.392163000000000039e+01 0.000000000000000000e+00
1.790000000000000000e+02 5.976599999999999691e-01 1.825269000000000119e+01 0.000000000000000000e+00
1.800000000000000000e+02 2.593350000000000044e+00 -1.753175999999999846e+01 0.000000000000000000e+00
1.810000000000000000e+02 2.751030000000000086e+00 -1.540928000000000075e+01 0.000000000000000000e+00
1.820000000000000000e+02 2.882519999999999971e+00 -1.319534999999999947e+01 0.000000000000000000e+00
1.830000000000000000e+02 4.785689999999999777e+00 -9.894479999999999720e+00 0.000000000000000000e+00
1.840000000000000000e+02 2.806589999999999918e+00 -6.740680000000000227e+00 0.000000000000000000e+00
1.850000000000000000e+02 4.726960000000000051e+00 -5.649399999999999977e+00 0.000000000000000000e+00
1.860000000000000000e+02 2.758529999999999927e+00 -4.603589999999999627e+00 0.000000000000000000e+00
1.870000000000000000e+02 2.703699999999999992e+00 -2.539940000000000087e+00 0.000000000000000000e+00
1.880000000000000000e+02 2.744289999999999896e+00 -4.688300000000000245e-01 0.000000000000000000e+00
1.890000000000000000e+02 2.786799999999999944e+00 1.603259999999999907e+00 0.000000000000000000e+00
1.900000000000000000e+02 4.687319999999999709e+00 2.721789999999999932e+00 0.000000000000000000e+00
1.910000000000000000e+02 4.627419999999999867e+00 4.833090000000000330e+00 0.000000000000000000e+00
1.920000000000000000e+02 4.455239999999999867e+00 6.980999999999999872e+00 0.000000000000000000e+00
1.930000000000000000e+02 3.986450000000000049e+00 8.997939999999999827e+00 0.000000000000000000e+00
1.940000000000000000e+02 3.506730000000000125e+00 1.104097999999999935e+01 0.000000000000000000e+00
1.950000000000000000e+02 3.252629999999999910e+00 1.312982000000000049e+01 0.000000000000000000e+00
1.960000000000000000e+02 3.048049999999999926e+00 1.521282000000000068e+01 0.000000000000000000e+00
1.970000000000000000e+02 2.824139999999999873e+00 1.728752000000000066e+01 0.000000000000000000e+00
1.980000000000000000e+02 4.526900000000000368e+00 -1.649164000000000030e+01 0.000000000000000000e+00
1.990000000000000000e+02 4.737619999999999720e+00 -1.430991000000000035e+01 0.000000000000000000e+00
2.000000000000000000e+02 4.636680000000000135e+00 -1.201504000000000083e+01 0.000000000000000000e+00
2.010000000000000000e+02 6.633639999999999759e+00 -8.754659999999999442e+00 0.000000000000000000e+00
2.020000000000000000e+02 4.633639999999999759e+00 -7.780260000000000176e+00 0.000000000000000000e+00
2.030000000000000000e+02 6.431160000000000210e+00 -4.426940000000000097e+00 0.000000000000000000e+00
2.040000000000000000e+02 4.544839999999999769e+00 -3.566530000000000200e+00 0.000000000000000000e+00
2.050000000000000000e+02 4.564420000000000144e+00 -1.464350000000000041e+00 0.000000000000000000e+00
2.060000000000000000e+02 6.804579999999999629e+00 -3.194699999999999762e-01 0.000000000000000000e+00
2.070000000000000000e+02 4.865169999999999995e+00 5.917599999999999527e-01 0.000000000000000000e+00
2.080000000000000000e+02 6.598060000000000258e+00 1.815399999999999903e+00 0.000000000000000000e+00
2.090000000000000000e+02 6.557769999999999655e+00 3.897879999999999789e+00 0.000000000000000000e+00
2.100000000000000000e+02 6.409889999999999866e+00 6.028240000000000265e+00 0.000000000000000000e+00
2.110000000000000000e+02 6.142350000000000421e+00 8.214299999999999713e+00 0.000000000000000000e+00
2.120000000000000000e+02 5.663739999999999775e+00 1.025140999999999991e+01 0.000000000000000000e+00
2.130000000000000000e+02 5.183239999999999625e+00 1.224666000000000032e+01 0.000000000000000000e+00
2.140000000000000000e+02 4.994040000000000035e+00 1.446939000000000064e+01 0.000000000000000000e+00
2.150000000000000000e+02 4.920130000000000337e+00 1.656300999999999846e+01 0.000000000000000000e+00
2.160000000000000000e+02 4.546770000000000422e+00 -1.856495999999999924e+01 0.000000000000000000e+00
2.170000000000000000e+02 6.488419999999999632e+00 -1.577055000000000007e+01 0.000000000000000000e+00
2.180000000000000000e+02 6.550209999999999866e+00 -1.319102999999999959e+01 0.000000000000000000e+00
2.190000000000000000e+02 6.612239999999999895e+00 -1.100322000000000067e+01 0.000000000000000000e+00
2.200000000000000000e+02 6.526069999999999816e+00 -6.657750000000000057e+00 0.000000000000000000e+00
2.210000000000000000e+02 8.371199999999999974e+00 -7.594750000000000334e+00 0.000000000000000000e+00
2.220000000000000000e+02 8.369659999999999656e+00 -5.491869999999999585e+00 0.000000000000000000e+00
2.230000000000000000e+02 6.427920000000000300e+00 -2.370859999999999967e+00 0.000000000000000000e+00
2.240000000000000000e+02 8.696440000000000836e+00 -1.348959999999999937e+00 0.000000000000000000e+00
2.250000000000000000e+02 8.478849999999999554e+00 8.843499999999999694e-01 0.000000000000000000e+00
2.260000000000000000e+02 8.433630000000000848e+00 2.990289999999999893e+00 0.000000000000000000e+00
2.270000000000000000e+02 8.266669999999999519e+00 5.123770000000000380e+00 0.000000000000000000e+00
2.280000000000000000e+02 8.031069999999999709e+00 7.315599999999999881e+00 0.000000000000000000e+00
2.290000000000000000e+02 7.838700000000000223e+00 9.389580000000000481e+00 0.000000000000000000e+00
2.300000000000000000e+02 7.497880000000000322e+00 1.143487999999999971e+01 0.000000000000000000e+00
2.310000000000000000e+02 7.011440000000000339e+00 1.364442000000000021e+01 0.000000000000000000e+00
2.320000000000000000e+02 6.840609999999999857e+00 1.575454000000000043e+01 0.000000000000000000e+00
2.330000000000000000e+02 4.479589999999999961e+00 1.875429000000000102e+01 0.000000000000000000e+00
2.340000000000000000e+02 6.685990000000000322e+00 -1.807068999999999903e+01 0.000000000000000000e+00
2.350000000000000000e+02 8.268019999999999925e+00 -1.448351000000000077e+01 0.000000000000000000e+00
2.360000000000000000e+02 8.493539999999999424e+00 -1.211045000000000016e+01 0.000000000000000000e+00
2.370000000000000000e+02 1.021683999999999948e+01 -1.088303999999999938e+01 0.000000000000000000e+00
2.380000000000000000e+02 8.403150000000000119e+00 -9.837699999999999889e+00 0.000000000000000000e+00
2.390000000000000000e+02 1.032267000000000046e+01 -6.462699999999999889e+00 0.000000000000000000e+00
2.400000000000000000e+02 1.021822000000000052e+01 -4.274750000000000050e+00 0.000000000000000000e+00
2.410000000000000000e+02 8.336790000000000589e+00 -3.382670000000000066e+00 0.000000000000000000e+00
2.420000000000000000e+02 1.046443999999999974e+01 -5.222999999999999865e-02 0.000000000000000000e+00
2.430000000000000000e+02 1.030547999999999931e+01 2.018860000000000099e+00 0.000000000000000000e+00
2.440000000000000000e+02 1.013898000000000010e+01 4.214400000000000368e+00 0.000000000000000000e+00
2.450000000000000000e+02 1.178889000000000031e+01 5.553980000000000139e+00 0.000000000000000000e+00
2.460000000000000000e+02 9.936030000000000584e+00 6.448409999999999975e+00 0.000000000000000000e+00
2.470000000000000000e+02 9.778769999999999740e+00 8.546260000000000190e+00 0.000000000000000000e+00
2.480000000000000000e+02 9.474740000000000606e+00 1.069300999999999924e+01 0.000000000000000000e+00
2.490000000000000000e+02 9.103859999999999175e+00 1.281503000000000014e+01 0.000000000000000000e+00
2.500000000000000000e+02 8.715550000000000352e+00 1.487537999999999982e+01 0.000000000000000000e+00
2.510000000000000000e+02 8.026139999999999830e+00 1.764105999999999952e+01 0.000000000000000000e+00
2.520000000000000000e+02 8.456540000000000390e+00 -1.655397999999999925e+01 0.000000000000000000e+00
2.530000000000000000e+02 1.012612999999999985e+01 -1.336008999999999958e+01 0.000000000000000000e+00
2.540000000000000000e+02 1.185629999999999917e+01 -1.217365000000000030e+01 0.000000000000000000e+00
2.550000000000000000e+02 1.207076999999999956e+01 -9.513669999999999405e+00 0.000000000000000000e+00
2.560000000000000000e+02 1.013162999999999947e+01 -8.708040000000000447e+00 0.000000000000000000e+00
2.570000000000000000e+02 1.210519999999999996e+01 -5.385880000000000223e+00 0.000000000000000000e+00
2.580000000000000000e+02 1.239198999999999984e+01 -3.248229999999999951e+00 0.000000000000000000e+00
2.590000000000000000e+02 1.059684000000000026e+01 -2.178500000000000103e+00 0.000000000000000000e+00
2.600000000000000000e+02 1.235992000000000068e+01 -9.997800000000000020e-01 0.000000000000000000e+00
2.610000000000000000e+02 1.221402999999999928e+01 1.187680000000000069e+00 0.000000000000000000e+00
2.620000000000000000e+02 1.208276000000000039e+01 3.296460000000000168e+00 0.000000000000000000e+00
2.630000000000000000e+02 1.372755000000000081e+01 4.557229999999999670e+00 0.000000000000000000e+00
2.640000000000000000e+02 1.352360999999999969e+01 6.662530000000000285e+00 0.000000000000000000e+00
2.650000000000000000e+02 1.171105000000000018e+01 7.672920000000000407e+00 0.000000000000000000e+00
2.660000000000000000e+02 1.154762000000000022e+01 9.970560000000000755e+00 0.000000000000000000e+00
2.670000000000000000e+02 1.102852000000000032e+01 1.206696999999999953e+01 0.000000000000000000e+00
2.680000000000000000e+02 1.067633999999999972e+01 1.417556000000000083e+01 0.000000000000000000e+00
2.690000000000000000e+02 1.025404999999999944e+01 1.626884000000000086e+01 0.000000000000000000e+00
2.700000000000000000e+02 1.037215999999999916e+01 -1.552002000000000059e+01 0.000000000000000000e+00
2.710000000000000000e+02 1.383230000000000004e+01 -1.293351999999999968e+01 0.000000000000000000e+00
2.720000000000000000e+02 1.401665999999999990e+01 -1.068191000000000024e+01 0.000000000000000000e+00
2.730000000000000000e+02 1.399262000000000050e+01 -8.407069999999999155e+00 0.000000000000000000e+00
2.740000000000000000e+02 1.213959000000000010e+01 -7.453389999999999738e+00 0.000000000000000000e+00
2.750000000000000000e+02 1.413063999999999965e+01 -6.306540000000000035e+00 0.000000000000000000e+00
2.760000000000000000e+02 1.425708000000000020e+01 -4.177260000000000417e+00 0.000000000000000000e+00
2.770000000000000000e+02 1.417070999999999970e+01 -2.104750000000000121e+00 0.000000000000000000e+00
2.780000000000000000e+02 1.417318000000000033e+01 2.736000000000000099e-01 0.000000000000000000e+00
2.790000000000000000e+02 1.626687000000000083e+01 -7.954799999999999649e-01 0.000000000000000000e+00
2.800000000000000000e+02 1.396598999999999968e+01 2.346200000000000063e+00 0.000000000000000000e+00
2.810000000000000000e+02 1.584765999999999941e+01 3.811609999999999943e+00 0.000000000000000000e+00
2.820000000000000000e+02 1.556076000000000015e+01 6.018869999999999720e+00 0.000000000000000000e+00
2.830000000000000000e+02 1.571621999999999986e+01 8.971189999999999998e+00 0.000000000000000000e+00
2.840000000000000000e+02 1.364437000000000033e+01 9.271499999999999631e+00 0.000000000000000000e+00
2.850000000000000000e+02 1.336012000000000022e+01 1.146198000000000050e+01 0.000000000000000000e+00
2.860000000000000000e+02 1.261814999999999998e+01 1.339816000000000074e+01 0.000000000000000000e+00
2.870000000000000000e+02 1.240879999999999939e+01 1.551110000000000078e+01 0.000000000000000000e+00
2.880000000000000000e+02 1.204693999999999932e+01 -1.427136999999999922e+01 0.000000000000000000e+00
2.890000000000000000e+02 1.574404000000000003e+01 -1.188681000000000054e+01 0.000000000000000000e+00
2.900000000000000000e+02 1.603804999999999836e+01 -9.804919999999999192e+00 0.000000000000000000e+00
2.910000000000000000e+02 1.813164000000000087e+01 -8.279609999999999914e+00 0.000000000000000000e+00
2.920000000000000000e+02 1.612602000000000046e+01 -7.616629999999999789e+00 0.000000000000000000e+00
2.930000000000000000e+02 1.597819999999999929e+01 -5.376479999999999926e+00 0.000000000000000000e+00
2.940000000000000000e+02 1.803922000000000025e+01 -4.512340000000000018e+00 0.000000000000000000e+00
2.950000000000000000e+02 1.611439999999999984e+01 -2.962229999999999919e+00 0.000000000000000000e+00
2.960000000000000000e+02 1.827415999999999840e+01 -1.438180000000000014e+00 0.000000000000000000e+00
2.970000000000000000e+02 1.797238000000000113e+01 1.978480000000000016e+00 0.000000000000000000e+00
2.980000000000000000e+02 1.594721999999999973e+01 1.518059999999999965e+00 0.000000000000000000e+00
2.990000000000000000e+02 1.771732000000000085e+01 5.054829999999999934e+00 0.000000000000000000e+00
