0.000000000000000000e+00 -1.526824000000000048e+01 -1.338696000000000019e+01 0.000000000000000000e+00
1.000000000000000000e+00 -1.614107999999999876e+01 -1.132285000000000075e+01 0.000000000000000000e+00
2.000000000000000000e+00 -1.491334999999999944e+01 -8.611560000000000770e+00 0.000000000000000000e+00
3.000000000000000000e+00 -1.820530000000000115e+01 -7.335399999999999920e+00 0.000000000000000000e+00
4.000000000000000000e+00 -1.650208999999999904e+01 -4.635460000000000136e+00 0.000000000000000000e+00
5.000000000000000000e+00 -1.907404999999999973e+01 -3.714199999999999946e+00 0.000000000000000000e+00
6.000000000000000000e+00 -1.438457000000000008e+01 -4.880810000000000315e+00 0.000000000000000000e+00
7.000000000000000000e+00 -1.710812999999999917e+01 -2.617189999999999905e+00 0.000000000000000000e+00
8.000000000000000000e+00 -1.807436999999999827e+01 -7.571999999999999842e-01 0.000000000000000000e+00
9.000000000000000000e+00 -1.920596000000000103e+01 1.164400000000000102e+00 0.000000000000000000e+00
1.000000000000000000e+01 -1.754992999999999981e+01 3.080680000000000085e+00 0.000000000000000000e+00
1.100000000000000000e+01 -1.841382000000000119e+01 5.381980000000000430e+00 0.000000000000000000e+00
1.200000000000000000e+01 -1.690446000000000026e+01 6.869930000000000092e+00 0.000000000000000000e+00
1.300000000000000000e+01 -1.920570999999999984e+01 7.342740000000000045e+00 0.000000000000000000e+00
1.400000000000000000e+01 -1.763310999999999851e+01 8.822050000000000836e+00 0.000000000000000000e+00
1.500000000000000000e+01 -1.626249999999999929e+01 1.044026999999999994e+01 0.000000000000000000e+00
1.600000000000000000e+01 -1.538632999999999917e+01 1.234981999999999935e+01 0.000000000000000000e+00
1.700000000000000000e+01 -1.380766999999999989e+01 1.377736999999999945e+01 0.000000000000000000e+00
1.800000000000000000e+01 -1.285370999999999952e+01 -1.461842000000000041e+01 0.000000000000000000e+00
1.900000000000000000e+01 -1.332689000000000057e+01 -1.252341999999999977e+01 0.000000000000000000e+00
2.000000000000000000e+01 -1.412880000000000003e+01 -1.060105000000000075e+01 0.000000000000000000e+00
2.100000000000000000e+01 -1.281326999999999927e+01 -8.789300000000000779e+00 0.000000000000000000e+00
2.200000000000000000e+01 -1.609780999999999906e+01 -6.762889999999999624e+00 0.000000000000000000e+00
2.300000000000000000e+01 -1.354451000000000072e+01 -6.823540000000000383e+00 0.000000000000000000e+00
2.400000000000000000e+01 -1.293341999999999992e+01 -3.276260000000000172e+00 0.000000000000000000e+00
2.500000000000000000e+01 -1.497517000000000031e+01 -2.826420000000000154e+00 0.000000000000000000e+00
2.600000000000000000e+01 -1.597303999999999924e+01 -8.716599999999999904e-01 0.000000000000000000e+00
2.700000000000000000e+01 -1.670348999999999862e+01 1.144709999999999894e+00 0.000000000000000000e+00
2.800000000000000000e+01 -1.536922000000000033e+01 2.787030000000000118e+00 0.000000000000000000e+00
2.900000000000000000e+01 -1.629714999999999847e+01 4.792510000000000048e+00 0.000000000000000000e+00
3.000000000000000000e+01 -1.478677000000000064e+01 6.397199999999999775e+00 0.000000000000000000e+00
3.100000000000000000e+01 -1.344637999999999955e+01 8.022199999999999775e+00 0.000000000000000000e+00
3.200000000000000000e+01 -1.555325000000000024e+01 8.471959999999999269e+00 0.000000000000000000e+00
3.300000000000000000e+01 -1.417445999999999984e+01 1.006282000000000032e+01 0.000000000000000000e+00
3.400000000000000000e+01 -1.300125000000000064e+01 1.183219000000000065e+01 0.000000000000000000e+00
3.500000000000000000e+01 -1.253987000000000052e+01 1.548428999999999967e+01 0.000000000000000000e+00
3.600000000000000000e+01 -1.053481000000000023e+01 -1.488212000000000046e+01 0.000000000000000000e+00
3.700000000000000000e+01 -1.129210999999999920e+01 -1.294712999999999958e+01 0.000000000000000000e+00
3.800000000000000000e+01 -1.203842999999999996e+01 -1.084873999999999938e+01 0.000000000000000000e+00
3.900000000000000000e+01 -1.074222999999999928e+01 -9.182570000000000121e+00 0.000000000000000000e+00
4.000000000000000000e+01 -1.148921999999999954e+01 -7.206889999999999574e+00 0.000000000000000000e+00
4.100000000000000000e+01 -1.224836999999999954e+01 -5.224470000000000169e+00 0.000000000000000000e+00
4.200000000000000000e+01 -1.085336000000000034e+01 -3.562300000000000022e+00 0.000000000000000000e+00
4.300000000000000000e+01 -1.157386999999999944e+01 -1.587010000000000032e+00 0.000000000000000000e+00
4.400000000000000000e+01 -1.366084999999999994e+01 -1.209160000000000013e+00 0.000000000000000000e+00
4.500000000000000000e+01 -1.454660999999999937e+01 7.135200000000000431e-01 0.000000000000000000e+00
4.600000000000000000e+01 -1.325558999999999976e+01 2.420900000000000052e+00 0.000000000000000000e+00
4.700000000000000000e+01 -1.409171000000000085e+01 4.464550000000000018e+00 0.000000000000000000e+00
4.800000000000000000e+01 -1.270839999999999925e+01 6.070850000000000080e+00 0.000000000000000000e+00
4.900000000000000000e+01 -1.139335999999999949e+01 7.711030000000000051e+00 0.000000000000000000e+00
5.000000000000000000e+01 -1.215696999999999939e+01 9.677540000000000475e+00 0.000000000000000000e+00
5.100000000000000000e+01 -1.088160000000000061e+01 1.135881000000000007e+01 0.000000000000000000e+00
5.200000000000000000e+01 -1.158690999999999960e+01 1.335502999999999929e+01 0.000000000000000000e+00
5.300000000000000000e+01 -1.120697999999999972e+01 1.707013999999999854e+01 0.000000000000000000e+00
5.400000000000000000e+01 -7.702700000000000102e+00 -1.714357000000000042e+01 0.000000000000000000e+00
5.500000000000000000e+01 -8.477619999999999933e+00 -1.519120999999999988e+01 0.000000000000000000e+00
5.600000000000000000e+01 -9.156359999999999388e+00 -1.306678999999999924e+01 0.000000000000000000e+00
5.700000000000000000e+01 -9.986679999999999779e+00 -1.118262000000000000e+01 0.000000000000000000e+00
5.800000000000000000e+01 -9.410209999999999297e+00 -7.573260000000000325e+00 0.000000000000000000e+00
5.900000000000000000e+01 -1.014539000000000080e+01 -5.531329999999999636e+00 0.000000000000000000e+00
6.000000000000000000e+01 -8.746750000000000469e+00 -3.787409999999999943e+00 0.000000000000000000e+00
6.100000000000000000e+01 -9.487700000000000244e+00 -1.857679999999999998e+00 0.000000000000000000e+00
6.200000000000000000e+01 -1.036792999999999942e+01 1.586599999999999955e-01 0.000000000000000000e+00
6.300000000000000000e+01 -1.248832999999999949e+01 5.003100000000000325e-01 0.000000000000000000e+00
6.400000000000000000e+01 -1.109431000000000012e+01 2.116629999999999789e+00 0.000000000000000000e+00
6.500000000000000000e+01 -1.190357000000000021e+01 4.106539999999999857e+00 0.000000000000000000e+00
6.600000000000000000e+01 -1.065079000000000065e+01 5.764750000000000263e+00 0.000000000000000000e+00
6.700000000000000000e+01 -1.007344999999999935e+01 9.340149999999999508e+00 0.000000000000000000e+00
6.800000000000000000e+01 -8.623540000000000205e+00 1.086885999999999974e+01 0.000000000000000000e+00
6.900000000000000000e+01 -9.444449999999999790e+00 1.296893999999999991e+01 0.000000000000000000e+00
7.000000000000000000e+01 -1.032221000000000011e+01 1.503040000000000020e+01 0.000000000000000000e+00
7.100000000000000000e+01 -9.066489999999999938e+00 1.673928000000000083e+01 0.000000000000000000e+00
7.200000000000000000e+01 -5.705910000000000259e+00 -1.812428999999999846e+01 0.000000000000000000e+00
7.300000000000000000e+01 -6.342550000000000132e+00 -1.547456999999999994e+01 0.000000000000000000e+00
7.400000000000000000e+01 -7.046219999999999928e+00 -1.348394000000000048e+01 0.000000000000000000e+00
7.500000000000000000e+01 -7.734659999999999869e+00 -1.142651000000000039e+01 0.000000000000000000e+00
7.600000000000000000e+01 -8.551980000000000359e+00 -9.496050000000000324e+00 0.000000000000000000e+00
7.700000000000000000e+01 -8.117710000000000647e+00 -5.955040000000000333e+00 0.000000000000000000e+00
7.800000000000000000e+01 -6.691530000000000200e+00 -4.233010000000000161e+00 0.000000000000000000e+00
7.900000000000000000e+01 -7.398320000000000007e+00 -2.214749999999999996e+00 0.000000000000000000e+00
8.000000000000000000e+01 -8.173939999999999984e+00 -2.785599999999999743e-01 0.000000000000000000e+00
8.100000000000000000e+01 -9.037229999999999208e+00 1.743479999999999919e+00 0.000000000000000000e+00
8.200000000000000000e+01 -9.788429999999999964e+00 3.811570000000000125e+00 0.000000000000000000e+00
8.300000000000000000e+01 -8.492380000000000706e+00 5.422509999999999941e+00 0.000000000000000000e+00
8.400000000000000000e+01 -9.291059999999999874e+00 7.381479999999999819e+00 0.000000000000000000e+00
8.500000000000000000e+01 -7.878330000000000055e+00 8.942470000000000141e+00 0.000000000000000000e+00
8.600000000000000000e+01 -7.328999999999999737e+00 1.255719999999999992e+01 0.000000000000000000e+00
8.700000000000000000e+01 -8.217869999999999564e+00 1.468289000000000044e+01 0.000000000000000000e+00
8.800000000000000000e+01 -7.016650000000000276e+00 1.641792999999999836e+01 0.000000000000000000e+00
8.900000000000000000e+01 -5.801470000000000127e+00 1.825139000000000067e+01 0.000000000000000000e+00
9.000000000000000000e+01 -1.605199999999999960e+00 -2.036041000000000167e+01 0.000000000000000000e+00
9.100000000000000000e+01 -4.293129999999999669e+00 -1.582864000000000004e+01 0.000000000000000000e+00
9.200000000000000000e+01 -4.975679999999999659e+00 -1.380420999999999943e+01 0.000000000000000000e+00
9.300000000000000000e+01 -5.682240000000000180e+00 -1.186276999999999937e+01 0.000000000000000000e+00
9.400000000000000000e+01 -6.417189999999999728e+00 -9.808180000000000121e+00 0.000000000000000000e+00
9.500000000000000000e+01 -7.244299999999999962e+00 -7.903129999999999988e+00 0.000000000000000000e+00
9.600000000000000000e+01 -5.973989999999999689e+00 -6.213960000000000150e+00 0.000000000000000000e+00
9.700000000000000000e+01 -5.367420000000000080e+00 -2.604130000000000056e+00 0.000000000000000000e+00
9.800000000000000000e+01 -6.105669999999999931e+00 -5.795400000000000551e-01 0.000000000000000000e+00
9.900000000000000000e+01 -6.882500000000000284e+00 1.345040000000000013e+00 0.000000000000000000e+00
1.000000000000000000e+02 -7.708779999999999966e+00 3.347830000000000084e+00 0.000000000000000000e+00
1.010000000000000000e+02 -6.403450000000000308e+00 4.996159999999999712e+00 0.000000000000000000e+00
1.020000000000000000e+02 -7.164690000000000225e+00 7.006910000000000416e+00 0.000000000000000000e+00
1.030000000000000000e+02 -5.799660000000000259e+00 8.615899999999999892e+00 0.000000000000000000e+00
1.040000000000000000e+02 -6.542419999999999902e+00 1.064616999999999969e+01 0.000000000000000000e+00
1.050000000000000000e+02 -5.962089999999999890e+00 1.423320000000000007e+01 0.000000000000000000e+00
1.060000000000000000e+02 -4.799979999999999691e+00 1.593820000000000014e+01 0.000000000000000000e+00
1.070000000000000000e+02 -3.556220000000000159e+00 1.771340999999999966e+01 0.000000000000000000e+00
1.080000000000000000e+02 -3.448939999999999895e+00 -1.787863000000000113e+01 0.000000000000000000e+00
1.090000000000000000e+02 -2.840190000000000214e+00 -1.425046999999999997e+01 0.000000000000000000e+00
1.100000000000000000e+02 -3.565059999999999896e+00 -1.224427999999999983e+01 0.000000000000000000e+00
1.110000000000000000e+02 -4.391099999999999781e+00 -1.012534999999999918e+01 0.000000000000000000e+00
1.120000000000000000e+02 -5.080739999999999590e+00 -8.146459999999999368e+00 0.000000000000000000e+00
1.130000000000000000e+02 -3.749960000000000182e+00 -6.442230000000000345e+00 0.000000000000000000e+00
1.140000000000000000e+02 -2.493840000000000057e+00 -4.794159999999999755e+00 0.000000000000000000e+00
1.150000000000000000e+02 -4.602030000000000065e+00 -4.563209999999999766e+00 0.000000000000000000e+00
1.160000000000000000e+02 -4.072160000000000224e+00 -9.230199999999999516e-01 0.000000000000000000e+00
1.170000000000000000e+02 -4.789139999999999731e+00 1.080470000000000041e+00 0.000000000000000000e+00
1.180000000000000000e+02 -5.585700000000000109e+00 3.016439999999999788e+00 0.000000000000000000e+00
1.190000000000000000e+02 -4.295149999999999579e+00 4.700459999999999638e+00 0.000000000000000000e+00
1.200000000000000000e+02 -4.978690000000000282e+00 6.640539999999999665e+00 0.000000000000000000e+00
1.210000000000000000e+02 -3.671359999999999957e+00 8.344450000000000145e+00 0.000000000000000000e+00
1.220000000000000000e+02 -4.474960000000000271e+00 1.024455999999999989e+01 0.000000000000000000e+00
1.230000000000000000e+02 -5.189560000000000173e+00 1.226204000000000072e+01 0.000000000000000000e+00
1.240000000000000000e+02 -3.844279999999999919e+00 1.389352000000000054e+01 0.000000000000000000e+00
1.250000000000000000e+02 -1.189329999999999998e+00 1.731905000000000072e+01 0.000000000000000000e+00
1.260000000000000000e+02 -1.379320000000000102e+00 -1.825281999999999982e+01 0.000000000000000000e+00
1.270000000000000000e+02 -1.969729999999999981e+00 -1.619066000000000116e+01 0.000000000000000000e+00
1.280000000000000000e+02 -1.475929999999999964e+00 -1.242098000000000013e+01 0.000000000000000000e+00
1.290000000000000000e+02 -2.334410000000000096e+00 -1.051234000000000002e+01 0.000000000000000000e+00
1.300000000000000000e+02 -2.998190000000000133e+00 -8.449749999999999872e+00 0.000000000000000000e+00
1.310000000000000000e+02 -1.711899999999999977e+00 -6.815409999999999968e+00 0.000000000000000000e+00
1.320000000000000000e+02 -1.213729999999999976e+00 -3.174830000000000041e+00 0.000000000000000000e+00
1.330000000000000000e+02 -3.266169999999999796e+00 -2.875070000000000014e+00 0.000000000000000000e+00
1.340000000000000000e+02 -1.923629999999999951e+00 -1.234890000000000043e+00 0.000000000000000000e+00
1.350000000000000000e+02 -2.747079999999999966e+00 7.923200000000000243e-01 0.000000000000000000e+00
1.360000000000000000e+02 -3.517459999999999809e+00 2.706560000000000077e+00 0.000000000000000000e+00
1.370000000000000000e+02 -2.208470000000000155e+00 4.370070000000000121e+00 0.000000000000000000e+00
1.380000000000000000e+02 -2.873930000000000096e+00 6.410280000000000200e+00 0.000000000000000000e+00
1.390000000000000000e+02 -2.346530000000000005e+00 9.977080000000000837e+00 0.000000000000000000e+00
1.400000000000000000e+02 -3.113879999999999981e+00 1.190915000000000035e+01 0.000000000000000000e+00
1.410000000000000000e+02 -1.779190000000000049e+00 1.362045999999999957e+01 0.000000000000000000e+00
1.420000000000000000e+02 -2.607110000000000039e+00 1.581720999999999933e+01 0.000000000000000000e+00
1.430000000000000000e+02 -2.158200000000000118e-01 1.932497000000000043e+01 0.000000000000000000e+00
1.440000000000000000e+02 8.770999999999999630e-02 -1.640391999999999939e+01 0.000000000000000000e+00
1.450000000000000000e+02 -6.979600000000000248e-01 -1.439391999999999960e+01 0.000000000000000000e+00
1.460000000000000000e+02 6.106800000000000006e-01 -1.272151000000000032e+01 0.000000000000000000e+00
1.470000000000000000e+02 -1.427499999999999880e-01 -1.075855999999999923e+01 0.000000000000000000e+00
1.480000000000000000e+02 -9.643199999999999550e-01 -8.826529999999999987e+00 0.000000000000000000e+00
1.490000000000000000e+02 4.118100000000000094e-01 -7.186670000000000336e+00 0.000000000000000000e+00
1.500000000000000000e+02 -3.634800000000000253e-01 -5.155719999999999636e+00 0.000000000000000000e+00
1.510000000000000000e+02 1.058700000000000058e-01 -1.527420000000000000e+00 0.000000000000000000e+00
1.520000000000000000e+02 -6.325800000000000312e-01 4.118600000000000039e-01 0.000000000000000000e+00
1.530000000000000000e+02 -1.442720000000000002e+00 2.407430000000000181e+00 0.000000000000000000e+00
1.540000000000000000e+02 -9.363000000000000489e-02 4.087110000000000021e+00 0.000000000000000000e+00
1.550000000000000000e+02 -8.248400000000000176e-01 6.117619999999999614e+00 0.000000000000000000e+00
1.560000000000000000e+02 -1.562529999999999974e+00 8.045569999999999666e+00 0.000000000000000000e+00
1.570000000000000000e+02 -2.695600000000000218e-01 9.662630000000000052e+00 0.000000000000000000e+00
1.580000000000000000e+02 -9.892400000000000082e-01 1.159543000000000035e+01 0.000000000000000000e+00
1.590000000000000000e+02 3.404099999999999904e-01 1.330631999999999948e+01 0.000000000000000000e+00
1.600000000000000000e+02 -4.228199999999999736e-01 1.529021000000000008e+01 0.000000000000000000e+00
1.610000000000000000e+02 8.618000000000000105e-01 1.698186000000000107e+01 0.000000000000000000e+00
1.620000000000000000e+02 7.633199999999999985e-01 -1.856373999999999924e+01 0.000000000000000000e+00
1.630000000000000000e+02 2.216219999999999857e+00 -1.692097000000000051e+01 0.000000000000000000e+00
1.640000000000000000e+02 1.339380000000000015e+00 -1.473639999999999972e+01 0.000000000000000000e+00
1.650000000000000000e+02 1.939740000000000020e+00 -1.111567999999999934e+01 0.000000000000000000e+00
1.660000000000000000e+02 1.146770000000000067e+00 -9.127549999999999386e+00 0.000000000000000000e+00
1.670000000000000000e+02 1.677789999999999893e+00 -5.507900000000000240e+00 0.000000000000000000e+00
1.680000000000000000e+02 9.212799999999999878e-01 -3.422229999999999883e+00 0.000000000000000000e+00
1.690000000000000000e+02 2.253130000000000077e+00 -1.789299999999999891e+00 0.000000000000000000e+00
1.700000000000000000e+02 1.432940000000000103e+00 1.024999999999999939e-01 0.000000000000000000e+00
1.710000000000000000e+02 6.559599999999999875e-01 2.031210000000000182e+00 0.000000000000000000e+00
1.720000000000000000e+02 1.947899999999999965e+00 3.704849999999999977e+00 0.000000000000000000e+00
1.730000000000000000e+02 1.338570000000000038e+00 5.723489999999999966e+00 0.000000000000000000e+00
1.740000000000000000e+02 5.091200000000000170e-01 7.728670000000000151e+00 0.000000000000000000e+00
1.750000000000000000e+02 1.770080000000000098e+00 9.376860000000000639e+00 0.000000000000000000e+00
1.760000000000000000e+02 1.069379999999999997e+00 1.132006999999999941e+01 0.000000000000000000e+00
1.770000000000000000e+02 2.378909999999999858e+00 1.295783999999999914e+01 0.000000000000000000e+00
1.780000000000000000e+02 1.708700000000000108e+00 1.490737999999999985e+01 0.000000000000000000e+00
1.790000000000000000e+02 2.059250000000000025e+00 1.879562999999999917e+01 0.000000000000000000e+00
1.800000000000000000e+02 3.007919999999999927e+00 -1.893700000000000117e+01 0.000000000000000000e+00
1.810000000000000000e+02 3.387210000000000054e+00 -1.504513000000000034e+01 0.000000000000000000e+00
1.820000000000000000e+02 2.639229999999999965e+00 -1.309248999999999974e+01 0.000000000000000000e+00
1.830000000000000000e+02 3.206179999999999808e+00 -9.473879999999999413e+00 0.000000000000000000e+00
1.840000000000000000e+02 2.453110000000000124e+00 -7.516600000000000392e+00 0.000000000000000000e+00
1.850000000000000000e+02 3.791570000000000107e+00 -5.849639999999999951e+00 0.000000000000000000e+00
1.860000000000000000e+02 3.040360000000000174e+00 -3.921720000000000095e+00 0.000000000000000000e+00
1.870000000000000000e+02 4.312969999999999970e+00 -2.124130000000000074e+00 0.000000000000000000e+00
1.880000000000000000e+02 3.606360000000000010e+00 -1.852600000000000080e-01 0.000000000000000000e+00
1.890000000000000000e+02 2.823080000000000034e+00 1.729349999999999943e+00 0.000000000000000000e+00
1.900000000000000000e+02 4.032309999999999839e+00 3.423399999999999999e+00 0.000000000000000000e+00
1.910000000000000000e+02 3.427160000000000206e+00 5.382620000000000182e+00 0.000000000000000000e+00
1.920000000000000000e+02 2.665849999999999831e+00 7.319160000000000110e+00 0.000000000000000000e+00
1.930000000000000000e+02 3.923529999999999962e+00 9.006949999999999790e+00 0.000000000000000000e+00
1.940000000000000000e+02 3.116260000000000030e+00 1.100319999999999965e+01 0.000000000000000000e+00
1.950000000000000000e+02 4.452029999999999710e+00 1.257881000000000071e+01 0.000000000000000000e+00
1.960000000000000000e+02 3.763500000000000068e+00 1.452711000000000041e+01 0.000000000000000000e+00
1.970000000000000000e+02 2.926169999999999938e+00 1.676556000000000068e+01 0.000000000000000000e+00
1.980000000000000000e+02 4.281839999999999868e+00 -1.714056000000000068e+01 0.000000000000000000e+00
1.990000000000000000e+02 4.728329999999999700e+00 -1.345791999999999966e+01 0.000000000000000000e+00
2.000000000000000000e+02 4.111959999999999837e+00 -1.146856999999999971e+01 0.000000000000000000e+00
2.010000000000000000e+02 5.450179999999999580e+00 -9.830140000000000100e+00 0.000000000000000000e+00
2.020000000000000000e+02 4.560430000000000206e+00 -7.835790000000000255e+00 0.000000000000000000e+00
2.030000000000000000e+02 5.987960000000000171e+00 -5.978060000000000151e+00 0.000000000000000000e+00
2.040000000000000000e+02 5.077650000000000219e+00 -4.102669999999999817e+00 0.000000000000000000e+00
2.050000000000000000e+02 6.419979999999999798e+00 -2.509939999999999838e+00 0.000000000000000000e+00
2.060000000000000000e+02 5.665790000000000326e+00 -5.758100000000000440e-01 0.000000000000000000e+00
2.070000000000000000e+02 4.946819999999999773e+00 1.451349999999999918e+00 0.000000000000000000e+00
2.080000000000000000e+02 6.127769999999999939e+00 3.160480000000000178e+00 0.000000000000000000e+00
2.090000000000000000e+02 5.506330000000000169e+00 5.172130000000000116e+00 0.000000000000000000e+00
2.100000000000000000e+02 4.742140000000000022e+00 7.089839999999999698e+00 0.000000000000000000e+00
2.110000000000000000e+02 5.998450000000000060e+00 8.738830000000000098e+00 0.000000000000000000e+00
2.120000000000000000e+02 5.249579999999999913e+00 1.066642000000000046e+01 0.000000000000000000e+00
2.130000000000000000e+02 5.820520000000000138e+00 1.424478000000000044e+01 0.000000000000000000e+00
2.140000000000000000e+02 4.984210000000000029e+00 1.626266999999999996e+01 0.000000000000000000e+00
2.150000000000000000e+02 4.441970000000000418e+00 1.832150999999999996e+01 0.000000000000000000e+00
2.160000000000000000e+02 6.003339999999999677e+00 -1.848565999999999931e+01 0.000000000000000000e+00
2.170000000000000000e+02 5.640249999999999986e+00 -1.554125999999999941e+01 0.000000000000000000e+00
2.180000000000000000e+02 6.796450000000000102e+00 -1.340967000000000020e+01 0.000000000000000000e+00
2.190000000000000000e+02 6.976650000000000240e+00 -1.134638999999999953e+01 0.000000000000000000e+00
2.200000000000000000e+02 7.363850000000000229e+00 -9.008960000000000079e+00 0.000000000000000000e+00
2.210000000000000000e+02 7.853080000000000283e+00 -6.963099999999999845e+00 0.000000000000000000e+00
2.220000000000000000e+02 8.047909999999999897e+00 -4.852280000000000371e+00 0.000000000000000000e+00
2.230000000000000000e+02 8.545189999999999841e+00 -2.769849999999999923e+00 0.000000000000000000e+00
2.240000000000000000e+02 7.807780000000000165e+00 -8.180800000000000294e-01 0.000000000000000000e+00
2.250000000000000000e+02 7.014579999999999593e+00 1.095180000000000042e+00 0.000000000000000000e+00
2.260000000000000000e+02 8.286789999999999878e+00 2.802760000000000140e+00 0.000000000000000000e+00
2.270000000000000000e+02 7.535899999999999821e+00 4.768779999999999575e+00 0.000000000000000000e+00
2.280000000000000000e+02 6.802970000000000184e+00 6.784169999999999590e+00 0.000000000000000000e+00
2.290000000000000000e+02 8.200789999999999580e+00 8.446799999999999642e+00 0.000000000000000000e+00
2.300000000000000000e+02 7.420510000000000161e+00 1.040218999999999916e+01 0.000000000000000000e+00
2.310000000000000000e+02 6.557909999999999684e+00 1.229242999999999952e+01 0.000000000000000000e+00
2.320000000000000000e+02 7.100990000000000357e+00 1.593518000000000079e+01 0.000000000000000000e+00
2.330000000000000000e+02 6.563159999999999883e+00 1.792595999999999989e+01 0.000000000000000000e+00
2.340000000000000000e+02 7.561729999999999841e+00 -1.712631000000000014e+01 0.000000000000000000e+00
2.350000000000000000e+02 8.186690000000000467e+00 -1.501356000000000002e+01 0.000000000000000000e+00
2.360000000000000000e+02 8.681200000000000472e+00 -1.251646000000000036e+01 0.000000000000000000e+00
2.370000000000000000e+02 8.949020000000000863e+00 -1.040100999999999942e+01 0.000000000000000000e+00
2.380000000000000000e+02 9.444250000000000256e+00 -8.300890000000000768e+00 0.000000000000000000e+00
2.390000000000000000e+02 9.838919999999999888e+00 -6.268159999999999954e+00 0.000000000000000000e+00
2.400000000000000000e+02 1.011642999999999937e+01 -4.176350000000000229e+00 0.000000000000000000e+00
2.410000000000000000e+02 9.886960000000000193e+00 -1.138870000000000049e+00 0.000000000000000000e+00
2.420000000000000000e+02 9.080669999999999575e+00 8.059800000000000297e-01 0.000000000000000000e+00
2.430000000000000000e+02 1.033867000000000047e+01 2.489129999999999843e+00 0.000000000000000000e+00
2.440000000000000000e+02 1.241977999999999938e+01 2.158959999999999990e+00 0.000000000000000000e+00
2.450000000000000000e+02 9.673799999999999955e+00 4.508910000000000196e+00 0.000000000000000000e+00
2.460000000000000000e+02 8.895640000000000214e+00 6.482219999999999871e+00 0.000000000000000000e+00
2.470000000000000000e+02 1.036093999999999937e+01 8.108599999999999142e+00 0.000000000000000000e+00
2.480000000000000000e+02 9.546879999999999811e+00 1.004565000000000019e+01 0.000000000000000000e+00
2.490000000000000000e+02 8.721989999999999910e+00 1.201670000000000016e+01 0.000000000000000000e+00
2.500000000000000000e+02 8.025399999999999423e+00 1.398466999999999949e+01 0.000000000000000000e+00
2.510000000000000000e+02 9.489670000000000272e+00 1.622081000000000017e+01 0.000000000000000000e+00
2.520000000000000000e+02 9.709170000000000300e+00 -1.641300999999999988e+01 0.000000000000000000e+00
2.530000000000000000e+02 1.021049999999999969e+01 -1.434209000000000067e+01 0.000000000000000000e+00
2.540000000000000000e+02 1.064550999999999981e+01 -1.182450000000000045e+01 0.000000000000000000e+00
2.550000000000000000e+02 1.113857999999999926e+01 -9.642160000000000508e+00 0.000000000000000000e+00
2.560000000000000000e+02 1.152129000000000048e+01 -7.531690000000000218e+00 0.000000000000000000e+00
2.570000000000000000e+02 1.179489000000000054e+01 -5.424850000000000172e+00 0.000000000000000000e+00
2.580000000000000000e+02 1.203511999999999915e+01 -3.370060000000000056e+00 0.000000000000000000e+00
2.590000000000000000e+02 1.218252000000000024e+01 -1.284669999999999979e+00 0.000000000000000000e+00
2.600000000000000000e+02 1.115324000000000026e+01 5.216199999999999726e-01 0.000000000000000000e+00
2.610000000000000000e+02 1.447692999999999941e+01 1.776469999999999994e+00 0.000000000000000000e+00
2.620000000000000000e+02 1.389930000000000021e+01 3.801670000000000105e+00 0.000000000000000000e+00
2.630000000000000000e+02 1.185421000000000014e+01 4.178530000000000300e+00 0.000000000000000000e+00
2.640000000000000000e+02 1.096268000000000065e+01 6.117090000000000138e+00 0.000000000000000000e+00
2.650000000000000000e+02 1.238326999999999956e+01 7.698000000000000398e+00 0.000000000000000000e+00
2.660000000000000000e+02 1.379466000000000037e+01 9.447409999999999641e+00 0.000000000000000000e+00
2.670000000000000000e+02 1.158484999999999943e+01 9.784560000000000812e+00 0.000000000000000000e+00
2.680000000000000000e+02 1.078853999999999935e+01 1.177937000000000012e+01 0.000000000000000000e+00
2.690000000000000000e+02 1.009045000000000059e+01 1.379030000000000022e+01 0.000000000000000000e+00
2.700000000000000000e+02 1.198695999999999984e+01 -1.565512000000000015e+01 0.000000000000000000e+00
2.710000000000000000e+02 1.205434999999999945e+01 -1.337716999999999956e+01 0.000000000000000000e+00
2.720000000000000000e+02 1.267219000000000051e+01 -1.105954999999999977e+01 0.000000000000000000e+00
2.730000000000000000e+02 1.482258000000000031e+01 -1.033609000000000044e+01 0.000000000000000000e+00
2.740000000000000000e+02 1.311651999999999951e+01 -8.848010000000000375e+00 0.000000000000000000e+00
2.750000000000000000e+02 1.355214999999999925e+01 -6.671979999999999578e+00 0.000000000000000000e+00
2.760000000000000000e+02 1.372836999999999996e+01 -4.587629999999999875e+00 0.000000000000000000e+00
2.770000000000000000e+02 1.398417000000000066e+01 -2.507899999999999796e+00 0.000000000000000000e+00
2.780000000000000000e+02 1.411672000000000082e+01 -4.021399999999999975e-01 0.000000000000000000e+00
2.790000000000000000e+02 1.586552000000000007e+01 -1.630100000000000104e+00 0.000000000000000000e+00
2.800000000000000000e+02 1.614338000000000051e+01 4.436899999999999733e-01 0.000000000000000000e+00
2.810000000000000000e+02 1.537763999999999953e+01 5.245680000000000121e+00 0.000000000000000000e+00
2.820000000000000000e+02 1.682820999999999856e+01 7.030929999999999680e+00 0.000000000000000000e+00
2.830000000000000000e+02 1.323629999999999995e+01 5.822189999999999976e+00 0.000000000000000000e+00
2.840000000000000000e+02 1.465938000000000052e+01 7.445590000000000153e+00 0.000000000000000000e+00
2.850000000000000000e+02 1.593762000000000079e+01 9.612809999999999633e+00 0.000000000000000000e+00
2.860000000000000000e+02 1.300234999999999985e+01 1.137825999999999915e+01 0.000000000000000000e+00
2.870000000000000000e+02 1.243337999999999965e+01 1.335913000000000039e+01 0.000000000000000000e+00
2.880000000000000000e+02 1.384547000000000061e+01 -1.442712000000000039e+01 0.000000000000000000e+00
2.890000000000000000e+02 1.450508999999999915e+01 -1.237649000000000044e+01 0.000000000000000000e+00
2.900000000000000000e+02 1.680536999999999992e+01 -9.445309999999999206e+00 0.000000000000000000e+00
2.910000000000000000e+02 1.765805999999999898e+01 -7.214019999999999655e+00 0.000000000000000000e+00
2.920000000000000000e+02 1.509229000000000021e+01 -8.228479999999999350e+00 0.000000000000000000e+00
2.930000000000000000e+02 1.564556999999999931e+01 -6.168239999999999945e+00 0.000000000000000000e+00
2.940000000000000000e+02 1.748497000000000057e+01 -5.104239999999999888e+00 0.000000000000000000e+00
2.950000000000000000e+02 1.573230000000000040e+01 -3.717290000000000205e+00 0.000000000000000000e+00
2.960000000000000000e+02 1.814895999999999887e+01 -4.055000000000000271e-01 0.000000000000000000e+00
2.970000000000000000e+02 1.852440999999999960e+01 2.674650000000000194e+00 0.000000000000000000e+00
2.980000000000000000e+02 1.616938000000000031e+01 3.158529999999999838e+00 0.000000000000000000e+00
2.990000000000000000e+02 1.743048999999999893e+01 4.828920000000000101e+00 0.000000000000000000e+00
