0.000000000000000000e+00 -1.334519000000000055e+01 -1.420606000000000080e+01 0.000000000000000000e+00
1.000000000000000000e+00 -1.504759999999999920e+01 -1.285246000000000066e+01 0.000000000000000000e+00
2.000000000000000000e+00 -1.680255999999999972e+01 -1.176737999999999928e+01 0.000000000000000000e+00
3.000000000000000000e+00 -1.628544000000000125e+01 -9.082409999999999428e+00 0.000000000000000000e+00
4.000000000000000000e+00 -1.790115000000000123e+01 -6.029060000000000308e+00 0.000000000000000000e+00
5.000000000000000000e+00 -1.876715000000000089e+01 -3.456580000000000208e+00 0.000000000000000000e+00
6.000000000000000000e+00 -1.662930000000000064e+01 -4.211070000000000313e+00 0.000000000000000000e+00
7.000000000000000000e+00 -1.895652000000000115e+01 -1.226969999999999894e+00 0.000000000000000000e+00
8.000000000000000000e+00 -1.715822000000000003e+01 4.571700000000000208e-01 0.000000000000000000e+00
9.000000000000000000e+00 -1.911363000000000056e+01 1.128959999999999964e+00 0.000000000000000000e+00
1.000000000000000000e+01 -1.957928000000000068e+01 3.698490000000000055e+00 0.000000000000000000e+00
1.100000000000000000e+01 -1.785809000000000069e+01 4.843250000000000277e+00 0.000000000000000000e+00
1.200000000000000000e+01 -1.615247000000000099e+01 6.007819999999999716e+00 0.000000000000000000e+00
1.300000000000000000e+01 -1.829599999999999937e+01 7.104250000000000398e+00 0.000000000000000000e+00
1.400000000000000000e+01 -1.638497999999999877e+01 8.107540000000000191e+00 0.000000000000000000e+00
1.500000000000000000e+01 -1.679189999999999827e+01 1.039249000000000045e+01 0.000000000000000000e+00
1.600000000000000000e+01 -1.528907000000000060e+01 1.393510000000000026e+01 0.000000000000000000e+00
1.700000000000000000e+01 -1.347983999999999938e+01 1.497061000000000064e+01 0.000000000000000000e+00
1.800000000000000000e+01 -1.161903000000000041e+01 -1.556040999999999919e+01 0.000000000000000000e+00
1.900000000000000000e+01 -1.294459999999999944e+01 -1.216893999999999920e+01 0.000000000000000000e+00
2.000000000000000000e+01 -1.469269000000000069e+01 -1.080871999999999922e+01 0.000000000000000000e+00
2.100000000000000000e+01 -1.419674999999999976e+01 -8.411680000000000490e+00 0.000000000000000000e+00
2.200000000000000000e+01 -1.352992000000000061e+01 -6.443050000000000388e+00 0.000000000000000000e+00
2.300000000000000000e+01 -1.563871999999999929e+01 -6.429160000000000430e+00 0.000000000000000000e+00
2.400000000000000000e+01 -1.455447999999999986e+01 -4.646899999999999586e+00 0.000000000000000000e+00
2.500000000000000000e+01 -1.695906000000000091e+01 -1.829369999999999941e+00 0.000000000000000000e+00
2.600000000000000000e+01 -1.515868000000000038e+01 -2.797999999999999932e-01 0.000000000000000000e+00
2.700000000000000000e+01 -1.764789000000000030e+01 2.788419999999999899e+00 0.000000000000000000e+00
2.800000000000000000e+01 -1.555208000000000013e+01 1.810210000000000097e+00 0.000000000000000000e+00
2.900000000000000000e+01 -1.589207999999999998e+01 3.916900000000000048e+00 0.000000000000000000e+00
3.000000000000000000e+01 -1.417497999999999969e+01 5.337740000000000151e+00 0.000000000000000000e+00
3.100000000000000000e+01 -1.443310999999999922e+01 7.396029999999999660e+00 0.000000000000000000e+00
3.200000000000000000e+01 -1.477820999999999962e+01 9.455310000000000770e+00 0.000000000000000000e+00
3.300000000000000000e+01 -1.517404999999999937e+01 1.169776000000000060e+01 0.000000000000000000e+00
3.400000000000000000e+01 -1.321565999999999974e+01 1.286341999999999963e+01 0.000000000000000000e+00
3.500000000000000000e+01 -1.183627000000000073e+01 1.638231000000000037e+01 0.000000000000000000e+00
3.600000000000000000e+01 -1.000450999999999979e+01 -1.697043999999999997e+01 0.000000000000000000e+00
3.700000000000000000e+01 -1.122475999999999985e+01 -1.342198999999999920e+01 0.000000000000000000e+00
3.800000000000000000e+01 -1.093568999999999924e+01 -1.131412000000000084e+01 0.000000000000000000e+00
3.900000000000000000e+01 -1.265089000000000041e+01 -9.902990000000000848e+00 0.000000000000000000e+00
4.000000000000000000e+01 -1.194796000000000014e+01 -7.863629999999999676e+00 0.000000000000000000e+00
4.100000000000000000e+01 -1.179251999999999967e+01 -5.081330000000000346e+00 0.000000000000000000e+00
4.200000000000000000e+01 -1.290168000000000070e+01 -3.342060000000000031e+00 0.000000000000000000e+00
4.300000000000000000e+01 -1.494932999999999979e+01 -2.635209999999999830e+00 0.000000000000000000e+00
4.400000000000000000e+01 -1.325616999999999912e+01 -1.201780000000000070e+00 0.000000000000000000e+00
4.500000000000000000e+01 -1.355316999999999972e+01 1.084249999999999936e+00 0.000000000000000000e+00
4.600000000000000000e+01 -1.394164999999999921e+01 3.203829999999999956e+00 0.000000000000000000e+00
4.700000000000000000e+01 -1.227229999999999954e+01 4.455110000000000348e+00 0.000000000000000000e+00
4.800000000000000000e+01 -1.249724999999999930e+01 6.591920000000000002e+00 0.000000000000000000e+00
4.900000000000000000e+01 -1.276483999999999952e+01 8.662679999999999936e+00 0.000000000000000000e+00
5.000000000000000000e+01 -1.287947999999999915e+01 1.073310000000000031e+01 0.000000000000000000e+00
5.100000000000000000e+01 -1.121287000000000056e+01 1.222790999999999961e+01 0.000000000000000000e+00
5.200000000000000000e+01 -1.148537999999999926e+01 1.434661999999999971e+01 0.000000000000000000e+00
5.300000000000000000e+01 -9.728949999999999321e+00 1.555958000000000041e+01 0.000000000000000000e+00
5.400000000000000000e+01 -7.907269999999999577e+00 -1.625555999999999912e+01 0.000000000000000000e+00
5.500000000000000000e+01 -9.586380000000000123e+00 -1.494327999999999967e+01 0.000000000000000000e+00
5.600000000000000000e+01 -9.252349999999999852e+00 -1.273277000000000037e+01 0.000000000000000000e+00
5.700000000000000000e+01 -8.871230000000000615e+00 -1.066380000000000017e+01 0.000000000000000000e+00
5.800000000000000000e+01 -1.037059999999999960e+01 -9.211270000000000735e+00 0.000000000000000000e+00
5.900000000000000000e+01 -1.000417000000000023e+01 -7.168280000000000207e+00 0.000000000000000000e+00
6.000000000000000000e+01 -9.701560000000000628e+00 -4.959329999999999572e+00 0.000000000000000000e+00
6.100000000000000000e+01 -1.130976000000000070e+01 -1.951240000000000085e+00 0.000000000000000000e+00
6.200000000000000000e+01 -9.706390000000000740e+00 -5.590500000000000469e-01 0.000000000000000000e+00
6.300000000000000000e+01 -1.169266000000000005e+01 2.101500000000000035e-01 0.000000000000000000e+00
6.400000000000000000e+01 -1.195387000000000022e+01 2.415029999999999788e+00 0.000000000000000000e+00
6.500000000000000000e+01 -1.029428000000000054e+01 3.708110000000000017e+00 0.000000000000000000e+00
6.600000000000000000e+01 -1.059534999999999982e+01 5.753540000000000099e+00 0.000000000000000000e+00
6.700000000000000000e+01 -1.071554000000000073e+01 8.112280000000000157e+00 0.000000000000000000e+00
6.800000000000000000e+01 -1.086661999999999928e+01 1.018723999999999918e+01 0.000000000000000000e+00
6.900000000000000000e+01 -9.196770000000000778e+00 1.139072999999999958e+01 0.000000000000000000e+00
7.000000000000000000e+01 -9.522710000000000008e+00 1.347198999999999991e+01 0.000000000000000000e+00
7.100000000000000000e+01 -8.023270000000000124e+00 1.697215999999999880e+01 0.000000000000000000e+00
7.200000000000000000e+01 -6.374229999999999841e+00 -1.771890000000000143e+01 0.000000000000000000e+00
7.300000000000000000e+01 -7.485500000000000043e+00 -1.417727999999999966e+01 0.000000000000000000e+00
7.400000000000000000e+01 -7.195490000000000386e+00 -1.214004000000000083e+01 0.000000000000000000e+00
7.500000000000000000e+01 -6.812479999999999869e+00 -1.010640000000000072e+01 0.000000000000000000e+00
7.600000000000000000e+01 -8.396660000000000679e+00 -8.624980000000000757e+00 0.000000000000000000e+00
7.700000000000000000e+01 -6.377100000000000435e+00 -7.971529999999999561e+00 0.000000000000000000e+00
7.800000000000000000e+01 -8.065089999999999648e+00 -6.452679999999999971e+00 0.000000000000000000e+00
7.900000000000000000e+01 -9.381349999999999412e+00 -2.669610000000000039e+00 0.000000000000000000e+00
8.000000000000000000e+01 -7.707819999999999894e+00 -1.380730000000000013e+00 0.000000000000000000e+00
8.100000000000000000e+01 -1.008113999999999955e+01 1.514040000000000052e+00 0.000000000000000000e+00
8.200000000000000000e+01 -8.317709999999999937e+00 3.078980000000000050e+00 0.000000000000000000e+00
8.300000000000000000e+01 -8.574989999999999668e+00 5.169599999999999973e+00 0.000000000000000000e+00
8.400000000000000000e+01 -8.702080000000000481e+00 7.245540000000000092e+00 0.000000000000000000e+00
8.500000000000000000e+01 -8.935340000000000060e+00 9.329240000000000421e+00 0.000000000000000000e+00
8.600000000000000000e+01 -7.278719999999999857e+00 1.063696999999999981e+01 0.000000000000000000e+00
8.700000000000000000e+01 -7.594240000000000101e+00 1.269707999999999970e+01 0.000000000000000000e+00
8.800000000000000000e+01 -7.799170000000000158e+00 1.480139999999999922e+01 0.000000000000000000e+00
8.900000000000000000e+01 -6.130620000000000402e+00 1.603262000000000143e+01 0.000000000000000000e+00
9.000000000000000000e+01 -2.610679999999999890e+00 -1.835483999999999938e+01 0.000000000000000000e+00
9.100000000000000000e+01 -5.923160000000000203e+00 -1.558037000000000027e+01 0.000000000000000000e+00
9.200000000000000000e+01 -5.485070000000000334e+00 -1.352101000000000042e+01 0.000000000000000000e+00
9.300000000000000000e+01 -5.246819999999999595e+00 -1.144298999999999999e+01 0.000000000000000000e+00
9.400000000000000000e+01 -4.821579999999999977e+00 -9.375619999999999621e+00 0.000000000000000000e+00
9.500000000000000000e+01 -6.031039999999999957e+00 -5.947000000000000064e+00 0.000000000000000000e+00
9.600000000000000000e+01 -7.845170000000000421e+00 -4.056540000000000035e+00 0.000000000000000000e+00
9.700000000000000000e+01 -5.783640000000000114e+00 -3.878899999999999793e+00 0.000000000000000000e+00
9.800000000000000000e+01 -5.678309999999999746e+00 -1.806869999999999976e+00 0.000000000000000000e+00
9.900000000000000000e+01 -7.918199999999999683e+00 9.673699999999999521e-01 0.000000000000000000e+00
1.000000000000000000e+02 -6.336079999999999934e+00 2.296650000000000080e+00 0.000000000000000000e+00
1.010000000000000000e+02 -6.634260000000000268e+00 4.353299999999999947e+00 0.000000000000000000e+00
1.020000000000000000e+02 -6.781880000000000130e+00 6.451550000000000118e+00 0.000000000000000000e+00
1.030000000000000000e+02 -6.996739999999999959e+00 8.503519999999999968e+00 0.000000000000000000e+00
1.040000000000000000e+02 -5.356499999999999595e+00 9.762090000000000600e+00 0.000000000000000000e+00
1.050000000000000000e+02 -5.629669999999999952e+00 1.188446000000000069e+01 0.000000000000000000e+00
1.060000000000000000e+02 -5.895780000000000243e+00 1.397034000000000020e+01 0.000000000000000000e+00
1.070000000000000000e+02 -4.664080000000000226e+00 1.757650999999999897e+01 0.000000000000000000e+00
1.080000000000000000e+02 -4.331220000000000070e+00 -1.700739000000000090e+01 0.000000000000000000e+00
1.090000000000000000e+02 -3.789099999999999913e+00 -1.496401000000000003e+01 0.000000000000000000e+00
1.100000000000000000e+02 -3.497889999999999944e+00 -1.282958999999999961e+01 0.000000000000000000e+00
1.110000000000000000e+02 -3.129719999999999835e+00 -1.074206000000000039e+01 0.000000000000000000e+00
1.120000000000000000e+02 -2.791500000000000092e+00 -8.579980000000000828e+00 0.000000000000000000e+00
1.130000000000000000e+02 -4.429739999999999789e+00 -7.280899999999999928e+00 0.000000000000000000e+00
1.140000000000000000e+02 -4.123210000000000264e+00 -5.104370000000000296e+00 0.000000000000000000e+00
1.150000000000000000e+02 -3.891579999999999817e+00 -3.026229999999999976e+00 0.000000000000000000e+00
1.160000000000000000e+02 -3.830369999999999830e+00 -8.359100000000000419e-01 0.000000000000000000e+00
1.170000000000000000e+02 -5.995009999999999728e+00 2.316699999999999871e-01 0.000000000000000000e+00
1.180000000000000000e+02 -4.609779999999999767e+00 3.466359999999999886e+00 0.000000000000000000e+00
1.190000000000000000e+02 -4.912379999999999747e+00 5.515360000000000262e+00 0.000000000000000000e+00
1.200000000000000000e+02 -5.078009999999999913e+00 7.653100000000000236e+00 0.000000000000000000e+00
1.210000000000000000e+02 -3.433640000000000025e+00 8.953749999999999432e+00 0.000000000000000000e+00
1.220000000000000000e+02 -3.729629999999999779e+00 1.104499999999999993e+01 0.000000000000000000e+00
1.230000000000000000e+02 -3.956859999999999822e+00 1.315356000000000058e+01 0.000000000000000000e+00
1.240000000000000000e+02 -4.166109999999999758e+00 1.532469999999999999e+01 0.000000000000000000e+00
1.250000000000000000e+02 -2.432770000000000099e+00 1.896568999999999861e+01 0.000000000000000000e+00
1.260000000000000000e+02 -4.719700000000000006e-01 -1.748858999999999853e+01 0.000000000000000000e+00
1.270000000000000000e+02 -2.154659999999999798e+00 -1.626765999999999934e+01 0.000000000000000000e+00
1.280000000000000000e+02 -1.839769999999999905e+00 -1.413822000000000045e+01 0.000000000000000000e+00
1.290000000000000000e+02 -1.477149999999999963e+00 -1.197802000000000078e+01 0.000000000000000000e+00
1.300000000000000000e+02 -1.227230000000000043e+00 -9.935489999999999711e+00 0.000000000000000000e+00
1.310000000000000000e+02 -2.494219999999999882e+00 -6.519040000000000390e+00 0.000000000000000000e+00
1.320000000000000000e+02 -2.172649999999999970e+00 -4.300270000000000259e+00 0.000000000000000000e+00
1.330000000000000000e+02 -2.070840000000000014e+00 -2.007579999999999920e+00 0.000000000000000000e+00
1.340000000000000000e+02 -4.162779999999999703e+00 1.233119999999999994e+00 0.000000000000000000e+00
1.350000000000000000e+02 -7.652600000000000513e-01 1.862270000000000092e+00 0.000000000000000000e+00
1.360000000000000000e+02 -2.677119999999999944e+00 2.680530000000000079e+00 0.000000000000000000e+00
1.370000000000000000e+02 -2.962320000000000064e+00 4.742449999999999832e+00 0.000000000000000000e+00
1.380000000000000000e+02 -3.173810000000000020e+00 6.831949999999999967e+00 0.000000000000000000e+00
1.390000000000000000e+02 -1.438970000000000082e+00 8.105430000000000135e+00 0.000000000000000000e+00
1.400000000000000000e+02 -1.786850000000000049e+00 1.021654000000000018e+01 0.000000000000000000e+00
1.410000000000000000e+02 -2.010810000000000208e+00 1.232183999999999990e+01 0.000000000000000000e+00
1.420000000000000000e+02 -2.289639999999999898e+00 1.442108999999999952e+01 0.000000000000000000e+00
1.430000000000000000e+02 -2.656940000000000079e+00 1.688301999999999836e+01 0.000000000000000000e+00
1.440000000000000000e+02 -9.467999999999999750e-01 -1.958777999999999864e+01 0.000000000000000000e+00
1.450000000000000000e+02 -7.617000000000000159e-02 -1.538884999999999970e+01 0.000000000000000000e+00
1.460000000000000000e+02 1.509500000000000008e-01 -1.326791000000000054e+01 0.000000000000000000e+00
1.470000000000000000e+02 4.833700000000000219e-01 -1.123146000000000022e+01 0.000000000000000000e+00
1.480000000000000000e+02 8.296000000000000041e-01 -9.162679999999999936e+00 0.000000000000000000e+00
1.490000000000000000e+02 -8.532600000000000184e-01 -7.818839999999999790e+00 0.000000000000000000e+00
1.500000000000000000e+02 -5.314299999999999580e-01 -5.674940000000000317e+00 0.000000000000000000e+00
1.510000000000000000e+02 -3.927300000000000235e-01 -3.270579999999999821e+00 0.000000000000000000e+00
1.520000000000000000e+02 -1.977479999999999905e+00 1.488099999999999978e-01 0.000000000000000000e+00
1.530000000000000000e+02 9.464700000000000335e-01 3.142659999999999787e+00 0.000000000000000000e+00
1.540000000000000000e+02 -1.027940000000000076e+00 3.935639999999999805e+00 0.000000000000000000e+00
1.550000000000000000e+02 -1.222110000000000030e+00 6.045829999999999593e+00 0.000000000000000000e+00
1.560000000000000000e+02 4.733999999999999875e-01 7.309020000000000294e+00 0.000000000000000000e+00
1.570000000000000000e+02 1.847100000000000131e-01 9.381859999999999644e+00 0.000000000000000000e+00
1.580000000000000000e+02 -7.112999999999999878e-02 1.146251999999999960e+01 0.000000000000000000e+00
1.590000000000000000e+02 -3.796800000000000175e-01 1.361835999999999913e+01 0.000000000000000000e+00
1.600000000000000000e+02 -7.448399999999999466e-01 1.578767999999999994e+01 0.000000000000000000e+00
1.610000000000000000e+02 1.248609999999999998e+00 1.693696999999999875e+01 0.000000000000000000e+00
1.620000000000000000e+02 1.584170000000000078e+00 -1.669403000000000148e+01 0.000000000000000000e+00
1.630000000000000000e+02 1.908639999999999892e+00 -1.455686999999999998e+01 0.000000000000000000e+00
1.640000000000000000e+02 2.157230000000000203e+00 -1.247545000000000037e+01 0.000000000000000000e+00
1.650000000000000000e+02 2.601049999999999862e+00 -1.041799999999999926e+01 0.000000000000000000e+00
1.660000000000000000e+02 1.063690000000000024e+00 -7.066629999999999967e+00 0.000000000000000000e+00
1.670000000000000000e+02 1.432039999999999980e+00 -4.991290000000000227e+00 0.000000000000000000e+00
1.680000000000000000e+02 1.677140000000000075e+00 -2.901959999999999873e+00 0.000000000000000000e+00
1.690000000000000000e+02 -1.284800000000000109e-01 -7.744900000000000118e-01 0.000000000000000000e+00
1.700000000000000000e+02 1.977309999999999901e+00 -8.330999999999999517e-01 0.000000000000000000e+00
1.710000000000000000e+02 1.140530000000000044e+00 1.063479999999999981e+00 0.000000000000000000e+00
1.720000000000000000e+02 2.698640000000000150e+00 4.320909999999999584e+00 0.000000000000000000e+00
1.730000000000000000e+02 6.574400000000000244e-01 5.189149999999999707e+00 0.000000000000000000e+00
1.740000000000000000e+02 2.348640000000000061e+00 6.451749999999999652e+00 0.000000000000000000e+00
1.750000000000000000e+02 2.174049999999999816e+00 8.530509999999999593e+00 0.000000000000000000e+00
1.760000000000000000e+02 1.899420000000000108e+00 1.061550000000000082e+01 0.000000000000000000e+00
1.770000000000000000e+02 1.620800000000000018e+00 1.280720999999999954e+01 0.000000000000000000e+00
1.780000000000000000e+02 1.295909999999999895e+00 1.485574000000000083e+01 0.000000000000000000e+00
1.790000000000000000e+02 -5.589699999999999669e-01 1.799622000000000099e+01 0.000000000000000000e+00
1.800000000000000000e+02 3.630119999999999791e+00 -1.859873999999999938e+01 0.000000000000000000e+00
1.810000000000000000e+02 3.841909999999999936e+00 -1.364785999999999966e+01 0.000000000000000000e+00
1.820000000000000000e+02 4.323859999999999815e+00 -1.157235000000000014e+01 0.000000000000000000e+00
1.830000000000000000e+02 4.492490000000000094e+00 -9.467240000000000322e+00 0.000000000000000000e+00
1.840000000000000000e+02 2.775389999999999802e+00 -8.312229999999999563e+00 0.000000000000000000e+00
1.850000000000000000e+02 3.068280000000000118e+00 -6.265369999999999884e+00 0.000000000000000000e+00
1.860000000000000000e+02 3.322499999999999787e+00 -4.143250000000000099e+00 0.000000000000000000e+00
1.870000000000000000e+02 3.684649999999999981e+00 -2.009160000000000057e+00 0.000000000000000000e+00
1.880000000000000000e+02 3.863879999999999981e+00 1.892999999999999960e-01 0.000000000000000000e+00
1.890000000000000000e+02 2.871960000000000068e+00 2.209810000000000052e+00 0.000000000000000000e+00
1.900000000000000000e+02 4.904819999999999958e+00 3.041830000000000034e+00 0.000000000000000000e+00
1.910000000000000000e+02 4.265310000000000379e+00 5.667279999999999873e+00 0.000000000000000000e+00
1.920000000000000000e+02 4.111349999999999838e+00 7.786850000000000271e+00 0.000000000000000000e+00
1.930000000000000000e+02 5.790250000000000341e+00 9.013260000000000716e+00 0.000000000000000000e+00
1.940000000000000000e+02 3.768479999999999830e+00 1.207363999999999926e+01 0.000000000000000000e+00
1.950000000000000000e+02 3.345779999999999976e+00 1.415343999999999980e+01 0.000000000000000000e+00
1.960000000000000000e+02 3.511330000000000062e+00 1.634468999999999994e+01 0.000000000000000000e+00
1.970000000000000000e+02 2.788879999999999804e+00 1.867626999999999882e+01 0.000000000000000000e+00
1.980000000000000000e+02 3.726370000000000182e+00 -1.626838000000000051e+01 0.000000000000000000e+00
1.990000000000000000e+02 5.610129999999999839e+00 -1.506638000000000055e+01 0.000000000000000000e+00
2.000000000000000000e+02 5.950560000000000294e+00 -1.296250000000000036e+01 0.000000000000000000e+00
2.010000000000000000e+02 6.240199999999999747e+00 -1.070290999999999926e+01 0.000000000000000000e+00
2.020000000000000000e+02 4.837439999999999962e+00 -7.438030000000000364e+00 0.000000000000000000e+00
2.030000000000000000e+02 6.710799999999999876e+00 -6.529880000000000351e+00 0.000000000000000000e+00
2.040000000000000000e+02 5.001920000000000144e+00 -5.372189999999999799e+00 0.000000000000000000e+00
2.050000000000000000e+02 5.323540000000000383e+00 -3.258010000000000073e+00 0.000000000000000000e+00
2.060000000000000000e+02 5.580849999999999866e+00 -1.037339999999999929e+00 0.000000000000000000e+00
2.070000000000000000e+02 5.835539999999999949e+00 1.084989999999999899e+00 0.000000000000000000e+00
2.080000000000000000e+02 8.042849999999999611e+00 3.934769999999999879e+00 0.000000000000000000e+00
2.090000000000000000e+02 6.158190000000000275e+00 4.782540000000000013e+00 0.000000000000000000e+00
2.100000000000000000e+02 5.968700000000000117e+00 6.894389999999999574e+00 0.000000000000000000e+00
2.110000000000000000e+02 3.904069999999999929e+00 9.873540000000000205e+00 0.000000000000000000e+00
2.120000000000000000e+02 5.585740000000000371e+00 1.110354000000000063e+01 0.000000000000000000e+00
2.130000000000000000e+02 5.421850000000000058e+00 1.332868999999999993e+01 0.000000000000000000e+00
2.140000000000000000e+02 5.430509999999999948e+00 1.539673999999999943e+01 0.000000000000000000e+00
2.150000000000000000e+02 5.317610000000000170e+00 1.757342999999999833e+01 0.000000000000000000e+00
2.160000000000000000e+02 5.466789999999999594e+00 -1.741700000000000159e+01 0.000000000000000000e+00
2.170000000000000000e+02 7.586479999999999890e+00 -1.429152999999999984e+01 0.000000000000000000e+00
2.180000000000000000e+02 7.891939999999999955e+00 -1.217900999999999989e+01 0.000000000000000000e+00
2.190000000000000000e+02 8.156890000000000640e+00 -9.913479999999999848e+00 0.000000000000000000e+00
2.200000000000000000e+02 6.545309999999999739e+00 -8.588229999999999364e+00 0.000000000000000000e+00
2.210000000000000000e+02 8.800720000000000098e+00 -5.661469999999999558e+00 0.000000000000000000e+00
2.220000000000000000e+02 7.104650000000000354e+00 -4.407499999999999751e+00 0.000000000000000000e+00
2.230000000000000000e+02 7.217200000000000060e+00 -2.312429999999999986e+00 0.000000000000000000e+00
2.240000000000000000e+02 7.528310000000000279e+00 -1.785700000000000065e-01 0.000000000000000000e+00
2.250000000000000000e+02 7.804299999999999571e+00 1.877569999999999961e+00 0.000000000000000000e+00
2.260000000000000000e+02 9.708819999999999339e+00 2.709340000000000082e+00 0.000000000000000000e+00
2.270000000000000000e+02 7.841929999999999623e+00 6.010019999999999918e+00 0.000000000000000000e+00
2.280000000000000000e+02 7.760150000000000325e+00 8.090970000000000439e+00 0.000000000000000000e+00
2.290000000000000000e+02 7.488629999999999676e+00 1.025323999999999991e+01 0.000000000000000000e+00
2.300000000000000000e+02 9.537739999999999441e+00 9.247180000000000177e+00 0.000000000000000000e+00
2.310000000000000000e+02 7.380659999999999776e+00 1.237729999999999997e+01 0.000000000000000000e+00
2.320000000000000000e+02 7.313349999999999795e+00 1.446345999999999954e+01 0.000000000000000000e+00
2.330000000000000000e+02 7.257500000000000284e+00 1.653787000000000162e+01 0.000000000000000000e+00
2.340000000000000000e+02 7.476250000000000284e+00 -1.646445999999999898e+01 0.000000000000000000e+00
2.350000000000000000e+02 9.643940000000000623e+00 -1.341464999999999996e+01 0.000000000000000000e+00
2.360000000000000000e+02 9.796670000000000655e+00 -1.118812999999999924e+01 0.000000000000000000e+00
2.370000000000000000e+02 1.007515000000000072e+01 -8.993050000000000210e+00 0.000000000000000000e+00
2.380000000000000000e+02 8.426880000000000592e+00 -7.697680000000000078e+00 0.000000000000000000e+00
2.390000000000000000e+02 1.066616999999999926e+01 -4.720729999999999649e+00 0.000000000000000000e+00
2.400000000000000000e+02 8.960879999999999512e+00 -3.484550000000000036e+00 0.000000000000000000e+00
2.410000000000000000e+02 9.205560000000000187e+00 -1.409240000000000048e+00 0.000000000000000000e+00
2.420000000000000000e+02 1.114372000000000007e+01 -5.605999999999999872e-01 0.000000000000000000e+00
2.430000000000000000e+02 9.462740000000000151e+00 6.410200000000000342e-01 0.000000000000000000e+00
2.440000000000000000e+02 1.138296000000000063e+01 1.493819999999999926e+00 0.000000000000000000e+00
2.450000000000000000e+02 9.816420000000000812e+00 5.092869999999999564e+00 0.000000000000000000e+00
2.460000000000000000e+02 9.638830000000000453e+00 7.176809999999999690e+00 0.000000000000000000e+00
2.470000000000000000e+02 1.149951000000000079e+01 8.241759999999999309e+00 0.000000000000000000e+00
2.480000000000000000e+02 1.130729999999999968e+01 1.034980000000000011e+01 0.000000000000000000e+00
2.490000000000000000e+02 9.354699999999999349e+00 1.133093000000000039e+01 0.000000000000000000e+00
2.500000000000000000e+02 9.212799999999999656e+00 1.351754999999999995e+01 0.000000000000000000e+00
2.510000000000000000e+02 9.180130000000000123e+00 1.565038000000000018e+01 0.000000000000000000e+00
2.520000000000000000e+02 9.295349999999999113e+00 -1.547690000000000055e+01 0.000000000000000000e+00
2.530000000000000000e+02 1.149099999999999966e+01 -1.249793000000000021e+01 0.000000000000000000e+00
2.540000000000000000e+02 1.176009999999999955e+01 -1.037602000000000046e+01 0.000000000000000000e+00
2.550000000000000000e+02 1.203899999999999970e+01 -8.303689999999999571e+00 0.000000000000000000e+00
2.560000000000000000e+02 1.041402000000000072e+01 -6.958359999999999879e+00 0.000000000000000000e+00
2.570000000000000000e+02 1.232216999999999985e+01 -5.993979999999999642e+00 0.000000000000000000e+00
2.580000000000000000e+02 1.259148000000000067e+01 -3.835749999999999993e+00 0.000000000000000000e+00
2.590000000000000000e+02 1.088831000000000060e+01 -2.631759999999999877e+00 0.000000000000000000e+00
2.600000000000000000e+02 1.284174999999999933e+01 -1.761509999999999909e+00 0.000000000000000000e+00
2.610000000000000000e+02 1.325093999999999994e+01 4.478099999999999858e-01 0.000000000000000000e+00
2.620000000000000000e+02 1.339527000000000001e+01 2.632460000000000022e+00 0.000000000000000000e+00
2.630000000000000000e+02 1.153546000000000049e+01 3.931459999999999955e+00 0.000000000000000000e+00
2.640000000000000000e+02 1.172368999999999950e+01 6.001319999999999766e+00 0.000000000000000000e+00
2.650000000000000000e+02 1.344004999999999939e+01 7.193539999999999601e+00 0.000000000000000000e+00
2.660000000000000000e+02 1.322283999999999970e+01 9.532220000000000582e+00 0.000000000000000000e+00
2.670000000000000000e+02 1.305361000000000082e+01 1.161289999999999978e+01 0.000000000000000000e+00
2.680000000000000000e+02 1.112110999999999983e+01 1.239719999999999978e+01 0.000000000000000000e+00
2.690000000000000000e+02 1.099862000000000073e+01 1.466624000000000017e+01 0.000000000000000000e+00
2.700000000000000000e+02 1.136156000000000077e+01 -1.476744000000000057e+01 0.000000000000000000e+00
2.710000000000000000e+02 1.344336000000000020e+01 -1.174755000000000038e+01 0.000000000000000000e+00
2.720000000000000000e+02 1.370454999999999934e+01 -9.635550000000000281e+00 0.000000000000000000e+00
2.730000000000000000e+02 1.567257999999999996e+01 -8.859289999999999665e+00 0.000000000000000000e+00
2.740000000000000000e+02 1.393707999999999991e+01 -7.495269999999999655e+00 0.000000000000000000e+00
2.750000000000000000e+02 1.422960999999999920e+01 -5.150269999999999904e+00 0.000000000000000000e+00
2.760000000000000000e+02 1.626366000000000156e+01 -4.319350000000000023e+00 0.000000000000000000e+00
2.770000000000000000e+02 1.452382000000000062e+01 -2.978229999999999933e+00 0.000000000000000000e+00
2.780000000000000000e+02 1.487066000000000088e+01 -8.398099999999999454e-01 0.000000000000000000e+00
2.790000000000000000e+02 1.517507999999999946e+01 1.270010000000000083e+00 0.000000000000000000e+00
2.800000000000000000e+02 1.534440000000000026e+01 3.476280000000000037e+00 0.000000000000000000e+00
2.810000000000000000e+02 1.343824000000000041e+01 4.744600000000000151e+00 0.000000000000000000e+00
2.820000000000000000e+02 1.710983999999999838e+01 8.198880000000000834e+00 0.000000000000000000e+00
2.830000000000000000e+02 1.518379999999999974e+01 5.925970000000000404e+00 0.000000000000000000e+00
2.840000000000000000e+02 1.502956000000000003e+01 8.504609999999999559e+00 0.000000000000000000e+00
2.850000000000000000e+02 1.531868000000000052e+01 1.059578999999999915e+01 0.000000000000000000e+00
2.860000000000000000e+02 1.481849000000000061e+01 1.270101000000000013e+01 0.000000000000000000e+00
2.870000000000000000e+02 1.298991999999999969e+01 1.370979999999999954e+01 0.000000000000000000e+00
2.880000000000000000e+02 1.328992000000000040e+01 -1.387794000000000061e+01 0.000000000000000000e+00
2.890000000000000000e+02 1.538097999999999921e+01 -1.093567999999999962e+01 0.000000000000000000e+00
2.900000000000000000e+02 1.736038999999999888e+01 -1.037400000000000055e+01 0.000000000000000000e+00
2.910000000000000000e+02 1.764949000000000012e+01 -7.712699999999999889e+00 0.000000000000000000e+00
2.920000000000000000e+02 1.588836000000000048e+01 -6.621489999999999654e+00 0.000000000000000000e+00
2.930000000000000000e+02 1.829029999999999845e+01 -3.906940000000000079e+00 0.000000000000000000e+00
2.940000000000000000e+02 1.865368000000000137e+01 -1.516319999999999890e+00 0.000000000000000000e+00
2.950000000000000000e+02 1.652379000000000175e+01 -2.120340000000000114e+00 0.000000000000000000e+00
2.960000000000000000e+02 1.886974000000000018e+01 1.172390000000000043e+00 0.000000000000000000e+00
2.970000000000000000e+02 1.686681000000000097e+01 1.849999999999999908e-02 0.000000000000000000e+00
2.980000000000000000e+02 1.719782000000000011e+01 2.444230000000000125e+00 0.000000000000000000e+00
2.990000000000000000e+02 1.713958999999999833e+01 4.594780000000000086e+00 0.000000000000000000e+00
