0.000000000000000000e+00 -1.474665000000000070e+01 -1.445612999999999992e+01 0.000000000000000000e+00
1.000000000000000000e+00 -1.401279000000000075e+01 -1.250145000000000017e+01 0.000000000000000000e+00
2.000000000000000000e+00 -1.539338000000000051e+01 -1.086979999999999968e+01 0.000000000000000000e+00
3.000000000000000000e+00 -1.622522000000000020e+01 -8.943020000000000636e+00 0.000000000000000000e+00
4.000000000000000000e+00 -1.760096000000000060e+01 -7.409799999999999720e+00 0.000000000000000000e+00
5.000000000000000000e+00 -1.893800999999999846e+01 -5.076550000000000118e+00 0.000000000000000000e+00
6.000000000000000000e+00 -1.782829999999999870e+01 -3.246199999999999974e+00 0.000000000000000000e+00
7.000000000000000000e+00 -1.923797000000000068e+01 -1.238680000000000003e+00 0.000000000000000000e+00
8.000000000000000000e+00 -1.698237999999999914e+01 -1.144349999999999978e+00 0.000000000000000000e+00
9.000000000000000000e+00 -1.818586000000000169e+01 6.754900000000000349e-01 0.000000000000000000e+00
1.000000000000000000e+01 -1.962637000000000143e+01 2.319599999999999884e+00 0.000000000000000000e+00
1.100000000000000000e+01 -1.839985000000000070e+01 4.113030000000000186e+00 0.000000000000000000e+00
1.200000000000000000e+01 -1.708626999999999896e+01 6.124530000000000030e+00 0.000000000000000000e+00
1.300000000000000000e+01 -1.912600000000000122e+01 6.542659999999999698e+00 0.000000000000000000e+00
1.400000000000000000e+01 -1.802599000000000018e+01 8.365589999999999193e+00 0.000000000000000000e+00
1.500000000000000000e+01 -1.693978999999999857e+01 1.017507999999999946e+01 0.000000000000000000e+00
1.600000000000000000e+01 -1.540324999999999989e+01 1.195027999999999935e+01 0.000000000000000000e+00
1.700000000000000000e+01 -1.421341999999999928e+01 1.419506999999999941e+01 0.000000000000000000e+00
1.800000000000000000e+01 -1.104270999999999958e+01 -1.619013999999999953e+01 0.000000000000000000e+00
1.900000000000000000e+01 -1.263612000000000002e+01 -1.479471999999999987e+01 0.000000000000000000e+00
2.000000000000000000e+01 -1.303656999999999933e+01 -1.060638999999999932e+01 0.000000000000000000e+00
2.100000000000000000e+01 -1.413247999999999927e+01 -8.683149999999999480e+00 0.000000000000000000e+00
2.200000000000000000e+01 -1.546344999999999992e+01 -7.014249999999999652e+00 0.000000000000000000e+00
2.300000000000000000e+01 -1.673319000000000045e+01 -5.063430000000000319e+00 0.000000000000000000e+00
2.400000000000000000e+01 -1.451225999999999949e+01 -4.992239999999999789e+00 0.000000000000000000e+00
2.500000000000000000e+01 -1.579035999999999973e+01 -2.898169999999999913e+00 0.000000000000000000e+00
2.600000000000000000e+01 -1.478036999999999956e+01 -1.086680000000000090e+00 0.000000000000000000e+00
2.700000000000000000e+01 -1.594497999999999927e+01 7.778800000000000159e-01 0.000000000000000000e+00
2.800000000000000000e+01 -1.696526000000000067e+01 2.577109999999999790e+00 0.000000000000000000e+00
2.900000000000000000e+01 -1.590080999999999989e+01 4.364810000000000301e+00 0.000000000000000000e+00
3.000000000000000000e+01 -1.494824000000000019e+01 6.210090000000000110e+00 0.000000000000000000e+00
3.100000000000000000e+01 -1.375305999999999962e+01 8.080429999999999779e+00 0.000000000000000000e+00
3.200000000000000000e+01 -1.593496999999999986e+01 8.082409999999999428e+00 0.000000000000000000e+00
3.300000000000000000e+01 -1.487672000000000061e+01 9.866860000000000852e+00 0.000000000000000000e+00
3.400000000000000000e+01 -1.326675000000000004e+01 1.192420000000000080e+01 0.000000000000000000e+00
3.500000000000000000e+01 -1.207366999999999990e+01 1.408431999999999995e+01 0.000000000000000000e+00
3.600000000000000000e+01 -9.912119999999999820e+00 -1.808987000000000123e+01 0.000000000000000000e+00
3.700000000000000000e+01 -1.016741999999999990e+01 -1.432774000000000036e+01 0.000000000000000000e+00
3.800000000000000000e+01 -1.189550000000000018e+01 -1.239875999999999934e+01 0.000000000000000000e+00
3.900000000000000000e+01 -1.093052999999999919e+01 -1.056004000000000076e+01 0.000000000000000000e+00
4.000000000000000000e+01 -1.200375999999999976e+01 -8.773009999999999309e+00 0.000000000000000000e+00
4.100000000000000000e+01 -1.337190999999999974e+01 -6.731740000000000279e+00 0.000000000000000000e+00
4.200000000000000000e+01 -1.245574000000000048e+01 -4.818459999999999965e+00 0.000000000000000000e+00
4.300000000000000000e+01 -1.358968999999999916e+01 -3.010590000000000099e+00 0.000000000000000000e+00
4.400000000000000000e+01 -1.268698000000000015e+01 -1.078689999999999927e+00 0.000000000000000000e+00
4.500000000000000000e+01 -1.369793999999999912e+01 7.480900000000000327e-01 0.000000000000000000e+00
4.600000000000000000e+01 -1.488700000000000045e+01 2.549679999999999946e+00 0.000000000000000000e+00
4.700000000000000000e+01 -1.377237000000000045e+01 4.323570000000000135e+00 0.000000000000000000e+00
4.800000000000000000e+01 -1.282432999999999979e+01 6.240560000000000329e+00 0.000000000000000000e+00
4.900000000000000000e+01 -1.165475999999999956e+01 8.047829999999999373e+00 0.000000000000000000e+00
5.000000000000000000e+01 -1.278152000000000044e+01 9.926389999999999603e+00 0.000000000000000000e+00
5.100000000000000000e+01 -1.111879000000000062e+01 1.214246999999999943e+01 0.000000000000000000e+00
5.200000000000000000e+01 -9.741669999999999163e+00 1.372086999999999968e+01 0.000000000000000000e+00
5.300000000000000000e+01 -1.092575000000000074e+01 1.590492000000000061e+01 0.000000000000000000e+00
5.400000000000000000e+01 -8.754039999999999822e+00 -1.612959999999999994e+01 0.000000000000000000e+00
5.500000000000000000e+01 -8.084289999999999310e+00 -1.414283999999999963e+01 0.000000000000000000e+00
5.600000000000000000e+01 -9.786289999999999267e+00 -1.229590999999999923e+01 0.000000000000000000e+00
5.700000000000000000e+01 -8.729279999999999262e+00 -1.050168999999999997e+01 0.000000000000000000e+00
5.800000000000000000e+01 -9.914930000000000021e+00 -8.732799999999999230e+00 0.000000000000000000e+00
5.900000000000000000e+01 -1.128167000000000009e+01 -6.756929999999999659e+00 0.000000000000000000e+00
6.000000000000000000e+01 -1.031664999999999921e+01 -4.929450000000000109e+00 0.000000000000000000e+00
6.100000000000000000e+01 -1.153353000000000073e+01 -2.848430000000000017e+00 0.000000000000000000e+00
6.200000000000000000e+01 -1.044637999999999955e+01 -1.095339999999999980e+00 0.000000000000000000e+00
6.300000000000000000e+01 -1.159369000000000050e+01 7.386000000000000343e-01 0.000000000000000000e+00
6.400000000000000000e+01 -1.263888999999999996e+01 2.574069999999999858e+00 0.000000000000000000e+00
6.500000000000000000e+01 -1.162043000000000070e+01 4.411810000000000009e+00 0.000000000000000000e+00
6.600000000000000000e+01 -1.036780000000000079e+01 6.117510000000000225e+00 0.000000000000000000e+00
6.700000000000000000e+01 -9.581870000000000331e+00 8.071770000000000778e+00 0.000000000000000000e+00
6.800000000000000000e+01 -1.063612000000000002e+01 9.950020000000000309e+00 0.000000000000000000e+00
6.900000000000000000e+01 -8.119189999999999685e+00 1.196854000000000084e+01 0.000000000000000000e+00
7.000000000000000000e+01 -8.855000000000000426e+00 1.594341000000000008e+01 0.000000000000000000e+00
7.100000000000000000e+01 -7.834229999999999805e+00 1.775940999999999903e+01 0.000000000000000000e+00
7.200000000000000000e+01 -7.518970000000000375e+00 -1.781769999999999854e+01 0.000000000000000000e+00
7.300000000000000000e+01 -6.715539999999999843e+00 -1.571213000000000015e+01 0.000000000000000000e+00
7.400000000000000000e+01 -7.269099999999999895e+00 -1.212790000000000035e+01 0.000000000000000000e+00
7.500000000000000000e+01 -6.420350000000000001e+00 -1.025343999999999944e+01 0.000000000000000000e+00
7.600000000000000000e+01 -7.825409999999999755e+00 -8.555099999999999483e+00 0.000000000000000000e+00
7.700000000000000000e+01 -9.165580000000000283e+00 -6.805579999999999963e+00 0.000000000000000000e+00
7.800000000000000000e+01 -8.250579999999999359e+00 -4.856550000000000367e+00 0.000000000000000000e+00
7.900000000000000000e+01 -9.474349999999999383e+00 -3.010629999999999917e+00 0.000000000000000000e+00
8.000000000000000000e+01 -7.979689999999999728e+00 -8.724499999999999478e-01 0.000000000000000000e+00
8.100000000000000000e+01 -9.408590000000000231e+00 7.809099999999999930e-01 0.000000000000000000e+00
8.200000000000000000e+01 -1.056634000000000029e+01 2.570889999999999898e+00 0.000000000000000000e+00
8.300000000000000000e+01 -9.164820000000000633e+00 4.432190000000000296e+00 0.000000000000000000e+00
8.400000000000000000e+01 -8.307190000000000296e+00 6.316279999999999895e+00 0.000000000000000000e+00
8.500000000000000000e+01 -7.370619999999999727e+00 8.269550000000000622e+00 0.000000000000000000e+00
8.600000000000000000e+01 -8.581250000000000711e+00 9.940480000000000871e+00 0.000000000000000000e+00
8.700000000000000000e+01 -7.557080000000000020e+00 1.396574999999999989e+01 0.000000000000000000e+00
8.800000000000000000e+01 -6.667769999999999975e+00 1.600769000000000020e+01 0.000000000000000000e+00
8.900000000000000000e+01 -5.859600000000000364e+00 1.878972999999999871e+01 0.000000000000000000e+00
9.000000000000000000e+01 -4.113920000000000243e+00 -1.913704999999999856e+01 0.000000000000000000e+00
9.100000000000000000e+01 -5.444329999999999892e+00 -1.746768000000000143e+01 0.000000000000000000e+00
9.200000000000000000e+01 -5.882189999999999586e+00 -1.380298999999999943e+01 0.000000000000000000e+00
9.300000000000000000e+01 -5.075680000000000192e+00 -1.187852999999999959e+01 0.000000000000000000e+00
9.400000000000000000e+01 -5.753669999999999618e+00 -8.238419999999999632e+00 0.000000000000000000e+00
9.500000000000000000e+01 -7.021130000000000315e+00 -6.611600000000000144e+00 0.000000000000000000e+00
9.600000000000000000e+01 -6.188900000000000290e+00 -4.657149999999999679e+00 0.000000000000000000e+00
9.700000000000000000e+01 -7.398920000000000385e+00 -2.879169999999999785e+00 0.000000000000000000e+00
9.800000000000000000e+01 -6.921829999999999927e+00 9.472500000000000364e-01 0.000000000000000000e+00
9.900000000000000000e+01 -5.921929999999999694e+00 2.787809999999999899e+00 0.000000000000000000e+00
1.000000000000000000e+02 -8.063359999999999417e+00 2.662599999999999856e+00 0.000000000000000000e+00
1.010000000000000000e+02 -7.102820000000000356e+00 4.548309999999999853e+00 0.000000000000000000e+00
1.020000000000000000e+02 -6.145529999999999937e+00 6.548969999999999736e+00 0.000000000000000000e+00
1.030000000000000000e+02 -6.522050000000000125e+00 1.022255000000000003e+01 0.000000000000000000e+00
1.040000000000000000e+02 -6.032110000000000305e+00 1.232255999999999929e+01 0.000000000000000000e+00
1.050000000000000000e+02 -5.432229999999999670e+00 1.432371000000000016e+01 0.000000000000000000e+00
1.060000000000000000e+02 -4.692520000000000024e+00 1.689191999999999894e+01 0.000000000000000000e+00
1.070000000000000000e+02 -2.217870000000000008e+00 1.879933000000000121e+01 0.000000000000000000e+00
1.080000000000000000e+02 -3.156680000000000152e+00 -1.728306999999999860e+01 0.000000000000000000e+00
1.090000000000000000e+02 -4.480459999999999887e+00 -1.549034999999999940e+01 0.000000000000000000e+00
1.100000000000000000e+02 -3.738199999999999967e+00 -1.353387000000000029e+01 0.000000000000000000e+00
1.110000000000000000e+02 -4.325669999999999682e+00 -9.927780000000000271e+00 0.000000000000000000e+00
1.120000000000000000e+02 -3.580449999999999910e+00 -7.990789999999999615e+00 0.000000000000000000e+00
1.130000000000000000e+02 -4.968490000000000073e+00 -6.321799999999999642e+00 0.000000000000000000e+00
1.140000000000000000e+02 -4.019000000000000128e+00 -4.336439999999999628e+00 0.000000000000000000e+00
1.150000000000000000e+02 -5.345780000000000420e+00 -2.763549999999999951e+00 0.000000000000000000e+00
1.160000000000000000e+02 -5.671739999999999782e+00 -7.088499999999999801e-01 0.000000000000000000e+00
1.170000000000000000e+02 -4.393229999999999968e+00 1.029689999999999994e+00 0.000000000000000000e+00
1.180000000000000000e+02 -3.885149999999999881e+00 3.079340000000000188e+00 0.000000000000000000e+00
1.190000000000000000e+02 -5.011219999999999786e+00 4.799540000000000362e+00 0.000000000000000000e+00
1.200000000000000000e+02 -4.004550000000000054e+00 6.733039999999999914e+00 0.000000000000000000e+00
1.210000000000000000e+02 -5.262330000000000396e+00 8.600440000000000751e+00 0.000000000000000000e+00
1.220000000000000000e+02 -4.453809999999999825e+00 1.049653999999999954e+01 0.000000000000000000e+00
1.230000000000000000e+02 -3.950619999999999798e+00 1.253749000000000002e+01 0.000000000000000000e+00
1.240000000000000000e+02 -3.145950000000000024e+00 1.460355999999999987e+01 0.000000000000000000e+00
1.250000000000000000e+02 -2.628680000000000128e+00 1.675352000000000174e+01 0.000000000000000000e+00
1.260000000000000000e+02 -2.026559999999999917e+00 -1.911712999999999951e+01 0.000000000000000000e+00
1.270000000000000000e+02 -2.309569999999999901e+00 -1.532595000000000063e+01 0.000000000000000000e+00
1.280000000000000000e+02 -1.601569999999999938e+00 -1.338259000000000043e+01 0.000000000000000000e+00
1.290000000000000000e+02 -3.032280000000000086e+00 -1.158843000000000067e+01 0.000000000000000000e+00
1.300000000000000000e+02 -2.280019999999999936e+00 -9.634370000000000545e+00 0.000000000000000000e+00
1.310000000000000000e+02 -2.778210000000000068e+00 -6.012570000000000192e+00 0.000000000000000000e+00
1.320000000000000000e+02 -1.964490000000000069e+00 -4.074370000000000047e+00 0.000000000000000000e+00
1.330000000000000000e+02 -3.298830000000000151e+00 -2.366530000000000022e+00 0.000000000000000000e+00
1.340000000000000000e+02 -2.789460000000000051e+00 -3.541599999999999748e-01 0.000000000000000000e+00
1.350000000000000000e+02 -2.315620000000000012e+00 1.724669999999999925e+00 0.000000000000000000e+00
1.360000000000000000e+02 -1.277749999999999941e+00 3.551689999999999792e+00 0.000000000000000000e+00
1.370000000000000000e+02 -2.851160000000000139e+00 4.946010000000000240e+00 0.000000000000000000e+00
1.380000000000000000e+02 -1.866209999999999924e+00 7.127670000000000172e+00 0.000000000000000000e+00
1.390000000000000000e+02 -3.199790000000000134e+00 8.729889999999999262e+00 0.000000000000000000e+00
1.400000000000000000e+02 -2.427849999999999842e+00 1.089958000000000027e+01 0.000000000000000000e+00
1.410000000000000000e+02 -1.857620000000000049e+00 1.296330000000000027e+01 0.000000000000000000e+00
1.420000000000000000e+02 -1.035679999999999934e+00 1.493526999999999916e+01 0.000000000000000000e+00
1.430000000000000000e+02 -4.500100000000000211e-01 1.701730999999999838e+01 0.000000000000000000e+00
1.440000000000000000e+02 -1.032909999999999995e+00 -1.711128000000000071e+01 0.000000000000000000e+00
1.450000000000000000e+02 -2.645500000000000074e-01 -1.507010999999999967e+01 0.000000000000000000e+00
1.460000000000000000e+02 -9.015300000000000535e-01 -1.137860000000000049e+01 0.000000000000000000e+00
1.470000000000000000e+02 -1.666499999999999926e-01 -9.432809999999999917e+00 0.000000000000000000e+00
1.480000000000000000e+02 -1.540810000000000013e+00 -7.701080000000000148e+00 0.000000000000000000e+00
1.490000000000000000e+02 -7.137900000000000356e-01 -5.800189999999999735e+00 0.000000000000000000e+00
1.500000000000000000e+02 1.207799999999999985e-01 -3.691409999999999858e+00 0.000000000000000000e+00
1.510000000000000000e+02 -1.232809999999999961e+00 -2.077580000000000204e+00 0.000000000000000000e+00
1.520000000000000000e+02 -6.784000000000000030e-01 -9.159000000000000474e-02 0.000000000000000000e+00
1.530000000000000000e+02 1.105199999999999932e-01 1.945910000000000029e+00 0.000000000000000000e+00
1.540000000000000000e+02 8.351199999999999735e-01 3.942349999999999799e+00 0.000000000000000000e+00
1.550000000000000000e+02 -5.263799999999999590e-01 5.493730000000000224e+00 0.000000000000000000e+00
1.560000000000000000e+02 3.114000000000000101e-01 7.534609999999999808e+00 0.000000000000000000e+00
1.570000000000000000e+02 -1.193030000000000035e+00 9.206540000000000390e+00 0.000000000000000000e+00
1.580000000000000000e+02 -3.545499999999999763e-01 1.118647999999999954e+01 0.000000000000000000e+00
1.590000000000000000e+02 3.599800000000000222e-01 1.315931999999999924e+01 0.000000000000000000e+00
1.600000000000000000e+02 1.062370000000000037e+00 1.520950000000000024e+01 0.000000000000000000e+00
1.610000000000000000e+02 4.477800000000000114e-01 1.901416000000000039e+01 0.000000000000000000e+00
1.620000000000000000e+02 5.476799999999999446e-01 -1.874308999999999870e+01 0.000000000000000000e+00
1.630000000000000000e+02 1.239770000000000039e+00 -1.679782000000000153e+01 0.000000000000000000e+00
1.640000000000000000e+02 4.501800000000000246e-01 -1.310105000000000075e+01 0.000000000000000000e+00
1.650000000000000000e+02 1.178670000000000107e+00 -1.110474999999999923e+01 0.000000000000000000e+00
1.660000000000000000e+02 6.230599999999999472e-01 -7.385369999999999990e+00 0.000000000000000000e+00
1.670000000000000000e+02 1.389950000000000019e+00 -5.372099999999999653e+00 0.000000000000000000e+00
1.680000000000000000e+02 2.218389999999999862e+00 -3.314010000000000122e+00 0.000000000000000000e+00
1.690000000000000000e+02 8.044299999999999784e-01 -1.729950000000000099e+00 0.000000000000000000e+00
1.700000000000000000e+02 2.824019999999999975e+00 -1.316650000000000098e+00 0.000000000000000000e+00
1.710000000000000000e+02 1.508750000000000036e+00 2.829699999999999993e-01 0.000000000000000000e+00
1.720000000000000000e+02 2.204369999999999941e+00 2.301280000000000214e+00 0.000000000000000000e+00
1.730000000000000000e+02 3.004210000000000047e+00 4.310319999999999929e+00 0.000000000000000000e+00
1.740000000000000000e+02 1.646239999999999926e+00 5.892030000000000101e+00 0.000000000000000000e+00
1.750000000000000000e+02 2.349330000000000140e+00 7.930250000000000021e+00 0.000000000000000000e+00
1.760000000000000000e+02 1.004580000000000028e+00 9.597849999999999326e+00 0.000000000000000000e+00
1.770000000000000000e+02 1.688669999999999893e+00 1.156550000000000011e+01 0.000000000000000000e+00
1.780000000000000000e+02 2.400430000000000064e+00 1.355738000000000021e+01 0.000000000000000000e+00
1.790000000000000000e+02 2.550349999999999895e+00 1.951748999999999867e+01 0.000000000000000000e+00
1.800000000000000000e+02 3.192810000000000148e+00 -1.858101999999999876e+01 0.000000000000000000e+00
1.810000000000000000e+02 1.766790000000000083e+00 -1.469979999999999976e+01 0.000000000000000000e+00
1.820000000000000000e+02 2.546310000000000073e+00 -1.276992000000000083e+01 0.000000000000000000e+00
1.830000000000000000e+02 3.254109999999999836e+00 -1.081664999999999921e+01 0.000000000000000000e+00
1.840000000000000000e+02 1.936669999999999892e+00 -9.162739999999999441e+00 0.000000000000000000e+00
1.850000000000000000e+02 2.689189999999999969e+00 -7.082169999999999632e+00 0.000000000000000000e+00
1.860000000000000000e+02 3.524719999999999853e+00 -4.986379999999999590e+00 0.000000000000000000e+00
1.870000000000000000e+02 4.309630000000000294e+00 -2.964760000000000062e+00 0.000000000000000000e+00
1.880000000000000000e+02 4.859390000000000320e+00 -9.301800000000000068e-01 0.000000000000000000e+00
1.890000000000000000e+02 3.536970000000000169e+00 6.629500000000000393e-01 0.000000000000000000e+00
1.900000000000000000e+02 4.359580000000000233e+00 2.615499999999999936e+00 0.000000000000000000e+00
1.910000000000000000e+02 5.019090000000000273e+00 4.666269999999999918e+00 0.000000000000000000e+00
1.920000000000000000e+02 3.747250000000000192e+00 6.345010000000000261e+00 0.000000000000000000e+00
1.930000000000000000e+02 4.483380000000000365e+00 8.305379999999999541e+00 0.000000000000000000e+00
1.940000000000000000e+02 3.119369999999999976e+00 9.872260000000000701e+00 0.000000000000000000e+00
1.950000000000000000e+02 3.761400000000000077e+00 1.191009999999999991e+01 0.000000000000000000e+00
1.960000000000000000e+02 3.097329999999999917e+00 1.552355999999999980e+01 0.000000000000000000e+00
1.970000000000000000e+02 1.682719999999999994e+00 1.729203000000000046e+01 0.000000000000000000e+00
1.980000000000000000e+02 3.321320000000000050e+00 -1.635583000000000098e+01 0.000000000000000000e+00
1.990000000000000000e+02 3.848460000000000214e+00 -1.436317000000000021e+01 0.000000000000000000e+00
2.000000000000000000e+02 4.598670000000000258e+00 -1.240244999999999997e+01 0.000000000000000000e+00
2.010000000000000000e+02 5.341910000000000380e+00 -1.033305999999999969e+01 0.000000000000000000e+00
2.020000000000000000e+02 4.014450000000000074e+00 -8.695840000000000458e+00 0.000000000000000000e+00
2.030000000000000000e+02 4.770579999999999821e+00 -6.782479999999999620e+00 0.000000000000000000e+00
2.040000000000000000e+02 5.607490000000000308e+00 -4.827329999999999899e+00 0.000000000000000000e+00
2.050000000000000000e+02 6.369720000000000049e+00 -2.764920000000000044e+00 0.000000000000000000e+00
2.060000000000000000e+02 7.689840000000000231e+00 1.170029999999999903e+00 0.000000000000000000e+00
2.070000000000000000e+02 5.614239999999999675e+00 9.846599999999999797e-01 0.000000000000000000e+00
2.080000000000000000e+02 6.456050000000000288e+00 2.893580000000000041e+00 0.000000000000000000e+00
2.090000000000000000e+02 7.176529999999999632e+00 4.856370000000000076e+00 0.000000000000000000e+00
2.100000000000000000e+02 5.803679999999999950e+00 6.649180000000000312e+00 0.000000000000000000e+00
2.110000000000000000e+02 6.558049999999999713e+00 8.641769999999999285e+00 0.000000000000000000e+00
2.120000000000000000e+02 5.151080000000000325e+00 1.030239000000000082e+01 0.000000000000000000e+00
2.130000000000000000e+02 5.938550000000000217e+00 1.243322000000000038e+01 0.000000000000000000e+00
2.140000000000000000e+02 4.445870000000000211e+00 1.387032999999999916e+01 0.000000000000000000e+00
2.150000000000000000e+02 3.782599999999999962e+00 1.758712999999999838e+01 0.000000000000000000e+00
2.160000000000000000e+02 5.560810000000000031e+00 -1.643695999999999913e+01 0.000000000000000000e+00
2.170000000000000000e+02 5.946110000000000007e+00 -1.436166000000000054e+01 0.000000000000000000e+00
2.180000000000000000e+02 6.643250000000000099e+00 -1.223365000000000080e+01 0.000000000000000000e+00
2.190000000000000000e+02 7.416690000000000005e+00 -1.010735000000000028e+01 0.000000000000000000e+00
2.200000000000000000e+02 6.133099999999999774e+00 -8.426130000000000564e+00 0.000000000000000000e+00
2.210000000000000000e+02 6.874399999999999622e+00 -6.473939999999999806e+00 0.000000000000000000e+00
2.220000000000000000e+02 7.652969999999999828e+00 -4.412440000000000140e+00 0.000000000000000000e+00
2.230000000000000000e+02 8.417590000000000572e+00 -2.480719999999999814e+00 0.000000000000000000e+00
2.240000000000000000e+02 6.919010000000000105e+00 -7.638700000000000490e-01 0.000000000000000000e+00
2.250000000000000000e+02 9.804259999999999309e+00 1.564109999999999889e+00 0.000000000000000000e+00
2.260000000000000000e+02 8.526260000000000616e+00 3.198789999999999800e+00 0.000000000000000000e+00
2.270000000000000000e+02 9.295970000000000510e+00 5.220170000000000421e+00 0.000000000000000000e+00
2.280000000000000000e+02 7.856819999999999915e+00 6.863850000000000229e+00 0.000000000000000000e+00
2.290000000000000000e+02 8.619210000000000704e+00 8.928710000000000591e+00 0.000000000000000000e+00
2.300000000000000000e+02 7.371190000000000353e+00 1.069666999999999923e+01 0.000000000000000000e+00
2.310000000000000000e+02 8.060959999999999681e+00 1.268843999999999994e+01 0.000000000000000000e+00
2.320000000000000000e+02 6.491810000000000080e+00 1.443105000000000082e+01 0.000000000000000000e+00
2.330000000000000000e+02 5.113080000000000069e+00 1.598776999999999937e+01 0.000000000000000000e+00
2.340000000000000000e+02 7.565999999999999837e+00 -1.589559999999999995e+01 0.000000000000000000e+00
2.350000000000000000e+02 8.035709999999999908e+00 -1.377135999999999960e+01 0.000000000000000000e+00
2.360000000000000000e+02 8.773659999999999570e+00 -1.180026999999999937e+01 0.000000000000000000e+00
2.370000000000000000e+02 9.561609999999999943e+00 -9.703219999999999956e+00 0.000000000000000000e+00
2.380000000000000000e+02 8.272569999999999979e+00 -8.085399999999999920e+00 0.000000000000000000e+00
2.390000000000000000e+02 8.982160000000000366e+00 -6.128260000000000041e+00 0.000000000000000000e+00
2.400000000000000000e+02 9.833280000000000243e+00 -4.097879999999999967e+00 0.000000000000000000e+00
2.410000000000000000e+02 1.056164000000000058e+01 -2.163899999999999935e+00 0.000000000000000000e+00
2.420000000000000000e+02 8.978899999999999437e+00 -4.419000000000000150e-01 0.000000000000000000e+00
2.430000000000000000e+02 1.193167000000000044e+01 1.914330000000000087e+00 0.000000000000000000e+00
2.440000000000000000e+02 1.058240999999999943e+01 3.525959999999999983e+00 0.000000000000000000e+00
2.450000000000000000e+02 1.137503000000000064e+01 5.431610000000000049e+00 0.000000000000000000e+00
2.460000000000000000e+02 9.988200000000000855e+00 7.173449999999999882e+00 0.000000000000000000e+00
2.470000000000000000e+02 1.067878999999999934e+01 9.184400000000000119e+00 0.000000000000000000e+00
2.480000000000000000e+02 9.469659999999999300e+00 1.090892999999999979e+01 0.000000000000000000e+00
2.490000000000000000e+02 1.008980000000000032e+01 1.304283999999999999e+01 0.000000000000000000e+00
2.500000000000000000e+02 8.654999999999999361e+00 1.469110000000000049e+01 0.000000000000000000e+00
2.510000000000000000e+02 7.283789999999999765e+00 1.635887999999999920e+01 0.000000000000000000e+00
2.520000000000000000e+02 9.695280000000000342e+00 -1.550315999999999939e+01 0.000000000000000000e+00
2.530000000000000000e+02 1.017028999999999961e+01 -1.344872999999999941e+01 0.000000000000000000e+00
2.540000000000000000e+02 1.085078000000000031e+01 -1.145978999999999992e+01 0.000000000000000000e+00
2.550000000000000000e+02 1.168885000000000041e+01 -9.417899999999999494e+00 0.000000000000000000e+00
2.560000000000000000e+02 1.034482999999999997e+01 -7.775590000000000224e+00 0.000000000000000000e+00
2.570000000000000000e+02 1.103063000000000038e+01 -5.824049999999999727e+00 0.000000000000000000e+00
2.580000000000000000e+02 1.187994999999999912e+01 -3.789769999999999861e+00 0.000000000000000000e+00
2.590000000000000000e+02 1.266135000000000055e+01 -1.800049999999999928e+00 0.000000000000000000e+00
2.600000000000000000e+02 1.118665000000000020e+01 -1.678099999999999870e-01 0.000000000000000000e+00
2.610000000000000000e+02 1.421146000000000065e+01 2.098310000000000120e+00 0.000000000000000000e+00
2.620000000000000000e+02 1.282750000000000057e+01 3.900199999999999889e+00 0.000000000000000000e+00
2.630000000000000000e+02 1.343891999999999953e+01 5.894809999999999661e+00 0.000000000000000000e+00
2.640000000000000000e+02 1.207072999999999929e+01 7.433959999999999901e+00 0.000000000000000000e+00
2.650000000000000000e+02 1.284786000000000072e+01 9.405870000000000175e+00 0.000000000000000000e+00
2.660000000000000000e+02 1.151680999999999955e+01 1.112804000000000038e+01 0.000000000000000000e+00
2.670000000000000000e+02 1.226638999999999946e+01 1.305974999999999930e+01 0.000000000000000000e+00
2.680000000000000000e+02 1.085239999999999938e+01 1.500248999999999988e+01 0.000000000000000000e+00
2.690000000000000000e+02 9.487849999999999895e+00 1.685337000000000174e+01 0.000000000000000000e+00
2.700000000000000000e+02 1.174155999999999977e+01 -1.521144999999999925e+01 0.000000000000000000e+00
2.710000000000000000e+02 1.221099000000000068e+01 -1.312456000000000067e+01 0.000000000000000000e+00
2.720000000000000000e+02 1.295243999999999929e+01 -1.116371000000000002e+01 0.000000000000000000e+00
2.730000000000000000e+02 1.379457000000000022e+01 -9.109199999999999520e+00 0.000000000000000000e+00
2.740000000000000000e+02 1.237288000000000032e+01 -7.465180000000000149e+00 0.000000000000000000e+00
2.750000000000000000e+02 1.310355999999999987e+01 -5.529029999999999667e+00 0.000000000000000000e+00
2.760000000000000000e+02 1.520767999999999986e+01 -5.161909999999999776e+00 0.000000000000000000e+00
2.770000000000000000e+02 1.397052000000000049e+01 -3.495550000000000157e+00 0.000000000000000000e+00
2.780000000000000000e+02 1.334193999999999924e+01 2.376999999999999946e-01 0.000000000000000000e+00
2.790000000000000000e+02 1.550737999999999950e+01 4.705199999999999938e-01 0.000000000000000000e+00
2.800000000000000000e+02 1.485931000000000068e+01 4.322359999999999758e+00 0.000000000000000000e+00
2.810000000000000000e+02 1.688269999999999982e+01 5.248669999999999725e+00 0.000000000000000000e+00
2.820000000000000000e+02 1.644016999999999840e+01 7.329049999999999621e+00 0.000000000000000000e+00
2.830000000000000000e+02 1.443185000000000073e+01 7.797939999999999650e+00 0.000000000000000000e+00
2.840000000000000000e+02 1.363288000000000011e+01 1.147888000000000019e+01 0.000000000000000000e+00
2.850000000000000000e+02 1.498858000000000068e+01 9.791159999999999641e+00 0.000000000000000000e+00
2.860000000000000000e+02 1.436528999999999989e+01 1.340610000000000035e+01 0.000000000000000000e+00
2.870000000000000000e+02 1.292301999999999929e+01 1.510557999999999979e+01 0.000000000000000000e+00
2.880000000000000000e+02 1.402905999999999942e+01 -1.455545000000000044e+01 0.000000000000000000e+00
2.890000000000000000e+02 1.460388000000000019e+01 -1.256085999999999991e+01 0.000000000000000000e+00
2.900000000000000000e+02 1.550946000000000069e+01 -1.059442999999999913e+01 0.000000000000000000e+00
2.910000000000000000e+02 1.621752000000000038e+01 -8.618819999999999482e+00 0.000000000000000000e+00
2.920000000000000000e+02 1.467594000000000065e+01 -7.188439999999999941e+00 0.000000000000000000e+00
2.930000000000000000e+02 1.701923000000000030e+01 -6.216520000000000046e+00 0.000000000000000000e+00
2.940000000000000000e+02 1.799097000000000079e+01 -4.258829999999999671e+00 0.000000000000000000e+00
2.950000000000000000e+02 1.616338000000000008e+01 -3.281050000000000022e+00 0.000000000000000000e+00
2.960000000000000000e+02 1.477638999999999925e+01 -1.574359999999999982e+00 0.000000000000000000e+00
2.970000000000000000e+02 1.691931999999999903e+01 -1.148430000000000062e+00 0.000000000000000000e+00
2.980000000000000000e+02 1.764817999999999998e+01 8.206999999999999851e-01 0.000000000000000000e+00
2.990000000000000000e+02 1.635157999999999845e+01 2.616359999999999797e+00 0.000000000000000000e+00
