0.000000000000000000e+00 -1.253509000000000029e+01 -1.529392999999999958e+01 0.000000000000000000e+00
1.000000000000000000e+00 -1.382807999999999993e+01 -1.337681000000000076e+01 0.000000000000000000e+00
2.000000000000000000e+00 -1.479634000000000071e+01 -1.151312000000000069e+01 0.000000000000000000e+00
3.000000000000000000e+00 -1.569683999999999990e+01 -9.539490000000000691e+00 0.000000000000000000e+00
4.000000000000000000e+00 -1.662183999999999884e+01 -7.567129999999999690e+00 0.000000000000000000e+00
5.000000000000000000e+00 -1.755893000000000015e+01 -5.645229999999999748e+00 0.000000000000000000e+00
6.000000000000000000e+00 -1.647598999999999947e+01 -3.661329999999999973e+00 0.000000000000000000e+00
7.000000000000000000e+00 -1.864150000000000063e+01 -3.437980000000000036e+00 0.000000000000000000e+00
8.000000000000000000e+00 -1.917577999999999960e+01 -4.138600000000000056e-01 0.000000000000000000e+00
9.000000000000000000e+00 -1.863066999999999851e+01 1.915129999999999999e+00 0.000000000000000000e+00
1.000000000000000000e+01 -1.668866999999999834e+01 2.720320000000000071e+00 0.000000000000000000e+00
1.100000000000000000e+01 -1.814918000000000120e+01 4.324779999999999625e+00 0.000000000000000000e+00
1.200000000000000000e+01 -1.532447999999999944e+01 6.924549999999999983e+00 0.000000000000000000e+00
1.300000000000000000e+01 -1.749334999999999951e+01 6.638139999999999930e+00 0.000000000000000000e+00
1.400000000000000000e+01 -1.686531000000000091e+01 8.806630000000000180e+00 0.000000000000000000e+00
1.500000000000000000e+01 -1.613926000000000016e+01 1.086035000000000039e+01 0.000000000000000000e+00
1.600000000000000000e+01 -1.572475000000000023e+01 1.291630999999999929e+01 0.000000000000000000e+00
1.700000000000000000e+01 -1.483351000000000042e+01 1.493131999999999948e+01 0.000000000000000000e+00
1.800000000000000000e+01 -1.147575999999999929e+01 -1.707655000000000101e+01 0.000000000000000000e+00
1.900000000000000000e+01 -1.164075000000000060e+01 -1.342125000000000057e+01 0.000000000000000000e+00
2.000000000000000000e+01 -1.263241999999999976e+01 -1.158257000000000048e+01 0.000000000000000000e+00
2.100000000000000000e+01 -1.358732000000000006e+01 -9.646430000000000504e+00 0.000000000000000000e+00
2.200000000000000000e+01 -1.441923000000000066e+01 -7.610560000000000436e+00 0.000000000000000000e+00
2.300000000000000000e+01 -1.547200999999999915e+01 -5.616830000000000211e+00 0.000000000000000000e+00
2.400000000000000000e+01 -1.429617000000000004e+01 -3.888879999999999892e+00 0.000000000000000000e+00
2.500000000000000000e+01 -1.517118999999999929e+01 -1.895929999999999893e+00 0.000000000000000000e+00
2.600000000000000000e+01 -1.733846000000000132e+01 -1.770049999999999901e+00 0.000000000000000000e+00
2.700000000000000000e+01 -1.718102000000000018e+01 3.806700000000000084e-01 0.000000000000000000e+00
2.800000000000000000e+01 -1.467123999999999917e+01 3.316600000000000215e+00 0.000000000000000000e+00
2.900000000000000000e+01 -1.597996000000000016e+01 4.910999999999999588e+00 0.000000000000000000e+00
3.000000000000000000e+01 -1.392073000000000071e+01 5.408859999999999779e+00 0.000000000000000000e+00
3.100000000000000000e+01 -1.334347999999999956e+01 7.522479999999999833e+00 0.000000000000000000e+00
3.200000000000000000e+01 -1.470611000000000068e+01 9.105570000000000164e+00 0.000000000000000000e+00
3.300000000000000000e+01 -1.396775000000000055e+01 1.103330000000000055e+01 0.000000000000000000e+00
3.400000000000000000e+01 -1.339825000000000088e+01 1.303658000000000072e+01 0.000000000000000000e+00
3.500000000000000000e+01 -1.266192000000000029e+01 1.509477000000000046e+01 0.000000000000000000e+00
3.600000000000000000e+01 -9.221690000000000609e+00 -1.706006000000000000e+01 0.000000000000000000e+00
3.700000000000000000e+01 -1.033746999999999971e+01 -1.532540000000000013e+01 0.000000000000000000e+00
3.800000000000000000e+01 -1.049680000000000035e+01 -1.166033000000000008e+01 0.000000000000000000e+00
3.900000000000000000e+01 -1.149562000000000062e+01 -9.749510000000000787e+00 0.000000000000000000e+00
4.000000000000000000e+01 -1.234815000000000040e+01 -7.668829999999999814e+00 0.000000000000000000e+00
4.100000000000000000e+01 -1.331685000000000052e+01 -5.811639999999999695e+00 0.000000000000000000e+00
4.200000000000000000e+01 -1.209737999999999936e+01 -4.054780000000000051e+00 0.000000000000000000e+00
4.300000000000000000e+01 -1.269420999999999999e+01 -2.030499999999999972e+00 0.000000000000000000e+00
4.400000000000000000e+01 -1.381760000000000055e+01 -2.621600000000000041e-01 0.000000000000000000e+00
4.500000000000000000e+01 -1.519697999999999993e+01 1.258829999999999893e+00 0.000000000000000000e+00
4.600000000000000000e+01 -1.313565999999999967e+01 1.706180000000000030e+00 0.000000000000000000e+00
4.700000000000000000e+01 -1.253046999999999933e+01 3.747100000000000097e+00 0.000000000000000000e+00
4.800000000000000000e+01 -1.184234000000000009e+01 5.698050000000000281e+00 0.000000000000000000e+00
4.900000000000000000e+01 -1.118754999999999988e+01 7.682610000000000383e+00 0.000000000000000000e+00
5.000000000000000000e+01 -1.243573999999999913e+01 9.398559999999999803e+00 0.000000000000000000e+00
5.100000000000000000e+01 -1.193773000000000017e+01 1.148684000000000083e+01 0.000000000000000000e+00
5.200000000000000000e+01 -1.123995000000000033e+01 1.349376999999999960e+01 0.000000000000000000e+00
5.300000000000000000e+01 -1.054862999999999928e+01 1.553781999999999996e+01 0.000000000000000000e+00
5.400000000000000000e+01 -7.132349999999999746e+00 -1.724296000000000006e+01 0.000000000000000000e+00
5.500000000000000000e+01 -8.247170000000000556e+00 -1.516981999999999964e+01 0.000000000000000000e+00
5.600000000000000000e+01 -9.448529999999999873e+00 -1.347134999999999927e+01 0.000000000000000000e+00
5.700000000000000000e+01 -9.347289999999999210e+00 -9.882179999999999964e+00 0.000000000000000000e+00
5.800000000000000000e+01 -1.026573999999999920e+01 -7.990789999999999615e+00 0.000000000000000000e+00
5.900000000000000000e+01 -1.117769999999999975e+01 -5.904849999999999710e+00 0.000000000000000000e+00
6.000000000000000000e+01 -9.119529999999999248e+00 -6.248639999999999972e+00 0.000000000000000000e+00
6.100000000000000000e+01 -9.950960000000000250e+00 -3.682490000000000041e+00 0.000000000000000000e+00
6.200000000000000000e+01 -1.061012999999999984e+01 -1.675170000000000048e+00 0.000000000000000000e+00
6.300000000000000000e+01 -1.176844000000000001e+01 1.088299999999999962e-01 0.000000000000000000e+00
6.400000000000000000e+01 -1.108460000000000001e+01 2.048490000000000144e+00 0.000000000000000000e+00
6.500000000000000000e+01 -1.047306000000000026e+01 4.096870000000000012e+00 0.000000000000000000e+00
6.600000000000000000e+01 -9.819110000000000227e+00 6.053429999999999644e+00 0.000000000000000000e+00
6.700000000000000000e+01 -9.118529999999999802e+00 8.241659999999999542e+00 0.000000000000000000e+00
6.800000000000000000e+01 -1.039137999999999984e+01 9.863590000000000302e+00 0.000000000000000000e+00
6.900000000000000000e+01 -9.885949999999999349e+00 1.191178999999999988e+01 0.000000000000000000e+00
7.000000000000000000e+01 -9.189299999999999358e+00 1.396122000000000085e+01 0.000000000000000000e+00
7.100000000000000000e+01 -8.498939999999999273e+00 1.595977000000000068e+01 0.000000000000000000e+00
7.200000000000000000e+01 -4.783669999999999867e+00 -1.717475999999999914e+01 0.000000000000000000e+00
7.300000000000000000e+01 -6.110240000000000116e+00 -1.540164000000000044e+01 0.000000000000000000e+00
7.400000000000000000e+01 -7.017549999999999955e+00 -1.350796000000000063e+01 0.000000000000000000e+00
7.500000000000000000e+01 -8.183020000000000849e+00 -1.164173000000000080e+01 0.000000000000000000e+00
7.600000000000000000e+01 -8.088969999999999771e+00 -8.088369999999999393e+00 0.000000000000000000e+00
7.700000000000000000e+01 -6.948050000000000281e+00 -6.248000000000000220e+00 0.000000000000000000e+00
7.800000000000000000e+01 -8.023350000000000648e+00 -4.452049999999999841e+00 0.000000000000000000e+00
7.900000000000000000e+01 -8.545080000000000453e+00 -1.238939999999999930e+00 0.000000000000000000e+00
8.000000000000000000e+01 -9.728120000000000545e+00 4.532700000000000062e-01 0.000000000000000000e+00
8.100000000000000000e+01 -7.661059999999999981e+00 6.849100000000000188e-01 0.000000000000000000e+00
8.200000000000000000e+01 -8.999909999999999854e+00 2.374979999999999869e+00 0.000000000000000000e+00
8.300000000000000000e+01 -8.427360000000000184e+00 4.361200000000000188e+00 0.000000000000000000e+00
8.400000000000000000e+01 -7.790049999999999919e+00 6.492370000000000196e+00 0.000000000000000000e+00
8.500000000000000000e+01 -7.082600000000000229e+00 8.518090000000000828e+00 0.000000000000000000e+00
8.600000000000000000e+01 -8.322480000000000544e+00 1.024113999999999969e+01 0.000000000000000000e+00
8.700000000000000000e+01 -7.716870000000000118e+00 1.248188000000000031e+01 0.000000000000000000e+00
8.800000000000000000e+01 -6.921719999999999651e+00 1.451096000000000075e+01 0.000000000000000000e+00
8.900000000000000000e+01 -5.096110000000000362e+00 1.850447000000000131e+01 0.000000000000000000e+00
9.000000000000000000e+01 -4.199860000000000149e+00 -1.916385000000000005e+01 0.000000000000000000e+00
9.100000000000000000e+01 -3.703500000000000014e+00 -1.535610999999999926e+01 0.000000000000000000e+00
9.200000000000000000e+01 -4.740750000000000242e+00 -1.350224000000000046e+01 0.000000000000000000e+00
9.300000000000000000e+01 -5.916039999999999743e+00 -1.169181000000000026e+01 0.000000000000000000e+00
9.400000000000000000e+01 -7.016079999999999650e+00 -9.928179999999999339e+00 0.000000000000000000e+00
9.500000000000000000e+01 -6.017019999999999591e+00 -8.128019999999999357e+00 0.000000000000000000e+00
9.600000000000000000e+01 -5.956159999999999677e+00 -4.414520000000000444e+00 0.000000000000000000e+00
9.700000000000000000e+01 -7.000029999999999752e+00 -2.623530000000000140e+00 0.000000000000000000e+00
9.800000000000000000e+01 -6.083520000000000039e+00 -7.339499999999999913e-01 0.000000000000000000e+00
9.900000000000000000e+01 -4.896639999999999660e+00 3.376869999999999816e+00 0.000000000000000000e+00
1.000000000000000000e+02 -6.965959999999999930e+00 2.846350000000000158e+00 0.000000000000000000e+00
1.010000000000000000e+02 -6.389260000000000161e+00 4.865310000000000024e+00 0.000000000000000000e+00
1.020000000000000000e+02 -5.709380000000000344e+00 6.984169999999999767e+00 0.000000000000000000e+00
1.030000000000000000e+02 -5.105870000000000353e+00 9.136139999999999262e+00 0.000000000000000000e+00
1.040000000000000000e+02 -6.282580000000000275e+00 1.100643999999999956e+01 0.000000000000000000e+00
1.050000000000000000e+02 -5.524339999999999584e+00 1.295068000000000019e+01 0.000000000000000000e+00
1.060000000000000000e+02 -6.101989999999999803e+00 1.650507999999999953e+01 0.000000000000000000e+00
1.070000000000000000e+02 -3.066159999999999997e+00 1.912402000000000157e+01 0.000000000000000000e+00
1.080000000000000000e+02 -2.584870000000000001e+00 -1.741807999999999979e+01 0.000000000000000000e+00
1.090000000000000000e+02 -1.623550000000000049e+00 -1.556220000000000070e+01 0.000000000000000000e+00
1.100000000000000000e+02 -2.651860000000000106e+00 -1.349435000000000073e+01 0.000000000000000000e+00
1.110000000000000000e+02 -3.746500000000000163e+00 -1.170858999999999916e+01 0.000000000000000000e+00
1.120000000000000000e+02 -4.923569999999999780e+00 -9.891090000000000160e+00 0.000000000000000000e+00
1.130000000000000000e+02 -3.743749999999999911e+00 -8.131180000000000518e+00 0.000000000000000000e+00
1.140000000000000000e+02 -4.873269999999999769e+00 -6.322960000000000136e+00 0.000000000000000000e+00
1.150000000000000000e+02 -3.879820000000000046e+00 -4.453590000000000160e+00 0.000000000000000000e+00
1.160000000000000000e+02 -4.940640000000000143e+00 -2.554260000000000197e+00 0.000000000000000000e+00
1.170000000000000000e+02 -5.519549999999999734e+00 1.339960000000000040e+00 0.000000000000000000e+00
1.180000000000000000e+02 -2.732580000000000009e+00 3.261480000000000157e+00 0.000000000000000000e+00
1.190000000000000000e+02 -4.287689999999999557e+00 5.417720000000000091e+00 0.000000000000000000e+00
1.200000000000000000e+02 -3.727329999999999810e+00 7.547749999999999737e+00 0.000000000000000000e+00
1.210000000000000000e+02 -2.983940000000000037e+00 9.491250000000000853e+00 0.000000000000000000e+00
1.220000000000000000e+02 -4.159010000000000318e+00 1.131742000000000026e+01 0.000000000000000000e+00
1.230000000000000000e+02 -3.292209999999999859e+00 1.319933999999999941e+01 0.000000000000000000e+00
1.240000000000000000e+02 -4.658800000000000274e+00 1.485652999999999935e+01 0.000000000000000000e+00
1.250000000000000000e+02 -3.953120000000000189e+00 1.679563999999999879e+01 0.000000000000000000e+00
1.260000000000000000e+02 -1.367899999999999894e+00 -1.909428000000000125e+01 0.000000000000000000e+00
1.270000000000000000e+02 -3.782800000000000051e-01 -1.720279000000000025e+01 0.000000000000000000e+00
1.280000000000000000e+02 -5.545299999999999674e-01 -1.353114000000000061e+01 0.000000000000000000e+00
1.290000000000000000e+02 -1.603029999999999955e+00 -1.170578000000000074e+01 0.000000000000000000e+00
1.300000000000000000e+02 -2.624179999999999957e+00 -9.903950000000000031e+00 0.000000000000000000e+00
1.310000000000000000e+02 -2.764769999999999950e+00 -6.267529999999999824e+00 0.000000000000000000e+00
1.320000000000000000e+02 -1.792659999999999920e+00 -4.456260000000000332e+00 0.000000000000000000e+00
1.330000000000000000e+02 -2.866019999999999790e+00 -2.599680000000000213e+00 0.000000000000000000e+00
1.340000000000000000e+02 -1.773709999999999898e+00 -7.977800000000000447e-01 0.000000000000000000e+00
1.350000000000000000e+02 -3.938740000000000130e+00 -7.321999999999999620e-01 0.000000000000000000e+00
1.360000000000000000e+02 -3.460500000000000131e+00 1.319269999999999943e+00 0.000000000000000000e+00
1.370000000000000000e+02 -1.020189999999999930e+00 4.414069999999999716e+00 0.000000000000000000e+00
1.380000000000000000e+02 -2.317190000000000083e+00 6.045250000000000234e+00 0.000000000000000000e+00
1.390000000000000000e+02 -1.495840000000000058e+00 7.949320000000000164e+00 0.000000000000000000e+00
1.400000000000000000e+02 -2.058069999999999844e+00 1.152537000000000056e+01 0.000000000000000000e+00
1.410000000000000000e+02 -1.185799999999999965e+00 1.348366000000000042e+01 0.000000000000000000e+00
1.420000000000000000e+02 -2.582829999999999959e+00 1.519313999999999965e+01 0.000000000000000000e+00
1.430000000000000000e+02 -1.869820000000000038e+00 1.720524999999999949e+01 0.000000000000000000e+00
1.440000000000000000e+02 1.943419999999999925e+00 -1.749498000000000175e+01 0.000000000000000000e+00
1.450000000000000000e+02 6.157700000000000395e-01 -1.539469000000000065e+01 0.000000000000000000e+00
1.460000000000000000e+02 4.817699999999999760e-01 -1.170144999999999946e+01 0.000000000000000000e+00
1.470000000000000000e+02 -5.393799999999999706e-01 -9.868180000000000618e+00 0.000000000000000000e+00
1.480000000000000000e+02 -1.636160000000000059e+00 -8.069269999999999499e+00 0.000000000000000000e+00
1.490000000000000000e+02 4.295900000000000274e-01 -7.990890000000000271e+00 0.000000000000000000e+00
1.500000000000000000e+02 -6.922099999999999920e-01 -6.253379999999999939e+00 0.000000000000000000e+00
1.510000000000000000e+02 -7.306500000000000217e-01 -2.583140000000000214e+00 0.000000000000000000e+00
1.520000000000000000e+02 3.029399999999999871e-01 -7.974499999999999922e-01 0.000000000000000000e+00
1.530000000000000000e+02 -1.384579999999999922e+00 1.236269999999999980e+00 0.000000000000000000e+00
1.540000000000000000e+02 1.087400000000000033e-01 2.676839999999999886e+00 0.000000000000000000e+00
1.550000000000000000e+02 1.032469999999999999e+00 4.652219999999999800e+00 0.000000000000000000e+00
1.560000000000000000e+02 -1.894699999999999995e-01 6.312000000000000277e+00 0.000000000000000000e+00
1.570000000000000000e+02 -7.647199999999999553e-01 9.914490000000000691e+00 0.000000000000000000e+00
1.580000000000000000e+02 3.923999999999999710e-02 1.181897000000000020e+01 0.000000000000000000e+00
1.590000000000000000e+02 8.701499999999999790e-01 1.387697000000000003e+01 0.000000000000000000e+00
1.600000000000000000e+02 -4.818100000000000160e-01 1.544176000000000037e+01 0.000000000000000000e+00
1.610000000000000000e+02 4.799800000000000177e-01 1.740983999999999909e+01 0.000000000000000000e+00
1.620000000000000000e+02 2.452220000000000066e+00 -1.957219999999999871e+01 0.000000000000000000e+00
1.630000000000000000e+02 2.837200000000000166e+00 -1.545918999999999954e+01 0.000000000000000000e+00
1.640000000000000000e+02 1.600980000000000070e+00 -1.351018000000000008e+01 0.000000000000000000e+00
1.650000000000000000e+02 2.676200000000000134e+00 -1.170242000000000004e+01 0.000000000000000000e+00
1.660000000000000000e+02 1.564419999999999922e+00 -9.798120000000000829e+00 0.000000000000000000e+00
1.670000000000000000e+02 1.483079999999999954e+00 -6.176529999999999632e+00 0.000000000000000000e+00
1.680000000000000000e+02 3.551799999999999957e-01 -4.374880000000000102e+00 0.000000000000000000e+00
1.690000000000000000e+02 1.371220000000000105e+00 -2.571439999999999948e+00 0.000000000000000000e+00
1.700000000000000000e+02 2.392349999999999977e+00 -7.681099999999999595e-01 0.000000000000000000e+00
1.710000000000000000e+02 1.322119999999999962e+00 1.003270000000000106e+00 0.000000000000000000e+00
1.720000000000000000e+02 2.225630000000000219e+00 2.886579999999999924e+00 0.000000000000000000e+00
1.730000000000000000e+02 3.140649999999999942e+00 4.836140000000000327e+00 0.000000000000000000e+00
1.740000000000000000e+02 1.879610000000000003e+00 6.620540000000000092e+00 0.000000000000000000e+00
1.750000000000000000e+02 6.014399999999999746e-01 8.242300000000000182e+00 0.000000000000000000e+00
1.760000000000000000e+02 1.342989999999999906e+00 1.019356999999999935e+01 0.000000000000000000e+00
1.770000000000000000e+02 2.119990000000000041e+00 1.216769999999999996e+01 0.000000000000000000e+00
1.780000000000000000e+02 1.806429999999999980e+00 1.576746999999999943e+01 0.000000000000000000e+00
1.790000000000000000e+02 1.361189999999999900e+00 1.935792999999999964e+01 0.000000000000000000e+00
1.800000000000000000e+02 4.072589999999999932e+00 -1.732504000000000133e+01 0.000000000000000000e+00
1.810000000000000000e+02 3.808769999999999989e+00 -1.350146999999999942e+01 0.000000000000000000e+00
1.820000000000000000e+02 4.870000000000000107e+00 -1.160929999999999929e+01 0.000000000000000000e+00
1.830000000000000000e+02 3.721719999999999917e+00 -9.810090000000000643e+00 0.000000000000000000e+00
1.840000000000000000e+02 2.618370000000000086e+00 -7.994469999999999743e+00 0.000000000000000000e+00
1.850000000000000000e+02 3.595559999999999867e+00 -6.110260000000000247e+00 0.000000000000000000e+00
1.860000000000000000e+02 2.495690000000000186e+00 -4.313570000000000348e+00 0.000000000000000000e+00
1.870000000000000000e+02 3.587149999999999839e+00 -2.472579999999999778e+00 0.000000000000000000e+00
1.880000000000000000e+02 4.490739999999999732e+00 -5.587800000000000544e-01 0.000000000000000000e+00
1.890000000000000000e+02 3.465230000000000032e+00 1.236790000000000056e+00 0.000000000000000000e+00
1.900000000000000000e+02 4.319490000000000052e+00 3.118900000000000006e+00 0.000000000000000000e+00
1.910000000000000000e+02 5.284519999999999662e+00 4.942359999999999864e+00 0.000000000000000000e+00
1.920000000000000000e+02 3.961920000000000108e+00 6.758399999999999963e+00 0.000000000000000000e+00
1.930000000000000000e+02 2.675409999999999844e+00 8.538909999999999556e+00 0.000000000000000000e+00
1.940000000000000000e+02 3.595050000000000079e+00 1.039118999999999993e+01 0.000000000000000000e+00
1.950000000000000000e+02 4.330239999999999867e+00 1.232103999999999999e+01 0.000000000000000000e+00
1.960000000000000000e+02 3.042339999999999822e+00 1.401877999999999957e+01 0.000000000000000000e+00
1.970000000000000000e+02 3.858420000000000183e+00 1.599485999999999919e+01 0.000000000000000000e+00
1.980000000000000000e+02 5.094899999999999984e+00 -1.530996999999999986e+01 0.000000000000000000e+00
1.990000000000000000e+02 6.037939999999999863e+00 -1.336308000000000007e+01 0.000000000000000000e+00
2.000000000000000000e+02 5.845080000000000275e+00 -9.764570000000000860e+00 0.000000000000000000e+00
2.010000000000000000e+02 4.722559999999999647e+00 -7.954310000000000436e+00 0.000000000000000000e+00
2.020000000000000000e+02 5.658479999999999954e+00 -6.070140000000000313e+00 0.000000000000000000e+00
2.030000000000000000e+02 6.766269999999999563e+00 -4.229400000000000048e+00 0.000000000000000000e+00
2.040000000000000000e+02 4.683889999999999887e+00 -4.235649999999999693e+00 0.000000000000000000e+00
2.050000000000000000e+02 5.683849999999999625e+00 -2.398940000000000072e+00 0.000000000000000000e+00
2.060000000000000000e+02 6.596809999999999619e+00 -5.215999999999999526e-01 0.000000000000000000e+00
2.070000000000000000e+02 7.551440000000000374e+00 1.402640000000000109e+00 0.000000000000000000e+00
2.080000000000000000e+02 6.403050000000000352e+00 3.140260000000000051e+00 0.000000000000000000e+00
2.090000000000000000e+02 7.356300000000000061e+00 5.073669999999999902e+00 0.000000000000000000e+00
2.100000000000000000e+02 6.016790000000000305e+00 6.974300000000000388e+00 0.000000000000000000e+00
2.110000000000000000e+02 4.844590000000000174e+00 8.708600000000000563e+00 0.000000000000000000e+00
2.120000000000000000e+02 5.660040000000000404e+00 1.069308000000000014e+01 0.000000000000000000e+00
2.130000000000000000e+02 6.511149999999999771e+00 1.265914000000000073e+01 0.000000000000000000e+00
2.140000000000000000e+02 5.136199999999999655e+00 1.434470999999999918e+01 0.000000000000000000e+00
2.150000000000000000e+02 2.832009999999999916e+00 1.780461999999999989e+01 0.000000000000000000e+00
2.160000000000000000e+02 6.128730000000000011e+00 -1.711457000000000050e+01 0.000000000000000000e+00
2.170000000000000000e+02 7.201260000000000439e+00 -1.535431999999999952e+01 0.000000000000000000e+00
2.180000000000000000e+02 6.944930000000000270e+00 -1.151806000000000019e+01 0.000000000000000000e+00
2.190000000000000000e+02 8.033509999999999707e+00 -9.655450000000000088e+00 0.000000000000000000e+00
2.200000000000000000e+02 6.806750000000000078e+00 -7.906810000000000116e+00 0.000000000000000000e+00
2.210000000000000000e+02 7.893099999999999561e+00 -5.985339999999999883e+00 0.000000000000000000e+00
2.220000000000000000e+02 8.815899999999999181e+00 -4.138779999999999681e+00 0.000000000000000000e+00
2.230000000000000000e+02 7.776510000000000034e+00 -2.355100000000000193e+00 0.000000000000000000e+00
2.240000000000000000e+02 8.705420000000000158e+00 -4.980299999999999727e-01 0.000000000000000000e+00
2.250000000000000000e+02 9.691309999999999647e+00 1.373459999999999903e+00 0.000000000000000000e+00
2.260000000000000000e+02 8.559630000000000294e+00 3.337499999999999911e+00 0.000000000000000000e+00
2.270000000000000000e+02 9.442980000000000373e+00 5.273859999999999992e+00 0.000000000000000000e+00
2.280000000000000000e+02 8.159060000000000201e+00 7.004870000000000374e+00 0.000000000000000000e+00
2.290000000000000000e+02 6.892479999999999940e+00 8.934509999999999508e+00 0.000000000000000000e+00
2.300000000000000000e+02 7.720869999999999678e+00 1.083431999999999995e+01 0.000000000000000000e+00
2.310000000000000000e+02 8.584740000000000038e+00 1.290948000000000029e+01 0.000000000000000000e+00
2.320000000000000000e+02 7.385799999999999699e+00 1.461312999999999995e+01 0.000000000000000000e+00
2.330000000000000000e+02 5.897739999999999760e+00 1.627227999999999852e+01 0.000000000000000000e+00
2.340000000000000000e+02 8.870530000000000470e+00 -1.750675999999999988e+01 0.000000000000000000e+00
2.350000000000000000e+02 8.142630000000000479e+00 -1.339701999999999948e+01 0.000000000000000000e+00
2.360000000000000000e+02 9.107359999999999900e+00 -1.156331999999999915e+01 0.000000000000000000e+00
2.370000000000000000e+02 1.015114999999999945e+01 -9.499990000000000379e+00 0.000000000000000000e+00
2.380000000000000000e+02 8.971940000000000026e+00 -7.745040000000000369e+00 0.000000000000000000e+00
2.390000000000000000e+02 1.007605000000000040e+01 -5.899989999999999846e+00 0.000000000000000000e+00
2.400000000000000000e+02 1.109861000000000075e+01 -4.051050000000000040e+00 0.000000000000000000e+00
2.410000000000000000e+02 9.927519999999999456e+00 -2.262970000000000148e+00 0.000000000000000000e+00
2.420000000000000000e+02 1.089911999999999992e+01 -3.779899999999999927e-01 0.000000000000000000e+00
2.430000000000000000e+02 1.178750999999999927e+01 1.544089999999999963e+00 0.000000000000000000e+00
2.440000000000000000e+02 1.067491000000000057e+01 3.303240000000000176e+00 0.000000000000000000e+00
2.450000000000000000e+02 1.152871000000000024e+01 5.430830000000000268e+00 0.000000000000000000e+00
2.460000000000000000e+02 1.027056999999999931e+01 7.225270000000000081e+00 0.000000000000000000e+00
2.470000000000000000e+02 8.953400000000000247e+00 8.989319999999999311e+00 0.000000000000000000e+00
2.480000000000000000e+02 9.799160000000000537e+00 1.095592000000000077e+01 0.000000000000000000e+00
2.490000000000000000e+02 1.085388999999999982e+01 1.276117999999999952e+01 0.000000000000000000e+00
2.500000000000000000e+02 9.445520000000000138e+00 1.497865000000000002e+01 0.000000000000000000e+00
2.510000000000000000e+02 7.904659999999999798e+00 1.681093999999999866e+01 0.000000000000000000e+00
2.520000000000000000e+02 9.417820000000000746e+00 -1.546676000000000073e+01 0.000000000000000000e+00
2.530000000000000000e+02 1.022822999999999993e+01 -1.348423999999999978e+01 0.000000000000000000e+00
2.540000000000000000e+02 1.120138000000000034e+01 -1.139425999999999917e+01 0.000000000000000000e+00
2.550000000000000000e+02 1.225726000000000049e+01 -9.550910000000000011e+00 0.000000000000000000e+00
2.560000000000000000e+02 1.121565999999999974e+01 -7.685489999999999711e+00 0.000000000000000000e+00
2.570000000000000000e+02 1.234365000000000023e+01 -5.873809999999999754e+00 0.000000000000000000e+00
2.580000000000000000e+02 1.316517999999999944e+01 -3.961869999999999781e+00 0.000000000000000000e+00
2.590000000000000000e+02 1.201582999999999934e+01 -2.124490000000000212e+00 0.000000000000000000e+00
2.600000000000000000e+02 1.295815999999999946e+01 -2.419800000000000006e-01 0.000000000000000000e+00
2.610000000000000000e+02 1.387457999999999991e+01 1.632290000000000019e+00 0.000000000000000000e+00
2.620000000000000000e+02 1.276301999999999914e+01 3.377679999999999794e+00 0.000000000000000000e+00
2.630000000000000000e+02 1.360463999999999984e+01 5.283079999999999998e+00 0.000000000000000000e+00
2.640000000000000000e+02 1.241538000000000075e+01 7.341849999999999987e+00 0.000000000000000000e+00
2.650000000000000000e+02 1.110713999999999935e+01 9.156159999999999854e+00 0.000000000000000000e+00
2.660000000000000000e+02 1.229078999999999944e+01 1.097526000000000046e+01 0.000000000000000000e+00
2.670000000000000000e+02 1.296484000000000059e+01 1.309337000000000018e+01 0.000000000000000000e+00
2.680000000000000000e+02 1.150181000000000076e+01 1.480175999999999981e+01 0.000000000000000000e+00
2.690000000000000000e+02 1.058932000000000073e+01 1.673607000000000156e+01 0.000000000000000000e+00
2.700000000000000000e+02 1.148034999999999961e+01 -1.526459000000000010e+01 0.000000000000000000e+00
2.710000000000000000e+02 1.227305999999999919e+01 -1.325304000000000038e+01 0.000000000000000000e+00
2.720000000000000000e+02 1.326333999999999946e+01 -1.143257999999999974e+01 0.000000000000000000e+00
2.730000000000000000e+02 1.434633999999999965e+01 -9.659570000000000434e+00 0.000000000000000000e+00
2.740000000000000000e+02 1.343394999999999939e+01 -7.666220000000000034e+00 0.000000000000000000e+00
2.750000000000000000e+02 1.453881999999999941e+01 -5.894639999999999880e+00 0.000000000000000000e+00
2.760000000000000000e+02 1.529440999999999917e+01 -3.971239999999999881e+00 0.000000000000000000e+00
2.770000000000000000e+02 1.416388000000000069e+01 -2.124439999999999884e+00 0.000000000000000000e+00
2.780000000000000000e+02 1.503786999999999985e+01 -1.851500000000000090e-01 0.000000000000000000e+00
2.790000000000000000e+02 1.600917000000000101e+01 1.744199999999999973e+00 0.000000000000000000e+00
2.800000000000000000e+02 1.486162000000000027e+01 3.478400000000000158e+00 0.000000000000000000e+00
2.810000000000000000e+02 1.574512999999999963e+01 5.589710000000000178e+00 0.000000000000000000e+00
2.820000000000000000e+02 1.450581999999999994e+01 7.261320000000000441e+00 0.000000000000000000e+00
2.830000000000000000e+02 1.340989000000000075e+01 9.154820000000000846e+00 0.000000000000000000e+00
2.840000000000000000e+02 1.437630000000000052e+01 1.098171999999999926e+01 0.000000000000000000e+00
2.850000000000000000e+02 1.559163000000000032e+01 9.271219999999999573e+00 0.000000000000000000e+00
2.860000000000000000e+02 1.534830000000000005e+01 1.296846000000000032e+01 0.000000000000000000e+00
2.870000000000000000e+02 1.378758000000000017e+01 1.506190999999999924e+01 0.000000000000000000e+00
2.880000000000000000e+02 1.458707000000000065e+01 -1.340914000000000073e+01 0.000000000000000000e+00
2.890000000000000000e+02 1.551905000000000001e+01 -1.153970999999999947e+01 0.000000000000000000e+00
2.900000000000000000e+02 1.666094999999999970e+01 -9.733599999999999142e+00 0.000000000000000000e+00
2.910000000000000000e+02 1.765914000000000073e+01 -7.801639999999999908e+00 0.000000000000000000e+00
2.920000000000000000e+02 1.551318000000000019e+01 -7.930600000000000094e+00 0.000000000000000000e+00
2.930000000000000000e+02 1.662474999999999881e+01 -5.898590000000000444e+00 0.000000000000000000e+00
2.940000000000000000e+02 1.791531000000000162e+01 -3.362490000000000201e+00 0.000000000000000000e+00
2.950000000000000000e+02 1.631037999999999855e+01 -1.878600000000000048e+00 0.000000000000000000e+00
2.960000000000000000e+02 1.774233999999999867e+01 -1.931900000000000006e-01 0.000000000000000000e+00
2.970000000000000000e+02 1.814620999999999995e+01 1.942669999999999897e+00 0.000000000000000000e+00
2.980000000000000000e+02 1.702362000000000108e+01 3.801740000000000119e+00 0.000000000000000000e+00
2.990000000000000000e+02 1.704239000000000104e+01 7.459360000000000213e+00 0.000000000000000000e+00
