0.000000000000000000e+00 -1.415137000000000000e+01 -1.555436000000000085e+01 0.000000000000000000e+00
1.000000000000000000e+00 -1.519516999999999918e+01 -1.369347999999999921e+01 0.000000000000000000e+00
2.000000000000000000e+00 -1.599492000000000047e+01 -1.170185000000000031e+01 0.000000000000000000e+00
3.000000000000000000e+00 -1.768674999999999997e+01 -8.087709999999999511e+00 0.000000000000000000e+00
4.000000000000000000e+00 -1.870306000000000068e+01 -6.205989999999999895e+00 0.000000000000000000e+00
5.000000000000000000e+00 -1.970276000000000138e+01 -4.112269999999999648e+00 0.000000000000000000e+00
6.000000000000000000e+00 -1.756232999999999933e+01 -4.242969999999999686e+00 0.000000000000000000e+00
7.000000000000000000e+00 -1.825150999999999968e+01 -2.194999999999999840e+00 0.000000000000000000e+00
8.000000000000000000e+00 -1.815082999999999913e+01 -1.069699999999999956e-01 0.000000000000000000e+00
9.000000000000000000e+00 -2.017804999999999893e+01 -5.574200000000000266e-01 0.000000000000000000e+00
1.000000000000000000e+01 -1.920364000000000004e+01 2.452230000000000132e+00 0.000000000000000000e+00
1.100000000000000000e+01 -1.810322999999999993e+01 4.798339999999999606e+00 0.000000000000000000e+00
1.200000000000000000e+01 -1.549041000000000068e+01 8.049310000000000187e+00 0.000000000000000000e+00
1.300000000000000000e+01 -1.672244999999999848e+01 6.328669999999999796e+00 0.000000000000000000e+00
1.400000000000000000e+01 -1.671337000000000117e+01 9.726029999999999731e+00 0.000000000000000000e+00
1.500000000000000000e+01 -1.552410000000000068e+01 1.169654000000000060e+01 0.000000000000000000e+00
1.600000000000000000e+01 -1.422385000000000055e+01 1.369050000000000011e+01 0.000000000000000000e+00
1.700000000000000000e+01 -1.297836000000000034e+01 1.543060999999999972e+01 0.000000000000000000e+00
1.800000000000000000e+01 -1.201082000000000072e+01 -1.582357000000000014e+01 0.000000000000000000e+00
1.900000000000000000e+01 -1.278495000000000026e+01 -1.384941000000000066e+01 0.000000000000000000e+00
2.000000000000000000e+01 -1.390452999999999939e+01 -1.197161999999999971e+01 0.000000000000000000e+00
2.100000000000000000e+01 -1.485134000000000043e+01 -9.958539999999999281e+00 0.000000000000000000e+00
2.200000000000000000e+01 -1.560922000000000054e+01 -7.916439999999999699e+00 0.000000000000000000e+00
2.300000000000000000e+01 -1.662538999999999945e+01 -6.094689999999999941e+00 0.000000000000000000e+00
2.400000000000000000e+01 -1.550189999999999912e+01 -4.259920000000000151e+00 0.000000000000000000e+00
2.500000000000000000e+01 -1.618633000000000166e+01 -2.185480000000000089e+00 0.000000000000000000e+00
2.600000000000000000e+01 -1.469708999999999932e+01 -4.980499999999999927e-01 0.000000000000000000e+00
2.700000000000000000e+01 -1.626002000000000081e+01 8.741200000000000081e-01 0.000000000000000000e+00
2.800000000000000000e+01 -1.708549000000000007e+01 2.757060000000000066e+00 0.000000000000000000e+00
2.900000000000000000e+01 -1.572441000000000066e+01 4.320899999999999963e+00 0.000000000000000000e+00
3.000000000000000000e+01 -1.464034000000000013e+01 6.077009999999999579e+00 0.000000000000000000e+00
3.100000000000000000e+01 -1.341103999999999985e+01 7.887959999999999638e+00 0.000000000000000000e+00
3.200000000000000000e+01 -1.450752999999999915e+01 9.880409999999999471e+00 0.000000000000000000e+00
3.300000000000000000e+01 -1.328781000000000034e+01 1.160022000000000020e+01 0.000000000000000000e+00
3.400000000000000000e+01 -1.203227000000000046e+01 1.342239999999999966e+01 0.000000000000000000e+00
3.500000000000000000e+01 -1.091289000000000087e+01 1.517608000000000068e+01 0.000000000000000000e+00
3.600000000000000000e+01 -9.957129999999999370e+00 -1.636792000000000158e+01 0.000000000000000000e+00
3.700000000000000000e+01 -1.074871000000000087e+01 -1.416267000000000031e+01 0.000000000000000000e+00
3.800000000000000000e+01 -1.163372999999999990e+01 -1.213199000000000005e+01 0.000000000000000000e+00
3.900000000000000000e+01 -1.267046000000000028e+01 -1.008904000000000067e+01 0.000000000000000000e+00
4.000000000000000000e+01 -1.343712999999999980e+01 -8.144629999999999370e+00 0.000000000000000000e+00
4.100000000000000000e+01 -1.437224999999999930e+01 -6.255709999999999660e+00 0.000000000000000000e+00
4.200000000000000000e+01 -1.313514999999999944e+01 -4.528100000000000236e+00 0.000000000000000000e+00
4.300000000000000000e+01 -1.395974999999999966e+01 -2.565010000000000012e+00 0.000000000000000000e+00
4.400000000000000000e+01 -1.265935999999999950e+01 -9.081700000000000328e-01 0.000000000000000000e+00
4.500000000000000000e+01 -1.323625000000000007e+01 1.063239999999999963e+00 0.000000000000000000e+00
4.600000000000000000e+01 -1.486688000000000009e+01 2.430270000000000152e+00 0.000000000000000000e+00
4.700000000000000000e+01 -1.353816999999999915e+01 4.164320000000000022e+00 0.000000000000000000e+00
4.800000000000000000e+01 -1.248438999999999943e+01 5.999279999999999724e+00 0.000000000000000000e+00
4.900000000000000000e+01 -1.133569999999999922e+01 7.813369999999999926e+00 0.000000000000000000e+00
5.000000000000000000e+01 -1.229532999999999987e+01 9.682900000000000063e+00 0.000000000000000000e+00
5.100000000000000000e+01 -1.118534999999999968e+01 1.146021000000000001e+01 0.000000000000000000e+00
5.200000000000000000e+01 -9.966490000000000293e+00 1.328863999999999912e+01 0.000000000000000000e+00
5.300000000000000000e+01 -1.004100000000000037e+01 1.709377999999999886e+01 0.000000000000000000e+00
5.400000000000000000e+01 -7.867899999999999672e+00 -1.640033999999999992e+01 0.000000000000000000e+00
5.500000000000000000e+01 -8.708859999999999602e+00 -1.444217000000000084e+01 0.000000000000000000e+00
5.600000000000000000e+01 -9.559870000000000090e+00 -1.243668000000000085e+01 0.000000000000000000e+00
5.700000000000000000e+01 -1.056555999999999962e+01 -1.033120000000000083e+01 0.000000000000000000e+00
5.800000000000000000e+01 -1.139516000000000062e+01 -8.427759999999999252e+00 0.000000000000000000e+00
5.900000000000000000e+01 -1.220434000000000019e+01 -6.467159999999999798e+00 0.000000000000000000e+00
6.000000000000000000e+01 -1.098385999999999996e+01 -4.784989999999999633e+00 0.000000000000000000e+00
6.100000000000000000e+01 -1.188457000000000008e+01 -2.891509999999999803e+00 0.000000000000000000e+00
6.200000000000000000e+01 -1.062531000000000070e+01 -1.249309999999999921e+00 0.000000000000000000e+00
6.300000000000000000e+01 -1.089827999999999975e+01 8.984100000000000419e-01 0.000000000000000000e+00
6.400000000000000000e+01 -1.201675000000000004e+01 2.735799999999999788e+00 0.000000000000000000e+00
6.500000000000000000e+01 -1.026934999999999931e+01 3.850639999999999841e+00 0.000000000000000000e+00
6.600000000000000000e+01 -1.042362999999999928e+01 5.916280000000000427e+00 0.000000000000000000e+00
6.700000000000000000e+01 -9.213300000000000267e+00 7.737870000000000026e+00 0.000000000000000000e+00
6.800000000000000000e+01 -1.019838999999999984e+01 9.563890000000000668e+00 0.000000000000000000e+00
6.900000000000000000e+01 -9.071300000000000807e+00 1.133109999999999928e+01 0.000000000000000000e+00
7.000000000000000000e+01 -8.790469999999999118e+00 1.500107999999999997e+01 0.000000000000000000e+00
7.100000000000000000e+01 -7.690019999999999634e+00 1.675867999999999824e+01 0.000000000000000000e+00
7.200000000000000000e+01 -6.811969999999999636e+00 -1.830043999999999826e+01 0.000000000000000000e+00
7.300000000000000000e+01 -6.582679999999999865e+00 -1.449384000000000050e+01 0.000000000000000000e+00
7.400000000000000000e+01 -7.445090000000000430e+00 -1.261042999999999914e+01 0.000000000000000000e+00
7.500000000000000000e+01 -8.488009999999999167e+00 -1.056809999999999938e+01 0.000000000000000000e+00
7.600000000000000000e+01 -9.282679999999999154e+00 -8.658649999999999736e+00 0.000000000000000000e+00
7.700000000000000000e+01 -1.013757000000000019e+01 -6.700140000000000207e+00 0.000000000000000000e+00
7.800000000000000000e+01 -8.812150000000000816e+00 -5.045600000000000307e+00 0.000000000000000000e+00
7.900000000000000000e+01 -9.673529999999999518e+00 -3.161880000000000024e+00 0.000000000000000000e+00
8.000000000000000000e+01 -8.553639999999999688e+00 -1.417689999999999895e+00 0.000000000000000000e+00
8.100000000000000000e+01 -7.757069999999999688e+00 5.050799999999999734e-01 0.000000000000000000e+00
8.200000000000000000e+01 -9.163190000000000168e+00 2.074450000000000127e+00 0.000000000000000000e+00
8.300000000000000000e+01 -7.884619999999999962e+00 3.772769999999999957e+00 0.000000000000000000e+00
8.400000000000000000e+01 -8.311600000000000321e+00 5.845950000000000202e+00 0.000000000000000000e+00
8.500000000000000000e+01 -7.160409999999999719e+00 7.596759999999999735e+00 0.000000000000000000e+00
8.600000000000000000e+01 -8.050910000000000011e+00 9.510289999999999466e+00 0.000000000000000000e+00
8.700000000000000000e+01 -7.830669999999999575e+00 1.308174999999999955e+01 0.000000000000000000e+00
8.800000000000000000e+01 -6.727389999999999759e+00 1.485586999999999946e+01 0.000000000000000000e+00
8.900000000000000000e+01 -6.850139999999999674e+00 1.865278999999999954e+01 0.000000000000000000e+00
9.000000000000000000e+01 -4.082629999999999981e+00 -1.844651999999999958e+01 0.000000000000000000e+00
9.100000000000000000e+01 -5.518360000000000376e+00 -1.645889999999999986e+01 0.000000000000000000e+00
9.200000000000000000e+01 -5.299769999999999648e+00 -1.273090999999999973e+01 0.000000000000000000e+00
9.300000000000000000e+01 -6.273530000000000051e+00 -1.079528999999999961e+01 0.000000000000000000e+00
9.400000000000000000e+01 -7.161240000000000272e+00 -8.857860000000000511e+00 0.000000000000000000e+00
9.500000000000000000e+01 -8.049239999999999284e+00 -6.978989999999999583e+00 0.000000000000000000e+00
9.600000000000000000e+01 -6.692980000000000373e+00 -5.177979999999999805e+00 0.000000000000000000e+00
9.700000000000000000e+01 -7.616929999999999978e+00 -3.296650000000000080e+00 0.000000000000000000e+00
9.800000000000000000e+01 -6.479059999999999597e+00 -1.566330000000000000e+00 0.000000000000000000e+00
9.900000000000000000e+01 -5.658649999999999736e+00 3.160999999999999921e-01 0.000000000000000000e+00
1.000000000000000000e+02 -6.545180000000000220e+00 2.172530000000000072e+00 0.000000000000000000e+00
1.010000000000000000e+02 -5.332329999999999792e+00 3.882960000000000189e+00 0.000000000000000000e+00
1.020000000000000000e+02 -6.214039999999999786e+00 5.754319999999999879e+00 0.000000000000000000e+00
1.030000000000000000e+02 -5.935380000000000322e+00 9.357200000000000628e+00 0.000000000000000000e+00
1.040000000000000000e+02 -6.887599999999999945e+00 1.123465000000000025e+01 0.000000000000000000e+00
1.050000000000000000e+02 -5.734469999999999956e+00 1.301279000000000075e+01 0.000000000000000000e+00
1.060000000000000000e+02 -5.607020000000000337e+00 1.669598999999999833e+01 0.000000000000000000e+00
1.070000000000000000e+02 -4.067429999999999879e+00 1.839371999999999829e+01 0.000000000000000000e+00
1.080000000000000000e+02 -3.394600000000000062e+00 -1.644962999999999909e+01 0.000000000000000000e+00
1.090000000000000000e+02 -4.502690000000000303e+00 -1.464708000000000077e+01 0.000000000000000000e+00
1.100000000000000000e+02 -3.236639999999999961e+00 -1.293862999999999985e+01 0.000000000000000000e+00
1.110000000000000000e+02 -4.149589999999999890e+00 -1.099892000000000003e+01 0.000000000000000000e+00
1.120000000000000000e+02 -4.966580000000000439e+00 -8.961109999999999687e+00 0.000000000000000000e+00
1.130000000000000000e+02 -5.989090000000000025e+00 -7.111810000000000187e+00 0.000000000000000000e+00
1.140000000000000000e+02 -4.608249999999999957e+00 -5.341770000000000351e+00 0.000000000000000000e+00
1.150000000000000000e+02 -5.516790000000000305e+00 -3.471080000000000165e+00 0.000000000000000000e+00
1.160000000000000000e+02 -4.297920000000000407e+00 -1.799150000000000027e+00 0.000000000000000000e+00
1.170000000000000000e+02 -3.346290000000000209e+00 4.311000000000000248e-02 0.000000000000000000e+00
1.180000000000000000e+02 -4.386160000000000281e+00 1.942530000000000090e+00 0.000000000000000000e+00
1.190000000000000000e+02 -4.136120000000000019e+00 5.585359999999999658e+00 0.000000000000000000e+00
1.200000000000000000e+02 -5.011999999999999567e+00 7.492659999999999876e+00 0.000000000000000000e+00
1.210000000000000000e+02 -3.804139999999999855e+00 9.185980000000000700e+00 0.000000000000000000e+00
1.220000000000000000e+02 -4.798600000000000421e+00 1.115917999999999921e+01 0.000000000000000000e+00
1.230000000000000000e+02 -3.417689999999999895e+00 1.281492000000000075e+01 0.000000000000000000e+00
1.240000000000000000e+02 -4.394420000000000215e+00 1.481610000000000049e+01 0.000000000000000000e+00
1.250000000000000000e+02 -3.142419999999999991e+00 1.646012999999999948e+01 0.000000000000000000e+00
1.260000000000000000e+02 -1.867539999999999978e+00 -1.836285000000000167e+01 0.000000000000000000e+00
1.270000000000000000e+02 -1.278890000000000082e+00 -1.621699999999999875e+01 0.000000000000000000e+00
1.280000000000000000e+02 -1.560049999999999937e+00 -1.417769999999999975e+01 0.000000000000000000e+00
1.290000000000000000e+02 -1.652789999999999981e+00 -1.158317000000000085e+01 0.000000000000000000e+00
1.300000000000000000e+02 -2.926210000000000200e+00 -9.342389999999999972e+00 0.000000000000000000e+00
1.310000000000000000e+02 -3.787859999999999783e+00 -7.275680000000000369e+00 0.000000000000000000e+00
1.320000000000000000e+02 -2.485739999999999839e+00 -5.554680000000000284e+00 0.000000000000000000e+00
1.330000000000000000e+02 -3.274669999999999970e+00 -3.612859999999999960e+00 0.000000000000000000e+00
1.340000000000000000e+02 -2.220810000000000173e+00 -1.799080000000000013e+00 0.000000000000000000e+00
1.350000000000000000e+02 -2.292019999999999946e+00 1.827299999999999924e+00 0.000000000000000000e+00
1.360000000000000000e+02 -3.253740000000000077e+00 3.695230000000000015e+00 0.000000000000000000e+00
1.370000000000000000e+02 -2.007950000000000124e+00 5.455490000000000173e+00 0.000000000000000000e+00
1.380000000000000000e+02 -2.934280000000000221e+00 7.315380000000000216e+00 0.000000000000000000e+00
1.390000000000000000e+02 -1.691140000000000088e+00 9.038479999999999848e+00 0.000000000000000000e+00
1.400000000000000000e+02 -2.555600000000000094e+00 1.092234000000000016e+01 0.000000000000000000e+00
1.410000000000000000e+02 -2.189299999999999802e+00 1.451620999999999917e+01 0.000000000000000000e+00
1.420000000000000000e+02 -9.757200000000000317e-01 1.621615999999999858e+01 0.000000000000000000e+00
1.430000000000000000e+02 -1.829399999999999915e+00 1.814489999999999981e+01 0.000000000000000000e+00
1.440000000000000000e+02 6.532299999999999773e-01 -1.693946000000000041e+01 0.000000000000000000e+00
1.450000000000000000e+02 4.568800000000000083e-01 -1.485988000000000042e+01 0.000000000000000000e+00
1.460000000000000000e+02 3.151000000000000328e-02 -1.283947000000000038e+01 0.000000000000000000e+00
1.470000000000000000e+02 -8.381300000000000416e-01 -9.635960000000000747e+00 0.000000000000000000e+00
1.480000000000000000e+02 -1.705869999999999997e+00 -7.669190000000000396e+00 0.000000000000000000e+00
1.490000000000000000e+02 5.474900000000000322e-01 -7.432039999999999758e+00 0.000000000000000000e+00
1.500000000000000000e+02 -3.650599999999999956e-01 -5.543149999999999800e+00 0.000000000000000000e+00
1.510000000000000000e+02 -1.176390000000000047e+00 -3.624070000000000125e+00 0.000000000000000000e+00
1.520000000000000000e+02 -1.185689999999999911e+00 -1.219999999999999947e-03 0.000000000000000000e+00
1.530000000000000000e+02 5.839199999999999946e-01 1.212490000000000068e+00 0.000000000000000000e+00
1.540000000000000000e+02 -1.178020000000000067e+00 3.561360000000000081e+00 0.000000000000000000e+00
1.550000000000000000e+02 4.794999999999999957e-02 5.256429999999999936e+00 0.000000000000000000e+00
1.560000000000000000e+02 -7.938199999999999701e-01 7.159819999999999851e+00 0.000000000000000000e+00
1.570000000000000000e+02 4.756799999999999917e-01 8.840510000000000090e+00 0.000000000000000000e+00
1.580000000000000000e+02 -4.177500000000000102e-01 1.071096000000000004e+01 0.000000000000000000e+00
1.590000000000000000e+02 -1.302869999999999973e+00 1.258765999999999963e+01 0.000000000000000000e+00
1.600000000000000000e+02 -5.772000000000000047e-02 1.431260999999999939e+01 0.000000000000000000e+00
1.610000000000000000e+02 2.947299999999999920e-01 1.806784000000000034e+01 0.000000000000000000e+00
1.620000000000000000e+02 3.309099999999999819e-01 -1.902976999999999919e+01 0.000000000000000000e+00
1.630000000000000000e+02 2.685130000000000017e+00 -1.547387999999999941e+01 0.000000000000000000e+00
1.640000000000000000e+02 2.022310000000000052e+00 -1.350136999999999965e+01 0.000000000000000000e+00
1.650000000000000000e+02 1.575099999999999945e+00 -1.145744000000000007e+01 0.000000000000000000e+00
1.660000000000000000e+02 1.267079999999999984e+00 -9.417020000000000834e+00 0.000000000000000000e+00
1.670000000000000000e+02 1.967940000000000023e+00 -5.772380000000000067e+00 0.000000000000000000e+00
1.680000000000000000e+02 1.079979999999999940e+00 -3.892720000000000180e+00 0.000000000000000000e+00
1.690000000000000000e+02 3.807599999999999874e-01 -1.749819999999999931e+00 0.000000000000000000e+00
1.700000000000000000e+02 2.017819999999999947e+00 -3.728099999999999747e-01 0.000000000000000000e+00
1.710000000000000000e+02 3.566269999999999829e+00 1.034710000000000019e+00 0.000000000000000000e+00
1.720000000000000000e+02 8.560999999999999721e-01 3.255920000000000147e+00 0.000000000000000000e+00
1.730000000000000000e+02 2.158049999999999802e+00 4.984510000000000218e+00 0.000000000000000000e+00
1.740000000000000000e+02 1.301830000000000043e+00 6.893760000000000332e+00 0.000000000000000000e+00
1.750000000000000000e+02 2.532859999999999889e+00 8.540530000000000399e+00 0.000000000000000000e+00
1.760000000000000000e+02 1.754199999999999982e+00 1.048901000000000039e+01 0.000000000000000000e+00
1.770000000000000000e+02 8.813100000000000378e-01 1.236326000000000036e+01 0.000000000000000000e+00
1.780000000000000000e+02 1.124300000000000077e+00 1.600845999999999947e+01 0.000000000000000000e+00
1.790000000000000000e+02 -1.088200000000000001e-01 2.010183999999999926e+01 0.000000000000000000e+00
1.800000000000000000e+02 2.794820000000000082e+00 -1.961686999999999870e+01 0.000000000000000000e+00
1.810000000000000000e+02 4.272840000000000416e+00 -1.400713000000000008e+01 0.000000000000000000e+00
1.820000000000000000e+02 3.724849999999999994e+00 -1.195773999999999937e+01 0.000000000000000000e+00
1.830000000000000000e+02 3.271669999999999856e+00 -9.909890000000000754e+00 0.000000000000000000e+00
1.840000000000000000e+02 2.645169999999999799e+00 -7.832849999999999646e+00 0.000000000000000000e+00
1.850000000000000000e+02 4.103089999999999904e+00 -6.262800000000000367e+00 0.000000000000000000e+00
1.860000000000000000e+02 3.444209999999999994e+00 -4.316749999999999865e+00 0.000000000000000000e+00
1.870000000000000000e+02 2.573989999999999778e+00 -2.390680000000000138e+00 0.000000000000000000e+00
1.880000000000000000e+02 4.123579999999999579e+00 -9.675799999999999956e-01 0.000000000000000000e+00
1.890000000000000000e+02 5.597509999999999764e+00 6.515100000000000335e-01 0.000000000000000000e+00
1.900000000000000000e+02 2.895700000000000163e+00 3.014660000000000117e+00 0.000000000000000000e+00
1.910000000000000000e+02 4.222929999999999851e+00 4.712340000000000195e+00 0.000000000000000000e+00
1.920000000000000000e+02 3.443849999999999856e+00 6.617969999999999686e+00 0.000000000000000000e+00
1.930000000000000000e+02 4.764039999999999608e+00 8.215849999999999653e+00 0.000000000000000000e+00
1.940000000000000000e+02 3.797099999999999920e+00 1.017402000000000051e+01 0.000000000000000000e+00
1.950000000000000000e+02 3.043940000000000090e+00 1.227548999999999957e+01 0.000000000000000000e+00
1.960000000000000000e+02 1.993870000000000031e+00 1.408994000000000035e+01 0.000000000000000000e+00
1.970000000000000000e+02 2.478349999999999831e+00 1.779654000000000025e+01 0.000000000000000000e+00
1.980000000000000000e+02 2.779599999999999849e+00 -1.753088999999999942e+01 0.000000000000000000e+00
1.990000000000000000e+02 6.274610000000000021e+00 -1.461302000000000056e+01 0.000000000000000000e+00
2.000000000000000000e+02 5.731790000000000163e+00 -1.251581999999999972e+01 0.000000000000000000e+00
2.010000000000000000e+02 5.276209999999999845e+00 -1.039297000000000004e+01 0.000000000000000000e+00
2.020000000000000000e+02 4.657169999999999810e+00 -8.361980000000000857e+00 0.000000000000000000e+00
2.030000000000000000e+02 6.105830000000000091e+00 -6.884330000000000283e+00 0.000000000000000000e+00
2.040000000000000000e+02 5.612330000000000041e+00 -4.847229999999999706e+00 0.000000000000000000e+00
2.050000000000000000e+02 4.935559999999999725e+00 -2.874550000000000161e+00 0.000000000000000000e+00
2.060000000000000000e+02 6.288389999999999702e+00 -1.308559999999999945e+00 0.000000000000000000e+00
2.070000000000000000e+02 7.752010000000000289e+00 2.489200000000000024e-01 0.000000000000000000e+00
2.080000000000000000e+02 4.922049999999999592e+00 2.608530000000000015e+00 0.000000000000000000e+00
2.090000000000000000e+02 6.315080000000000027e+00 4.257509999999999906e+00 0.000000000000000000e+00
2.100000000000000000e+02 5.573739999999999917e+00 6.300559999999999938e+00 0.000000000000000000e+00
2.110000000000000000e+02 5.913120000000000154e+00 9.933479999999999421e+00 0.000000000000000000e+00
2.120000000000000000e+02 5.069009999999999572e+00 1.192079999999999984e+01 0.000000000000000000e+00
2.130000000000000000e+02 4.290490000000000137e+00 1.393397000000000041e+01 0.000000000000000000e+00
2.140000000000000000e+02 3.276089999999999947e+00 1.575367999999999924e+01 0.000000000000000000e+00
2.150000000000000000e+02 4.039399999999999658e+00 1.949754000000000076e+01 0.000000000000000000e+00
2.160000000000000000e+02 4.736060000000000159e+00 -1.612594999999999956e+01 0.000000000000000000e+00
2.170000000000000000e+02 8.447400000000000020e+00 -1.504560000000000031e+01 0.000000000000000000e+00
2.180000000000000000e+02 7.782619999999999649e+00 -1.296359999999999957e+01 0.000000000000000000e+00
2.190000000000000000e+02 7.280649999999999622e+00 -1.091483000000000025e+01 0.000000000000000000e+00
2.200000000000000000e+02 6.744979999999999976e+00 -8.921390000000000597e+00 0.000000000000000000e+00
2.210000000000000000e+02 8.146349999999999980e+00 -7.344470000000000276e+00 0.000000000000000000e+00
2.220000000000000000e+02 7.639949999999999797e+00 -5.267710000000000115e+00 0.000000000000000000e+00
2.230000000000000000e+02 7.041310000000000180e+00 -3.258960000000000079e+00 0.000000000000000000e+00
2.240000000000000000e+02 8.432949999999999946e+00 -1.723049999999999971e+00 0.000000000000000000e+00
2.250000000000000000e+02 9.121859999999999857e+00 1.856319999999999970e+00 0.000000000000000000e+00
2.260000000000000000e+02 7.029620000000000424e+00 2.203219999999999956e+00 0.000000000000000000e+00
2.270000000000000000e+02 8.354739999999999611e+00 3.929040000000000088e+00 0.000000000000000000e+00
2.280000000000000000e+02 7.654539999999999900e+00 5.936189999999999856e+00 0.000000000000000000e+00
2.290000000000000000e+02 6.844359999999999999e+00 7.964550000000000018e+00 0.000000000000000000e+00
2.300000000000000000e+02 7.415149999999999686e+00 1.160696000000000083e+01 0.000000000000000000e+00
2.310000000000000000e+02 6.432400000000000340e+00 1.349009000000000036e+01 0.000000000000000000e+00
2.320000000000000000e+02 5.623389999999999667e+00 1.550825999999999993e+01 0.000000000000000000e+00
2.330000000000000000e+02 4.668300000000000338e+00 1.738109999999999999e+01 0.000000000000000000e+00
2.340000000000000000e+02 5.801009999999999778e+00 -1.854548000000000130e+01 0.000000000000000000e+00
2.350000000000000000e+02 6.918800000000000061e+00 -1.670812000000000097e+01 0.000000000000000000e+00
2.360000000000000000e+02 9.904420000000000002e+00 -1.354317999999999955e+01 0.000000000000000000e+00
2.370000000000000000e+02 9.366220000000000212e+00 -1.146569000000000038e+01 0.000000000000000000e+00
2.380000000000000000e+02 8.849370000000000402e+00 -9.454919999999999547e+00 0.000000000000000000e+00
2.390000000000000000e+02 9.653669999999999973e+00 -5.858670000000000044e+00 0.000000000000000000e+00
2.400000000000000000e+02 9.128550000000000608e+00 -3.755539999999999878e+00 0.000000000000000000e+00
2.410000000000000000e+02 1.050925999999999938e+01 -2.065259999999999874e+00 0.000000000000000000e+00
2.420000000000000000e+02 9.888820000000000832e+00 -1.060299999999999992e-01 0.000000000000000000e+00
2.430000000000000000e+02 1.119000999999999912e+01 1.555029999999999912e+00 0.000000000000000000e+00
2.440000000000000000e+02 1.041755000000000031e+01 3.554399999999999782e+00 0.000000000000000000e+00
2.450000000000000000e+02 9.721030000000000726e+00 5.521119999999999806e+00 0.000000000000000000e+00
2.460000000000000000e+02 8.989390000000000214e+00 7.594459999999999766e+00 0.000000000000000000e+00
2.470000000000000000e+02 8.213229999999999364e+00 9.590930000000000177e+00 0.000000000000000000e+00
2.480000000000000000e+02 9.493199999999999861e+00 1.136030000000000051e+01 0.000000000000000000e+00
2.490000000000000000e+02 8.673049999999999926e+00 1.326118999999999915e+01 0.000000000000000000e+00
2.500000000000000000e+02 7.698339999999999961e+00 1.524272999999999989e+01 0.000000000000000000e+00
2.510000000000000000e+02 6.760399999999999743e+00 1.726638000000000162e+01 0.000000000000000000e+00
2.520000000000000000e+02 9.343719999999999359e+00 -1.739089999999999847e+01 0.000000000000000000e+00
2.530000000000000000e+02 1.062926000000000037e+01 -1.572020999999999979e+01 0.000000000000000000e+00
2.540000000000000000e+02 1.134055999999999997e+01 -1.201655000000000051e+01 0.000000000000000000e+00
2.550000000000000000e+02 1.099761999999999951e+01 -9.867430000000000589e+00 0.000000000000000000e+00
2.560000000000000000e+02 1.018699999999999939e+01 -7.892960000000000420e+00 0.000000000000000000e+00
2.570000000000000000e+02 1.181509999999999927e+01 -6.246369999999999756e+00 0.000000000000000000e+00
2.580000000000000000e+02 1.114833999999999925e+01 -4.237549999999999706e+00 0.000000000000000000e+00
2.590000000000000000e+02 1.258186000000000071e+01 -2.535219999999999807e+00 0.000000000000000000e+00
2.600000000000000000e+02 1.192061999999999955e+01 -4.750800000000000023e-01 0.000000000000000000e+00
2.610000000000000000e+02 1.327669999999999995e+01 1.312179999999999902e+00 0.000000000000000000e+00
2.620000000000000000e+02 1.254523999999999972e+01 3.260289999999999910e+00 0.000000000000000000e+00
2.630000000000000000e+02 1.174446999999999974e+01 5.213779999999999859e+00 0.000000000000000000e+00
2.640000000000000000e+02 1.104812000000000083e+01 7.373009999999999842e+00 0.000000000000000000e+00
2.650000000000000000e+02 1.027805000000000035e+01 9.385049999999999670e+00 0.000000000000000000e+00
2.660000000000000000e+02 1.155541999999999980e+01 1.099956000000000067e+01 0.000000000000000000e+00
2.670000000000000000e+02 1.090393000000000079e+01 1.299888999999999939e+01 0.000000000000000000e+00
2.680000000000000000e+02 9.882099999999999440e+00 1.505965999999999916e+01 0.000000000000000000e+00
2.690000000000000000e+02 9.023059999999999192e+00 1.695872999999999919e+01 0.000000000000000000e+00
2.700000000000000000e+02 1.338359999999999950e+01 -1.589236999999999966e+01 0.000000000000000000e+00
2.710000000000000000e+02 1.196870000000000012e+01 -1.408539000000000030e+01 0.000000000000000000e+00
2.720000000000000000e+02 1.297728999999999999e+01 -1.044724000000000075e+01 0.000000000000000000e+00
2.730000000000000000e+02 1.454418000000000077e+01 -8.515159999999999840e+00 0.000000000000000000e+00
2.740000000000000000e+02 1.240056000000000047e+01 -8.295640000000000569e+00 0.000000000000000000e+00
2.750000000000000000e+02 1.530283999999999978e+01 -5.008829999999999671e+00 0.000000000000000000e+00
2.760000000000000000e+02 1.328810999999999964e+01 -4.553449999999999775e+00 0.000000000000000000e+00
2.770000000000000000e+02 1.463766999999999996e+01 -2.924240000000000173e+00 0.000000000000000000e+00
2.780000000000000000e+02 1.398942000000000085e+01 -7.153000000000000469e-01 0.000000000000000000e+00
2.790000000000000000e+02 1.534806999999999988e+01 1.121250000000000080e+00 0.000000000000000000e+00
2.800000000000000000e+02 1.508676999999999957e+01 3.272710000000000008e+00 0.000000000000000000e+00
2.810000000000000000e+02 1.383331000000000088e+01 5.008790000000000298e+00 0.000000000000000000e+00
2.820000000000000000e+02 1.641109000000000151e+01 7.472070000000000434e+00 0.000000000000000000e+00
2.830000000000000000e+02 1.313148999999999944e+01 7.012609999999999566e+00 0.000000000000000000e+00
2.840000000000000000e+02 1.493013999999999974e+01 8.936489999999999156e+00 0.000000000000000000e+00
2.850000000000000000e+02 1.254862999999999928e+01 9.081530000000000769e+00 0.000000000000000000e+00
2.860000000000000000e+02 1.397293999999999947e+01 1.077181000000000033e+01 0.000000000000000000e+00
2.870000000000000000e+02 1.293806000000000012e+01 1.256685000000000052e+01 0.000000000000000000e+00
2.880000000000000000e+02 1.507451999999999970e+01 -1.460901999999999923e+01 0.000000000000000000e+00
2.890000000000000000e+02 1.344857000000000014e+01 -1.260054000000000052e+01 0.000000000000000000e+00
2.900000000000000000e+02 1.504770000000000074e+01 -1.072586000000000084e+01 0.000000000000000000e+00
2.910000000000000000e+02 1.660137999999999892e+01 -9.281019999999999825e+00 0.000000000000000000e+00
2.920000000000000000e+02 1.603948000000000107e+01 -7.003499999999999837e+00 0.000000000000000000e+00
2.930000000000000000e+02 1.747325999999999979e+01 -5.448129999999999917e+00 0.000000000000000000e+00
2.940000000000000000e+02 1.675793000000000177e+01 -3.343649999999999789e+00 0.000000000000000000e+00
2.950000000000000000e+02 1.808858999999999995e+01 -1.578770000000000007e+00 0.000000000000000000e+00
2.960000000000000000e+02 1.606805999999999912e+01 -1.146069999999999922e+00 0.000000000000000000e+00
2.970000000000000000e+02 1.746867999999999910e+01 8.463800000000000212e-01 0.000000000000000000e+00
2.980000000000000000e+02 1.720102999999999938e+01 3.150679999999999925e+00 0.000000000000000000e+00
2.990000000000000000e+02 1.637838999999999956e+01 5.389850000000000030e+00 0.000000000000000000e+00
