0.000000000000000000e+00 -1.267379000000000033e+01 -1.542709999999999937e+01 0.000000000000000000e+00
1.000000000000000000e+00 -1.371413000000000082e+01 -1.361580999999999975e+01 0.000000000000000000e+00
2.000000000000000000e+00 -1.501849999999999952e+01 -1.199245999999999945e+01 0.000000000000000000e+00
3.000000000000000000e+00 -1.628847999999999985e+01 -1.035868999999999929e+01 0.000000000000000000e+00
4.000000000000000000e+00 -1.740886000000000067e+01 -8.106540000000000745e+00 0.000000000000000000e+00
5.000000000000000000e+00 -1.685529000000000011e+01 -4.639759999999999884e+00 0.000000000000000000e+00
6.000000000000000000e+00 -1.576487999999999978e+01 -2.526609999999999800e+00 0.000000000000000000e+00
7.000000000000000000e+00 -1.797223999999999933e+01 -2.598209999999999908e+00 0.000000000000000000e+00
8.000000000000000000e+00 -1.763279999999999959e+01 1.174889999999999990e+00 0.000000000000000000e+00
9.000000000000000000e+00 -1.904425000000000168e+01 -8.347200000000000175e-01 0.000000000000000000e+00
1.000000000000000000e+01 -1.872578000000000031e+01 2.947029999999999816e+00 0.000000000000000000e+00
1.100000000000000000e+01 -1.750307000000000102e+01 4.934820000000000206e+00 0.000000000000000000e+00
1.200000000000000000e+01 -1.722787999999999897e+01 7.166159999999999641e+00 0.000000000000000000e+00
1.300000000000000000e+01 -1.930418999999999841e+01 6.086610000000000298e+00 0.000000000000000000e+00
1.400000000000000000e+01 -1.557513999999999932e+01 8.416650000000000631e+00 0.000000000000000000e+00
1.500000000000000000e+01 -1.666182999999999836e+01 1.018172999999999995e+01 0.000000000000000000e+00
1.600000000000000000e+01 -1.563564000000000043e+01 1.200233000000000061e+01 0.000000000000000000e+00
1.700000000000000000e+01 -1.450717999999999996e+01 1.380227999999999966e+01 0.000000000000000000e+00
1.800000000000000000e+01 -1.044689999999999941e+01 -1.556203000000000003e+01 0.000000000000000000e+00
1.900000000000000000e+01 -1.155145000000000088e+01 -1.369992000000000054e+01 0.000000000000000000e+00
2.000000000000000000e+01 -1.259533000000000058e+01 -1.188072999999999979e+01 0.000000000000000000e+00
2.100000000000000000e+01 -1.386528000000000027e+01 -1.020515999999999934e+01 0.000000000000000000e+00
2.200000000000000000e+01 -1.461791000000000018e+01 -8.252470000000000638e+00 0.000000000000000000e+00
2.300000000000000000e+01 -1.572247999999999912e+01 -6.428200000000000358e+00 0.000000000000000000e+00
2.400000000000000000e+01 -1.454091000000000022e+01 -4.304789999999999672e+00 0.000000000000000000e+00
2.500000000000000000e+01 -1.670953000000000088e+01 -6.674900000000000277e-01 0.000000000000000000e+00
2.600000000000000000e+01 -1.459373000000000076e+01 -7.100300000000000500e-01 0.000000000000000000e+00
2.700000000000000000e+01 -1.551620999999999917e+01 1.194129999999999914e+00 0.000000000000000000e+00
2.800000000000000000e+01 -1.666655000000000086e+01 3.013259999999999827e+00 0.000000000000000000e+00
2.900000000000000000e+01 -1.543815999999999988e+01 4.814779999999999838e+00 0.000000000000000000e+00
3.000000000000000000e+01 -1.427959000000000067e+01 6.552039999999999864e+00 0.000000000000000000e+00
3.100000000000000000e+01 -1.325606999999999935e+01 8.436849999999999739e+00 0.000000000000000000e+00
3.200000000000000000e+01 -1.447813000000000017e+01 1.019809000000000054e+01 0.000000000000000000e+00
3.300000000000000000e+01 -1.340440000000000076e+01 1.203794000000000075e+01 0.000000000000000000e+00
3.400000000000000000e+01 -1.247898999999999958e+01 1.424083000000000077e+01 0.000000000000000000e+00
3.500000000000000000e+01 -1.127426999999999957e+01 1.594228999999999985e+01 0.000000000000000000e+00
3.600000000000000000e+01 -9.423220000000000596e+00 -1.737315999999999860e+01 0.000000000000000000e+00
3.700000000000000000e+01 -9.412959999999999994e+00 -1.368410000000000082e+01 0.000000000000000000e+00
3.800000000000000000e+01 -1.050867000000000040e+01 -1.185759000000000007e+01 0.000000000000000000e+00
3.900000000000000000e+01 -1.149920999999999971e+01 -1.003377000000000052e+01 0.000000000000000000e+00
4.000000000000000000e+01 -1.249835000000000029e+01 -8.129479999999999151e+00 0.000000000000000000e+00
4.100000000000000000e+01 -1.361970999999999954e+01 -6.335340000000000416e+00 0.000000000000000000e+00
4.200000000000000000e+01 -1.246828000000000003e+01 -4.450370000000000381e+00 0.000000000000000000e+00
4.300000000000000000e+01 -1.343008000000000024e+01 -2.550730000000000164e+00 0.000000000000000000e+00
4.400000000000000000e+01 -1.233000999999999969e+01 -6.573799999999999644e-01 0.000000000000000000e+00
4.500000000000000000e+01 -1.341588999999999920e+01 1.141990000000000061e+00 0.000000000000000000e+00
4.600000000000000000e+01 -1.442268999999999934e+01 2.951389999999999958e+00 0.000000000000000000e+00
4.700000000000000000e+01 -1.332316999999999929e+01 4.730389999999999873e+00 0.000000000000000000e+00
4.800000000000000000e+01 -1.221204000000000001e+01 6.588180000000000369e+00 0.000000000000000000e+00
4.900000000000000000e+01 -1.113865999999999978e+01 8.422610000000000596e+00 0.000000000000000000e+00
5.000000000000000000e+01 -1.229264000000000046e+01 1.028909999999999947e+01 0.000000000000000000e+00
5.100000000000000000e+01 -1.132454000000000072e+01 1.211857000000000006e+01 0.000000000000000000e+00
5.200000000000000000e+01 -1.034285000000000032e+01 1.402688000000000024e+01 0.000000000000000000e+00
5.300000000000000000e+01 -9.164960000000000662e+00 1.601312000000000069e+01 0.000000000000000000e+00
5.400000000000000000e+01 -7.170119999999999827e+00 -1.742250999999999905e+01 0.000000000000000000e+00
5.500000000000000000e+01 -8.230840000000000600e+00 -1.558662999999999954e+01 0.000000000000000000e+00
5.600000000000000000e+01 -8.325720000000000454e+00 -1.190817999999999977e+01 0.000000000000000000e+00
5.700000000000000000e+01 -9.300900000000000389e+00 -1.003651999999999944e+01 0.000000000000000000e+00
5.800000000000000000e+01 -1.035012000000000043e+01 -8.255720000000000169e+00 0.000000000000000000e+00
5.900000000000000000e+01 -1.141028000000000020e+01 -6.314099999999999824e+00 0.000000000000000000e+00
6.000000000000000000e+01 -1.037079999999999913e+01 -4.510790000000000077e+00 0.000000000000000000e+00
6.100000000000000000e+01 -1.132671000000000028e+01 -2.464830000000000076e+00 0.000000000000000000e+00
6.200000000000000000e+01 -1.019993999999999978e+01 -7.316399999999999570e-01 0.000000000000000000e+00
6.300000000000000000e+01 -1.113761000000000045e+01 1.133259999999999934e+00 0.000000000000000000e+00
6.400000000000000000e+01 -1.217109999999999914e+01 2.948119999999999852e+00 0.000000000000000000e+00
6.500000000000000000e+01 -1.111762000000000050e+01 4.765900000000000247e+00 0.000000000000000000e+00
6.600000000000000000e+01 -9.894909999999999428e+00 6.651030000000000442e+00 0.000000000000000000e+00
6.700000000000000000e+01 -8.861420000000000741e+00 8.437229999999999563e+00 0.000000000000000000e+00
6.800000000000000000e+01 -1.006649999999999956e+01 1.026173000000000002e+01 0.000000000000000000e+00
6.900000000000000000e+01 -9.031480000000000175e+00 1.217253000000000007e+01 0.000000000000000000e+00
7.000000000000000000e+01 -8.232049999999999201e+00 1.411822000000000088e+01 0.000000000000000000e+00
7.100000000000000000e+01 -7.589879999999999960e+00 1.737134000000000000e+01 0.000000000000000000e+00
7.200000000000000000e+01 -4.988900000000000112e+00 -1.763003000000000142e+01 0.000000000000000000e+00
7.300000000000000000e+01 -5.924590000000000245e+00 -1.573670000000000080e+01 0.000000000000000000e+00
7.400000000000000000e+01 -7.186200000000000365e+00 -1.380580999999999925e+01 0.000000000000000000e+00
7.500000000000000000e+01 -7.131249999999999645e+00 -1.010661999999999949e+01 0.000000000000000000e+00
7.600000000000000000e+01 -8.285349999999999326e+00 -8.238989999999999370e+00 0.000000000000000000e+00
7.700000000000000000e+01 -9.311040000000000205e+00 -6.442269999999999719e+00 0.000000000000000000e+00
7.800000000000000000e+01 -8.263040000000000163e+00 -4.584679999999999644e+00 0.000000000000000000e+00
7.900000000000000000e+01 -9.170719999999999317e+00 -2.566879999999999828e+00 0.000000000000000000e+00
8.000000000000000000e+01 -8.033699999999999619e+00 -7.667899999999999716e-01 0.000000000000000000e+00
8.100000000000000000e+01 -8.978799999999999670e+00 1.054289999999999949e+00 0.000000000000000000e+00
8.200000000000000000e+01 -1.006006000000000000e+01 2.976160000000000139e+00 0.000000000000000000e+00
8.300000000000000000e+01 -8.937340000000000728e+00 4.794190000000000396e+00 0.000000000000000000e+00
8.400000000000000000e+01 -7.747679999999999900e+00 6.652669999999999639e+00 0.000000000000000000e+00
8.500000000000000000e+01 -6.803350000000000009e+00 8.504860000000000753e+00 0.000000000000000000e+00
8.600000000000000000e+01 -7.881459999999999688e+00 1.028220999999999918e+01 0.000000000000000000e+00
8.700000000000000000e+01 -6.974630000000000329e+00 1.236026999999999987e+01 0.000000000000000000e+00
8.800000000000000000e+01 -6.164220000000000255e+00 1.427486999999999995e+01 0.000000000000000000e+00
8.900000000000000000e+01 -5.326500000000000234e+00 1.832321999999999917e+01 0.000000000000000000e+00
9.000000000000000000e+01 -3.775760000000000005e+00 -1.948429000000000144e+01 0.000000000000000000e+00
9.100000000000000000e+01 -3.819069999999999965e+00 -1.578114000000000061e+01 0.000000000000000000e+00
9.200000000000000000e+01 -5.128639999999999866e+00 -1.380204999999999949e+01 0.000000000000000000e+00
9.300000000000000000e+01 -6.210799999999999876e+00 -1.195025000000000048e+01 0.000000000000000000e+00
9.400000000000000000e+01 -6.167060000000000208e+00 -8.261250000000000426e+00 0.000000000000000000e+00
9.500000000000000000e+01 -7.198520000000000252e+00 -6.480369999999999742e+00 0.000000000000000000e+00
9.600000000000000000e+01 -6.100670000000000037e+00 -4.460569999999999702e+00 0.000000000000000000e+00
9.700000000000000000e+01 -7.087259999999999671e+00 -2.588779999999999859e+00 0.000000000000000000e+00
9.800000000000000000e+01 -5.926099999999999923e+00 -8.583499999999999464e-01 0.000000000000000000e+00
9.900000000000000000e+01 -6.877710000000000434e+00 1.059109999999999996e+00 0.000000000000000000e+00
1.000000000000000000e+02 -7.898570000000000313e+00 2.850540000000000074e+00 0.000000000000000000e+00
1.010000000000000000e+02 -6.809219999999999828e+00 4.794520000000000337e+00 0.000000000000000000e+00
1.020000000000000000e+02 -5.600480000000000125e+00 6.566779999999999617e+00 0.000000000000000000e+00
1.030000000000000000e+02 -4.548619999999999663e+00 8.433099999999999596e+00 0.000000000000000000e+00
1.040000000000000000e+02 -5.811759999999999593e+00 1.032598999999999911e+01 0.000000000000000000e+00
1.050000000000000000e+02 -4.915409999999999613e+00 1.219172999999999973e+01 0.000000000000000000e+00
1.060000000000000000e+02 -5.713370000000000282e+00 1.629318999999999917e+01 0.000000000000000000e+00
1.070000000000000000e+02 -3.243939999999999824e+00 1.819452000000000069e+01 0.000000000000000000e+00
1.080000000000000000e+02 -2.626609999999999889e+00 -1.770952000000000126e+01 0.000000000000000000e+00
1.090000000000000000e+02 -2.982709999999999972e+00 -1.385125999999999991e+01 0.000000000000000000e+00
1.100000000000000000e+02 -4.135860000000000092e+00 -1.194882999999999917e+01 0.000000000000000000e+00
1.110000000000000000e+02 -5.069130000000000358e+00 -1.007661000000000051e+01 0.000000000000000000e+00
1.120000000000000000e+02 -3.990530000000000133e+00 -8.197950000000000514e+00 0.000000000000000000e+00
1.130000000000000000e+02 -5.142260000000000275e+00 -6.460189999999999877e+00 0.000000000000000000e+00
1.140000000000000000e+02 -4.014579999999999593e+00 -4.642699999999999605e+00 0.000000000000000000e+00
1.150000000000000000e+02 -4.736299999999999955e+00 -2.629910000000000192e+00 0.000000000000000000e+00
1.160000000000000000e+02 -3.643369999999999997e+00 -8.717300000000000049e-01 0.000000000000000000e+00
1.170000000000000000e+02 -4.708859999999999602e+00 9.165200000000000014e-01 0.000000000000000000e+00
1.180000000000000000e+02 -5.837089999999999890e+00 2.899430000000000174e+00 0.000000000000000000e+00
1.190000000000000000e+02 -4.631899999999999906e+00 4.674619999999999997e+00 0.000000000000000000e+00
1.200000000000000000e+02 -3.415960000000000107e+00 6.584249999999999936e+00 0.000000000000000000e+00
1.210000000000000000e+02 -2.392149999999999999e+00 8.423069999999999169e+00 0.000000000000000000e+00
1.220000000000000000e+02 -3.702030000000000154e+00 1.044713999999999920e+01 0.000000000000000000e+00
1.230000000000000000e+02 -2.843830000000000080e+00 1.244508000000000081e+01 0.000000000000000000e+00
1.240000000000000000e+02 -4.074740000000000251e+00 1.415551999999999921e+01 0.000000000000000000e+00
1.250000000000000000e+02 -3.602879999999999860e+00 1.616496000000000066e+01 0.000000000000000000e+00
1.260000000000000000e+02 -1.627569999999999961e+00 -1.953557999999999950e+01 0.000000000000000000e+00
1.270000000000000000e+02 -1.698479999999999990e+00 -1.566147999999999918e+01 0.000000000000000000e+00
1.280000000000000000e+02 -2.084189999999999987e+00 -1.199874999999999936e+01 0.000000000000000000e+00
1.290000000000000000e+02 -2.729290000000000216e+00 -1.001160999999999923e+01 0.000000000000000000e+00
1.300000000000000000e+02 -1.607089999999999907e+00 -8.228080000000000283e+00 0.000000000000000000e+00
1.310000000000000000e+02 -2.914470000000000116e+00 -6.405549999999999855e+00 0.000000000000000000e+00
1.320000000000000000e+02 -1.937729999999999952e+00 -4.480459999999999887e+00 0.000000000000000000e+00
1.330000000000000000e+02 -2.229449999999999932e+00 -2.396669999999999856e+00 0.000000000000000000e+00
1.340000000000000000e+02 -1.069989999999999997e+00 -6.163899999999999935e-01 0.000000000000000000e+00
1.350000000000000000e+02 -2.557100000000000151e+00 9.886000000000000343e-01 0.000000000000000000e+00
1.360000000000000000e+02 -3.770030000000000214e+00 2.769010000000000193e+00 0.000000000000000000e+00
1.370000000000000000e+02 -1.463340000000000085e+00 5.172670000000000101e+00 0.000000000000000000e+00
1.380000000000000000e+02 -6.465300000000000491e-01 7.285940000000000083e+00 0.000000000000000000e+00
1.390000000000000000e+02 -9.506000000000000560e-02 9.287610000000000809e+00 0.000000000000000000e+00
1.400000000000000000e+02 -1.589730000000000087e+00 1.073732000000000042e+01 0.000000000000000000e+00
1.410000000000000000e+02 -7.680500000000000105e-01 1.312678999999999974e+01 0.000000000000000000e+00
1.420000000000000000e+02 -2.096709999999999852e+00 1.471322999999999936e+01 0.000000000000000000e+00
1.430000000000000000e+02 -9.335799999999999654e-01 1.874433000000000149e+01 0.000000000000000000e+00
1.440000000000000000e+02 -3.395400000000000085e-01 -1.729165000000000063e+01 0.000000000000000000e+00
1.450000000000000000e+02 -6.810500000000000442e-01 -1.369553999999999938e+01 0.000000000000000000e+00
1.460000000000000000e+02 -3.175999999999999657e-02 -1.173783000000000065e+01 0.000000000000000000e+00
1.470000000000000000e+02 -1.192000000000000004e-02 -9.528600000000000847e+00 0.000000000000000000e+00
1.480000000000000000e+02 8.517299999999999871e-01 -7.558010000000000339e+00 0.000000000000000000e+00
1.490000000000000000e+02 -6.171600000000000419e-01 -6.102970000000000006e+00 0.000000000000000000e+00
1.500000000000000000e+02 1.535900000000000043e-01 -4.083210000000000228e+00 0.000000000000000000e+00
1.510000000000000000e+02 5.965899999999999537e-01 -2.052719999999999878e+00 0.000000000000000000e+00
1.520000000000000000e+02 1.178190000000000071e+00 1.114000000000000060e-02 0.000000000000000000e+00
1.530000000000000000e+02 -3.689700000000000202e-01 1.400409999999999933e+00 0.000000000000000000e+00
1.540000000000000000e+02 -1.691929999999999934e+00 3.066199999999999815e+00 0.000000000000000000e+00
1.550000000000000000e+02 6.661700000000000399e-01 5.525439999999999685e+00 0.000000000000000000e+00
1.560000000000000000e+02 1.429329999999999989e+00 7.685649999999999871e+00 0.000000000000000000e+00
1.570000000000000000e+02 6.449399999999999578e-01 1.150881000000000043e+01 0.000000000000000000e+00
1.580000000000000000e+02 1.382330000000000059e+00 1.345411999999999964e+01 0.000000000000000000e+00
1.590000000000000000e+02 3.300000000000000155e-02 1.516994000000000042e+01 0.000000000000000000e+00
1.600000000000000000e+02 -1.561090000000000089e+00 1.671046000000000120e+01 0.000000000000000000e+00
1.610000000000000000e+02 6.691500000000000226e-01 1.719793999999999912e+01 0.000000000000000000e+00
1.620000000000000000e+02 1.089190000000000103e+00 -1.881937999999999889e+01 0.000000000000000000e+00
1.630000000000000000e+02 6.444900000000000073e-01 -1.528604999999999947e+01 0.000000000000000000e+00
1.640000000000000000e+02 1.343420000000000059e+00 -1.331311999999999962e+01 0.000000000000000000e+00
1.650000000000000000e+02 1.991959999999999953e+00 -1.111984999999999957e+01 0.000000000000000000e+00
1.660000000000000000e+02 2.389139999999999819e+00 -8.998170000000000002e+00 0.000000000000000000e+00
1.670000000000000000e+02 1.564030000000000031e+00 -5.618970000000000020e+00 0.000000000000000000e+00
1.680000000000000000e+02 2.174770000000000092e+00 -3.552970000000000184e+00 0.000000000000000000e+00
1.690000000000000000e+02 2.629960000000000075e+00 -1.542839999999999989e+00 0.000000000000000000e+00
1.700000000000000000e+02 3.240569999999999951e+00 4.698899999999999744e-01 0.000000000000000000e+00
1.710000000000000000e+02 1.792890000000000095e+00 2.020370000000000221e+00 0.000000000000000000e+00
1.720000000000000000e+02 3.322800000000000198e-01 3.488640000000000185e+00 0.000000000000000000e+00
1.730000000000000000e+02 2.387939999999999952e+00 4.007200000000000095e+00 0.000000000000000000e+00
1.740000000000000000e+02 2.749830000000000219e+00 6.086750000000000327e+00 0.000000000000000000e+00
1.750000000000000000e+02 1.892779999999999907e+00 9.867050000000000765e+00 0.000000000000000000e+00
1.760000000000000000e+02 2.705420000000000158e+00 1.180902000000000029e+01 0.000000000000000000e+00
1.770000000000000000e+02 3.403849999999999820e+00 1.395716999999999963e+01 0.000000000000000000e+00
1.780000000000000000e+02 2.067429999999999879e+00 1.561849999999999916e+01 0.000000000000000000e+00
1.790000000000000000e+02 1.375439999999999996e+00 1.923004999999999853e+01 0.000000000000000000e+00
1.800000000000000000e+02 1.978809999999999958e+00 -1.690236000000000161e+01 0.000000000000000000e+00
1.810000000000000000e+02 2.678290000000000060e+00 -1.493440999999999974e+01 0.000000000000000000e+00
1.820000000000000000e+02 3.482950000000000212e+00 -1.259852000000000061e+01 0.000000000000000000e+00
1.830000000000000000e+02 4.007089999999999819e+00 -1.059432999999999936e+01 0.000000000000000000e+00
1.840000000000000000e+02 3.075639999999999930e+00 -7.005300000000000082e+00 0.000000000000000000e+00
1.850000000000000000e+02 5.185870000000000424e+00 -6.524840000000000195e+00 0.000000000000000000e+00
1.860000000000000000e+02 3.665970000000000173e+00 -5.023990000000000400e+00 0.000000000000000000e+00
1.870000000000000000e+02 4.177240000000000286e+00 -3.026699999999999946e+00 0.000000000000000000e+00
1.880000000000000000e+02 4.722109999999999808e+00 -1.027879999999999905e+00 0.000000000000000000e+00
1.890000000000000000e+02 5.261239999999999917e+00 9.995199999999999640e-01 0.000000000000000000e+00
1.900000000000000000e+02 3.804530000000000189e+00 2.470870000000000122e+00 0.000000000000000000e+00
1.910000000000000000e+02 4.384970000000000034e+00 4.533350000000000435e+00 0.000000000000000000e+00
1.920000000000000000e+02 3.396469999999999878e+00 8.275080000000000879e+00 0.000000000000000000e+00
1.930000000000000000e+02 4.124579999999999913e+00 1.025169999999999959e+01 0.000000000000000000e+00
1.940000000000000000e+02 4.758709999999999773e+00 1.237406000000000006e+01 0.000000000000000000e+00
1.950000000000000000e+02 5.432109999999999772e+00 1.439281000000000077e+01 0.000000000000000000e+00
1.960000000000000000e+02 4.179520000000000124e+00 1.606701999999999941e+01 0.000000000000000000e+00
1.970000000000000000e+02 2.704930000000000057e+00 1.763999000000000095e+01 0.000000000000000000e+00
1.980000000000000000e+02 4.458999999999999631e+00 -1.637887999999999877e+01 0.000000000000000000e+00
1.990000000000000000e+02 4.840169999999999639e+00 -1.424137999999999948e+01 0.000000000000000000e+00
2.000000000000000000e+02 5.488269999999999982e+00 -1.211200999999999972e+01 0.000000000000000000e+00
2.010000000000000000e+02 6.033470000000000333e+00 -1.008221999999999952e+01 0.000000000000000000e+00
2.020000000000000000e+02 4.531320000000000014e+00 -8.583280000000000243e+00 0.000000000000000000e+00
2.030000000000000000e+02 7.214380000000000237e+00 -6.042200000000000237e+00 0.000000000000000000e+00
2.040000000000000000e+02 5.691889999999999894e+00 -4.507279999999999731e+00 0.000000000000000000e+00
2.050000000000000000e+02 6.242270000000000429e+00 -2.507499999999999840e+00 0.000000000000000000e+00
2.060000000000000000e+02 6.828570000000000029e+00 -4.566299999999999804e-01 0.000000000000000000e+00
2.070000000000000000e+02 7.363949999999999996e+00 1.558489999999999931e+00 0.000000000000000000e+00
2.080000000000000000e+02 5.852940000000000254e+00 3.027350000000000207e+00 0.000000000000000000e+00
2.090000000000000000e+02 6.406200000000000117e+00 5.031450000000000422e+00 0.000000000000000000e+00
2.100000000000000000e+02 4.899869999999999948e+00 6.647660000000000124e+00 0.000000000000000000e+00
2.110000000000000000e+02 5.476469999999999949e+00 8.664740000000000109e+00 0.000000000000000000e+00
2.120000000000000000e+02 6.150719999999999743e+00 1.078692999999999991e+01 0.000000000000000000e+00
2.130000000000000000e+02 6.879369999999999763e+00 1.282508999999999943e+01 0.000000000000000000e+00
2.140000000000000000e+02 7.512609999999999566e+00 1.491202000000000005e+01 0.000000000000000000e+00
2.150000000000000000e+02 4.732639999999999958e+00 1.818494000000000099e+01 0.000000000000000000e+00
2.160000000000000000e+02 3.750179999999999847e+00 -1.834450999999999965e+01 0.000000000000000000e+00
2.170000000000000000e+02 6.464870000000000339e+00 -1.572752999999999979e+01 0.000000000000000000e+00
2.180000000000000000e+02 6.954469999999999708e+00 -1.371929000000000087e+01 0.000000000000000000e+00
2.190000000000000000e+02 7.479790000000000383e+00 -1.159580000000000055e+01 0.000000000000000000e+00
2.200000000000000000e+02 6.589360000000000106e+00 -8.074220000000000397e+00 0.000000000000000000e+00
2.210000000000000000e+02 8.631439999999999557e+00 -7.575730000000000075e+00 0.000000000000000000e+00
2.220000000000000000e+02 9.312390000000000612e+00 -5.575520000000000032e+00 0.000000000000000000e+00
2.230000000000000000e+02 7.698979999999999713e+00 -3.977829999999999977e+00 0.000000000000000000e+00
2.240000000000000000e+02 8.299640000000000128e+00 -1.915100000000000025e+00 0.000000000000000000e+00
2.250000000000000000e+02 8.871299999999999741e+00 5.958999999999999714e-02 0.000000000000000000e+00
2.260000000000000000e+02 7.903100000000000236e+00 3.550660000000000149e+00 0.000000000000000000e+00
2.270000000000000000e+02 8.391709999999999781e+00 5.640979999999999883e+00 0.000000000000000000e+00
2.280000000000000000e+02 6.953899999999999970e+00 7.120250000000000412e+00 0.000000000000000000e+00
2.290000000000000000e+02 8.971320000000000405e+00 7.648869999999999614e+00 0.000000000000000000e+00
2.300000000000000000e+02 7.500339999999999563e+00 9.130660000000000664e+00 0.000000000000000000e+00
2.310000000000000000e+02 8.263799999999999812e+00 1.131007999999999925e+01 0.000000000000000000e+00
2.320000000000000000e+02 8.870160000000000267e+00 1.334933000000000014e+01 0.000000000000000000e+00
2.330000000000000000e+02 6.376940000000000275e+00 1.672033000000000058e+01 0.000000000000000000e+00
2.340000000000000000e+02 6.192879999999999718e+00 -1.805030000000000001e+01 0.000000000000000000e+00
2.350000000000000000e+02 8.544439999999999813e+00 -1.540705999999999953e+01 0.000000000000000000e+00
2.360000000000000000e+02 8.994770000000000820e+00 -1.314216000000000051e+01 0.000000000000000000e+00
2.370000000000000000e+02 9.512119999999999465e+00 -1.104175000000000040e+01 0.000000000000000000e+00
2.380000000000000000e+02 8.042899999999999494e+00 -9.553129999999999455e+00 0.000000000000000000e+00
2.390000000000000000e+02 1.078054000000000023e+01 -7.042220000000000368e+00 0.000000000000000000e+00
2.400000000000000000e+02 1.135342999999999947e+01 -5.043549999999999756e+00 0.000000000000000000e+00
2.410000000000000000e+02 9.753289999999999793e+00 -3.534400000000000208e+00 0.000000000000000000e+00
2.420000000000000000e+02 1.033595000000000041e+01 -1.463279999999999914e+00 0.000000000000000000e+00
2.430000000000000000e+02 1.093360000000000021e+01 6.093399999999999928e-01 0.000000000000000000e+00
2.440000000000000000e+02 9.376419999999999533e+00 2.063730000000000064e+00 0.000000000000000000e+00
2.450000000000000000e+02 9.880390000000000228e+00 4.128300000000000303e+00 0.000000000000000000e+00
2.460000000000000000e+02 1.049904000000000082e+01 6.104870000000000019e+00 0.000000000000000000e+00
2.470000000000000000e+02 9.603220000000000312e+00 9.706400000000000361e+00 0.000000000000000000e+00
2.480000000000000000e+02 1.029564000000000057e+01 1.169481999999999999e+01 0.000000000000000000e+00
2.490000000000000000e+02 1.091798000000000002e+01 1.372677999999999976e+01 0.000000000000000000e+00
2.500000000000000000e+02 9.582229999999999137e+00 1.535172000000000025e+01 0.000000000000000000e+00
2.510000000000000000e+02 8.883300000000000196e+00 1.736026000000000025e+01 0.000000000000000000e+00
2.520000000000000000e+02 8.212460000000000093e+00 -1.748802999999999841e+01 0.000000000000000000e+00
2.530000000000000000e+02 1.047566999999999915e+01 -1.463261999999999929e+01 0.000000000000000000e+00
2.540000000000000000e+02 1.111857999999999969e+01 -1.265405999999999942e+01 0.000000000000000000e+00
2.550000000000000000e+02 1.163087999999999944e+01 -1.063838999999999935e+01 0.000000000000000000e+00
2.560000000000000000e+02 1.009844999999999970e+01 -9.046829999999999927e+00 0.000000000000000000e+00
2.570000000000000000e+02 1.280918999999999919e+01 -6.604199999999999626e+00 0.000000000000000000e+00
2.580000000000000000e+02 1.340142999999999951e+01 -4.601230000000000153e+00 0.000000000000000000e+00
2.590000000000000000e+02 1.182114999999999938e+01 -3.013009999999999966e+00 0.000000000000000000e+00
2.600000000000000000e+02 1.234472000000000058e+01 -9.070500000000000229e-01 0.000000000000000000e+00
2.610000000000000000e+02 1.294035000000000046e+01 1.179810000000000025e+00 0.000000000000000000e+00
2.620000000000000000e+02 1.137719000000000058e+01 2.670669999999999877e+00 0.000000000000000000e+00
2.630000000000000000e+02 1.199929999999999986e+01 4.654860000000000220e+00 0.000000000000000000e+00
2.640000000000000000e+02 1.254388999999999932e+01 6.642039999999999722e+00 0.000000000000000000e+00
2.650000000000000000e+02 1.108667999999999942e+01 8.103120000000000545e+00 0.000000000000000000e+00
2.660000000000000000e+02 1.171898999999999980e+01 1.017933000000000021e+01 0.000000000000000000e+00
2.670000000000000000e+02 1.237969000000000008e+01 1.214940999999999960e+01 0.000000000000000000e+00
2.680000000000000000e+02 1.295326000000000022e+01 1.418111000000000033e+01 0.000000000000000000e+00
2.690000000000000000e+02 1.151449000000000034e+01 1.618655000000000044e+01 0.000000000000000000e+00
2.700000000000000000e+02 1.106736000000000075e+01 -1.672331000000000145e+01 0.000000000000000000e+00
2.710000000000000000e+02 1.258004999999999995e+01 -1.439395999999999987e+01 0.000000000000000000e+00
2.720000000000000000e+02 1.312359999999999971e+01 -1.206198000000000015e+01 0.000000000000000000e+00
2.730000000000000000e+02 1.383089000000000013e+01 -1.011839999999999939e+01 0.000000000000000000e+00
2.740000000000000000e+02 1.217628000000000021e+01 -8.654939999999999856e+00 0.000000000000000000e+00
2.750000000000000000e+02 1.491254999999999953e+01 -6.123980000000000423e+00 0.000000000000000000e+00
2.760000000000000000e+02 1.559904000000000046e+01 -4.149899999999999700e+00 0.000000000000000000e+00
2.770000000000000000e+02 1.408887999999999963e+01 -2.621300000000000185e+00 0.000000000000000000e+00
2.780000000000000000e+02 1.441360000000000063e+01 -4.030599999999999739e-01 0.000000000000000000e+00
2.790000000000000000e+02 1.571674999999999933e+01 1.221659999999999968e+00 0.000000000000000000e+00
2.800000000000000000e+02 1.351983000000000068e+01 3.186789999999999790e+00 0.000000000000000000e+00
2.810000000000000000e+02 1.408882999999999974e+01 5.176730000000000054e+00 0.000000000000000000e+00
2.820000000000000000e+02 1.702205000000000013e+01 8.047860000000000014e+00 0.000000000000000000e+00
2.830000000000000000e+02 1.470245000000000068e+01 7.172659999999999592e+00 0.000000000000000000e+00
2.840000000000000000e+02 1.318465999999999916e+01 8.677179999999999893e+00 0.000000000000000000e+00
2.850000000000000000e+02 1.525164000000000009e+01 9.162190000000000722e+00 0.000000000000000000e+00
2.860000000000000000e+02 1.381004000000000076e+01 1.064101999999999926e+01 0.000000000000000000e+00
2.870000000000000000e+02 1.444943999999999917e+01 1.274807999999999986e+01 0.000000000000000000e+00
2.880000000000000000e+02 1.468092000000000041e+01 -1.358263999999999960e+01 0.000000000000000000e+00
2.890000000000000000e+02 1.542650000000000077e+01 -1.154963000000000051e+01 0.000000000000000000e+00
2.900000000000000000e+02 1.591888999999999932e+01 -9.398189999999999600e+00 0.000000000000000000e+00
2.910000000000000000e+02 1.682227999999999923e+01 -7.140390000000000015e+00 0.000000000000000000e+00
2.920000000000000000e+02 1.428973000000000049e+01 -8.102140000000000342e+00 0.000000000000000000e+00
2.930000000000000000e+02 1.780910000000000082e+01 -4.722940000000000360e+00 0.000000000000000000e+00
2.940000000000000000e+02 1.803595999999999933e+01 -2.291749999999999954e+00 0.000000000000000000e+00
2.950000000000000000e+02 1.601876999999999995e+01 -1.827809999999999935e+00 0.000000000000000000e+00
2.960000000000000000e+02 1.743635000000000090e+01 -9.930999999999999550e-02 0.000000000000000000e+00
2.970000000000000000e+02 1.785166999999999859e+01 2.976640000000000175e+00 0.000000000000000000e+00
2.980000000000000000e+02 1.575017000000000067e+01 3.490019999999999900e+00 0.000000000000000000e+00
2.990000000000000000e+02 1.613288999999999973e+01 5.556610000000000049e+00 0.000000000000000000e+00
