7.802093244529046956e-01 3.296005342661949555e-01
-1.219790675547095304e+00 3.296005342661949555e-01
-2.197906755470953044e-01 -1.402450273302683570e+00
-2.197906755470953044e-01 2.061651341835073481e+00
1.780209324452904696e+00 -1.402450273302683570e+00
-2.219790675547095304e+00 -1.402450273302683570e+00
1.780209324452904696e+00 2.061651341835073481e+00
2.780209324452904696e+00 3.296005342661949555e-01
-2.219790675547095304e+00 2.061651341835073481e+00
7.802093244529046956e-01 -3.134501080871560319e+00
-3.219790675547095304e+00 3.296005342661949555e-01
-1.219790675547095304e+00 -3.134501080871560319e+00
7.802093244529046956e-01 3.793702149403952006e+00
-1.219790675547095304e+00 3.793702149403952006e+00
3.780209324452904696e+00 -1.402450273302683570e+00
2.780209324452904696e+00 -3.134501080871560319e+00
3.780209324452904696e+00 2.061651341835073481e+00
-4.219790675547095304e+00 -1.402450273302683570e+00
-3.219790675547095304e+00 -3.134501080871560319e+00
-4.219790675547095304e+00 2.061651341835073481e+00
2.780209324452904696e+00 3.793702149403952006e+00
4.780209324452904696e+00 3.296005342661949555e-01
-2.197906755470953044e-01 -4.866551888440437068e+00
-3.219790675547095304e+00 3.793702149403952006e+00
1.780209324452904696e+00 -4.866551888440437068e+00
-5.219790675547095304e+00 3.296005342661949555e-01
-2.219790675547095304e+00 -4.866551888440437068e+00
-2.197906755470953044e-01 5.525752956972830532e+00
4.780209324452904696e+00 -3.134501080871560319e+00
1.780209324452904696e+00 5.525752956972830532e+00
5.780209324452904696e+00 -1.402450273302683570e+00
-2.219790675547095304e+00 5.525752956972830532e+00
-5.219790675547095304e+00 -3.134501080871560319e+00
4.780209324452904696e+00 3.793702149403952006e+00
5.780209324452904696e+00 2.061651341835073481e+00
3.780209324452904696e+00 -4.866551888440437068e+00
-6.219790675547095304e+00 -1.402450273302683570e+00
-4.219790675547095304e+00 -4.866551888440437068e+00
-5.219790675547095304e+00 3.793702149403952006e+00
-6.219790675547095304e+00 2.061651341835073481e+00
7.802093244529046956e-01 -6.598602696009313817e+00
3.780209324452904696e+00 5.525752956972830532e+00
-1.219790675547095304e+00 -6.598602696009313817e+00
6.780209324452904696e+00 3.296005342661949555e-01
-4.219790675547095304e+00 5.525752956972830532e+00
2.780209324452904696e+00 -6.598602696009313817e+00
-7.219790675547095304e+00 3.296005342661949555e-01
7.802093244529046956e-01 7.257803764541709057e+00
-3.219790675547095304e+00 -6.598602696009313817e+00
-1.219790675547095304e+00 7.257803764541709057e+00
6.780209324452904696e+00 -3.134501080871560319e+00
5.780209324452904696e+00 -4.866551888440437068e+00
6.780209324452904696e+00 3.793702149403952006e+00
2.780209324452904696e+00 7.257803764541709057e+00
-7.219790675547095304e+00 -3.134501080871560319e+00
-6.219790675547095304e+00 -4.866551888440437068e+00
7.780209324452904696e+00 -1.402450273302683570e+00
-3.219790675547095304e+00 7.257803764541709057e+00
5.780209324452904696e+00 5.525752956972830532e+00
7.780209324452904696e+00 2.061651341835073481e+00
